5.300567909911438846e+01
5.304783793910217327e+01
5.307013796465048472e+01
5.282690195891152740e+01
5.232079532075015749e+01
5.174190902482095566e+01
5.122828254361265721e+01
5.077867562098822418e+01
5.032844419765579858e+01
5.001954513096522703e+01
4.976109819825393998e+01
4.947847760480583190e+01
4.927991918680177719e+01
4.911317378975908809e+01
4.892308145131239883e+01
4.876053344878128826e+01
4.859597078620899424e+01
4.852672641153090183e+01
4.842760591396040581e+01
4.830476749003910442e+01
4.824789030880425855e+01
4.812589970220314228e+01
4.802441623938854320e+01
4.794359028055252736e+01
4.787596729202866896e+01
4.776520029280614210e+01
4.766283406431430336e+01
4.758595682354261669e+01
4.756132201989527886e+01
4.748934684763264613e+01
4.739161389911851785e+01
4.735479204651411322e+01
4.730491216864609783e+01
4.726835841027308760e+01
4.721906017186263682e+01
4.710850457666644786e+01
4.706819249040328401e+01
4.701058329368434840e+01
4.696069146311471343e+01
4.685463884619741748e+01
4.683092806750542536e+01
4.680016040597756444e+01
4.639553845188757464e+01
4.640714142994877989e+01
4.641343512921427816e+01
4.641699053003353725e+01
4.642311902703028892e+01
4.642827245453282359e+01
4.643435197842252649e+01
4.643771787591747113e+01
4.644351097571596654e+01
4.644928823508767124e+01
4.645487845646984226e+01
4.628289960993534180e+01
4.628790984344557558e+01
4.629415334904977897e+01
4.630086040300034256e+01
4.630553887336390773e+01
4.631209228491201912e+01
4.614189715591469820e+01
4.614742725965885484e+01
4.602083765527075343e+01
4.602915987009677679e+01
4.612859406624389180e+01
4.561370825111605143e+01
4.561636106072083408e+01
4.561967731376097390e+01
4.562511230282936481e+01
4.562814870585714289e+01
4.563338653614455609e+01
4.563633719052631932e+01
4.564143856061835436e+01
4.564683611774653826e+01
4.532352583924907208e+01
4.534048309096738194e+01
4.534528297077208947e+01
4.534888818923688802e+01
4.535341524423584758e+01
4.535697420619045772e+01
4.536328825257584185e+01
4.536684555495648397e+01
4.537328089619948912e+01
4.537834253139034502e+01
4.538612927991796653e+01
4.573964469405849798e+01
4.484857073532442939e+01
4.485202108313125535e+01
4.485549358221540217e+01
4.485549358221540217e+01
4.485877346464359050e+01
4.486215742990499677e+01
4.486215742990499677e+01
4.438708536513657776e+01
4.439010724158225685e+01
4.439010724158225685e+01
4.439351172140528234e+01
4.439644018655764768e+01
4.439644018656055380e+01
4.439953295960116009e+01
4.440269769858726079e+01
4.440552377736500489e+01
4.440552995632044286e+01
4.440861605988841632e+01
4.441135627679498299e+01
4.439239807926583126e+01
4.439239807926583126e+01
4.439541749641912816e+01
4.439818052214164368e+01
4.440119683014909668e+01
4.440407665408523030e+01
4.440681874360032566e+01
4.440962099256962858e+01
4.440962099256962858e+01
4.441239609272999900e+01
4.441516524847691016e+01
4.441770623596656264e+01
4.442028985540235198e+01
4.442309003274354495e+01
4.442559226813978057e+01
4.388031758939829530e+01
4.388269186363673668e+01
4.388519794829388587e+01
4.388758508456643881e+01
4.389197061306123970e+01
4.389431083526872612e+01
4.389650118554769165e+01
4.389895703796969428e+01
4.390106834176783934e+01
4.390529308078867388e+01
4.390729791950546712e+01
4.390964460428878624e+01
4.391378765545385932e+01
4.391601300309245914e+01
4.391817627422119585e+01
4.392291082119859169e+01
4.392530712772554580e+01
4.338368834097586557e+01
4.393691751729821249e+01
4.394627268209562487e+01
4.454755921006955077e+01
4.345931475027748547e+01
4.272794802865819008e+01
4.272634565815597085e+01
4.272634565815597085e+01
4.272634565815597085e+01
4.272976829917942609e+01
4.272976829917942609e+01
4.272977648969474984e+01
4.273009793886120633e+01
4.273307613420561779e+01
4.273307613420561779e+01
4.273307613420561779e+01
4.273606720135084913e+01
4.273606720135084913e+01
4.273606720135084913e+01
4.273606720135084913e+01
4.269956371449760013e+01
4.269956383489815721e+01
4.269956383489815721e+01
4.270246884080727057e+01
4.270246884080727057e+01
4.270246884080727057e+01
4.270558779000651839e+01
4.270590576481465916e+01
4.270590576481465916e+01
4.270590576481465916e+01
4.270893275948302659e+01
4.270893275948302659e+01
4.270893275948361634e+01
4.271171783963450252e+01
4.271203430397724787e+01
4.271203430397724787e+01
4.271494657055956168e+01
4.271494657055956168e+01
4.271494657055956168e+01
4.271494657055956168e+01
4.271797554622737891e+01
4.271830836481250770e+01
4.271831867520964465e+01
4.272102123619130509e+01
4.272102123619130509e+01
4.272102135311313020e+01
4.272402724330717660e+01
4.272402724330717660e+01
4.272430873192381284e+01
4.272705584851203753e+01
4.272705584851203753e+01
4.272705584851203753e+01
4.272971436871954154e+01
4.272971436871954154e+01
4.273003213041552328e+01
4.273281429542564780e+01
4.273281429542564780e+01
4.273550457839401417e+01
4.273550457852302031e+01
4.273550457852302031e+01
4.244987924227843479e+01
4.245044027535308828e+01
4.245044027535308828e+01
4.245289381971070952e+01
4.245289381971070952e+01
4.245289381971070952e+01
4.245515141496311173e+01
4.245570100977263905e+01
4.245803795634752476e+01
4.245803816821343446e+01
4.245803816821343446e+01
4.246033285067964869e+01
4.246033285067964869e+01
4.246251308209638609e+01
4.246304672369453215e+01
4.246304672369453215e+01
4.246539058653270615e+01
4.246539058653270615e+01
4.246748180240885517e+01
4.246748180240885517e+01
4.246807779686596973e+01
4.247020900099708740e+01
4.247020900099708740e+01
4.247241739066129185e+01
4.247241739066129185e+01
4.247441322623019744e+01
4.247492765209817378e+01
4.247492765209817378e+01
4.247689627419674707e+01
4.247689627442763083e+01
4.221215952964998053e+01
4.221215952964998053e+01
4.221468906845210967e+01
4.221468906845210967e+01
4.221619304475431278e+01
4.221619304475431278e+01
4.221787412935985628e+01
4.221787412935985628e+01
4.218607345248229024e+01
4.218610593625479055e+01
4.218780211167502614e+01
4.218780211167502614e+01
4.218939602078344109e+01
4.219013834460918844e+01
4.219163765537454225e+01
4.219163765537454225e+01
4.219321736401289513e+01
4.219321736401289513e+01
4.219468296681482400e+01
4.219540412288068865e+01
4.219679086894004172e+01
4.219679086894004172e+01
4.209604729332739481e+01
4.209608821238499843e+01
4.209732973522280020e+01
4.209955547169619194e+01
4.209955547169619194e+01
4.210074246904756023e+01
4.210074292407254859e+01
4.210189029405205474e+01
4.207614879228235338e+01
4.207614879228235338e+01
4.207733116244544647e+01
4.207733116244544647e+01
4.207852802304164896e+01
4.208058858655231660e+01
4.208058858655231660e+01
4.208187481311853873e+01
4.208325620329122785e+01
4.208325620329122785e+01
4.177455794846494541e+01
4.177708078678692516e+01
4.177809930594013110e+01
4.177809930594013110e+01
4.177913724385872030e+01
4.178040193526819479e+01
4.178322910390610900e+01
4.178402120476651760e+01
4.178559163684228395e+01
4.178756636444686023e+01
4.179041149706146996e+01
4.211289134190307948e+01
4.212580330976957299e+01
4.215927942114967664e+01
4.217362804570638701e+01
4.177960897527307793e+01
4.162327570115918007e+01
4.152478315806054354e+01
4.150331948580262065e+01
4.150327850528121587e+01
4.150327850743657621e+01
4.150619291496559526e+01
4.150619291496559526e+01
4.150619291496559526e+01
4.150635348100594513e+01
4.150635348101499034e+01
4.150919727067061871e+01
4.150919727067061871e+01
4.150919727067061871e+01
4.150919727067061871e+01
4.150919727067061871e+01
4.151163022834825256e+01
4.151163022834825256e+01
4.151163210433135475e+01
4.151163210433135475e+01
4.151445279863770565e+01
4.151445279863770565e+01
4.151460472928134493e+01
4.151460472928134493e+01
4.151460472928134493e+01
4.151716887953651991e+01
4.151716887953651991e+01
4.151716887953651991e+01
4.151716887953651991e+01
4.151969848656818840e+01
4.151969848656818840e+01
4.151969848656818840e+01
4.151969848656818840e+01
4.151969848656818840e+01
4.101927915654732715e+01
4.101927916304068589e+01
4.101927916304068589e+01
4.101927916304068589e+01
4.102190473801746862e+01
4.102190473801746862e+01
4.102190473801746862e+01
4.102191037404399054e+01
4.102391254180791691e+01
4.102391254180791691e+01
4.102391254180791691e+01
4.102391254180791691e+01
4.102406142679396339e+01
4.102686821742058498e+01
4.102686821742058498e+01
4.102686821742058498e+01
4.102686821744784140e+01
4.102918278068894153e+01
4.102918278068894153e+01
4.102918278068894153e+01
4.102918278068894153e+01
4.103152853585368121e+01
4.103152853585368121e+01
4.103152853585368121e+01
4.103152853585368121e+01
4.103395850834193936e+01
4.103395850834193936e+01
4.103395850834193936e+01
4.103395850834193936e+01
4.103645288002631730e+01
4.103645288002631730e+01
4.103645288621100917e+01
4.103645288621100917e+01
4.103861565411025936e+01
4.103861565411025936e+01
4.103861565411025936e+01
4.104075110915499636e+01
4.104087863928981506e+01
4.104087863928981506e+01
4.104087863928981506e+01
4.104303308888751189e+01
4.104303308888751189e+01
4.104303308888751189e+01
4.104303308888751189e+01
4.104508643024551873e+01
4.104508643024551873e+01
4.104508643024551873e+01
4.104716032218666300e+01
4.104728951277783722e+01
4.104728951277783722e+01
4.104728951277783722e+01
4.104905284402670418e+01
4.104905284402670418e+01
4.104905284402670418e+01
4.063376568548401480e+01
4.063376568555240453e+01
4.063376568555240453e+01
4.063376568555240453e+01
4.063554313134559948e+01
4.063554313134559948e+01
4.063587604778239637e+01
4.063752507851467044e+01
4.063752507851467044e+01
4.063752507851467044e+01
4.063919453548462002e+01
4.063919453548462002e+01
4.063919453548462002e+01
4.064150223884850277e+01
4.064150223884850277e+01
4.064150223884850277e+01
4.064150223884850277e+01
4.064304811693669706e+01
4.064304811693669706e+01
4.064305313243917794e+01
4.064455272668674723e+01
4.064455272668674723e+01
4.064455272668674723e+01
4.064623746943311744e+01
4.064623746943311744e+01
4.064623746943311744e+01
4.064772669444030839e+01
4.064772669444030839e+01
4.064952359116116298e+01
4.064952359116116298e+01
4.064952359116116298e+01
4.065104325947275754e+01
4.065104325947275754e+01
4.065104325947275754e+01
4.065240933604566465e+01
4.065240935088153407e+01
4.065240935088153407e+01
4.022096309304612305e+01
4.022096309304612305e+01
4.022292776993884900e+01
4.022292777011029585e+01
4.022294186011812656e+01
4.022401645253669500e+01
4.022401645253669500e+01
4.022401645253669500e+01
4.022510938767697297e+01
4.022510938767697297e+01
4.022623298847396711e+01
4.022623298847396711e+01
4.022623298847396711e+01
4.022812121811696073e+01
4.022812121811696073e+01
4.022931051824782855e+01
4.022931051824782855e+01
4.023044686440451301e+01
4.023044686440451301e+01
4.023044686440451301e+01
4.023168130465091963e+01
4.023168130465091963e+01
4.003717047953161057e+01
4.003841194348316179e+01
4.003952643575593129e+01
4.003954730458913502e+01
4.004094570485686688e+01
4.004094576458302868e+01
4.004094576458302868e+01
4.004247463381415173e+01
4.004328994759672611e+01
4.004469693033654920e+01
4.004577661529184240e+01
4.004759874422094867e+01
4.024840469527573106e+01
4.025082490880038932e+01
4.025530248267943989e+01
4.026276256649755680e+01
4.072116864578158868e+01
4.073209855207481667e+01
4.076551011670407121e+01
4.031796800104634571e+01
4.032097152287563091e+01
4.005736765295593216e+01
4.005993948813090810e+01
3.991994012246621537e+01
3.980921157279783529e+01
3.972473131422476911e+01
3.968257494669640550e+01
3.968231302728395349e+01
3.968230880188957599e+01
3.968230880188957599e+01
3.968230880188957599e+01
3.968230880188957599e+01
3.968512107798404287e+01
3.968512107798404287e+01
3.968512121454072172e+01
3.968512121454072172e+01
3.968512121454072172e+01
3.968512121454072172e+01
3.968512121454072172e+01
3.968512121454072172e+01
3.968512121454072172e+01
3.968782441078272427e+01
3.968782441078272427e+01
3.968782441078272427e+01
3.968787335638391056e+01
3.968787335638391056e+01
3.968787335638391056e+01
3.968787335638391056e+01
3.968787335638391056e+01
3.968787335638391056e+01
3.968787335638391056e+01
3.969052921457524974e+01
3.969052921457524974e+01
3.969052921457524974e+01
3.969052921457524974e+01
3.969052921457524974e+01
3.969052921457524974e+01
3.969052921515956456e+01
3.969052921515956456e+01
3.969052921515956456e+01
3.969052921515956456e+01
3.961491905742792596e+01
3.961491905742792596e+01
3.961491921917620118e+01
3.961491921917620118e+01
3.961498202580031602e+01
3.961498202580031602e+01
3.961498202580031602e+01
3.961498202580031602e+01
3.961498202580031602e+01
3.961790815037576863e+01
3.961790815037576863e+01
3.961790815037576863e+01
3.961790815037576863e+01
3.961790815037576863e+01
3.961790815037576863e+01
3.961790815037576863e+01
3.961790815037576863e+01
3.961790815037576863e+01
3.962052418440750046e+01
3.962052418440750046e+01
3.962052418440750046e+01
3.962052418440750046e+01
3.962052418440750046e+01
3.962057982240779097e+01
3.962057982240779097e+01
3.962057982240779097e+01
3.962057982240779097e+01
3.932880378912311414e+01
3.932880378912311414e+01
3.932880378912311414e+01
3.932880378912311414e+01
3.932880378912311414e+01
3.932880413632162231e+01
3.932880441347015932e+01
3.932880441347015932e+01
3.932880441347015932e+01
3.933126624688063799e+01
3.933126624688063799e+01
3.933126624688063799e+01
3.933126624688063799e+01
3.933126624688063799e+01
3.933126624688063799e+01
3.933126624688063799e+01
3.933138523630022121e+01
3.933138523630022121e+01
3.933395406142730621e+01
3.933395406142730621e+01
3.933395406142730621e+01
3.933395406142730621e+01
3.933395406142730621e+01
3.933395406142730621e+01
3.933395406142730621e+01
3.933395406142730621e+01
3.933663158538102778e+01
3.933663158538102778e+01
3.933663158538102778e+01
3.933663158538102778e+01
3.933663158538102778e+01
3.933663158538102778e+01
3.933663158538102778e+01
3.933663158538102778e+01
3.933663187870558886e+01
3.933906955649139547e+01
3.933906955649139547e+01
3.933906955649139547e+01
3.933906955649139547e+01
3.933906955649139547e+01
3.933906955649139547e+01
3.933906955649139547e+01
3.933906955649139547e+01
3.934128396767546576e+01
3.934128396767546576e+01
3.934128396767546576e+01
3.934128396767546576e+01
3.934128396767546576e+01
3.934128396767546576e+01
3.934128396767546576e+01
3.934128396767546576e+01
3.934347945546516456e+01
3.934347945546516456e+01
3.934347945546516456e+01
3.934358844732162197e+01
3.934358844732162197e+01
3.934358844732162197e+01
3.934358844732162197e+01
3.934358844732162197e+01
3.934608128185070086e+01
3.934608128185070086e+01
3.934608157056204902e+01
3.934608157056204902e+01
3.934608157056204902e+01
3.934608157056204902e+01
3.934608157056204902e+01
3.934608157056204902e+01
3.934838651362809969e+01
3.934838651362809969e+01
3.934838651362809969e+01
3.934838651362809969e+01
3.934838651362809969e+01
3.934848915905479316e+01
3.934848915905479316e+01
3.934848915905479316e+01
3.907546944503258146e+01
3.907546944503258146e+01
3.907546944503258146e+01
3.907546944503258146e+01
3.907546945124595794e+01
3.907546945124595794e+01
3.907546945124595794e+01
3.907546945124595794e+01
3.907744012205012041e+01
3.907744012205012041e+01
3.907744012205012041e+01
3.907744012205012041e+01
3.907744012205012041e+01
3.907744065247744203e+01
3.907744065247744203e+01
3.907923495874688768e+01
3.907923495874688768e+01
3.907923495874688768e+01
3.907923495874688768e+01
3.907923495874688768e+01
3.907923495874688768e+01
3.907923495874688768e+01
3.908165440579986694e+01
3.908165440579986694e+01
3.908165440579986694e+01
3.908165440579986694e+01
3.908165440579986694e+01
3.908165440579986694e+01
3.908165440579986694e+01
3.908165440579986694e+01
3.908359886565229147e+01
3.908359886565229147e+01
3.908359886565229147e+01
3.908379082175470387e+01
3.908379082175470387e+01
3.908379082175470387e+01
3.908379082175470387e+01
3.908574531488616799e+01
3.908574531488616799e+01
3.908574531488616799e+01
3.908568939745168791e+01
3.908568939745168791e+01
3.908568939745168791e+01
3.908568939745168791e+01
3.908752854296078993e+01
3.908752854296078993e+01
3.908752854296078993e+01
3.908752854296078993e+01
3.908752854296078993e+01
3.908752854296078993e+01
3.908770472036972876e+01
3.908970386122283713e+01
3.908970386122283713e+01
3.908970386122283713e+01
3.908970386122283713e+01
3.908970386122283713e+01
3.908970386122283713e+01
3.908970386122283713e+01
3.878490015349562725e+01
3.878490015349562725e+01
3.878490015349562725e+01
3.878490015349562725e+01
3.878490015349562725e+01
3.878490015349562725e+01
3.878600095643977141e+01
3.878600095643977141e+01
3.878600095643977141e+01
3.878642084384119926e+01
3.878642084384119926e+01
3.878642117279714796e+01
3.878642117279714796e+01
3.878827533957843343e+01
3.878827533957843343e+01
3.878827533957843343e+01
3.878827533957843343e+01
3.878827535150360717e+01
3.878827535150360717e+01
3.878995687820150806e+01
3.878995687820150806e+01
3.878995687820150806e+01
3.878995687820150806e+01
3.878995687820150806e+01
3.878995687820150806e+01
3.878995687820150806e+01
3.879194348398074510e+01
3.879194348398074510e+01
3.879194348398074510e+01
3.879194348398074510e+01
3.879194348398074510e+01
3.879194348398074510e+01
3.879335635387933934e+01
3.879335635387933934e+01
3.879335635387933934e+01
3.879335635387933934e+01
3.879335635387933934e+01
3.879335635387933934e+01
3.879487387863748893e+01
3.879487413427391118e+01
3.879487413427391118e+01
3.879487413427391118e+01
3.879519647186886289e+01
3.879519647186886289e+01
3.844432235669178510e+01
3.844432235669178510e+01
3.844432235669178510e+01
3.844432235669178510e+01
3.844432235669178510e+01
3.844432235669178510e+01
3.844506325385904688e+01
3.844506325385904688e+01
3.844506328029956421e+01
3.844506328029956421e+01
3.844506328029956421e+01
3.844506328029956421e+01
3.844629993986214345e+01
3.844629993986214345e+01
3.844629993986214345e+01
3.844717173922758491e+01
3.844717173922758491e+01
3.844827123023332405e+01
3.844827123023332405e+01
3.844827123023332405e+01
3.844827123023332405e+01
3.844827180565182800e+01
3.844827180565182800e+01
3.844948137236295338e+01
3.844948137236295338e+01
3.844948137236295338e+01
3.844948137236295338e+01
3.844948137236295338e+01
3.844948137236295338e+01
3.845053294131093224e+01
3.845053294131093224e+01
3.845133692794672697e+01
3.845133692794672697e+01
3.845133692794672697e+01
3.845226352031407657e+01
3.845226352031407657e+01
3.845226352031407657e+01
3.845226352031407657e+01
3.845226352031407657e+01
3.806339569535023770e+01
3.806339569535023770e+01
3.806339569535023770e+01
3.806339575746386572e+01
3.806339575746386572e+01
3.806384964339429189e+01
3.806384964339429189e+01
3.806570748935621396e+01
3.806570748935621396e+01
3.806570748935621396e+01
3.806570748935621396e+01
3.806610554570733029e+01
3.806610554570733029e+01
3.806610554570733029e+01
3.806610554570733029e+01
3.806610554570733029e+01
3.806648566329489825e+01
3.806648566329489825e+01
3.806648566329489825e+01
3.806648566329489825e+01
3.806694051343482244e+01
3.806694051343482244e+01
3.806694051343482244e+01
3.760232862562894240e+01
3.760232862562894240e+01
3.760347013270448713e+01
3.760347013270448713e+01
3.760347013270448713e+01
3.760347013270448713e+01
3.760347013270448713e+01
3.760458410131606399e+01
3.760458410131606399e+01
3.760458805534797477e+01
3.760458805534797477e+01
3.689799687349068336e+01
3.689799687349068336e+01
3.689799687349068336e+01
3.689799687349068336e+01
3.689964169346286837e+01
3.690037171453244014e+01
3.690037171453244014e+01
3.690037171453244014e+01
3.690037171453244014e+01
3.690111277522991884e+01
3.690111277522991884e+01
3.690111277522991884e+01
3.690111277522991884e+01
3.690111277522991884e+01
3.690194592844974153e+01
3.690194592844974153e+01
3.690194592844974153e+01
3.690194592844974153e+01
3.690294998490008993e+01
3.690416720137363882e+01
3.690416720137363882e+01
3.690416720137363882e+01
3.690525841348726033e+01
3.690527805998054589e+01
3.690527805998054589e+01
3.690527805998054589e+01
3.690654620919549700e+01
3.690654620919549700e+01
3.690695652421467798e+01
3.690730875353663265e+01
3.690766914875077020e+01
3.690805446910444942e+01
3.690883701963362284e+01
3.720138670938530367e+01
3.720156497819084507e+01
3.720185784875170043e+01
3.720244610453737266e+01
3.720280868028673638e+01
3.720320643719112752e+01
3.720367879471660189e+01
3.720467236667825972e+01
3.770742433374722680e+01
3.771262137878417775e+01
3.771577635022056540e+01
3.839706983906674509e+01
3.840563952206777287e+01
3.920012393999144251e+01
3.885511912154136382e+01
3.845039647261075544e+01
3.845457831181599317e+01
3.845705319125026733e+01
3.845820508700983709e+01
3.777898127362971792e+01
3.778053450890999443e+01
3.778207467302408418e+01
3.778301788514018256e+01
3.778389331463513656e+01
3.778472898973154770e+01
3.723473218746693902e+01
3.723511387695298680e+01
3.723541649145647625e+01
3.712008862399987663e+01
3.712232583355361726e+01
3.712234143084129556e+01
3.709015736220455040e+01
3.709014172693262879e+01
3.709012590841765444e+01
3.708255640502775918e+01
3.708254200491180796e+01
3.708074490314470495e+01
3.708032413422554185e+01
3.708003059704280702e+01
3.708003059704280702e+01
3.708003059704280702e+01
3.708003059704280702e+01
3.708003059704280702e+01
3.708258091660982814e+01
3.708258091660982814e+01
3.708258091660982814e+01
3.708258091660982814e+01
3.708258091660982814e+01
3.708258091660982814e+01
3.708258091660982814e+01
3.708258091660982814e+01
3.708258091660982814e+01
3.708258091660982814e+01
3.708258091660982814e+01
3.708258091660982814e+01
3.708258091660982814e+01
3.708258091660982814e+01
3.708499006740780146e+01
3.708499006740780146e+01
3.708499006740780146e+01
3.708499006740780146e+01
3.708500291662572579e+01
3.708500291662572579e+01
3.708500291662572579e+01
3.708500291662572579e+01
3.708500291662572579e+01
3.708500291662572579e+01
3.708500291662572579e+01
3.708500291662572579e+01
3.708500291662572579e+01
3.708761058834348745e+01
3.708761058834348745e+01
3.708761058834348745e+01
3.708761058834348745e+01
3.708761058834348745e+01
3.708761058834348745e+01
3.708761058834348745e+01
3.708761058834348745e+01
3.708761058834348745e+01
3.708761058834348745e+01
3.708761058834348745e+01
3.708761058834348745e+01
3.708761058834348745e+01
3.708989049679388472e+01
3.708990298490611082e+01
3.708990298490611082e+01
3.708990298490611082e+01
3.708990298490611082e+01
3.708990298490611082e+01
3.708990298490611082e+01
3.708990298490611082e+01
3.708990298490611082e+01
3.708990298490611082e+01
3.708990298490611082e+01
3.708990298490611082e+01
3.708990298490611082e+01
3.709239178639708001e+01
3.709239178639708001e+01
3.709239178639708001e+01
3.709239178639708001e+01
3.709239178639708001e+01
3.709239178639708001e+01
3.709239178639708001e+01
3.709239235082817743e+01
3.709239235082817743e+01
3.709239235082817743e+01
3.709239235082817743e+01
3.709240472035918401e+01
3.709240472035918401e+01
3.709448667549714429e+01
3.709448667549714429e+01
3.709448667549714429e+01
3.709448667549714429e+01
3.709448667549714429e+01
3.709448667549714429e+01
3.709448667549714429e+01
3.709448667549714429e+01
3.709448667549714429e+01
3.709448667549714429e+01
3.709448667549714429e+01
3.709448667549714429e+01
3.709448667549714429e+01
3.614112780817424664e+01
3.614112780817424664e+01
3.614112780817424664e+01
3.614112780817424664e+01
3.614112780817424664e+01
3.614112780817424664e+01
3.614112780817424664e+01
3.614112780817424664e+01
3.614123760725605194e+01
3.614123760725605194e+01
3.614123760725605194e+01
3.614123760725605194e+01
3.614123760725605194e+01
3.614326205882908027e+01
3.614326205882908027e+01
3.614326205882908027e+01
3.614326205882908027e+01
3.614326205882908027e+01
3.614326205882908027e+01
3.614326205882908027e+01
3.614326205882908027e+01
3.614326205882908027e+01
3.614326205882908027e+01
3.614326205882908027e+01
3.614326205882908027e+01
3.614562884891118699e+01
3.614562884891118699e+01
3.614562884891118699e+01
3.614562884891118699e+01
3.614562884891118699e+01
3.614573711589753202e+01
3.614573711589753202e+01
3.614573711589753202e+01
3.614573711589753202e+01
3.614573711589753202e+01
3.614573711589753202e+01
3.614573711589753202e+01
3.614773516601228209e+01
3.614773516601228209e+01
3.614773516601228209e+01
3.614773516601228209e+01
3.614773516601228209e+01
3.614773516601228209e+01
3.614773516601228209e+01
3.614773516601228209e+01
3.614774016495551479e+01
3.614774016495551479e+01
3.614774016495551479e+01
3.614774016495551479e+01
3.614959472531505469e+01
3.614959472531505469e+01
3.614959472531505469e+01
3.614970373360836220e+01
3.614970373360836220e+01
3.614970373360836220e+01
3.614970373360836220e+01
3.614970373360836220e+01
3.614970373360836220e+01
3.614970373360836220e+01
3.614970373360836220e+01
3.615155726603293829e+01
3.615155726603293829e+01
3.615155726603293829e+01
3.615155726603293829e+01
3.615155726603293829e+01
3.615155726603293829e+01
3.615155726603293829e+01
3.615155726603293829e+01
3.615155726603293829e+01
3.615155726603293829e+01
3.615155726603293829e+01
3.615155726603293829e+01
3.615331586124036534e+01
3.615342358891744823e+01
3.615342358891744823e+01
3.615342358891744823e+01
3.615342358891744823e+01
3.615342865644427661e+01
3.615342865644427661e+01
