-2.284053879417955013e+00
-2.280617741238012641e+00
-2.277617297619236592e+00
-1.839500293628715477e+00
-2.077314177278810181e+00
-2.280389175062970786e+00
-2.444273154773513479e+00
-2.503109174509047907e+00
-2.523446939687669754e+00
-2.686981986551999935e+00
-2.658432238573573692e+00
-2.612011362020048022e+00
-2.641950423323298658e+00
-2.692276540430479148e+00
-2.644974570794035529e+00
-2.589287094941393530e+00
-2.632752974777411215e+00
-2.734288102306683399e+00
-2.702652344840760890e+00
-2.660203302304094297e+00
-2.667922728963740386e+00
-2.642128004936155072e+00
-2.606146740092277980e+00
-2.555724969183450934e+00
-2.511128302352457098e+00
-2.494011008088295789e+00
-2.499118777427565163e+00
-2.518787279535303014e+00
-2.545699522272297344e+00
-2.570640635035968735e+00
-2.528221857188178490e+00
-2.514643919646649017e+00
-2.471958440372923782e+00
-2.423293418567363577e+00
-2.421583124745817717e+00
-2.413767969503856303e+00
-2.378921380600795388e+00
-2.322276473439620847e+00
-2.310206641851029641e+00
-2.315798546040872541e+00
-1.986167683382823013e+00
-2.066123062226796314e+00
-2.171744560347729891e+00
-2.171586428344193465e+00
-2.219726957218849606e+00
-2.703987678483402490e+00
-2.705092552294822816e+00
-2.663297685278359861e+00
-2.624756801668972184e+00
-2.625173417166140499e+00
-2.625986725615985229e+00
-2.626324823197443425e+00
-2.599978190450589199e+00
-2.555071681581002174e+00
-2.555413821039542288e+00
-2.555880468676966277e+00
-2.556336665845471590e+00
-1.855331032865126684e+00
-1.561551071255832479e+00
-1.905104835778187899e+00
-1.833074898322839097e+00
-1.895182186216042064e+00
-1.962107574690998169e+00
-1.956237438947865170e+00
-1.911544997371686483e+00
-1.906332853403766903e+00
-2.444612125143733383e+00
-2.444920261596257749e+00
-2.416722120294942489e+00
-2.417411635918494728e+00
-2.418007830659893997e+00
-2.353938107223262577e+00
-2.354402513986552314e+00
-2.354634688463539849e+00
-2.356738641394221290e+00
-2.329901233832478269e+00
-9.196413407212913338e-01
-1.145115019556865787e+00
-1.482597599783179065e+00
-1.529557405032678785e+00
-1.574170650789002757e+00
-1.618193780114614233e+00
-1.713109410624897411e+00
-1.707815286303239422e+00
-1.703567687868804192e+00
-1.699543895050609876e+00
-1.694906696122046919e+00
-2.334572694508750601e+00
-2.334675768981434807e+00
-2.335022172316108868e+00
-2.335588771662556518e+00
-2.336122791882659033e+00
-2.336464818231758667e+00
-2.336962822064535317e+00
-2.337211721176625900e+00
-2.337735646953166047e+00
-2.338013313229513113e+00
-2.256801344678026844e+00
-2.257147895548794470e+00
-2.257275428288018304e+00
-2.257407626247334154e+00
-2.258066011242303883e+00
-2.258317228101587304e+00
-2.208908890461945163e+00
-2.209370217135965486e+00
-2.209445099161453818e+00
-2.209671483536658432e+00
-2.210133785736870582e+00
-2.210572390078190175e+00
-2.210789535336951772e+00
-2.211223355703631821e+00
-2.124840420186910439e+00
-2.125041297979802124e+00
-2.125192243152631111e+00
-2.125383706821158736e+00
-2.125728391418692187e+00
-2.214801097201914537e+00
-2.128127290651221859e+00
-1.616351794404218056e+00
-2.082301338706975091e+00
-2.082914753590900503e+00
-2.076055616881010035e+00
-1.434768531438787464e+00
9.911946154872242065e-02
1.140857550754712513e-01
-4.075019272698244266e-01
-5.908571049834706601e-01
-1.030452515205642294e+00
-1.231261458232513872e+00
-1.227107102568482766e+00
-1.524935667252361071e+00
-1.523810998273144035e+00
-1.310421107625574955e+00
-1.306965295761174817e+00
-1.380041506549149366e+00
-1.377077403901224795e+00
-1.375750178247338251e+00
-1.373276025413585399e+00
-1.369320579540164173e+00
-1.290260243407254759e+00
-1.183423741380858152e+00
-2.086427008832130614e+00
-2.086427008832130614e+00
-2.085750837480565778e+00
-1.997679852996392613e+00
-1.997679852996392613e+00
-1.998101800729422894e+00
-1.998101800729422894e+00
-1.998382549973510169e+00
-1.998382549973510169e+00
-1.998838462971603391e+00
-1.998838462971603391e+00
-1.998838462971603391e+00
-1.999113472188313922e+00
-1.998811660106633692e+00
-1.999242624334978125e+00
-1.999242624334978125e+00
-1.999663032056846923e+00
-1.999471327812865296e+00
-1.999867883998889040e+00
-1.999867883998889040e+00
-2.000277386004535529e+00
-2.000139716207908869e+00
-2.000551019399957386e+00
-2.000250749653597282e+00
-2.000640939371502558e+00
-2.000640939371502558e+00
-2.000915317480457478e+00
-2.000915317480457478e+00
-2.001284065640311027e+00
-2.001284065640311027e+00
-2.001545259378995745e+00
-2.001545259378995745e+00
-2.001933754630897955e+00
-2.002298492706910960e+00
-2.001990116421747956e+00
-2.002156780057334995e+00
-2.002156780057334995e+00
-2.002539961670092072e+00
-2.002539961670092072e+00
-2.002758857540922754e+00
-2.003113723286439551e+00
-2.003113723286439551e+00
-2.003477165878937871e+00
-2.003426754409380894e+00
-2.003426754409380894e+00
-2.003776458427236840e+00
-2.003776458427236840e+00
-2.003988012531128238e+00
-2.004315478984002752e+00
-2.004315478984002752e+00
-2.004658891781914143e+00
-2.004848971371284705e+00
-1.906703566366300562e+00
-1.906428634406885703e+00
-1.906568497431571751e+00
-1.906752501736843852e+00
-1.906875364987008270e+00
-1.906875364987008270e+00
-1.907008013064730889e+00
-1.865737233370038162e+00
-1.865783767721405750e+00
-1.865830333913668593e+00
-1.865830333913668593e+00
-1.865822918408764242e+00
-1.865870492943199954e+00
-1.865915016146666439e+00
-1.865958482499396887e+00
-1.866141800000912010e+00
-1.866186686812509210e+00
-1.866234036677145047e+00
-1.866279566940568513e+00
-1.866409890409508332e+00
-1.866271748137671826e+00
-1.866319678469925636e+00
-1.866516115250704155e+00
-1.866601491009963754e+00
-1.866794660406370099e+00
-1.968024300705470742e+00
-1.868108196797977349e+00
-1.868299149927601821e+00
-1.755727761164104894e+00
-1.629863687894381963e+00
-1.321451090368849224e+00
-1.841932620959173095e+00
-1.842565626616210039e+00
-1.842893578340326188e+00
-1.842900203465418496e+00
-1.842903586182329745e+00
-1.843311193811807414e+00
-1.843305021568754531e+00
-1.842796139368466868e+00
-1.842197136297892390e+00
-1.842694705500517838e+00
-1.840279438229796671e+00
-1.831921763153982363e+00
-1.754052094310621035e+00
-1.650983582646470493e+00
-1.451133644162578618e+00
-9.802371005361590894e-01
-4.181631371833935962e-01
-3.942411379818571149e-01
8.641662144456452310e-02
4.450958272387169901e-01
4.836571260774630288e-01
3.521444696654232320e-01
3.714049319406484972e-01
1.746640390560940115e-01
-7.197946292058166051e-02
-5.904879281903241406e-02
-3.062206827450824065e-01
-3.000343235300499956e-01
-4.957881031387232351e-01
-4.899753233190851653e-01
-4.836043318836120708e-01
-4.790778772517059192e-01
-6.583531585878312775e-01
-5.985425952487650747e-01
-5.962524378942246628e-01
-5.891828101684024599e-01
-5.859355429306631891e-01
-5.817693546183285713e-01
-5.757207467077758434e-01
-5.746350609664484521e-01
-5.696393441474782993e-01
-5.643442116063676073e-01
-5.636538421397265797e-01
-5.590277875872634583e-01
-5.544336022051572499e-01
-5.522476865096084264e-01
-3.318069949846962352e-01
-3.314939982097424576e-01
-7.677044951539646611e-02
2.551766844631476738e-01
6.269337678432965744e-01
9.541921052283979243e-01
-1.727731588072439761e+00
-1.728137590179273708e+00
-1.728137590179273708e+00
-1.728317441196594917e+00
-1.728317441196594917e+00
-1.728557205466833002e+00
-1.728292187199502061e+00
-1.728532759543772723e+00
-1.728532759543772723e+00
-1.728532759543772723e+00
-1.728781909148095153e+00
-1.728781909148095153e+00
-1.729014179471072277e+00
-1.729014179471072277e+00
-1.728972012419280446e+00
-1.728972012419280446e+00
-1.729220968129340008e+00
-1.729220968129340008e+00
-1.729147473559373038e+00
-1.729370175519395758e+00
-1.729370175519395758e+00
-1.729588192752401943e+00
-1.729331586577953939e+00
-1.729567928135396393e+00
-1.729567928135396393e+00
-1.729786315265698482e+00
-1.729786315265698482e+00
-1.730001245132605003e+00
-1.730001245132605003e+00
-1.730228139750723537e+00
-1.729967718355449158e+00
-1.730174956630412986e+00
-1.730174956630412986e+00
-1.730388737699793955e+00
-1.730311133784780520e+00
-1.730531719246376277e+00
-1.688695724205821591e+00
-1.688518303995134140e+00
-1.688677301511121609e+00
-1.688677301511121609e+00
-1.688833523004668047e+00
-1.688986354135744827e+00
-1.688986354135744827e+00
-1.689143869267460740e+00
-1.688976666668033921e+00
-1.689138842611781710e+00
-1.557734829729026327e+00
-1.557734829729026327e+00
-1.557692804150063504e+00
-1.557653826319041368e+00
-1.689694988959084210e+00
-1.689845403851846894e+00
-1.689845991255799262e+00
-1.690053342809724191e+00
-1.690418357422452278e+00
-1.690965946440194712e+00
-1.862207809495619371e+00
-1.694478037891294031e+00
-1.694912982705372384e+00
-1.695166993361154617e+00
-1.695517877090699788e+00
-1.556107672892653726e+00
-1.556015100113354421e+00
-1.555903953511410087e+00
-1.474440465244019283e+00
-1.378934070419927105e+00
-1.195075239277177070e+00
-7.269632080680055175e-02
-1.309174681373207250e+00
-1.581866244958658241e+00
-1.581739132574667916e+00
-1.581783276145862116e+00
-1.581864071479006428e+00
-1.581878035471931732e+00
-1.581885042243186490e+00
-1.581891373347304341e+00
-1.581896148288071791e+00
-1.581900065333540883e+00
-1.581902032805304170e+00
-1.581896356322871844e+00
-1.581892986354377806e+00
-1.581892986354377806e+00
-1.581146770244988620e+00
-1.581146770244988620e+00
-1.581146770244988620e+00
-1.581057560933633033e+00
-1.581120553817748853e+00
-1.577932623440661652e+00
-1.577932623440661652e+00
-1.577614199697243480e+00
-1.577614199697243480e+00
-1.565921096912800792e+00
-1.566089973145104342e+00
-1.531412593479398065e+00
-1.531412593479398065e+00
-1.455117089525551854e+00
-1.451875870047709904e+00
-1.214082769435094411e+00
-1.206539235740160532e+00
-9.211797792608844571e-01
-9.099193448252890226e-01
-5.985029845676346216e-01
-5.985029845676346216e-01
-2.147083643267406750e-01
-2.147083643267406750e-01
-2.127066474001515495e-01
-2.039783546752440557e-01
4.250157411337517899e-01
4.450129287879152074e-01
4.666093036184693621e-01
1.056518227275424771e+00
1.065140422367368833e+00
1.076612702219450268e+00
1.107220368644361130e+00
1.116978413830773231e+00
1.484788079854104659e+00
1.510524152818304433e+00
1.515464475205972716e+00
1.524913739647691058e+00
1.552350963232679515e+00
1.575112159127410649e+00
1.591004562929917654e+00
1.610904972967869941e+00
1.614065021232572450e+00
1.614065021232572450e+00
1.552673774057022893e+00
1.567010973121029771e+00
1.595033856663482297e+00
1.601570284468712524e+00
1.609508452356963826e+00
1.609508452356963826e+00
1.643719056616312013e+00
1.656958318022324406e+00
1.673664837717473652e+00
1.697502332136690884e+00
1.689804284213112240e+00
1.705942658898089492e+00
1.737117521028091804e+00
1.741705801143158094e+00
1.748348061031562928e+00
1.773903401443462036e+00
1.775644272926507838e+00
1.792170274758860593e+00
1.806128820462807427e+00
1.823430508484402468e+00
1.846247225016659277e+00
1.846707906729482929e+00
1.858677579462461260e+00
1.866781867360961744e+00
2.033232771420088181e+00
2.058279889171779509e+00
2.059069902395563201e+00
1.731517215413513222e+00
1.775826023786735153e+00
1.775826023786735153e+00
1.125047676588934120e+00
1.881604372555929494e-01
1.786718872307822004e-01
-2.956020426776257981e-01
-2.956020426776257981e-01
-6.945985836374900524e-01
-1.580491159431097525e+00
-1.482348172429826860e+00
-1.482523744435408242e+00
-1.482523744435408242e+00
-1.482523744435408242e+00
-1.482523744435408242e+00
-1.482470195413772451e+00
-1.482470195413772451e+00
-1.482470195413772451e+00
-1.482470195413772451e+00
-1.482470195413772451e+00
-1.482470195413772451e+00
-1.482416346232287907e+00
-1.482489033817227853e+00
-1.482489033817227853e+00
-1.482489033817227853e+00
-1.482489033817227853e+00
-1.482430423503226180e+00
-1.482430423503226180e+00
-1.482430423503226180e+00
-1.482430423503226180e+00
-1.482430423503226180e+00
-1.482378621672155283e+00
-1.482378621672155283e+00
-1.482378621672155283e+00
-1.482378621672155283e+00
-1.482409107066628762e+00
-1.482409107066628762e+00
-1.482409107066628762e+00
-1.482409107066628762e+00
-1.482409107066628762e+00
-1.482358436875725660e+00
-1.482358436875725660e+00
-1.482358436875725660e+00
-1.482358436875725660e+00
-1.482358436875725660e+00
-1.482307528402220909e+00
-1.482307528402220909e+00
-1.482383556626430732e+00
-1.482383556626430732e+00
-1.482330439885932494e+00
-1.482330439885932494e+00
-1.482330439885932494e+00
-1.482330439885932494e+00
-1.482330439885932494e+00
-1.482280301076589257e+00
-1.482280301076589257e+00
-1.482280301076589257e+00
-1.482280301076589257e+00
-1.482280301076589257e+00
-1.482300929624769115e+00
-1.482300929624769115e+00
-1.482300929624769115e+00
-1.482300929624769115e+00
-1.482253064945636467e+00
-1.482253064945636467e+00
-1.482253064945636467e+00
-1.482253064945636467e+00
-1.482207469388654664e+00
-1.482207469388654664e+00
-1.482207469388654664e+00
-1.482207469388654664e+00
-1.482287651827771668e+00
-1.482236151348361064e+00
-1.482236151348361064e+00
-1.482236151348361064e+00
-1.482236151348361064e+00
-1.482190701029419078e+00
-1.482190701029419078e+00
-1.482190701029419078e+00
-1.482190701029419078e+00
-1.482145682501824435e+00
-1.482145682501824435e+00
-1.482145682501824435e+00
-1.482213498139739682e+00
-1.482168858572493697e+00
-1.482168858572493697e+00
-1.482168858572493697e+00
-1.482168858572493697e+00
-1.482125191541255216e+00
-1.482125191541255216e+00
-1.482125191541255216e+00
-1.482125191541255216e+00
-1.482077345834008408e+00
-1.482077345834008408e+00
-1.482148517184006753e+00
-1.357793328928391885e+00
-1.357793328928391885e+00
-1.357793328928391885e+00
-1.357793328928391885e+00
-1.357639646328109295e+00
-1.357639646328109295e+00
-1.357639646328109295e+00
-1.357639646328109295e+00
-1.357486460856625055e+00
-1.357486460856625055e+00
-1.357724933179122351e+00
-1.357571245017531014e+00
-1.357571245017531014e+00
-1.357571245017531014e+00
-1.357571245017531014e+00
-1.357411763597064391e+00
-1.357411763597064391e+00
-1.357411763597064391e+00
-1.357263140595112105e+00
-1.357263140595112105e+00
-1.357263140595112105e+00
-1.357503838378334882e+00
-1.357351066269645301e+00
-1.357351066269645301e+00
-1.357351066269645301e+00
-1.357202057924929095e+00
-1.357202057924929095e+00
-1.357202057924929095e+00
-1.357038323361988930e+00
-1.357038323361988930e+00
-1.357038323361988930e+00
-1.357038323361988930e+00
-1.357118661741192112e+00
-1.357118661741192112e+00
-1.357118661741192112e+00
-1.356967917089850317e+00
-1.356967917089850317e+00
-1.356967917089850317e+00
-1.356795151881070804e+00
-1.356795151881070804e+00
-1.356795151881070804e+00
-1.356641374506772246e+00
-1.356641374506772246e+00
-1.356890306830411896e+00
-1.356723738342643815e+00
-1.356723738342643815e+00
-1.356550050281084774e+00
-1.356550050281084774e+00
-1.356491479529098765e+00
-1.356442791948961446e+00
-1.356299703111380373e+00
-1.356274426060270155e+00
-1.356163398418336774e+00
-1.356321616387252904e+00
-1.356186783284275998e+00
-1.356113726883505732e+00
-1.355970968714785840e+00
-1.355893299524763451e+00
-1.355712161900181512e+00
-1.355605927298793922e+00
-1.355342792172260502e+00
-1.355177779899349400e+00
-1.481228638827870370e+00
-1.481026587599735267e+00
-1.584068372622689402e+00
-1.480412236856968766e+00
-1.480342893986410058e+00
-1.480262560325648291e+00
-1.455761249128147305e+00
-1.455677862540108114e+00
-1.455591289771973607e+00
-1.455548175582631387e+00
-1.455466739875041826e+00
-1.455501205693857658e+00
-1.346481980547248103e+00
-1.346295979557550870e+00
-1.346107734410670886e+00
-1.345982302175846357e+00
-1.345809718178045067e+00
-1.345606425187560795e+00
-1.345489244562950271e+00
-1.345291266106387384e+00
-1.560848781468126001e+00
-1.560840635709913604e+00
-1.560867320735908947e+00
-1.560899609228306506e+00
-1.560913685119950323e+00
-1.132779452877094029e+00
-1.132554974082052857e+00
-7.404679387555782588e-01
-7.396054892997008245e-01
-7.392899706556925743e-01
-1.094001051083532960e-01
4.601106283738820579e-01
2.176968019034384305e+00
2.645666162014487899e+00
1.323985155631959065e+00
7.007149847226547268e-02
-1.376987222338939443e+00
-1.517839273614566498e+00
-1.527758763744554882e+00
-1.527857206797691880e+00
-1.529516141962124598e+00
-1.529516141962124598e+00
-1.529402715194323914e+00
-1.529398439490808004e+00
-1.529398439490808004e+00
-1.529290745417611896e+00
-1.529290745417611896e+00
-1.529169351322482884e+00
-1.529037805360119906e+00
-1.529048641686268750e+00
-1.529946805368521012e+00
-1.529946805368521012e+00
-1.529907225122102643e+00
-1.529907225122102643e+00
-1.529858740244130821e+00
-1.529858740244130821e+00
-1.529838698077206738e+00
-1.529838698077206738e+00
-1.529842414024598973e+00
-1.529786142862792131e+00
-1.529721547707117768e+00
-1.529721547707117768e+00
-1.529644644814800891e+00
-1.529644644814800891e+00
-1.530160604377891920e+00
-1.530160604377891920e+00
-1.530137986600356603e+00
-1.530117738638468117e+00
-1.530117738638468117e+00
-1.530125461670744480e+00
-1.530125461670744480e+00
-1.530143509454844564e+00
-1.530109593819839464e+00
-1.530276348549143961e+00
-1.530276348549143961e+00
-1.530276348549143961e+00
-1.530275040465168157e+00
-1.530275040465168157e+00
-1.530275040465168157e+00
-1.530275040465168157e+00
-1.530275040465168157e+00
-1.530275040465168157e+00
-1.530275040465168157e+00
-1.530275040465168157e+00
-1.530275040465168157e+00
-1.530275325315085588e+00
-1.530275325315085588e+00
-1.530275325315085588e+00
-1.530275325315085588e+00
-1.530275325315085588e+00
-1.530275325315085588e+00
-1.530275325315085588e+00
-1.530275325315085588e+00
-1.530275185305101315e+00
-1.530275185305101315e+00
-1.530275185305101315e+00
-1.530275185305101315e+00
-1.530275185305101315e+00
-1.530275185305101315e+00
-1.530275185305101315e+00
-1.530275185305101315e+00
-1.530275185305101315e+00
-1.530274599137819935e+00
-1.530274599137819935e+00
-1.530274599137819935e+00
-1.530274599137819935e+00
-1.530274599137819935e+00
-1.530274599137819935e+00
-1.530274599137819935e+00
-1.530274599137819935e+00
-1.530275045355535157e+00
-1.530275045355535157e+00
-1.530275045355535157e+00
-1.530275045355535157e+00
-1.530275045355535157e+00
-1.530275045355535157e+00
-1.530275045355535157e+00
-1.530275045355535157e+00
-1.530274225915328579e+00
-1.530274225915328579e+00
-1.530274225915328579e+00
-1.530274225915328579e+00
-1.530274225915328579e+00
-1.530274225915328579e+00
-1.530274225915328579e+00
-1.530274225915328579e+00
-1.530275318813295371e+00
-1.530275318813295371e+00
-1.530275318813295371e+00
-1.530275318813295371e+00
-1.530275318813295371e+00
-1.530275318813295371e+00
-1.530275318813295371e+00
-1.530275318813295371e+00
-1.530275216832680085e+00
-1.530275216832680085e+00
-1.530275216832680085e+00
-1.530275216832680085e+00
-1.530275216832680085e+00
-1.530275216832680085e+00
-1.530275216832680085e+00
-1.530275216832680085e+00
-1.530274986034390938e+00
-1.530274986034390938e+00
-1.530274986034390938e+00
-1.530274986034390938e+00
-1.530274986034390938e+00
-1.530274986034390938e+00
-1.530274986034390938e+00
-1.530274986034390938e+00
-1.530275590644700090e+00
-1.530275590644700090e+00
-1.530275590644700090e+00
-1.530275590644700090e+00
-1.530275590644700090e+00
-1.530275590644700090e+00
-1.530275590644700090e+00
-1.530274892665849373e+00
-1.530274892665849373e+00
-1.530274892665849373e+00
-1.530274892665849373e+00
-1.530274892665849373e+00
-1.530274892665849373e+00
-1.530274892665849373e+00
-1.530274892665849373e+00
-1.530274868598076043e+00
-1.530274868598076043e+00
-1.530274868598076043e+00
-1.530274868598076043e+00
-1.530274868598076043e+00
-1.530274868598076043e+00
-1.530274868598076043e+00
-1.530275418780356222e+00
-1.530275418780356222e+00
-1.530275418780356222e+00
-1.530275418780356222e+00
-1.530275418780356222e+00
-1.530275418780356222e+00
-1.530275418780356222e+00
-1.530275045318977289e+00
-1.530275045318977289e+00
-1.530275045318977289e+00
-1.530275045318977289e+00
-1.530275045318977289e+00
-1.530275045318977289e+00
-1.530275045318977289e+00
-1.530275011876091051e+00
-1.530275011876091051e+00
-1.530275011876091051e+00
-1.530275011876091051e+00
-1.530275011876091051e+00
-1.530275011876091051e+00
-1.530275011876091051e+00
-1.530275074800793833e+00
-1.530275074800793833e+00
-1.530275074800793833e+00
-1.530275074800793833e+00
-1.530275074800793833e+00
-1.530275074800793833e+00
-1.530275074800793833e+00
-1.530274726863504853e+00
-1.530274726863504853e+00
-1.530274726863504853e+00
-1.530274726863504853e+00
-1.530274726863504853e+00
-1.530274726863504853e+00
-1.530274726863504853e+00
-1.530274670324967223e+00
-1.530274670324967223e+00
-1.530274670324967223e+00
-1.530274670324967223e+00
-1.530274670324967223e+00
-1.530274670324967223e+00
-9.581667246664152815e-01
-9.581667246664152815e-01
-9.581667246664152815e-01
-9.581667246664152815e-01
-9.581667246664152815e-01
-9.581667246664152815e-01
-9.581667246664152815e-01
-9.581652823584820844e-01
-9.581652823584820844e-01
-9.581652823584820844e-01
-9.581652823584820844e-01
-9.581652823584820844e-01
-9.581652823584820844e-01
-9.581652823585580236e-01
-9.581652823585580236e-01
-9.581652823585580236e-01
-9.581652823585580236e-01
-9.581652823585580236e-01
-9.581652823585580236e-01
-9.581652823585580236e-01
-9.581652823584780876e-01
-9.581652823584780876e-01
-9.581652823584780876e-01
-9.581652823584780876e-01
-9.581652823584780876e-01
-9.581652823584780876e-01
-9.581676419955641455e-01
-9.581676419955641455e-01
-9.581676419955641455e-01
-9.581676419955641455e-01
-9.581676419955641455e-01
-9.581676419955641455e-01
-9.581673352245140274e-01
-9.581673352245140274e-01
-9.581673352245140274e-01
-9.581673352245140274e-01
-9.581673352245140274e-01
-9.581673352245140274e-01
-9.581652823585717904e-01
-9.581652823585717904e-01
-9.581652823585717904e-01
-9.581652823585717904e-01
-9.581652823585717904e-01
-9.581652823586517265e-01
-9.581652823586517265e-01
-9.581652823586517265e-01
-9.581652823586517265e-01
-9.581652823586517265e-01
-9.581652823586517265e-01
-9.581652823585093959e-01
-9.581652823585093959e-01
-9.581652823585093959e-01
-9.581652823585093959e-01
-9.581652823585093959e-01
-9.581652823585093959e-01
-9.581652598820776801e-01
-9.581652598820776801e-01
-9.581652598820776801e-01
-9.581652598820776801e-01
-9.581652598820776801e-01
-9.581652823585600220e-01
-9.581652823585600220e-01
-9.581652823585600220e-01
-9.581652823585600220e-01
-9.581652823585600220e-01
-9.581652823585600220e-01
-9.581662464735096751e-01
-9.581662464735096751e-01
-9.581662464735096751e-01
-9.581662464735096751e-01
-9.581662464735096751e-01
-9.581661926055797807e-01
-9.581661926055797807e-01
-9.581661926055797807e-01
-9.581661926055797807e-01
-9.581661926055797807e-01
-9.581664738342643428e-01
-9.581664738342643428e-01
-9.581664738342643428e-01
-9.581664738342643428e-01
-9.581664738342643428e-01
-9.581652823586459533e-01
-9.581652823586459533e-01
-9.581652823586459533e-01
-9.581652823586459533e-01
-9.581652823586459533e-01
-9.581664221515897584e-01
-9.581664221515897584e-01
-9.581664221515897584e-01
-9.581664221515897584e-01
-9.581664221515897584e-01
-9.581660352120684454e-01
-9.581660352120684454e-01
-9.581660352120684454e-01
-9.581660352120684454e-01
-9.581660352120684454e-01
-9.581666609231510590e-01
-9.581666609231510590e-01
-9.581666609231510590e-01
-9.581666609231510590e-01
-9.581666609231510590e-01
-9.581651507406008239e-01
-9.581651507406008239e-01
-9.581651507406008239e-01
-9.581651507406008239e-01
-9.581663018778182606e-01
-9.581663018778182606e-01
-9.581663018778182606e-01
-9.581659760643447266e-01
-9.581675244839881200e-01
-9.581665580900794454e-01
-9.581665580900794454e-01
-9.581655960321331378e-01
-9.581652823585853351e-01
-9.581673980221891984e-01
-9.581675245161405119e-01
-9.581662464735020146e-01
-9.581662464735020146e-01
-9.581652823586284118e-01
-9.581671654384327219e-01
-9.581662210974913885e-01
-9.581664382291962268e-01
-9.581663980728382102e-01
-9.581667246664196114e-01
-9.581664221516078550e-01
-9.581664221516078550e-01
-9.581652823586011003e-01
-9.581661120168645240e-01
-9.581675241513936125e-01
-9.581652823585093959e-01
-9.581675097794363216e-01
-9.581651595323137371e-01
-1.530275536459207775e+00
-1.530274986034355189e+00
-1.530275219796926711e+00
-1.530275219796926711e+00
-1.530275325307158818e+00
-1.530274633156784247e+00
-1.530274633156784247e+00
-1.530275327637736327e+00
-1.530276328600650881e+00
-1.530276328600650881e+00
-1.530274225915330799e+00
-1.530274225915330799e+00
-1.530275380235098348e+00
-1.530274817264268616e+00
-1.530274817264268616e+00
-1.530274697859737909e+00
-1.530274697859737909e+00
-1.530275216832731378e+00
-1.530275433137394892e+00
-1.530275433137394892e+00
-1.530275549771959120e+00
-1.530275549771959120e+00
-9.581662647937473354e-01
-9.581672195472823450e-01
-1.071407787633496422e+00
-1.071407787633496422e+00
-1.071408370172788338e+00
-1.071408370172788338e+00
-1.071408281391260875e+00
-1.071408281391260875e+00
-1.071407637549074865e+00
-1.071407220625336443e+00
-1.071407220625336443e+00
-1.071408269472817532e+00
-1.071406719614064640e+00
-1.071406719614064640e+00
-1.071408055835274320e+00
-1.071408055835274320e+00
-1.071408193074241844e+00
-1.071408055835270545e+00
-1.071408055835270545e+00
-1.071407566992268467e+00
-1.071406969794458153e+00
-1.071406969794458153e+00
-1.071408072668108558e+00
-1.071408072668108558e+00
-1.071408129710832435e+00
-1.071408018908107218e+00
-1.071408018908107218e+00
-1.071407550556494392e+00
-1.071408347609839051e+00
-1.071408347609839051e+00
-1.071408812282881318e+00
-1.071408812282881318e+00
-5.930266671159414305e-01
-5.930272479788963880e-01
-5.930272479788963880e-01
-5.930272432270637939e-01
-5.930263373952707751e-01
-5.930263373952707751e-01
-5.930256786377656741e-01
-5.930256786377656741e-01
-5.930256786379004552e-01
-5.930261123576210380e-01
-5.930261123576210380e-01
-5.930256786377716693e-01
-5.930280468268753769e-01
-5.930280468268753769e-01
2.568033120418724558e-01
2.568033120418724558e-01
