3.547002930986687286e+00
3.527525901058679914e+00
3.455168547180707872e+00
2.942627782244318091e+00
2.785683093263970456e+00
2.476131369411240790e+00
1.794513913022654616e+00
1.331422531052730784e+00
1.240045354880465522e+00
1.104851251277943591e+00
9.205320871337420163e-01
7.403309371475599310e-01
5.690801830095686409e-01
6.144103181218476539e-01
5.425794116861774041e-01
4.174677468793493995e-01
2.939714397008656444e-01
2.447589407057327859e-01
1.523594577003388739e-01
1.074167887533507421e-01
3.583798422164639636e-03
-6.794701499596585148e-02
-7.883943651326785762e-02
-1.486371138591003338e-01
-1.442741178582223061e-01
-1.815690844890277544e-01
-2.767989584617230880e-01
-3.674632110023889342e-01
-4.262663025979947506e-01
-4.424571315426282792e-01
-5.294479413731650874e-01
-6.298516448854025729e-01
-7.178583998057506133e-01
-7.584675522212385168e-01
-8.016383962148175835e-01
-8.402426503927826751e-01
-9.165811584089784692e-01
-1.016910780394332026e+00
-1.005083917109562464e+00
-1.024824961377990062e+00
-1.205286820873931353e+00
-1.238372945707561623e+00
-1.101784905579191509e+00
-1.580400930344314725e+00
-1.502869132507860028e+00
-1.453228340249409500e+00
-1.481585444828914744e+00
-1.461415976862505017e+00
-1.762287515840805785e+00
-1.724127348354565381e+00
-1.082062037954066858e+00
-1.080115555849122666e+00
-1.078478769521855618e+00
-1.077098679981263185e+00
-1.076437892151922870e+00
-1.075135098232375963e+00
-1.072486907252361288e+00
-1.416301956952353835e+00
-1.415823463373246494e+00
-1.414851710176812549e+00
-1.413877515632133042e+00
-1.412622426565688816e+00
-1.376562940627297227e+00
-1.398665138380918993e+00
-1.396845178534692034e+00
-1.393832017733491302e+00
-2.051912510146568280e+00
-2.399793879010320374e+00
-2.360312673873542710e+00
-2.828336974093140110e+00
-2.843724798237914353e+00
-2.798399326426604272e+00
-2.771937046531291138e+00
-2.761425329552448016e+00
-2.876411325006985820e+00
-2.924112169963882124e+00
-2.876052793723069101e+00
-2.904334216710755090e+00
-2.926275784168946625e+00
-2.954220472182027546e+00
-2.876157072067244247e+00
-2.116602048261686075e+00
-2.652358982437176049e+00
-2.651831309151920557e+00
-2.632329308929718614e+00
-2.631733686344342793e+00
-2.630629308339133221e+00
-2.630269301891189571e+00
-2.628739438096243219e+00
-2.083392844866345683e+00
-3.455851292312213108e+00
-3.731507461948168292e+00
-3.706401724629800221e+00
-3.685254875383485729e+00
-3.644355947513969518e+00
-3.611986556893262090e+00
-3.573069123115191204e+00
-3.537680272648527691e+00
-3.514073608869090481e+00
-3.503676749042228256e+00
-3.507252031571238771e+00
-3.575392595430233023e+00
-3.675033816558581634e+00
-3.709161955584541204e+00
-3.688114367165303609e+00
-3.718267057907879813e+00
-3.727861616477175399e+00
-3.730910725012631879e+00
-3.707742874247866194e+00
-3.677441636850669493e+00
-3.631277771588880654e+00
-2.789603235002948267e+00
-2.789603235002948267e+00
-2.789134716956733762e+00
-3.514675572719998975e+00
-3.514675572719998975e+00
-3.513819414381315731e+00
-3.512975301064825029e+00
-3.513787351625229594e+00
-3.512982187351918917e+00
-3.512194253436411007e+00
-3.511516713778011223e+00
-3.510773240528996642e+00
-3.511234503197433465e+00
-3.510428897713176344e+00
-3.509685633668749194e+00
-3.508980397581320076e+00
-3.508475441806014672e+00
-3.508960801516765038e+00
-3.509006423752709214e+00
-3.508349608176782208e+00
-3.507630492840798198e+00
-3.506986086158807581e+00
-3.506903886719227703e+00
-3.904190367541082729e+00
-3.903756170796517377e+00
-3.903296307186978176e+00
-3.908633226008589645e+00
-3.908453541832518141e+00
-3.907975654259988385e+00
-3.907624380331415459e+00
-3.907179350024580167e+00
-3.906999529700255547e+00
-4.276062093161025146e+00
-4.275837871171091820e+00
-4.315247878879080901e+00
-4.315058209721162719e+00
-4.314943837486598710e+00
-4.314726619509064776e+00
-4.314250220251680368e+00
-4.313886374547012181e+00
-4.313401654975489663e+00
-4.312432123355312896e+00
-3.906673816322986603e+00
-4.304695211844552283e+00
-5.065431207944312675e+00
-5.275269720670489271e+00
-5.551457063110005308e+00
-5.508331431259363420e+00
-5.482659040645979864e+00
-5.651356797126177334e+00
-5.618320191952673959e+00
-5.576081656619796156e+00
-5.540822561556697501e+00
-5.501753769099295255e+00
-5.448980933442993724e+00
-5.426362213803383128e+00
-5.410219095215654583e+00
-5.420124728796399616e+00
-5.412926970036793684e+00
-5.416466488414826586e+00
-5.429953349419901265e+00
-5.456745829628855127e+00
-5.515948647631817359e+00
-5.563427245288427692e+00
-5.575285533085601486e+00
-5.574226694563910733e+00
-5.573455285404222082e+00
-5.580770463127971759e+00
-5.584562559019188299e+00
-5.590373498433109489e+00
-5.590117055112959754e+00
-5.593475285530499441e+00
-5.600470685569524321e+00
-5.602110266177247944e+00
-5.597620833988445455e+00
-5.597218322038298943e+00
-5.597012671696875330e+00
-5.592724339089540031e+00
-5.580709763291000769e+00
-5.547227260304447682e+00
-5.547227260304447682e+00
-5.541845509300799222e+00
-5.523519301467414877e+00
-5.506129491916121665e+00
-5.585547526758737114e+00
-4.665486795138319209e+00
-4.664263114016513612e+00
-4.664263114016513612e+00
-4.664263114016513612e+00
-4.664944662085792615e+00
-4.663577840171286404e+00
-4.663577840171286404e+00
-4.663577840171286404e+00
-4.662427574132513186e+00
-4.662427574132513186e+00
-4.662427574132513186e+00
-4.662427574132513186e+00
-4.661335041405539670e+00
-4.661997457751350105e+00
-4.661997457751350105e+00
-4.660819731391629972e+00
-4.660819731391629972e+00
-4.660838992954318805e+00
-4.661134615144432836e+00
-4.660040046667694114e+00
-4.660040046667694114e+00
-4.660680259472122167e+00
-5.206613097602336815e+00
-5.206613097602336815e+00
-5.206613097602336815e+00
-5.206762085058351808e+00
-5.205891112423985945e+00
-5.205891112423985945e+00
-5.205891112423985945e+00
-5.205425655456962453e+00
-5.205425655456962453e+00
-5.205425655456962453e+00
-5.204666892059176320e+00
-5.204666892059176320e+00
-5.204666892059176320e+00
-5.204104382286854680e+00
-5.204361055892474219e+00
-5.204747868965859503e+00
-5.204747868965859503e+00
-5.203911481895787006e+00
-5.203911481895787006e+00
-5.203911481895787006e+00
-5.203222087095554116e+00
-5.203222087095554116e+00
-5.203588693572991808e+00
-5.202826623408211226e+00
-5.202867467174440819e+00
-5.202867467174440819e+00
-5.202182017210954079e+00
-5.202182017210954079e+00
-5.202182017210954079e+00
-5.201479160530740664e+00
-5.201821836150133826e+00
-5.202096211560900407e+00
-5.201374753694341990e+00
-5.201515647721563163e+00
-5.200908202270696279e+00
-5.200908202270696279e+00
-5.200908202270696279e+00
-5.200696675751110831e+00
-5.200696675751110831e+00
-5.200696675751110831e+00
-5.625642612034824630e+00
-5.625642612034824630e+00
-5.625642612034824630e+00
-5.625384318143973772e+00
-5.625384318143973772e+00
-5.624963854036360900e+00
-5.624963854036360900e+00
-5.624963854036360900e+00
-5.624705079166143484e+00
-5.628101406549690822e+00
-5.628171898525776484e+00
-5.627930796242987199e+00
-5.627789945654816606e+00
-5.627562006399820405e+00
-5.627562006399820405e+00
-5.627347754655772860e+00
-5.627347754655772860e+00
-5.627347754655772860e+00
-5.627127569520434136e+00
-5.627000163958752132e+00
-5.626754623408260159e+00
-5.626754623408260159e+00
-5.626889116850765760e+00
-5.626676559991034665e+00
-5.626676559991034665e+00
-5.626484874886465981e+00
-5.626629819775438079e+00
-5.998413021106631327e+00
-5.998413021106631327e+00
-5.998650487262491282e+00
-5.998666556538287509e+00
-5.998666556538287509e+00
-5.998925564657572984e+00
-5.997840157853303822e+00
-5.998097751901876329e+00
-5.998097751901876329e+00
-5.998319472136480535e+00
-5.998319472136480535e+00
-5.998534176477088309e+00
-6.235261627394458550e+00
-6.235093419889788713e+00
-6.235093419889788713e+00
-6.234969887744842509e+00
-6.235197204036457386e+00
-6.235041483396816631e+00
-6.235041483396816631e+00
-6.469400644684908386e+00
-6.469400644684908386e+00
-6.528885140611992988e+00
-6.529047578628675019e+00
-6.529047578628675019e+00
-6.529205155030766150e+00
-6.529313418309205197e+00
-6.528821309639031512e+00
-6.528821309639031512e+00
-6.529030685887536656e+00
-6.529291966817485360e+00
-6.529291966817485360e+00
-6.529600671054804906e+00
-6.529303640387910335e+00
-6.529612383313735613e+00
-6.530113129730884758e+00
-6.530663172370519298e+00
-6.531685790156219085e+00
-6.313999594154808825e+00
-5.696987972990434912e+00
-6.309016471391734271e+00
-6.540672308667878632e+00
-6.709445617184117694e+00
-6.839071478778919300e+00
-6.888668637546176754e+00
-7.018301171053130894e+00
-7.029264087288014551e+00
-6.866297507790283916e+00
-7.064360930676503614e+00
-7.253113650378452348e+00
-7.362393367466795624e+00
-7.294128353538032350e+00
-7.239652814534954572e+00
-7.182262440753182098e+00
-7.147076498999912708e+00
-7.073886183361041802e+00
-7.062347282774058321e+00
-7.002195026555011914e+00
-6.970778211205396424e+00
-6.939058447868270640e+00
-6.925173399989158263e+00
-6.912815441140849337e+00
-6.915001031646555774e+00
-6.915001031646555774e+00
-6.906398450205577966e+00
-6.905569776662215276e+00
-6.907113257605447920e+00
-6.908407367300107182e+00
-6.908797590855438209e+00
-6.909895874481234657e+00
-6.908825426102170653e+00
-6.909688932685342344e+00
-6.911113821456088324e+00
-6.912483719627067202e+00
-6.913776326464661892e+00
-6.913129173755256929e+00
-6.914426462614456703e+00
-6.917122550928796798e+00
-6.918797044767680759e+00
-6.919444884924764061e+00
-6.920854402543497486e+00
-6.922465981894206699e+00
-6.923796161424430551e+00
-6.925279017252361946e+00
-6.926693381605304900e+00
-6.928104175350015659e+00
-6.929307429031632104e+00
-7.261137435814908336e+00
-7.262531487629257931e+00
-7.263607690603416600e+00
-7.264879241156685374e+00
-7.266237554602089865e+00
-7.267462416911356193e+00
-7.267462416911356193e+00
-7.268718846652472365e+00
-7.269980342383508543e+00
-7.271357674541823357e+00
-7.272782828028145907e+00
-7.272722880806206547e+00
-7.274190881247465157e+00
-7.275194177084221003e+00
-7.276314714265208927e+00
-7.278765785083278317e+00
-7.277143142072488580e+00
-7.280083891384351524e+00
-7.280550390975854214e+00
-7.281799417124036999e+00
-7.281799417124036999e+00
-7.280205223242923296e+00
-7.280205223242923296e+00
-7.290313814389071112e+00
-7.290388703498138945e+00
-7.290503060220394183e+00
-7.289897201040431263e+00
-7.287839099889251493e+00
-7.292728876484036782e+00
-7.292728876484036782e+00
-7.292728876484036782e+00
-7.292728876484036782e+00
-7.297936486612561779e+00
-7.297937170976801724e+00
-7.297937170976801724e+00
-7.297937170976801724e+00
-7.300532291403332152e+00
-7.610558337708794419e+00
-7.612815368946434624e+00
-7.612815368946434624e+00
-7.612855570974166319e+00
-7.618278555784486983e+00
-7.616738311697802466e+00
-7.616738311697802466e+00
-7.618640678754969642e+00
-7.620531021012292072e+00
-7.619114039269101468e+00
-7.619129804815581331e+00
-7.623633097407786607e+00
-7.623633097407786607e+00
-7.623633097407786607e+00
-7.623558952691786850e+00
-7.623558952691786850e+00
-7.625965321327679014e+00
-7.626001527488711851e+00
-7.626001527488711851e+00
-7.627991791463282212e+00
-7.627991791463282212e+00
-7.627991791463282212e+00
-7.629362134975382403e+00
-7.629371979647021185e+00
-7.628069835788976683e+00
-7.630785824478070190e+00
-7.630810256486988408e+00
-7.630791954566038093e+00
-7.630460100000290069e+00
-7.630460100000290069e+00
-7.630460100000290069e+00
-7.630460100000290069e+00
-7.630496117279998103e+00
-7.989736785789006035e+00
-7.989736785789006035e+00
-7.989736785789006035e+00
-7.989736785789006035e+00
-7.988792029541454731e+00
-7.977897862743215995e+00
-7.977897862743215995e+00
-7.981791089463712296e+00
-7.991361369726305952e+00
-7.991361369726305952e+00
-8.067046121501228129e+00
-7.418999418867390006e+00
-7.418999418867390006e+00
-7.418824817705407249e+00
-7.418824817705407249e+00
-7.418824817705407249e+00
-7.418824817705407249e+00
-7.418421257921408163e+00
-7.418421257921408163e+00
-7.418421257921408163e+00
-7.418421257921408163e+00
-7.418041701254575848e+00
-7.418041701254575848e+00
-7.418041701254575848e+00
-7.418041701254575848e+00
-7.839577589335395835e+00
-7.839577589335395835e+00
-7.938371982689888640e+00
-7.938371982689888640e+00
-7.937895019218741410e+00
-7.937895019218741410e+00
-7.937895019218741410e+00
-7.937895019218741410e+00
-7.937640217705738799e+00
-7.937640217705738799e+00
-7.937912923476139859e+00
-7.937912923476139859e+00
-7.937567995028703471e+00
-7.937689969787719235e+00
-7.937689969787719235e+00
-7.937359428048843313e+00
-7.937735284792610813e+00
-7.937735284792610813e+00
-7.937735284792610813e+00
-7.937409796449649946e+00
-7.937409796449649946e+00
-7.937409796449649946e+00
-7.937409796449649946e+00
-8.538658544785999283e+00
-8.538658544785999283e+00
-8.538658544785999283e+00
-8.538525985099164828e+00
-8.538525985099164828e+00
-8.538525985099164828e+00
-8.538408319095038834e+00
-8.538245021710867633e+00
-8.538245021710867633e+00
-8.538245021710867633e+00
-8.538099630333986667e+00
-8.538099630333986667e+00
-8.538099630333986667e+00
-8.538035410799389879e+00
-8.538296409700500078e+00
-8.538296409700500078e+00
-8.538296409700500078e+00
-8.538172218452885431e+00
-8.538172218452885431e+00
-8.538062127909999077e+00
-8.958709328285703322e+00
-8.958709328285703322e+00
-8.958709328285703322e+00
-8.959216617244683434e+00
-8.959216617244683434e+00
-8.959216617244683434e+00
-8.980551769306510224e+00
-8.980551769306510224e+00
-8.980567554197108393e+00
-8.980942180344309023e+00
-8.980942180344309023e+00
-8.981002155256650354e+00
-8.980360893484865770e+00
-8.980360893484865770e+00
-8.980360893484865770e+00
-8.980880043144711777e+00
-8.980880043144711777e+00
-8.980880043144711777e+00
-8.981496678973227787e+00
-8.981496678973227787e+00
-8.981683641364147874e+00
-8.982524507142741754e+00
-8.982724936347281641e+00
-8.983138127565579722e+00
-8.983661540320403205e+00
-8.982942448010359016e+00
-8.983588253177693161e+00
-8.984360127812065500e+00
-8.985325267393546866e+00
-8.986532211178428042e+00
-8.988041529572708299e+00
-7.671735479875538388e+00
-7.916766252150560845e+00
-7.421441706341338929e+00
-7.417162149708134145e+00
-7.991386099332412840e+00
-7.646497800931138400e+00
-9.014197102515741022e+00
-9.013394880237909135e+00
-9.013445261669970066e+00
-9.184137231750407082e+00
-9.251631132030896154e+00
-9.278743698291444630e+00
-9.293957538050380052e+00
-9.301033188850619027e+00
-9.320993545043084083e+00
-9.282843933150966009e+00
-9.197850089133396523e+00
-9.125019828782765074e+00
-9.182618330272097396e+00
-9.243685797448891961e+00
-9.361764772765187814e+00
-9.417024308223970408e+00
-9.494514839581016830e+00
-9.574215875229359796e+00
-9.693284989579023403e+00
-9.736179391521620374e+00
-9.765638078278122691e+00
-9.499804608638969583e+00
-9.467828475460667192e+00
-9.435293657092520547e+00
-9.392222804959343918e+00
-9.331651439879619758e+00
-9.305088501487368546e+00
-9.264750187997202957e+00
-9.250452075383217121e+00
-9.221580195010497860e+00
-9.225227408411353025e+00
-9.209574862811107820e+00
-9.203448600596001228e+00
-9.194098878977021272e+00
-9.194278989620105591e+00
-9.192223873594464578e+00
-9.192273011972320162e+00
-9.192273011972320162e+00
-9.190431522808280462e+00
-9.190431522808280462e+00
-9.190431522808280462e+00
-9.190431522808280462e+00
-9.190431522808280462e+00
-9.190431522808280462e+00
-9.201944987520537467e+00
-9.201944987520537467e+00
-9.201944987520537467e+00
-9.201944987520537467e+00
-9.201944987520537467e+00
-9.201944987520537467e+00
-9.199816088537851044e+00
-9.199816088537851044e+00
-9.199816088537851044e+00
-9.199816088537851044e+00
-9.199816088537851044e+00
-9.202988862801332104e+00
-9.202988862801332104e+00
-9.202988862801332104e+00
-9.204330779332407175e+00
-9.204330779332407175e+00
-9.204330779332407175e+00
-9.204330779332407175e+00
-9.927070376099850435e+00
-9.927070376099850435e+00
-9.927123503184123621e+00
-9.927123503184123621e+00
-9.927123503184123621e+00
-9.927123503184123621e+00
-9.927123503184123621e+00
-9.927123503184123621e+00
-9.930907046878225231e+00
-9.930907046878225231e+00
-9.930907046878225231e+00
-9.928981337354809256e+00
-9.928981337354809256e+00
-9.928997042339112511e+00
-9.928997042339112511e+00
-9.933074153577766907e+00
-9.933074153577766907e+00
-9.933074153577766907e+00
-9.933074153577766907e+00
-9.933074153577766907e+00
-9.933074153577766907e+00
-9.933186609263705336e+00
-9.936425459315525899e+00
-9.934778429575782610e+00
-9.934778429575782610e+00
-9.934778429575782610e+00
-9.934778429575782610e+00
-9.934778429575782610e+00
-9.934778429575782610e+00
-9.939308600092976675e+00
-9.939308600092976675e+00
-9.939308600092976675e+00
-9.939308600092976675e+00
-9.939308600092976675e+00
-9.937775677205374691e+00
-9.937775677205374691e+00
-9.937796705328070246e+00
-9.937796705328070246e+00
-9.937837293318905196e+00
-9.937837293318905196e+00
-9.937837293318905196e+00
-9.948174594847984054e+00
-9.948174594847984054e+00
-9.948174594847984054e+00
-9.948277100899796110e+00
-9.946819517618063600e+00
-9.946819517618063600e+00
-9.946819517618063600e+00
-9.946819517618063600e+00
-9.946819517618063600e+00
-9.946819517618063600e+00
-9.946819517618063600e+00
-9.946819517618063600e+00
-9.951293987417633602e+00
-9.951293987417633602e+00
-9.951293987417633602e+00
-9.949430972682291596e+00
-9.949430972682291596e+00
-9.949430972682291596e+00
-9.949430972682291596e+00
-9.949430972682291596e+00
-9.949430972682291596e+00
-9.949430972682291596e+00
-9.957618217827834073e+00
-9.957618217827834073e+00
-9.957618217827834073e+00
-9.957618217827834073e+00
-9.955971912698238668e+00
-9.955971912698238668e+00
-9.956067896447363452e+00
-9.956067896447363452e+00
-9.956067896447363452e+00
-9.956067896447363452e+00
-9.956067896447363452e+00
-9.956067896447363452e+00
-9.956067896447363452e+00
-9.956067896447363452e+00
-9.954530064717578952e+00
-9.966859159088265585e+00
-9.966859159088265585e+00
-9.966859159088265585e+00
-9.966859159088265585e+00
-9.966859159088265585e+00
-9.966859159088265585e+00
-9.966859159088265585e+00
-9.966859159088265585e+00
-9.966859159088265585e+00
-9.965395959204164100e+00
-9.965395959204164100e+00
-9.965445568205810289e+00
-9.965445568205810289e+00
-9.970749358179999078e+00
-9.970846640965579155e+00
-9.970881906502009784e+00
-9.970881906502009784e+00
-9.970881906502009784e+00
-9.970881906502009784e+00
-9.970881906502009784e+00
-9.969433096721294518e+00
-9.969433096721294518e+00
-9.969433096721294518e+00
-9.979024665329603749e+00
-9.979024665329603749e+00
-9.979024665329603749e+00
-9.979024665329603749e+00
-9.979024665329603749e+00
-9.979024665329603749e+00
-9.979024665329603749e+00
-1.051185646055233924e+01
-1.051185646055233924e+01
-1.051193401029532559e+01
-1.051193401029532559e+01
-1.051960512628230227e+01
-1.051960512628230227e+01
-1.051960512628230227e+01
-1.054782513653751685e+01
-1.054782513653751685e+01
-1.054782513653751685e+01
-1.054646586500236971e+01
-1.054646586500236971e+01
-1.054646586500236971e+01
-1.054646586500236971e+01
-1.055321221780065777e+01
-1.055321221780065777e+01
-1.055321221780065777e+01
-1.055321927262833270e+01
-1.055321927262833270e+01
-1.055321927262833270e+01
-1.055190638727586361e+01
-1.055194651232992342e+01
-1.055194651232992342e+01
-1.055194651232992342e+01
-1.055950214045617486e+01
-1.055950214045617486e+01
-1.055950214045617486e+01
-1.055950214045617486e+01
-1.055950214045617486e+01
-1.055824308150011959e+01
-1.055833226595455798e+01
-1.055833226595455798e+01
-1.055833226595455798e+01
-1.055833226595455798e+01
-1.056761601943722262e+01
-1.056761601943722262e+01
-1.056761601943722262e+01
-1.056761601943722262e+01
-1.056761601943722262e+01
-1.056582410716078968e+01
-1.056585711635924518e+01
-1.056585711635924518e+01
-1.056595716825851561e+01
-1.056595716825851561e+01
-1.056595716825851561e+01
-1.058092632634281394e+01
-1.058092632634281394e+01
-1.058092632634281394e+01
-1.058004425552116246e+01
-1.058004425552116246e+01
-1.058004425552116246e+01
-1.058004425552116246e+01
-1.058004425552116246e+01
-1.058012304376069324e+01
-1.058012304376069324e+01
-1.058012304376069324e+01
-1.058012304376069324e+01
-1.057890350217539499e+01
-1.058734345688228551e+01
-1.058734345688228551e+01
-1.058734345688228551e+01
-1.058738511088250256e+01
-1.058738511088250256e+01
-1.058738511088250256e+01
-1.058738511088250256e+01
-1.058738511088250256e+01
-1.058738511088250256e+01
-1.058629499073255431e+01
-1.058629499073255431e+01
-1.058629499073255431e+01
-1.058629499073255431e+01
-1.058631173109525214e+01
-1.058631173109525214e+01
-1.058631173109525214e+01
-1.058631173109525214e+01
-1.058639045824825686e+01
-1.127289608766210449e+01
-1.127289608766210449e+01
-1.127289608766210449e+01
-1.127289608766210449e+01
-1.127289608766210449e+01
-1.127292441914167220e+01
-1.127292441914167220e+01
-1.127292441914167220e+01
-1.127292441914167220e+01
-1.127161057456993376e+01
-1.127161057456993376e+01
-1.056898884309318731e+01
-1.056898884309318731e+01
-1.056898884309318731e+01
-1.056898884309318731e+01
-1.056898884309318731e+01
-1.056898884309318731e+01
-1.056858649096924196e+01
-1.056858649096924196e+01
-1.056869344203285266e+01
-1.056893778091671621e+01
-1.056893778091671621e+01
-1.056893778091671621e+01
-1.056893778091671621e+01
-1.056893778091671621e+01
-1.056893778091671621e+01
-1.056855821746486157e+01
-1.056855821746486157e+01
-1.056870579891282702e+01
-1.056870579891282702e+01
-1.056870579891282702e+01
-1.056870579891282702e+01
-1.056870579891282702e+01
-1.056870579891282702e+01
-1.056841459520216553e+01
-1.056841459520216553e+01
-1.057045287661076927e+01
-1.057045287661076927e+01
-1.057045287661076927e+01
-1.057048994031941191e+01
-1.057048994031941191e+01
-1.057075236717795796e+01
-1.057032026515003942e+01
-1.057032026515003942e+01
-1.057032026515003942e+01
-1.057032026515003942e+01
-1.057032026515003942e+01
-1.057032026515003942e+01
-1.057032026515003942e+01
-1.057032026515003942e+01
-1.056991427684615381e+01
-1.056991427684615381e+01
-1.056991427684615381e+01
-1.056991427684615381e+01
-1.056991988953748773e+01
-1.056991988953748773e+01
-1.056991988953748773e+01
-1.056991988953748773e+01
-1.056962389417171266e+01
-1.056962389417171266e+01
-1.056962389417171266e+01
-1.056962389417171266e+01
-1.056984827527910831e+01
-1.056984827527910831e+01
-1.056984827527910831e+01
-1.056984827527910831e+01
-1.101712645040658956e+01
-1.101731167658013888e+01
-1.101731167658013888e+01
-1.101743485398717937e+01
-1.101743485398717937e+01
-1.101743485398717937e+01
-1.101754221062856232e+01
-1.101754221062856232e+01
-1.101737277098302847e+01
-1.101737277098302847e+01
-1.101737277098302847e+01
-1.101737277098302847e+01
-1.101737277098302847e+01
-1.101737277098302847e+01
-1.101737277098302847e+01
-1.101725558156491225e+01
-1.101725558156491225e+01
-1.101713399011576300e+01
-1.101713399011576300e+01
-1.101713399011576300e+01
-1.101713399011576300e+01
-1.101713399011576300e+01
-1.101713399011576300e+01
-1.101702953436181964e+01
-1.101702953436181964e+01
-1.101705125700099153e+01
-1.101705125700099153e+01
-1.101705125700099153e+01
-1.101705125700099153e+01
-1.101705125700099153e+01
-1.101695652625533661e+01
-1.101695652625533661e+01
-1.101714724456913430e+01
-1.101714724456913430e+01
-1.101714724456913430e+01
-1.101714724456913430e+01
-1.101714724456913430e+01
-1.101689554475009380e+01
-1.101689554475009380e+01
-1.101689554475009380e+01
-1.101701703159694290e+01
-1.101701703159694290e+01
-1.101701703159694290e+01
-1.101701703159694290e+01
-1.101692634688800965e+01
-1.101692634688800965e+01
-1.101692634688800965e+01
-1.101692634688800965e+01
-1.101692634688800965e+01
-1.101692634688800965e+01
-1.101692634688800965e+01
-1.134768017954497665e+01
-1.134768017954497665e+01
-1.134768017954497665e+01
-1.134768017954497665e+01
-1.134768017954497665e+01
-1.134768017954497665e+01
-1.134699680129809529e+01
-1.134705979183466518e+01
-1.134705979183466518e+01
-1.134715622414348069e+01
-1.134715622414348069e+01
-1.134715622414348069e+01
-1.134715622414348069e+01
-1.134731155288515936e+01
-1.134740590574222097e+01
-1.134740590574222097e+01
-1.134740590574222097e+01
-1.134740590574222097e+01
-1.134740590574222097e+01
-1.134740590574222097e+01
-1.134740590574222097e+01
-1.134752919740566668e+01
-1.134752919740566668e+01
-1.134752919740566668e+01
-1.134752919740566668e+01
-1.134752919740566668e+01
-1.134682886694267090e+01
-1.134689365733824573e+01
-1.134689365733824573e+01
-1.134703139246055059e+01
-1.134703139246055059e+01
-1.134703139246055059e+01
-1.134703139246055059e+01
-1.134703139246055059e+01
-1.134709768774246541e+01
-1.134709768774246541e+01
-1.134709768774246541e+01
-1.134709768774246541e+01
-1.134709768774246541e+01
-1.134709768774246541e+01
-1.134720425784466613e+01
-1.134720425784466613e+01
-1.134720425784466613e+01
-1.134720425784466613e+01
-1.134720425784466613e+01
-1.134665902320357844e+01
-1.149833366008203406e+01
-1.149833366008203406e+01
-1.149833366008203406e+01
-1.149833366008203406e+01
-1.149833366008203406e+01
-1.149833366008203406e+01
-1.149860017828345349e+01
-1.149860017828345349e+01
-1.149860017828345349e+01
-1.149860017828345349e+01
-1.149860017828345349e+01
-1.149860017828345349e+01
-1.149897109643216275e+01
-1.149897109643216275e+01
-1.149906209267631674e+01
-1.149906209267631674e+01
-1.149906209267631674e+01
-1.149906209267631674e+01
-1.149834955136404169e+01
-1.149834955136404169e+01
-1.149834955136404169e+01
-1.149834955136404169e+01
-1.149834955136404169e+01
-1.149834955136404169e+01
-1.149892505062916825e+01
-1.149904434712311918e+01
-1.149904434712311918e+01
-1.149904434712311918e+01
-1.149904434712311918e+01
-1.149904434712311918e+01
-1.149977577327469724e+01
-1.149989649592258978e+01
-1.149989649592258978e+01
-1.149989649592258978e+01
-1.149989649592258978e+01
-1.150087357897352014e+01
-1.150087357897352014e+01
-1.149975807458665322e+01
-1.150006645627586721e+01
-1.150034097190695626e+01
-1.150060850393852974e+01
-1.150088068295839072e+01
-1.150088068295839072e+01
-1.150123440110562356e+01
-1.150154765421344827e+01
