5.149542298251989791e+01
5.146346374967595239e+01
5.128196139682096089e+01
5.112718695710409378e+01
5.051442542060062380e+01
4.877022469409590855e+01
4.752396279549820690e+01
4.674691866554223907e+01
4.609953328562752972e+01
4.553518491278860836e+01
4.508804247650104458e+01
4.456011138406132233e+01
4.412897559073937259e+01
4.385857423817495260e+01
4.356715037660117673e+01
4.319318758759408894e+01
4.287060168703854401e+01
4.258095352615094953e+01
4.238054690523225077e+01
4.207679301784275339e+01
4.175792490663964429e+01
4.163877050350595965e+01
4.148802428149363664e+01
4.095980715006281514e+01
4.085793421271582559e+01
4.087146953966731644e+01
4.051743114005627433e+01
4.008805528201136070e+01
4.000243491802523010e+01
4.005310596338733831e+01
3.974397401378735850e+01
3.950005498074031607e+01
3.934794819869499349e+01
3.925818569939634983e+01
3.919179471833075468e+01
3.918591276421064151e+01
3.899882236332852870e+01
3.876025743834347281e+01
3.874505907792329396e+01
3.872245163476107166e+01
3.846712907558477923e+01
3.844932230009054308e+01
3.854711588960651625e+01
3.836929281394513680e+01
3.837556977560406324e+01
3.837908878287998959e+01
3.833389830219725525e+01
3.833719715466563827e+01
3.795845757690005939e+01
3.796100991384906820e+01
3.796680552570909128e+01
3.797232184355723916e+01
3.797781862410556641e+01
3.798330085304063886e+01
3.798618644157686219e+01
3.799143564269097340e+01
3.799872382595066256e+01
3.767597042295093956e+01
3.768041418408803622e+01
3.768472009316245419e+01
3.769064817010247026e+01
3.769630242901202166e+01
3.752200921391217037e+01
3.750340866832988240e+01
3.751054519498607931e+01
3.752042758854771165e+01
3.724945879438718777e+01
3.724938832298504110e+01
3.725238795063864927e+01
3.672986609289601745e+01
3.673284458020899024e+01
3.673537046777958892e+01
3.674075190624208176e+01
3.674319594178349746e+01
3.674832925674716222e+01
3.675067449913598239e+01
3.675554012859336694e+01
3.675790823793009565e+01
3.676268945585279369e+01
3.676719188773125779e+01
3.676951702991067350e+01
3.677378885148198151e+01
3.613687713258838130e+01
3.614001006461300136e+01
3.599349181543988863e+01
3.599620285517013940e+01
3.600213960502994581e+01
3.600567687028647867e+01
3.601366759152452346e+01
3.687289398044053712e+01
3.561775783038964960e+01
3.561775783038964960e+01
3.562107283038965022e+01
3.562107283038965022e+01
3.562427683038964688e+01
3.562743383038964851e+01
3.562743383038964851e+01
3.563058983038965266e+01
3.563058983038965266e+01
3.563367183038965180e+01
3.563684083038965156e+01
3.563684083038965156e+01
3.563981183038964673e+01
3.563981183038964673e+01
3.564277483038965499e+01
3.564582383038964508e+01
3.564582383038964508e+01
3.564866583038964620e+01
3.565164783038964913e+01
3.565164783038964913e+01
3.565439483038964852e+01
3.565705183038964776e+01
3.565705183038964776e+01
3.565992683038965083e+01
3.469681134254896904e+01
3.469681134254896904e+01
3.469949134254896705e+01
3.470214334254896471e+01
3.470214334254896471e+01
3.470467334254896485e+01
3.470720434254896958e+01
3.470972134254896702e+01
3.471208034254896546e+01
3.471208034254896546e+01
3.471464034254896802e+01
3.471701034254896712e+01
3.471926634254896982e+01
3.472160334254896696e+01
3.472160334254896696e+01
3.472378134254896764e+01
3.472588834254896994e+01
3.472820234254896832e+01
3.473028234254896773e+01
3.473228234254897018e+01
-1.000000000000000000e+01
-1.000000000000000000e+01
-1.000000000000000000e+01
-1.000000000000000000e+01
-1.000000000000000000e+01
-1.000000000000000000e+01
-1.000000000000000000e+01
-1.000000000000000000e+01
-1.000000000000000000e+01
-1.000000000000000000e+01
-1.000000000000000000e+01
-1.000000000000000000e+01
-1.000000000000000000e+01
-1.000000000000000000e+01
-1.000000000000000000e+01
-1.000000000000000000e+01
-1.000000000000000000e+01
-1.000000000000000000e+01
-1.000000000000000000e+01
-1.000000000000000000e+01
-1.000000000000000000e+01
-1.000000000000000000e+01
-1.000000000000000000e+01
-1.000000000000000000e+01
-1.000000000000000000e+01
-1.000000000000000000e+01
-1.000000000000000000e+01
-1.000000000000000000e+01
-1.000000000000000000e+01
-1.000000000000000000e+01
-1.000000000000000000e+01
-1.000000000000000000e+01
-1.000000000000000000e+01
-1.000000000000000000e+01
-1.000000000000000000e+01
-1.000000000000000000e+01
-1.000000000000000000e+01
-1.000000000000000000e+01
-1.000000000000000000e+01
-1.000000000000000000e+01
-1.000000000000000000e+01
-1.000000000000000000e+01
-1.000000000000000000e+01
-1.000000000000000000e+01
-1.000000000000000000e+01
-1.000000000000000000e+01
-1.000000000000000000e+01
-1.000000000000000000e+01
-1.000000000000000000e+01
-1.000000000000000000e+01
-1.000000000000000000e+01
-1.000000000000000000e+01
-1.000000000000000000e+01
-1.000000000000000000e+01
-1.000000000000000000e+01
-1.000000000000000000e+01
-1.000000000000000000e+01
-1.000000000000000000e+01
-1.000000000000000000e+01
-1.000000000000000000e+01
-1.000000000000000000e+01
-1.000000000000000000e+01
-1.000000000000000000e+01
-1.000000000000000000e+01
-1.000000000000000000e+01
-1.000000000000000000e+01
-1.000000000000000000e+01
-1.000000000000000000e+01
-1.000000000000000000e+01
-1.000000000000000000e+01
-1.000000000000000000e+01
-1.000000000000000000e+01
-1.000000000000000000e+01
-1.000000000000000000e+01
-1.000000000000000000e+01
-1.000000000000000000e+01
-1.000000000000000000e+01
-1.000000000000000000e+01
-1.000000000000000000e+01
-1.000000000000000000e+01
-1.000000000000000000e+01
-1.000000000000000000e+01
-1.000000000000000000e+01
-1.000000000000000000e+01
-1.000000000000000000e+01
-1.000000000000000000e+01
-1.000000000000000000e+01
-1.000000000000000000e+01
-1.000000000000000000e+01
-1.000000000000000000e+01
-1.000000000000000000e+01
-1.000000000000000000e+01
-1.000000000000000000e+01
-1.000000000000000000e+01
-1.000000000000000000e+01
-1.000000000000000000e+01
-1.000000000000000000e+01
-1.000000000000000000e+01
-1.000000000000000000e+01
-1.000000000000000000e+01
-1.000000000000000000e+01
-1.000000000000000000e+01
-1.000000000000000000e+01
-1.000000000000000000e+01
-1.000000000000000000e+01
-1.000000000000000000e+01
-1.000000000000000000e+01
-1.000000000000000000e+01
-1.000000000000000000e+01
-1.000000000000000000e+01
-1.000000000000000000e+01
-1.000000000000000000e+01
-1.000000000000000000e+01
-1.000000000000000000e+01
-1.000000000000000000e+01
-1.000000000000000000e+01
-1.000000000000000000e+01
-1.000000000000000000e+01
-1.000000000000000000e+01
-1.000000000000000000e+01
-1.000000000000000000e+01
-1.000000000000000000e+01
-1.000000000000000000e+01
-1.000000000000000000e+01
-1.000000000000000000e+01
-1.000000000000000000e+01
-1.000000000000000000e+01
-1.000000000000000000e+01
-1.000000000000000000e+01
-1.000000000000000000e+01
-1.000000000000000000e+01
-1.000000000000000000e+01
-1.000000000000000000e+01
-1.000000000000000000e+01
-1.000000000000000000e+01
-1.000000000000000000e+01
-1.000000000000000000e+01
-1.000000000000000000e+01
-1.000000000000000000e+01
-1.000000000000000000e+01
-1.000000000000000000e+01
-1.000000000000000000e+01
-1.000000000000000000e+01
-1.000000000000000000e+01
-1.000000000000000000e+01
-1.000000000000000000e+01
-1.000000000000000000e+01
-1.000000000000000000e+01
-1.000000000000000000e+01
-1.000000000000000000e+01
-1.000000000000000000e+01
-1.000000000000000000e+01
-1.000000000000000000e+01
-1.000000000000000000e+01
-1.000000000000000000e+01
-1.000000000000000000e+01
-1.000000000000000000e+01
-1.000000000000000000e+01
-1.000000000000000000e+01
-1.000000000000000000e+01
-1.000000000000000000e+01
-1.000000000000000000e+01
-1.000000000000000000e+01
-1.000000000000000000e+01
-1.000000000000000000e+01
-1.000000000000000000e+01
-1.000000000000000000e+01
-1.000000000000000000e+01
-1.000000000000000000e+01
-1.000000000000000000e+01
-1.000000000000000000e+01
-1.000000000000000000e+01
-1.000000000000000000e+01
-1.000000000000000000e+01
-1.000000000000000000e+01
-1.000000000000000000e+01
-1.000000000000000000e+01
-1.000000000000000000e+01
-1.000000000000000000e+01
-1.000000000000000000e+01
-1.000000000000000000e+01
-1.000000000000000000e+01
-1.000000000000000000e+01
-1.000000000000000000e+01
-1.000000000000000000e+01
-1.000000000000000000e+01
-1.000000000000000000e+01
-1.000000000000000000e+01
-1.000000000000000000e+01
-1.000000000000000000e+01
-1.000000000000000000e+01
-1.000000000000000000e+01
-1.000000000000000000e+01
-1.000000000000000000e+01
-1.000000000000000000e+01
-1.000000000000000000e+01
-1.000000000000000000e+01
-1.000000000000000000e+01
-1.000000000000000000e+01
-1.000000000000000000e+01
-1.000000000000000000e+01
-1.000000000000000000e+01
-1.000000000000000000e+01
-1.000000000000000000e+01
-1.000000000000000000e+01
-1.000000000000000000e+01
-1.000000000000000000e+01
-1.000000000000000000e+01
-1.000000000000000000e+01
-1.000000000000000000e+01
-1.000000000000000000e+01
-1.000000000000000000e+01
-1.000000000000000000e+01
-1.000000000000000000e+01
-1.000000000000000000e+01
-1.000000000000000000e+01
-1.000000000000000000e+01
-1.000000000000000000e+01
-1.000000000000000000e+01
-1.000000000000000000e+01
-1.000000000000000000e+01
-1.000000000000000000e+01
-1.000000000000000000e+01
-1.000000000000000000e+01
-1.000000000000000000e+01
-1.000000000000000000e+01
-1.000000000000000000e+01
-1.000000000000000000e+01
-1.000000000000000000e+01
-1.000000000000000000e+01
-1.000000000000000000e+01
-1.000000000000000000e+01
-1.000000000000000000e+01
-1.000000000000000000e+01
-1.000000000000000000e+01
-1.000000000000000000e+01
-1.000000000000000000e+01
-1.000000000000000000e+01
-1.000000000000000000e+01
-1.000000000000000000e+01
-1.000000000000000000e+01
-1.000000000000000000e+01
-1.000000000000000000e+01
-1.000000000000000000e+01
-1.000000000000000000e+01
-1.000000000000000000e+01
-1.000000000000000000e+01
-1.000000000000000000e+01
-1.000000000000000000e+01
-1.000000000000000000e+01
-1.000000000000000000e+01
-1.000000000000000000e+01
-1.000000000000000000e+01
-1.000000000000000000e+01
-1.000000000000000000e+01
-1.000000000000000000e+01
-1.000000000000000000e+01
-1.000000000000000000e+01
-1.000000000000000000e+01
-1.000000000000000000e+01
-1.000000000000000000e+01
-1.000000000000000000e+01
-1.000000000000000000e+01
-1.000000000000000000e+01
-1.000000000000000000e+01
-1.000000000000000000e+01
-1.000000000000000000e+01
-1.000000000000000000e+01
-1.000000000000000000e+01
-1.000000000000000000e+01
-1.000000000000000000e+01
-1.000000000000000000e+01
-1.000000000000000000e+01
-1.000000000000000000e+01
-1.000000000000000000e+01
-1.000000000000000000e+01
-1.000000000000000000e+01
-1.000000000000000000e+01
-1.000000000000000000e+01
-1.000000000000000000e+01
-1.000000000000000000e+01
-1.000000000000000000e+01
-1.000000000000000000e+01
-1.000000000000000000e+01
-1.000000000000000000e+01
-1.000000000000000000e+01
-1.000000000000000000e+01
-1.000000000000000000e+01
-1.000000000000000000e+01
-1.000000000000000000e+01
-1.000000000000000000e+01
-1.000000000000000000e+01
-1.000000000000000000e+01
-1.000000000000000000e+01
-1.000000000000000000e+01
-1.000000000000000000e+01
-1.000000000000000000e+01
-1.000000000000000000e+01
-1.000000000000000000e+01
-1.000000000000000000e+01
-1.000000000000000000e+01
-1.000000000000000000e+01
-1.000000000000000000e+01
-1.000000000000000000e+01
-1.000000000000000000e+01
-1.000000000000000000e+01
-1.000000000000000000e+01
-1.000000000000000000e+01
-1.000000000000000000e+01
-1.000000000000000000e+01
-1.000000000000000000e+01
-1.000000000000000000e+01
-1.000000000000000000e+01
-1.000000000000000000e+01
-1.000000000000000000e+01
-1.000000000000000000e+01
-1.000000000000000000e+01
-1.000000000000000000e+01
-1.000000000000000000e+01
-1.000000000000000000e+01
-1.000000000000000000e+01
-1.000000000000000000e+01
-1.000000000000000000e+01
-1.000000000000000000e+01
-1.000000000000000000e+01
-1.000000000000000000e+01
-1.000000000000000000e+01
-1.000000000000000000e+01
-1.000000000000000000e+01
-1.000000000000000000e+01
-1.000000000000000000e+01
-1.000000000000000000e+01
-1.000000000000000000e+01
-1.000000000000000000e+01
-1.000000000000000000e+01
-1.000000000000000000e+01
-1.000000000000000000e+01
-1.000000000000000000e+01
-1.000000000000000000e+01
-1.000000000000000000e+01
-1.000000000000000000e+01
-1.000000000000000000e+01
-1.000000000000000000e+01
-1.000000000000000000e+01
-1.000000000000000000e+01
-1.000000000000000000e+01
-1.000000000000000000e+01
-1.000000000000000000e+01
-1.000000000000000000e+01
-1.000000000000000000e+01
-1.000000000000000000e+01
-1.000000000000000000e+01
-1.000000000000000000e+01
-1.000000000000000000e+01
-1.000000000000000000e+01
-1.000000000000000000e+01
-1.000000000000000000e+01
-1.000000000000000000e+01
-1.000000000000000000e+01
-1.000000000000000000e+01
-1.000000000000000000e+01
-1.000000000000000000e+01
-1.000000000000000000e+01
-1.000000000000000000e+01
-1.000000000000000000e+01
-1.000000000000000000e+01
-1.000000000000000000e+01
-1.000000000000000000e+01
-1.000000000000000000e+01
-1.000000000000000000e+01
-1.000000000000000000e+01
-1.000000000000000000e+01
-1.000000000000000000e+01
-1.000000000000000000e+01
-1.000000000000000000e+01
-1.000000000000000000e+01
-1.000000000000000000e+01
-1.000000000000000000e+01
-1.000000000000000000e+01
-1.000000000000000000e+01
-1.000000000000000000e+01
-1.000000000000000000e+01
-1.000000000000000000e+01
-1.000000000000000000e+01
-1.000000000000000000e+01
-1.000000000000000000e+01
-1.000000000000000000e+01
-1.000000000000000000e+01
-1.000000000000000000e+01
-1.000000000000000000e+01
-1.000000000000000000e+01
-1.000000000000000000e+01
-1.000000000000000000e+01
-1.000000000000000000e+01
-1.000000000000000000e+01
-1.000000000000000000e+01
-1.000000000000000000e+01
-1.000000000000000000e+01
-1.000000000000000000e+01
-1.000000000000000000e+01
-1.000000000000000000e+01
-1.000000000000000000e+01
-1.000000000000000000e+01
-1.000000000000000000e+01
-1.000000000000000000e+01
-1.000000000000000000e+01
-1.000000000000000000e+01
-1.000000000000000000e+01
-1.000000000000000000e+01
-1.000000000000000000e+01
-1.000000000000000000e+01
-1.000000000000000000e+01
-1.000000000000000000e+01
-1.000000000000000000e+01
-1.000000000000000000e+01
-1.000000000000000000e+01
-1.000000000000000000e+01
-1.000000000000000000e+01
-1.000000000000000000e+01
-1.000000000000000000e+01
-1.000000000000000000e+01
-1.000000000000000000e+01
-1.000000000000000000e+01
-1.000000000000000000e+01
-1.000000000000000000e+01
-1.000000000000000000e+01
-1.000000000000000000e+01
-1.000000000000000000e+01
-1.000000000000000000e+01
-1.000000000000000000e+01
-1.000000000000000000e+01
-1.000000000000000000e+01
-1.000000000000000000e+01
-1.000000000000000000e+01
-1.000000000000000000e+01
-1.000000000000000000e+01
-1.000000000000000000e+01
-1.000000000000000000e+01
-1.000000000000000000e+01
-1.000000000000000000e+01
-1.000000000000000000e+01
-1.000000000000000000e+01
-1.000000000000000000e+01
-1.000000000000000000e+01
-1.000000000000000000e+01
-1.000000000000000000e+01
-1.000000000000000000e+01
-1.000000000000000000e+01
-1.000000000000000000e+01
-1.000000000000000000e+01
-1.000000000000000000e+01
-1.000000000000000000e+01
-1.000000000000000000e+01
-1.000000000000000000e+01
-1.000000000000000000e+01
-1.000000000000000000e+01
-1.000000000000000000e+01
-1.000000000000000000e+01
-1.000000000000000000e+01
-1.000000000000000000e+01
-1.000000000000000000e+01
-1.000000000000000000e+01
-1.000000000000000000e+01
-1.000000000000000000e+01
-1.000000000000000000e+01
-1.000000000000000000e+01
-1.000000000000000000e+01
-1.000000000000000000e+01
-1.000000000000000000e+01
-1.000000000000000000e+01
-1.000000000000000000e+01
-1.000000000000000000e+01
-1.000000000000000000e+01
-1.000000000000000000e+01
-1.000000000000000000e+01
-1.000000000000000000e+01
-1.000000000000000000e+01
-1.000000000000000000e+01
-1.000000000000000000e+01
-1.000000000000000000e+01
-1.000000000000000000e+01
-1.000000000000000000e+01
-1.000000000000000000e+01
-1.000000000000000000e+01
-1.000000000000000000e+01
-1.000000000000000000e+01
-1.000000000000000000e+01
-1.000000000000000000e+01
-1.000000000000000000e+01
-1.000000000000000000e+01
-1.000000000000000000e+01
-1.000000000000000000e+01
-1.000000000000000000e+01
-1.000000000000000000e+01
-1.000000000000000000e+01
-1.000000000000000000e+01
-1.000000000000000000e+01
-1.000000000000000000e+01
-1.000000000000000000e+01
-1.000000000000000000e+01
-1.000000000000000000e+01
-1.000000000000000000e+01
-1.000000000000000000e+01
-1.000000000000000000e+01
-1.000000000000000000e+01
-1.000000000000000000e+01
-1.000000000000000000e+01
-1.000000000000000000e+01
-1.000000000000000000e+01
-1.000000000000000000e+01
-1.000000000000000000e+01
-1.000000000000000000e+01
-1.000000000000000000e+01
-1.000000000000000000e+01
-1.000000000000000000e+01
-1.000000000000000000e+01
-1.000000000000000000e+01
-1.000000000000000000e+01
-1.000000000000000000e+01
-1.000000000000000000e+01
-1.000000000000000000e+01
-1.000000000000000000e+01
-1.000000000000000000e+01
-1.000000000000000000e+01
-1.000000000000000000e+01
-1.000000000000000000e+01
-1.000000000000000000e+01
-1.000000000000000000e+01
-1.000000000000000000e+01
-1.000000000000000000e+01
-1.000000000000000000e+01
-1.000000000000000000e+01
-1.000000000000000000e+01
-1.000000000000000000e+01
-1.000000000000000000e+01
-1.000000000000000000e+01
-1.000000000000000000e+01
-1.000000000000000000e+01
-1.000000000000000000e+01
-1.000000000000000000e+01
-1.000000000000000000e+01
-1.000000000000000000e+01
-1.000000000000000000e+01
-1.000000000000000000e+01
-1.000000000000000000e+01
-1.000000000000000000e+01
-1.000000000000000000e+01
-1.000000000000000000e+01
-1.000000000000000000e+01
-1.000000000000000000e+01
-1.000000000000000000e+01
-1.000000000000000000e+01
-1.000000000000000000e+01
-1.000000000000000000e+01
-1.000000000000000000e+01
-1.000000000000000000e+01
-1.000000000000000000e+01
-1.000000000000000000e+01
-1.000000000000000000e+01
-1.000000000000000000e+01
-1.000000000000000000e+01
-1.000000000000000000e+01
-1.000000000000000000e+01
-1.000000000000000000e+01
-1.000000000000000000e+01
-1.000000000000000000e+01
-1.000000000000000000e+01
-1.000000000000000000e+01
-1.000000000000000000e+01
-1.000000000000000000e+01
-1.000000000000000000e+01
-1.000000000000000000e+01
-1.000000000000000000e+01
-1.000000000000000000e+01
-1.000000000000000000e+01
-1.000000000000000000e+01
-1.000000000000000000e+01
-1.000000000000000000e+01
-1.000000000000000000e+01
-1.000000000000000000e+01
-1.000000000000000000e+01
-1.000000000000000000e+01
-1.000000000000000000e+01
-1.000000000000000000e+01
-1.000000000000000000e+01
-1.000000000000000000e+01
-1.000000000000000000e+01
-1.000000000000000000e+01
-1.000000000000000000e+01
-1.000000000000000000e+01
-1.000000000000000000e+01
-1.000000000000000000e+01
-1.000000000000000000e+01
-1.000000000000000000e+01
-1.000000000000000000e+01
-1.000000000000000000e+01
-1.000000000000000000e+01
-1.000000000000000000e+01
-1.000000000000000000e+01
-1.000000000000000000e+01
-1.000000000000000000e+01
-1.000000000000000000e+01
-1.000000000000000000e+01
-1.000000000000000000e+01
-1.000000000000000000e+01
-1.000000000000000000e+01
-1.000000000000000000e+01
-1.000000000000000000e+01
-1.000000000000000000e+01
-1.000000000000000000e+01
-1.000000000000000000e+01
-1.000000000000000000e+01
-1.000000000000000000e+01
-1.000000000000000000e+01
-1.000000000000000000e+01
-1.000000000000000000e+01
-1.000000000000000000e+01
-1.000000000000000000e+01
-1.000000000000000000e+01
-1.000000000000000000e+01
-1.000000000000000000e+01
-1.000000000000000000e+01
-1.000000000000000000e+01
-1.000000000000000000e+01
-1.000000000000000000e+01
-1.000000000000000000e+01
-1.000000000000000000e+01
-1.000000000000000000e+01
-1.000000000000000000e+01
-1.000000000000000000e+01
-1.000000000000000000e+01
-1.000000000000000000e+01
-1.000000000000000000e+01
-1.000000000000000000e+01
-1.000000000000000000e+01
-1.000000000000000000e+01
-1.000000000000000000e+01
-1.000000000000000000e+01
-1.000000000000000000e+01
-1.000000000000000000e+01
-1.000000000000000000e+01
-1.000000000000000000e+01
-1.000000000000000000e+01
-1.000000000000000000e+01
-1.000000000000000000e+01
-1.000000000000000000e+01
-1.000000000000000000e+01
-1.000000000000000000e+01
-1.000000000000000000e+01
-1.000000000000000000e+01
-1.000000000000000000e+01
-1.000000000000000000e+01
-1.000000000000000000e+01
-1.000000000000000000e+01
-1.000000000000000000e+01
-1.000000000000000000e+01
-1.000000000000000000e+01
-1.000000000000000000e+01
-1.000000000000000000e+01
-1.000000000000000000e+01
-1.000000000000000000e+01
-1.000000000000000000e+01
-1.000000000000000000e+01
-1.000000000000000000e+01
-1.000000000000000000e+01
-1.000000000000000000e+01
-1.000000000000000000e+01
-1.000000000000000000e+01
-1.000000000000000000e+01
-1.000000000000000000e+01
-1.000000000000000000e+01
-1.000000000000000000e+01
-1.000000000000000000e+01
-1.000000000000000000e+01
-1.000000000000000000e+01
-1.000000000000000000e+01
-1.000000000000000000e+01
-1.000000000000000000e+01
-1.000000000000000000e+01
-1.000000000000000000e+01
-1.000000000000000000e+01
-1.000000000000000000e+01
-1.000000000000000000e+01
-1.000000000000000000e+01
-1.000000000000000000e+01
-1.000000000000000000e+01
-1.000000000000000000e+01
-1.000000000000000000e+01
-1.000000000000000000e+01
-1.000000000000000000e+01
-1.000000000000000000e+01
-1.000000000000000000e+01
-1.000000000000000000e+01
-1.000000000000000000e+01
-1.000000000000000000e+01
-1.000000000000000000e+01
-1.000000000000000000e+01
-1.000000000000000000e+01
-1.000000000000000000e+01
-1.000000000000000000e+01
-1.000000000000000000e+01
-1.000000000000000000e+01
-1.000000000000000000e+01
-1.000000000000000000e+01
-1.000000000000000000e+01
-1.000000000000000000e+01
-1.000000000000000000e+01
-1.000000000000000000e+01
-1.000000000000000000e+01
-1.000000000000000000e+01
-1.000000000000000000e+01
-1.000000000000000000e+01
-1.000000000000000000e+01
-1.000000000000000000e+01
-1.000000000000000000e+01
-1.000000000000000000e+01
-1.000000000000000000e+01
-1.000000000000000000e+01
-1.000000000000000000e+01
-1.000000000000000000e+01
-1.000000000000000000e+01
-1.000000000000000000e+01
-1.000000000000000000e+01
-1.000000000000000000e+01
-1.000000000000000000e+01
-1.000000000000000000e+01
-1.000000000000000000e+01
-1.000000000000000000e+01
-1.000000000000000000e+01
-1.000000000000000000e+01
-1.000000000000000000e+01
-1.000000000000000000e+01
-1.000000000000000000e+01
-1.000000000000000000e+01
-1.000000000000000000e+01
-1.000000000000000000e+01
-1.000000000000000000e+01
-1.000000000000000000e+01
-1.000000000000000000e+01
-1.000000000000000000e+01
-1.000000000000000000e+01
-1.000000000000000000e+01
-1.000000000000000000e+01
-1.000000000000000000e+01
-1.000000000000000000e+01
-1.000000000000000000e+01
-1.000000000000000000e+01
-1.000000000000000000e+01
-1.000000000000000000e+01
-1.000000000000000000e+01
-1.000000000000000000e+01
-1.000000000000000000e+01
-1.000000000000000000e+01
-1.000000000000000000e+01
-1.000000000000000000e+01
-1.000000000000000000e+01
-1.000000000000000000e+01
-1.000000000000000000e+01
-1.000000000000000000e+01
-1.000000000000000000e+01
-1.000000000000000000e+01
-1.000000000000000000e+01
-1.000000000000000000e+01
-1.000000000000000000e+01
-1.000000000000000000e+01
-1.000000000000000000e+01
-1.000000000000000000e+01
-1.000000000000000000e+01
-1.000000000000000000e+01
-1.000000000000000000e+01
-1.000000000000000000e+01
-1.000000000000000000e+01
-1.000000000000000000e+01
-1.000000000000000000e+01
-1.000000000000000000e+01
-1.000000000000000000e+01
-1.000000000000000000e+01
-1.000000000000000000e+01
-1.000000000000000000e+01
-1.000000000000000000e+01
-1.000000000000000000e+01
-1.000000000000000000e+01
-1.000000000000000000e+01
-1.000000000000000000e+01
-1.000000000000000000e+01
-1.000000000000000000e+01
-1.000000000000000000e+01
-1.000000000000000000e+01
-1.000000000000000000e+01
-1.000000000000000000e+01
-1.000000000000000000e+01
-1.000000000000000000e+01
-1.000000000000000000e+01
-1.000000000000000000e+01
-1.000000000000000000e+01
-1.000000000000000000e+01
-1.000000000000000000e+01
-1.000000000000000000e+01
-1.000000000000000000e+01
-1.000000000000000000e+01
-1.000000000000000000e+01
-1.000000000000000000e+01
-1.000000000000000000e+01
-1.000000000000000000e+01
-1.000000000000000000e+01
-1.000000000000000000e+01
-1.000000000000000000e+01
-1.000000000000000000e+01
-1.000000000000000000e+01
-1.000000000000000000e+01
-1.000000000000000000e+01
-1.000000000000000000e+01
-1.000000000000000000e+01
-1.000000000000000000e+01
-1.000000000000000000e+01
-1.000000000000000000e+01
-1.000000000000000000e+01
-1.000000000000000000e+01
-1.000000000000000000e+01
-1.000000000000000000e+01
-1.000000000000000000e+01
-1.000000000000000000e+01
-1.000000000000000000e+01
-1.000000000000000000e+01
-1.000000000000000000e+01
-1.000000000000000000e+01
-1.000000000000000000e+01
-1.000000000000000000e+01
-1.000000000000000000e+01
-1.000000000000000000e+01
-1.000000000000000000e+01
-1.000000000000000000e+01
-1.000000000000000000e+01
-1.000000000000000000e+01
-1.000000000000000000e+01
-1.000000000000000000e+01
-1.000000000000000000e+01
-1.000000000000000000e+01
-1.000000000000000000e+01
-1.000000000000000000e+01
-1.000000000000000000e+01
-1.000000000000000000e+01
-1.000000000000000000e+01
-1.000000000000000000e+01
-1.000000000000000000e+01
-1.000000000000000000e+01
-1.000000000000000000e+01
-1.000000000000000000e+01
-1.000000000000000000e+01
-1.000000000000000000e+01
-1.000000000000000000e+01
-1.000000000000000000e+01
-1.000000000000000000e+01
-1.000000000000000000e+01
-1.000000000000000000e+01
-1.000000000000000000e+01
-1.000000000000000000e+01
-1.000000000000000000e+01
-1.000000000000000000e+01
-1.000000000000000000e+01
-1.000000000000000000e+01
-1.000000000000000000e+01
-1.000000000000000000e+01
-1.000000000000000000e+01
-1.000000000000000000e+01
-1.000000000000000000e+01
