5.213798516156997920e+01
5.214721037583324659e+01
5.212577763996484492e+01
5.183891201998626741e+01
5.142773580813322809e+01
5.069435269167569658e+01
5.004336831789240136e+01
4.958395830685483929e+01
4.920240411017698534e+01
4.888366421776603943e+01
4.861952821973852679e+01
4.835227504396595322e+01
4.812252986428150336e+01
4.797016191278100905e+01
4.779049173873283962e+01
4.763287333166600490e+01
4.745290149091125897e+01
4.733183532666495807e+01
4.723406781260658249e+01
4.710372792474690584e+01
4.698871659976821036e+01
4.690677083431966565e+01
4.684330030548030521e+01
4.671117460742685523e+01
4.665963547375203291e+01
4.661557420484352576e+01
4.651590486471118879e+01
4.642098114985451218e+01
4.634833167974507262e+01
4.631432178243102271e+01
4.619755404433388435e+01
4.609469898585160763e+01
4.603056706434982459e+01
4.597271679923230181e+01
4.591052345042000837e+01
4.587189293185969063e+01
4.576958746951881096e+01
4.564656903209073846e+01
4.563431669214926956e+01
4.560785035478140514e+01
4.543415057293855597e+01
4.539853251104016607e+01
4.551763036626546466e+01
4.519951440779055929e+01
4.520568108075846681e+01
4.520920587059698903e+01
4.515484885199556686e+01
4.515814136779542309e+01
4.486430630429811117e+01
4.486684147591661542e+01
4.487262168007519847e+01
4.487811683162716747e+01
4.488359441023444418e+01
4.488906317376056876e+01
4.489194590642762250e+01
4.489718259003127798e+01
4.490443834824041858e+01
4.459213184939763863e+01
4.459657198973728498e+01
4.460086552111613400e+01
4.460678539216959848e+01
4.461242368802702174e+01
4.465857335956800966e+01
4.465116699719278870e+01
4.465881563052545289e+01
4.467189490059634238e+01
4.418134278784405922e+01
4.416935109103380341e+01
4.417231608157378986e+01
4.368332616961648540e+01
4.368568791432436171e+01
4.368813739663291074e+01
4.369346324547922933e+01
4.369583406342984944e+01
4.370091359701336842e+01
4.370318923729712424e+01
4.370801709331905727e+01
4.371031571934749138e+01
4.371505238293097051e+01
4.371942372974604041e+01
4.372177576138865618e+01
4.372592735677335440e+01
4.323158504035231431e+01
4.323470792376987504e+01
4.326618689506420878e+01
4.326952304388859716e+01
4.327601036862822781e+01
4.328036077396056669e+01
4.328939784511742062e+01
4.382278703962084876e+01
4.271589279357552016e+01
4.271571298541486783e+01
4.271902545216296687e+01
4.271902545216296687e+01
4.272219549086201340e+01
4.272531926934533431e+01
4.272531926934533431e+01
4.272844229634515045e+01
4.272847786115973179e+01
4.273152764044218799e+01
4.273466374528827316e+01
4.273466374528827316e+01
4.273760412678406340e+01
4.273707936807109320e+01
4.274001556518443579e+01
4.274303717288503890e+01
4.274303717288503890e+01
4.274585381132880713e+01
4.274883845489372902e+01
4.274883845489372902e+01
4.275156108041950631e+01
4.275419464946354964e+01
4.275419464946354964e+01
4.275707053727703055e+01
4.207570790527734061e+01
4.207570790527734061e+01
4.207827508280864492e+01
4.208081609373783039e+01
4.208096264329272884e+01
4.208338654788929034e+01
4.208581200146763024e+01
4.208822465046056038e+01
4.209048634802849875e+01
4.209060226848313846e+01
4.209305659382263798e+01
4.209532929319540528e+01
4.209749314473930326e+01
4.209974518109938657e+01
4.209986635726267679e+01
4.210195565069921031e+01
4.210397724575824441e+01
4.210619790726727274e+01
4.210819441388143503e+01
4.211024742591183667e+01
4.173711323430275399e+01
4.173878358996172722e+01
4.174055788851488558e+01
4.174008869425309598e+01
4.174203639597834581e+01
4.174382533327008105e+01
4.174551844167112336e+01
4.174719298516851040e+01
4.174913080174839308e+01
4.140447499198764802e+01
4.140602643724052712e+01
4.138142903625703894e+01
4.138302668185387745e+01
4.138538290505843520e+01
4.138722260153950572e+01
4.139128163663289683e+01
4.139437079455838386e+01
4.139856206517408310e+01
4.140654283692623494e+01
4.180628352426652583e+01
4.148020572973427988e+01
4.079617865427054113e+01
4.070526094857012822e+01
4.070526094857012822e+01
4.070526094857012822e+01
4.070526162849937890e+01
4.051082931486035932e+01
4.051082931486035932e+01
4.051082931486035932e+01
4.051082931486035932e+01
4.051082931486035932e+01
4.051392278797520419e+01
4.051392278797520419e+01
4.051392278797520419e+01
4.051392278797520419e+01
4.051694654382238525e+01
4.051694654382238525e+01
4.051694654382238525e+01
4.051694654382238525e+01
4.051981041451836063e+01
4.051995595992885058e+01
4.051995595992885058e+01
4.051995595992885058e+01
4.052278238235051333e+01
4.052278341691400243e+01
4.052278341691400243e+01
4.052278341691400243e+01
4.052532722307325486e+01
4.052532722307325486e+01
4.052136426256069512e+01
4.052136426256069512e+01
4.052415621540854573e+01
4.052415621540854573e+01
4.052415621540854573e+01
4.052415621540854573e+01
4.052704256342186540e+01
4.052704256396795301e+01
4.052704256396795301e+01
4.052714819185132455e+01
4.052970968502829407e+01
4.052970968503692006e+01
4.052970968503692006e+01
4.052971074769405391e+01
4.053236267653362290e+01
4.053236267653362290e+01
4.053236267653362290e+01
4.053246907562990486e+01
4.053543611341173403e+01
4.053543611341173403e+01
4.053543611341173403e+01
4.053794157261485509e+01
4.053794157261485509e+01
4.053794157261485509e+01
4.053794157261485509e+01
4.054032855027966775e+01
4.054043115752477888e+01
4.054043115752477888e+01
4.054300759206854821e+01
4.054300759206854821e+01
4.054300759206854821e+01
4.054300860551958863e+01
4.054540851557469239e+01
4.054540851557469239e+01
4.054550554358552716e+01
4.003900690810702656e+01
4.003900690810702656e+01
4.003900690810702656e+01
4.003900690973102172e+01
4.004138842175066770e+01
4.004138842175066770e+01
4.004138842175066770e+01
4.004397935853149448e+01
4.004397935853149448e+01
4.004397935853149448e+01
4.004606473265306477e+01
4.004606473265306477e+01
4.004606473265306477e+01
4.004782957163270396e+01
4.004783267205667130e+01
4.004817316568084351e+01
4.004817316568084351e+01
4.005047853628460075e+01
4.005047853628460075e+01
4.005047853628460075e+01
4.005238463077313327e+01
4.005238463077313327e+01
4.005267938953031859e+01
4.005478950394069670e+01
4.005478950394069670e+01
4.005478950394069670e+01
4.005669276069839668e+01
4.005669276069839668e+01
4.005669276069839668e+01
4.005864991214367876e+01
4.005894779589342392e+01
4.005895109262795017e+01
4.006096082591299989e+01
4.006096082743034970e+01
4.006265661358150965e+01
4.006265661358150965e+01
4.006265661358150965e+01
4.006444430881718688e+01
4.006444430881718688e+01
4.006444430881718688e+01
3.966619937161192411e+01
3.966619937161192411e+01
3.966619937161192411e+01
3.966756101474524598e+01
3.966756101474524598e+01
3.966978499661254176e+01
3.966978499661254176e+01
3.966978499661254176e+01
3.967115835456360173e+01
3.967034230451571375e+01
3.967034230457520039e+01
3.967158245215094325e+01
3.967230826191573101e+01
3.967348491930313514e+01
3.967348491930313514e+01
3.967459326870038439e+01
3.967459326870038439e+01
3.967459326870038439e+01
3.967573469528336716e+01
3.967639626582114687e+01
3.967767356857298466e+01
3.967767356857298466e+01
3.967767357243024406e+01
3.967878030639283793e+01
3.967878030639283793e+01
3.967978032424710477e+01
3.968047175708970542e+01
3.933590174849600629e+01
3.933590174849600629e+01
3.933645777146298883e+01
3.933645777146298883e+01
3.933645777146298883e+01
3.933698471652549244e+01
3.933863774866703267e+01
3.933923829858694887e+01
3.933923829858694887e+01
3.933975616469610515e+01
3.933975616469610515e+01
3.934025848564728278e+01
3.911258639316524466e+01
3.911356188125868982e+01
3.911356188125868982e+01
3.911442239145496558e+01
3.911443180255032814e+01
3.911533545638573628e+01
3.911533545638573628e+01
3.889480200319935932e+01
3.889480200319935932e+01
3.884607750107691970e+01
3.884684925406102707e+01
3.884684925406102707e+01
3.884759949857459560e+01
3.884759952338212941e+01
3.884969861816267667e+01
3.884969861816267667e+01
3.885069284637351927e+01
3.885193742133545669e+01
3.885193742133545669e+01
3.885341347172838766e+01
3.885597882544232107e+01
3.885745529064486448e+01
3.885986292489799609e+01
3.886252628440336565e+01
3.886753083878329562e+01
3.908095374362090269e+01
3.968468460032124767e+01
3.913377309247749736e+01
3.891924470906309352e+01
3.876102489869693812e+01
3.864139127720501676e+01
3.861572157126363436e+01
3.852879216916045380e+01
3.853098672104059119e+01
3.853098672104059119e+01
3.853098672104059119e+01
3.853098672104059119e+01
3.853102257783783102e+01
3.853102257783783102e+01
3.853348380379213722e+01
3.853348380379213722e+01
3.853348385459364778e+01
3.853348385459364778e+01
3.853348385542507515e+01
3.853348385542507515e+01
3.853604988529060194e+01
3.853604988529060194e+01
3.853604988529060194e+01
3.853604988529060194e+01
3.853604988529060194e+01
3.853604988529060194e+01
3.853829039042960858e+01
3.853832628860094900e+01
3.853832628860094900e+01
3.853832628860094900e+01
3.853832628860094900e+01
3.853832628860094900e+01
3.854078785528254514e+01
3.854078785528254514e+01
3.854078785528254514e+01
3.854078785528254514e+01
3.854078785528254514e+01
3.854323578580667231e+01
3.854323578580667231e+01
3.854323578580667231e+01
3.854323578580667231e+01
3.854323578580667231e+01
3.854323578580667231e+01
3.854434105094809127e+01
3.854434105094809127e+01
3.854434110209805908e+01
3.854434110209805908e+01
3.854434110209805908e+01
3.854434110209805908e+01
3.821758595553343696e+01
3.821758595553343696e+01
3.821758595553343696e+01
3.821758595553343696e+01
3.821758595712202577e+01
3.821965470195305414e+01
3.821965470195305414e+01
3.821965470195305414e+01
3.821965470195305414e+01
3.821965470195305414e+01
3.821972528996546714e+01
3.822202378047705196e+01
3.822202378047705196e+01
3.822202378047705196e+01
3.822202378047705196e+01
3.822202378047705196e+01
3.822397722213651150e+01
3.822397722213651150e+01
3.822397722213651150e+01
3.822397722213651150e+01
3.822397722213651150e+01
3.822589368260216247e+01
3.822589368260216247e+01
3.822589368260216247e+01
3.822589378170540186e+01
3.822595575842989035e+01
3.822595575842989035e+01
3.822842096077751251e+01
3.822842096077751251e+01
3.822842096077751251e+01
3.822842096077751251e+01
3.822842096077751251e+01
3.823013798146422459e+01
3.823013798146422459e+01
3.823013798146422459e+01
3.823013798146422459e+01
3.823013798146422459e+01
3.792264870970211632e+01
3.792264871303686391e+01
3.792264871303686391e+01
3.792276218031710755e+01
3.792276218031710755e+01
3.792461108608495124e+01
3.792461108608495124e+01
3.792461108608495124e+01
3.792461108608495124e+01
3.792631021844590578e+01
3.792631021844590578e+01
3.792631021844590578e+01
3.792631021844590578e+01
3.792631021844590578e+01
3.792796874254730710e+01
3.792796874254730710e+01
3.792796874254730710e+01
3.792808407860805175e+01
3.792808407860805175e+01
3.792976327607091491e+01
3.792976327607091491e+01
3.792976327607091491e+01
3.792976327607091491e+01
3.792976327607091491e+01
3.793131842370088691e+01
3.793131842370088691e+01
3.793131842370088691e+01
3.793131842370088691e+01
3.793277241931036770e+01
3.793277241931036770e+01
3.793277241931036770e+01
3.793277241931036770e+01
3.793289232076149631e+01
3.758304574480723659e+01
3.758304574480723659e+01
3.758304574480723659e+01
3.758304574480723659e+01
3.758423798861967668e+01
3.758423798861967668e+01
3.758423798861967668e+01
3.758423798861967668e+01
3.758545538486733051e+01
3.758545538486733051e+01
3.758545538486733051e+01
3.758545538486733051e+01
3.758545538486733051e+01
3.758706335619593375e+01
3.758706335619593375e+01
3.758706335619593375e+01
3.758706335619593375e+01
3.758822799155566940e+01
3.758822799155566940e+01
3.758822799155566940e+01
3.758822799155566940e+01
3.758932522264029785e+01
3.758932522264029785e+01
3.758932522264029785e+01
3.758932522264029785e+01
3.718330796004501337e+01
3.718330796004501337e+01
3.708916472242530915e+01
3.708916472242530915e+01
3.709049091653687924e+01
3.709049091653687924e+01
3.709049091653687924e+01
3.709049091653687924e+01
3.709120045520297992e+01
3.709120045520297992e+01
3.709120175827959542e+01
3.709120175827959542e+01
3.709234766763003677e+01
3.709234768862337717e+01
3.709234768862337717e+01
3.709326905906722516e+01
3.709343637180674591e+01
3.709343637180674591e+01
3.709343637180674591e+01
3.709434347752386429e+01
3.709434347752386429e+01
3.709434347752386429e+01
3.709434347752386429e+01
3.650611187858515905e+01
3.650611187858515905e+01
3.650611187858515905e+01
3.650682268242903206e+01
3.650682268242903206e+01
3.650682268242903206e+01
3.650745441820239279e+01
3.650833238487014398e+01
3.650833238487014398e+01
3.650833238487014398e+01
3.650911529796982791e+01
3.650911529796982791e+01
3.650911529796982791e+01
3.650959958079533152e+01
3.650960582999101689e+01
3.650960582999101689e+01
3.650960582999101689e+01
3.651027416493965205e+01
3.651027416493965205e+01
3.651086731804329588e+01
3.610049495252384588e+01
3.610049495252384588e+01
3.610049495252384588e+01
3.610104450289897215e+01
3.610104450289897215e+01
3.610104450289897215e+01
3.608618384598968021e+01
3.608618384598968021e+01
3.608618384598968021e+01
3.608663272922916576e+01
3.608663272922916576e+01
3.608663272922916576e+01
3.608871330540195288e+01
3.608871330540195288e+01
3.608871330540195288e+01
3.608933493629158562e+01
3.608933493629158562e+01
3.608933493629158562e+01
3.609007542376350841e+01
3.609007542376350841e+01
3.609008840261094520e+01
3.609110285993195077e+01
3.609134530716629996e+01
3.609184590116544200e+01
3.609242486018948881e+01
3.609495946295673718e+01
3.609574320806990499e+01
3.609668334447747640e+01
3.609786410865734751e+01
3.609934894606639944e+01
3.610121880203733724e+01
3.741310172549319191e+01
3.716142274249041577e+01
3.766001386475258528e+01
3.767232842686048855e+01
3.713222793635043217e+01
3.749228511874981962e+01
3.613597309855681772e+01
3.613764055968267996e+01
3.613771236399770004e+01
3.597799998635121455e+01
3.592648242181557805e+01
3.591605920086561099e+01
3.591306570996300707e+01
3.591227736643287471e+01
3.591171983672315093e+01
3.591171983672315093e+01
3.591171983672315093e+01
3.591171983672315093e+01
3.591171983672315093e+01
3.591396917824963708e+01
3.591396917824963708e+01
3.591396917824963708e+01
3.591396917824963708e+01
3.591396917824963708e+01
3.591396917824963708e+01
3.591396917824963708e+01
3.591396917824963708e+01
3.591396917824963708e+01
3.591396917824963708e+01
3.591396917824963708e+01
3.591396917824963708e+01
3.591396917824963708e+01
3.591615113661740821e+01
3.591615113661740821e+01
3.591615113661740821e+01
3.591615113661740821e+01
3.591615113661740821e+01
3.591615113661740821e+01
3.591615113661740821e+01
3.591615113661740821e+01
3.591617247149409309e+01
3.591617280130591183e+01
3.591617280130591183e+01
3.591617280130591183e+01
3.591843213277833513e+01
3.591843213277833513e+01
3.591843213277833513e+01
3.591843213277833513e+01
3.591843213277833513e+01
3.591843213277833513e+01
3.591843213277833513e+01
3.591843213277833513e+01
3.591843213277833513e+01
3.591843213277833513e+01
3.591843213277833513e+01
3.591843213277833513e+01
3.592101901614008597e+01
3.592101901614008597e+01
3.592101901614008597e+01
3.592101901614008597e+01
3.592101901614008597e+01
3.592101901614008597e+01
3.592101901614008597e+01
3.592101901614008597e+01
3.591983634343123555e+01
3.591983634343123555e+01
3.591983634343123555e+01
3.591983634343123555e+01
3.520383997135407839e+01
3.520383997135407839e+01
3.520383997135407839e+01
3.520383997135407839e+01
3.520383997135407839e+01
3.520383997135407839e+01
3.520383997135407839e+01
3.520383997135407839e+01
3.520384168792355695e+01
3.520384168792355695e+01
3.520384168792355695e+01
3.520619811278447742e+01
3.520619811278447742e+01
3.520619811278447742e+01
3.520619811278447742e+01
3.520619811278447742e+01
3.520619811278447742e+01
3.520619811278447742e+01
3.520619811278447742e+01
3.520619811278447742e+01
3.520619811278447742e+01
3.520626424420053979e+01
3.520626424420053979e+01
3.520827384042379293e+01
3.520827384042379293e+01
3.520827384042379293e+01
3.520827384042379293e+01
3.520827384042379293e+01
3.520827384042379293e+01
3.520827384042379293e+01
3.520827384042379293e+01
3.520827384042379293e+01
3.520827384042379293e+01
3.520827384042379293e+01
3.521014143709592759e+01
3.521014143709592759e+01
3.521014143709592759e+01
3.521014143709592759e+01
3.521014143709592759e+01
3.521014143709592759e+01
3.521014143709592759e+01
3.521014143709592759e+01
3.521014143709592759e+01
3.521014143709592759e+01
3.521014327706112823e+01
3.521216274000593671e+01
3.521216274000593671e+01
3.521216274000593671e+01
3.521216274000593671e+01
3.521216274000593671e+01
3.521216274000593671e+01
3.521216274000593671e+01
3.521216274000593671e+01
3.521216274000593671e+01
3.521216274000593671e+01
3.521216274000593671e+01
3.521441926774508602e+01
3.521441926774508602e+01
3.521441926774508602e+01
3.521441926774508602e+01
3.521441926774508602e+01
3.521441926774508602e+01
3.521441926774508602e+01
3.521441926774508602e+01
3.521441926774508602e+01
3.521441926774508602e+01
3.521441926774508602e+01
3.521640713822262114e+01
3.521640713822262114e+01
3.521646859360851067e+01
3.521646859360851067e+01
3.521646859360851067e+01
3.521646859360851067e+01
3.521646859360851067e+01
3.521646859360851067e+01
3.521646859360851067e+01
3.521646859360851067e+01
3.521832681564220024e+01
3.521832829925450170e+01
3.521832829925450170e+01
3.521832829925450170e+01
3.521832829925450170e+01
3.521832829925450170e+01
3.521832829925450170e+01
3.521832829925450170e+01
3.521832829925450170e+01
3.521832829925450170e+01
3.522008731616085697e+01
3.522008731616085697e+01
3.522008731616085697e+01
3.522008731616085697e+01
3.522008731616085697e+01
3.522015321979515079e+01
3.522015321979515079e+01
3.522015321979515079e+01
3.522015321979515079e+01
3.522015321979515079e+01
3.522015321979515079e+01
3.522189169103083373e+01
3.522189169103083373e+01
3.522189169103083373e+01
3.522189169103083373e+01
3.522189169103083373e+01
3.522189169103083373e+01
3.522189169103083373e+01
3.522189169103083373e+01
3.522189169103083373e+01
3.522189169103083373e+01
3.469247637708859600e+01
3.469247637708859600e+01
3.469248172975623845e+01
3.469248172975623845e+01
3.469248172975623845e+01
3.469248172975623845e+01
3.469248172975623845e+01
3.466636573004122113e+01
3.466636573004122113e+01
3.466636573004122113e+01
3.466801169025205098e+01
3.466801169025205098e+01
3.466801169025205098e+01
3.466801169025205098e+01
3.466801169025205098e+01
3.466801169025205098e+01
3.466801169025205098e+01
3.466801169025205098e+01
3.466801169025205098e+01
3.466801169025205098e+01
3.466958406958836036e+01
3.466958406958836036e+01
3.466958406958836036e+01
3.466958406958836036e+01
3.466958406958836036e+01
3.466958406958836036e+01
3.466958406958836036e+01
3.466958406958836036e+01
3.466958406958836036e+01
3.467108769697209425e+01
3.467115856636102933e+01
3.467115856636102933e+01
3.467115856636102933e+01
3.467115856636102933e+01
3.467115856636102933e+01
3.467115856636102933e+01
3.467115856636102933e+01
3.467115856636102933e+01
3.467115856636102933e+01
3.467329113447751610e+01
3.467329113447751610e+01
3.467329113447751610e+01
3.467329902698828903e+01
3.467329902698828903e+01
3.467329902698828903e+01
3.467329902698828903e+01
3.467329902698828903e+01
3.467329902698828903e+01
3.467434259639196625e+01
3.467434259639196625e+01
3.467434259639196625e+01
3.467434259639196625e+01
3.467434259639196625e+01
3.467441123401457048e+01
3.467441123401457048e+01
3.467441123401457048e+01
3.467441123401457048e+01
3.467585465400397027e+01
3.467585465400397027e+01
3.467585465400397027e+01
3.467585465400397027e+01
3.467585465400397027e+01
3.467585465400397027e+01
3.467585465400397027e+01
3.467585465400397027e+01
3.467585465400397027e+01
3.467585465400397027e+01
3.467714094363213917e+01
3.467714094363213917e+01
3.467714094363213917e+01
3.467714094363213917e+01
3.467714094363213917e+01
3.467714094363213917e+01
3.467714094363213917e+01
3.467714094363213917e+01
3.467721141740413771e+01
3.414832284809201468e+01
3.414832284809201468e+01
3.414832284809201468e+01
3.414832284809201468e+01
3.414832284809201468e+01
3.414833965970869656e+01
3.414833965970869656e+01
3.414833965970869656e+01
3.414833965970869656e+01
3.414983893746892818e+01
3.414983893746892818e+01
3.414983893746892818e+01
3.414983893746892818e+01
3.414983893746892818e+01
3.414983893746892818e+01
3.414983893746892818e+01
3.414983893746892818e+01
3.415091148562567724e+01
3.415091148562567724e+01
3.415091148562567724e+01
3.415111436684748014e+01
3.415111436684748014e+01
3.415111436684748014e+01
3.415111436684748014e+01
3.415111436684748014e+01
3.415111436684748014e+01
3.415212632128799441e+01
3.415212632128799441e+01
3.415212632128799441e+01
3.415212632128799441e+01
3.415212632128799441e+01
3.415212632128799441e+01
3.415212632128799441e+01
3.415212632128799441e+01
3.415290325955812278e+01
3.415290325955812278e+01
3.415194385677141042e+01
3.415194385677141042e+01
3.415194385677141042e+01
3.415194385677141042e+01
3.415194385677141042e+01
3.415216342424778873e+01
3.415330761819910776e+01
3.415330761819910776e+01
3.415330761819910776e+01
3.415330761819910776e+01
3.415330761819910776e+01
3.415330761819910776e+01
3.415330761819910776e+01
3.415330761819910776e+01
3.415438437669849492e+01
3.415438437669849492e+01
3.415438437669849492e+01
3.415438437669849492e+01
3.415438437669849492e+01
3.415438437669849492e+01
3.415438437669849492e+01
3.415438437669849492e+01
3.415517044607970831e+01
3.415517044607970831e+01
3.415517044607970831e+01
3.415517044607970831e+01
3.415535748061340371e+01
3.415535748061340371e+01
3.415535748061340371e+01
3.415535748061340371e+01
3.372690020630382435e+01
3.372692993378481674e+01
3.372692993378481674e+01
3.372692993378481674e+01
3.372692993378481674e+01
3.372692993378481674e+01
3.372692993378481674e+01
3.372692993378481674e+01
3.372771649123112070e+01
3.372771649123112070e+01
3.372771649123112070e+01
3.372771649123112070e+01
3.372771649123112070e+01
3.372771649123112070e+01
3.372771649123112070e+01
3.372826115204988184e+01
3.372826115204988184e+01
3.372882683951149829e+01
3.372882683951149829e+01
3.372882683951149829e+01
3.372882683951149829e+01
3.372882683951149829e+01
3.372882683951149829e+01
3.372931326791726292e+01
3.372931326791726292e+01
3.372931326791726292e+01
3.372931326791726292e+01
3.372931326791726292e+01
3.372931326791726292e+01
3.372931326791726292e+01
3.372975469846696228e+01
3.372975469846696228e+01
3.372978529372714718e+01
3.372978529372714718e+01
3.372978529372714718e+01
3.372978529372714718e+01
3.372978529372714718e+01
3.373095800321727467e+01
3.373095800321727467e+01
3.373095800321727467e+01
3.373095800321727467e+01
3.373095800321727467e+01
3.373095800321727467e+01
3.373095800321727467e+01
3.373138069457387900e+01
3.373138069457387900e+01
3.373138069457387900e+01
3.373138069457387900e+01
3.373138069457387900e+01
3.373138069457387900e+01
3.373138069457387900e+01
3.341589263264494036e+01
3.341589263264494036e+01
3.341589263264494036e+01
3.341589263264494036e+01
3.341589263264494036e+01
3.341589263264494036e+01
3.341697234979185538e+01
3.341719050425685111e+01
3.341719050425685111e+01
3.341719050425685111e+01
3.341719050425685111e+01
3.341719050425685111e+01
3.341719050425685111e+01
3.341725571399976502e+01
3.341758359830939185e+01
3.341758359830939185e+01
3.341758359830939185e+01
3.341758359830939185e+01
3.341758359830939185e+01
3.341758359830939185e+01
3.341758359830939185e+01
3.341782287166817866e+01
3.341782287166817866e+01
3.341782287166817866e+01
3.341782287166817866e+01
3.341782287166817866e+01
3.341898336879444997e+01
3.341920737208789660e+01
3.341920737208789660e+01
3.341920737208789660e+01
3.341920737208789660e+01
3.341920737208789660e+01
3.341920737208789660e+01
3.341920737208789660e+01
3.341943705739288362e+01
3.341943705739288362e+01
3.341943705739288362e+01
3.341943705739288362e+01
3.341943705739288362e+01
3.341943705739288362e+01
3.341980660637749878e+01
3.341980660637749878e+01
3.341980660637749878e+01
3.341980660637749878e+01
3.341980660637749878e+01
3.342096362405033005e+01
3.327877033487720837e+01
3.327877033487720837e+01
3.327877033487720837e+01
3.327877033487720837e+01
3.327877033487720837e+01
3.327877033487720837e+01
3.327896242351144451e+01
3.327896242351144451e+01
3.327896242351144451e+01
3.327896242351144451e+01
3.327896242351144451e+01
3.327896242351144451e+01
3.327923009460889148e+01
3.327923009460889148e+01
3.327923009460889148e+01
3.327923009460889148e+01
3.327923009460889148e+01
3.327923009460889148e+01
3.328112483245914888e+01
3.328112483245914888e+01
3.328112483245914888e+01
3.328112483245914888e+01
3.328112483245914888e+01
3.328112483245914888e+01
3.328153989438462901e+01
3.328153989438462901e+01
3.328153989438462901e+01
3.328153989438462901e+01
3.328153989438462901e+01
3.328153989438462901e+01
3.328206903321574117e+01
3.328215651593288271e+01
3.328215651593288271e+01
3.328215651593288271e+01
3.328215651593288271e+01
3.328286611408614704e+01
3.328286611408614704e+01
3.328436968163072152e+01
3.328455536420804606e+01
3.328475458504382090e+01
3.328494894700911289e+01
3.328514689730345566e+01
3.328514689730345566e+01
3.328540446984295897e+01
3.328563287930036552e+01
