3.553436979655101968e+00
3.549224838746812161e+00
3.515113657719281637e+00
2.992107562668725684e+00
2.895243134841144705e+00
2.427177902094199258e+00
2.007774888626135290e+00
1.967568649613406162e+00
1.473887708472445990e+00
1.464256445428558484e+00
1.200709772944769549e+00
9.264245054793904810e-01
8.095306547399294672e-01
7.699315316204687898e-01
5.387037723407929191e-01
3.690144375022577639e-01
3.266153519703589025e-01
4.517007193511156649e-01
4.890109800052749867e-01
3.468796528019822412e-01
2.994307039907821433e-01
1.963510717711798859e-01
9.559873208361938102e-02
3.866471088592297878e-02
-5.315979424322301444e-02
-1.352311134629886891e-01
-2.236905583768561412e-01
-2.330181455477788321e-01
-2.305702251982201523e-01
-2.233380878016596183e-01
-2.274588888996622038e-01
-2.739983672782477231e-01
-3.481723178434659172e-01
-3.505990938919413269e-01
-4.259263681170403215e-01
-5.686729919199131622e-01
-5.648727203338590463e-01
-6.347595002443955359e-01
-7.062550717965936364e-01
-7.865470927740341178e-01
-8.255595686597422267e-01
-8.689327071861190355e-01
-1.273801402508301317e+00
-1.370123813642735833e+00
-1.322314632004925716e+00
-1.244920592538104609e+00
-1.202136616890220777e+00
-1.234149565306813301e+00
-1.167381056704655862e+00
-3.395668787105784459e-01
-3.374827822723343029e-01
-3.360742431631580929e-01
-3.340906486979872136e-01
-5.353135754505571331e-01
-5.342111263095429274e-01
-5.330266082355068491e-01
-5.312039158395723826e-01
-5.312465395959748982e-01
-5.300137537535734022e-01
-7.329509659148959466e-01
-7.327590182463484814e-01
-8.807285392193442419e-01
-8.793438967107150006e-01
-8.279669411400003565e-01
-1.928782294884232140e+00
-1.902276011596352179e+00
-1.886663419288405752e+00
-1.865398706028683184e+00
-1.847827881681255446e+00
-1.841508057427729383e+00
-1.838796206858885229e+00
-1.844498244915689922e+00
-1.946513587778891274e+00
-2.288640518335046448e+00
-2.283888921489422241e+00
-2.379145153849519190e+00
-1.343263131812784117e+00
-1.342397194704778807e+00
-1.341721545940032012e+00
-1.340533855958506493e+00
-1.340233333805749716e+00
-1.339040792432016236e+00
-1.338112888557305924e+00
-1.336886733716538211e+00
-9.659949072141136295e-01
-2.332056343481470950e+00
-2.501432154767810445e+00
-2.487660025877768799e+00
-2.465855362060244804e+00
-2.453708146283665847e+00
-2.438233813035689312e+00
-2.427936609426578407e+00
-2.900544691351613302e+00
-2.893724942763429286e+00
-2.893303561864778217e+00
-2.895924765352704711e+00
-2.937601079941507098e+00
-2.952530187322151001e+00
-2.973598888291085096e+00
-3.033358428266839990e+00
-2.982005077898004508e+00
-2.958578532761941382e+00
-2.000605456096764545e+00
-1.999656522920441493e+00
-2.034433775521454990e+00
-2.034433775521454990e+00
-2.033317099292258678e+00
-2.032229487471026275e+00
-2.031046962829321068e+00
-2.030986736635800760e+00
-2.029916278790797168e+00
-2.028826589729120222e+00
-2.028826589729120222e+00
-2.028517099544421498e+00
-2.027445704420747674e+00
-2.026466270695370664e+00
-2.025616237143852860e+00
-2.025575016967783970e+00
-2.024617120018207928e+00
-2.613815995740859321e+00
-2.613081710355918297e+00
-2.612770077733414631e+00
-2.612035790344297226e+00
-2.610694064929135916e+00
-2.609981931022826274e+00
-2.609635706357919638e+00
-2.609459897821422736e+00
-2.608821479047055636e+00
-2.607550487507376058e+00
-2.606950362426518897e+00
-2.606774771082144504e+00
-2.605541910135074080e+00
-2.605077442020686807e+00
-2.604702198186521045e+00
-2.603829945064314977e+00
-2.603127284448058631e+00
-3.196234245483596137e+00
-2.600206711521632741e+00
-2.597534119929845176e+00
-1.985708550863639843e+00
-3.210624440978549377e+00
-4.127163924019415120e+00
-4.438900061238134853e+00
-4.394126038769520903e+00
-4.371368184473352514e+00
-4.368124186447317037e+00
-4.349687296792643210e+00
-4.334304508286856539e+00
-4.334073431241215246e+00
-4.317391255921419813e+00
-4.310675437970215462e+00
-4.294802270641973507e+00
-4.305450280804827834e+00
-4.295284355808768773e+00
-4.287423750423082325e+00
-4.283615995888066408e+00
-4.315348780792819028e+00
-4.311479798273936126e+00
-4.312887915314322917e+00
-4.312394481869755936e+00
-4.317821687627136917e+00
-4.332409350237270473e+00
-4.365110201578696447e+00
-4.379509600804100344e+00
-4.399889887374246022e+00
-4.431934923641888346e+00
-4.446505691093284085e+00
-4.464154094486017854e+00
-4.465949446414149371e+00
-4.463298725547610424e+00
-4.500802340153458481e+00
-4.500802340153458481e+00
-4.498019753934665133e+00
-4.508450373745985118e+00
-4.462026949695116151e+00
-4.396906034630581495e+00
-3.373174205079792376e+00
-3.373696223722162824e+00
-3.374089881728178586e+00
-3.372995323099713172e+00
-3.372995323099713172e+00
-3.373168494936929385e+00
-3.371955129594137457e+00
-3.371955129594137457e+00
-3.372398736113742856e+00
-3.371292531373209389e+00
-3.371292531373209389e+00
-3.371292531373209389e+00
-3.370225979674407402e+00
-3.370260885584101196e+00
-3.370764798330405654e+00
-3.369650759539390528e+00
-3.369650759539390528e+00
-3.368912817039534158e+00
-3.369013319719504018e+00
-3.369013319719504018e+00
-3.675966512889901949e+00
-3.676123364417088091e+00
-3.676123364417088091e+00
-3.675354421035774699e+00
-3.675354421035774699e+00
-3.675354421035774699e+00
-3.674649520558171734e+00
-3.674853193301351517e+00
-3.674125415057469812e+00
-3.674296204941980726e+00
-3.674296204941980726e+00
-3.673901714632765270e+00
-3.673901714632765270e+00
-3.673225943491114531e+00
-3.673438704381056574e+00
-3.673438704381056574e+00
-3.672714031578005578e+00
-3.672714031578005578e+00
-3.672069750350797968e+00
-3.672069750350797968e+00
-3.672243235007731421e+00
-3.671588251452353457e+00
-3.671588251452353457e+00
-3.670911892945953880e+00
-3.670911892945953880e+00
-3.670603109401799902e+00
-3.670755113935979086e+00
-3.670755113935979086e+00
-3.670154691147502035e+00
-3.670244578552643855e+00
-3.957354497395187298e+00
-3.957354497395187298e+00
-3.956833057764181039e+00
-3.956833057764181039e+00
-3.956790092456693220e+00
-3.956790092456693220e+00
-3.956563806561721908e+00
-3.956563806561721908e+00
-3.986585415019697543e+00
-3.986863320842981118e+00
-3.986536957339591680e+00
-3.986536957339591680e+00
-3.986231208120475156e+00
-3.986088893438852754e+00
-3.985802514097910088e+00
-3.985802514097910088e+00
-3.985501642524161170e+00
-3.985501642524161170e+00
-3.985223294993400778e+00
-3.985086389218633673e+00
-3.984824072037191467e+00
-3.984824072037191467e+00
-4.075689859660814207e+00
-4.075967405855062786e+00
-4.075862747123292884e+00
-4.075371277703364825e+00
-4.075399505472961259e+00
-4.075248845843326251e+00
-4.075425359020844240e+00
-4.075279663733433644e+00
-4.106532970046312236e+00
-4.106532970046312236e+00
-4.106311563490086414e+00
-4.106311563490086414e+00
-4.106087942026273474e+00
-4.105704118852114171e+00
-4.105704118852114171e+00
-4.105731989660406533e+00
-4.105475433428299681e+00
-4.105475433428299681e+00
-4.460998639451878134e+00
-4.460303913482372984e+00
-4.460662040341368595e+00
-4.460662040341368595e+00
-4.461025829613915583e+00
-4.461467510975468009e+00
-4.460976995104036114e+00
-4.461253951835728593e+00
-4.461801040181769373e+00
-4.462485199775445999e+00
-4.463618512393510152e+00
-4.100515297772941992e+00
-4.098268828310992262e+00
-4.092696360909376274e+00
-4.090415747368159494e+00
-4.551920462542711654e+00
-4.743074807596470599e+00
-4.883713650382111915e+00
-4.946812751769660288e+00
-4.946149890399102134e+00
-5.058809193440567675e+00
-5.259053567282141906e+00
-5.287694537547598550e+00
-5.223960873862941057e+00
-5.224402692934630110e+00
-5.200981429304911252e+00
-5.174070732782392490e+00
-5.148578099018480181e+00
-5.113314563198749774e+00
-5.090223831085335604e+00
-5.052196330942993363e+00
-5.049987977873812817e+00
-5.009418625256740754e+00
-5.009480978965016540e+00
-4.992940096658670335e+00
-4.970014709615402815e+00
-4.965554323025958894e+00
-4.957370030273352768e+00
-4.951778152708587122e+00
-4.948986817455352849e+00
-4.947202728253341952e+00
-4.951149506227603858e+00
-4.958637680440904916e+00
-4.976326857403404524e+00
-4.992212335282603775e+00
-5.014302064730528308e+00
-5.037790234786076127e+00
-5.045149217873644787e+00
-5.047413190097064906e+00
-5.558743482232313404e+00
-5.559778401625191435e+00
-5.563059138137925963e+00
-5.566010814796734429e+00
-5.567820626182172106e+00
-5.571512698934025565e+00
-5.572329301462803919e+00
-5.579397390806554391e+00
-5.580031862019748878e+00
-5.583279825522335926e+00
-5.585952645688489149e+00
-5.588917607191191017e+00
-5.592946857655754833e+00
-5.595871801074429719e+00
-5.597694284544268761e+00
-5.597694284544268761e+00
-5.607320884901288771e+00
-5.606119198044088314e+00
-5.609147382243211410e+00
-5.609147382243211410e+00
-5.609147382243211410e+00
-5.621505866191988332e+00
-5.621505866191988332e+00
-5.623624478101556079e+00
-5.625011812608496697e+00
-5.628133518123576096e+00
-5.628571630565577522e+00
-5.632213457514931854e+00
-5.635326207818907029e+00
-5.634934002978243761e+00
-5.636668193878634270e+00
-5.639638740068238398e+00
-5.641273924682695728e+00
-5.641946900062913883e+00
-5.642349794616110081e+00
-5.645770348760596136e+00
-5.643667803269583061e+00
-5.644288893536415053e+00
-5.644983337190531358e+00
-5.646832453367452764e+00
-5.644300934190257912e+00
-5.644732392637050289e+00
-5.641541935712575118e+00
-5.638430968771618090e+00
-5.631592940823079374e+00
-5.632736827139573244e+00
-5.630957971060718492e+00
-5.622986749553295027e+00
-5.609652747698919306e+00
-5.603478921101039845e+00
-5.603478921101039845e+00
-5.602366513429521966e+00
-5.607171948914575488e+00
-5.607171948914575488e+00
-6.023897753474103389e+00
-6.022107560048327812e+00
-6.022107560048327812e+00
-6.022107560048327812e+00
-6.020535144983372611e+00
-6.020535144983372611e+00
-6.026490322814423983e+00
-6.025029575771887025e+00
-6.025029575771887025e+00
-6.025029575771887025e+00
-6.049131326990549340e+00
-5.268728312740586617e+00
-5.268728312740586617e+00
-5.267927895894512602e+00
-5.267955675775820801e+00
-5.267955675775820801e+00
-5.267955675775820801e+00
-5.267811725488173558e+00
-5.267811725488173558e+00
-5.268076354565570441e+00
-5.267557380133238709e+00
-5.267557380133238709e+00
-5.267557380133238709e+00
-5.266975727113541339e+00
-5.266975727113541339e+00
-5.266975727113541339e+00
-5.266462805543079995e+00
-5.266462805543079995e+00
-5.266299177560672895e+00
-5.266299177560672895e+00
-5.266299177560672895e+00
-5.265777334110729235e+00
-5.265853658652565272e+00
-5.265853658652565272e+00
-5.265385422694697226e+00
-5.265532083781106820e+00
-5.265532083781106820e+00
-5.723566084498432183e+00
-5.723566084498432183e+00
-5.723132760772597472e+00
-5.723222981193893055e+00
-5.723474341876139349e+00
-5.723315354911204800e+00
-5.723315354911204800e+00
-5.723315354911204800e+00
-5.723153997637169255e+00
-5.723153997637169255e+00
-5.722988473483375138e+00
-5.722988473483375138e+00
-5.723007043861679577e+00
-5.722588336716861512e+00
-5.722588336716861512e+00
-5.722414465484392032e+00
-5.722414465484392032e+00
-5.722248715349964598e+00
-5.722248715349964598e+00
-5.722248715349964598e+00
-5.722069076346294025e+00
-5.722069076346294025e+00
-5.929989955775500476e+00
-5.929276402289812786e+00
-5.929401271938679940e+00
-5.929624974878147547e+00
-5.929780351806991590e+00
-5.929908178622482318e+00
-5.929951409719273592e+00
-5.930119980930611767e+00
-5.930209607444046682e+00
-5.930363836974493985e+00
-5.930481813690311022e+00
-5.930680180715845573e+00
-5.719823383416302143e+00
-5.719483153816025123e+00
-5.718857986432639429e+00
-5.717828645993178860e+00
-5.245395655224753817e+00
-5.242021152416889151e+00
-5.232065453522112719e+00
-5.710744409726729920e+00
-5.710376793218165048e+00
-6.000918732184991278e+00
-6.000311475560949681e+00
-6.149588130424501919e+00
-6.270229746550818994e+00
-6.382026373026149280e+00
-6.440965928449963407e+00
-6.484367239370106617e+00
-6.494243165573819532e+00
-6.383728615118245742e+00
-6.405700361746663241e+00
-6.507701630442568330e+00
-6.590426469836311973e+00
-6.685201476161425127e+00
-6.788776377382856886e+00
-6.885425181692569119e+00
-6.861064705945892683e+00
-6.739408047292468673e+00
-6.721321225880455330e+00
-6.657714786857476419e+00
-6.629809171913683130e+00
-6.599987413829691008e+00
-6.565496612416190203e+00
-6.538731633161529722e+00
-6.510018150704337536e+00
-6.491103704909093608e+00
-6.465796532700697874e+00
-6.439923602732630314e+00
-6.423736927734441160e+00
-6.416739048567370318e+00
-6.409662379296654500e+00
-6.400695555651026325e+00
-6.398051020654794030e+00
-6.398051020654794030e+00
-6.395221476224091539e+00
-6.396337759929173750e+00
-6.396337759929173750e+00
-6.398680795226982632e+00
-6.401960289484704525e+00
-6.401960289484704525e+00
-6.402696930841624834e+00
-6.480998526319684316e+00
-6.481317105066007223e+00
-6.483059447248155749e+00
-6.484796673565506708e+00
-6.485780315738035817e+00
-6.487580412716856593e+00
-6.488361072082955872e+00
-6.489374646913478983e+00
-6.491085778178316446e+00
-6.489497813287512962e+00
-6.491291750337471633e+00
-6.492208852399190988e+00
-6.493661824123313053e+00
-6.494509607968547371e+00
-6.496240997282312080e+00
-6.497172282430909718e+00
-6.498049447803149192e+00
-6.500659695522576165e+00
-6.498416881707463233e+00
-6.499932419222828273e+00
-6.500874312132693511e+00
-6.501827137219669872e+00
-6.503851429889840219e+00
-6.504930252943260882e+00
-6.506040953182548492e+00
-6.508336269610346392e+00
-6.509284558888020378e+00
-6.805251898652920239e+00
-6.806433143315983259e+00
-6.808808729699312501e+00
-6.810014009687568759e+00
-6.811418103690599857e+00
-6.813761883747350367e+00
-6.814890517657865132e+00
-6.814890517657865132e+00
-6.817069080326990438e+00
-6.816665290944591504e+00
-6.817399413675016007e+00
-6.819001231182393319e+00
-6.820667711455365101e+00
-6.821677392130170325e+00
-6.823281028517945046e+00
-6.824317920066141241e+00
-6.825450842129435536e+00
-6.826574061992928044e+00
-6.825526121857141248e+00
-6.828192713435100814e+00
-6.829159430979148127e+00
-6.831363092347019439e+00
-6.832793729891951884e+00
-6.834070496146727791e+00
-6.835282275964313925e+00
-6.837841383661513284e+00
-6.835532418767034102e+00
-6.838673911174637965e+00
-6.839513401540375348e+00
-6.841303348265445727e+00
-6.841303348265445727e+00
-6.841303348265445727e+00
-6.848143795742085871e+00
-6.848143795742085871e+00
-6.848245082581564169e+00
-6.847284176886382134e+00
-6.848397397065226322e+00
-6.850174917517142248e+00
-6.850174917517142248e+00
-6.850174917517142248e+00
-6.860166164898046759e+00
-6.860166164898046759e+00
-6.860166164898046759e+00
-6.860179398730932299e+00
-6.861227160155612737e+00
-6.863559721578947226e+00
-6.864555908261010586e+00
-6.866298467339321476e+00
-6.867211811565034907e+00
-6.870258536018059026e+00
-6.871250288538165663e+00
-6.869334504979943468e+00
-6.874524027937133575e+00
-6.874524027937133575e+00
-6.874560004473883268e+00
-6.876486234304133305e+00
-6.877535748608276656e+00
-6.879436652251465389e+00
-6.881567710941293825e+00
-6.879385101977374184e+00
-6.879385101977374184e+00
-6.883709548236308429e+00
-6.884634051497729779e+00
-6.885382585406460088e+00
-6.886990067807046145e+00
-6.886990067807046145e+00
-6.886990067807046145e+00
-6.890972665761860405e+00
-6.890972665761860405e+00
-6.891605064579904294e+00
-6.892587242362175459e+00
-6.894382008609863277e+00
-6.895592096381993663e+00
-6.896632593185426430e+00
-6.897738598028214874e+00
-7.174034603280190936e+00
-7.174594260216704100e+00
-7.176586245540732101e+00
-7.178443447676682965e+00
-7.178683154540394185e+00
-7.180834936430900761e+00
-7.180834936430900761e+00
-7.180834936430900761e+00
-7.182121428675738883e+00
-7.182512022673187779e+00
-7.182861213224605912e+00
-7.184208009540095752e+00
-7.184275406604285763e+00
-7.184390593059515773e+00
-7.187007689230208385e+00
-7.185745040407731210e+00
-7.186225155918637419e+00
-7.185982585057758776e+00
-7.185982585057758776e+00
-7.189817901974862480e+00
-7.189817901974862480e+00
-7.189748701229889960e+00
-7.186715660589608312e+00
-7.187712604750327472e+00
-7.187633234867391252e+00
-7.187641878920245198e+00
-7.187641878920245198e+00
-7.187641878920245198e+00
-7.187641878920245198e+00
-7.193801206532940640e+00
-7.192093140826496089e+00
-7.192093140826496089e+00
-7.192093140826496089e+00
-7.192024088323809572e+00
-7.192024088323809572e+00
-7.192024088323809572e+00
-7.192024088323809572e+00
-7.190308185570686739e+00
-7.203525366855289214e+00
-7.203525366855289214e+00
-7.204367853358724538e+00
-7.204367853358724538e+00
-7.204399566061640670e+00
-7.204399566061640670e+00
-7.203444185613246731e+00
-7.207235178095809935e+00
-7.212580728461198909e+00
-7.230042020795666602e+00
-7.312283596867358071e+00
-6.520411900079434275e+00
-6.520765121499342953e+00
-6.519909624584310670e+00
-6.519909624584310670e+00
-6.519909624584310670e+00
-6.519909624584310670e+00
-6.519909624584310670e+00
-6.519909624584310670e+00
-6.519909624584310670e+00
-6.834549834284599612e+00
-6.834549834284599612e+00
-6.834549834284599612e+00
-6.834549834284599612e+00
-6.834549834284599612e+00
-6.834549834284599612e+00
-6.834139133448757342e+00
-6.834139133448757342e+00
-6.834139133448757342e+00
-6.834332045724330840e+00
-6.834332045724330840e+00
-6.834680127506526759e+00
-6.834774161560454253e+00
-6.834082163062953796e+00
-6.834082163062953796e+00
-6.834082163062953796e+00
-6.834082163062953796e+00
-6.834261353046536591e+00
-6.834261353046536591e+00
-6.833634951472714825e+00
-6.833634951472714825e+00
-6.833634951472714825e+00
-6.833634951472714825e+00
-6.833634951472714825e+00
-6.833634951472714825e+00
-6.833687262946882335e+00
-6.833266865591804518e+00
-6.833266865591804518e+00
-6.833412743274119627e+00
-6.833412743274119627e+00
-6.833412743274119627e+00
-6.833412743274119627e+00
-6.832888051507338467e+00
-6.832888051507338467e+00
-6.832888051507338467e+00
-6.832888051507338467e+00
-6.832888051507338467e+00
-6.832888051507338467e+00
-6.832325689182768613e+00
-6.832597466199493930e+00
-6.832597466199493930e+00
-6.832597466199493930e+00
-6.832747256738584518e+00
-6.832747256738584518e+00
-7.198305651742938238e+00
-7.198305651742938238e+00
-7.198305651742938238e+00
-7.198305651742938238e+00
-7.198305651742938238e+00
-7.198305651742938238e+00
-7.198149236690968955e+00
-7.198149236690968955e+00
-7.198321034569340249e+00
-7.198321034569340249e+00
-7.198321034569340249e+00
-7.198321034569340249e+00
-7.198060039263930676e+00
-7.198060039263930676e+00
-7.198060039263930676e+00
-7.197738969449520852e+00
-7.197738969449520852e+00
-7.197508056650139707e+00
-7.197508056650139707e+00
-7.197508056650139707e+00
-7.197508056650139707e+00
-7.197771602808036739e+00
-7.197771602808036739e+00
-7.197605115370246942e+00
-7.197605115370246942e+00
-7.197605115370246942e+00
-7.197605115370246942e+00
-7.197743995049710186e+00
-7.197743995049710186e+00
-7.197523127513389518e+00
-7.197523127513389518e+00
-7.197227645345316560e+00
-7.197227645345316560e+00
-7.197227645345316560e+00
-7.197033875326959595e+00
-7.197033875326959595e+00
-7.197033875326959595e+00
-7.197033875326959595e+00
-7.197033875326959595e+00
-7.598751720888586192e+00
-7.598751720888586192e+00
-7.598787264749066850e+00
-7.598947663530597474e+00
-7.598947663530597474e+00
-7.599350289652612389e+00
-7.599350289652612389e+00
-7.598210044788577200e+00
-7.598210044788577200e+00
-7.598210044788577200e+00
-7.598210044788577200e+00
-7.598564465123279099e+00
-7.598564465123279099e+00
-7.598611907478066918e+00
-7.598611907478066918e+00
-7.598611907478066918e+00
-7.598949704692502749e+00
-7.598949704692502749e+00
-7.598949704692502749e+00
-7.598949704692502749e+00
-7.599353181255671608e+00
-7.599353181255671608e+00
-7.599353181255671608e+00
-8.068366226481305858e+00
-8.068366226481305858e+00
-8.067956284896482089e+00
-8.067956284896482089e+00
-8.067956284896482089e+00
-8.067956284896482089e+00
-8.067956284896482089e+00
-8.067687938231427935e+00
-8.067687938231427935e+00
-8.067928716746020967e+00
-8.067940227800900033e+00
-8.784546018742167561e+00
-8.784546018742167561e+00
-8.784546018742167561e+00
-8.784546018742167561e+00
-8.783709394601345366e+00
-8.783859466022315488e+00
-8.783859466022315488e+00
-8.783859466022315488e+00
-8.783859466022315488e+00
-8.784011496195649471e+00
-8.784011496195649471e+00
-8.784011496195649471e+00
-8.784011496195649471e+00
-8.784011496195649471e+00
-8.784182046501667784e+00
-8.784182046501667784e+00
-8.784182046501667784e+00
-8.784182046501667784e+00
-8.784387058556850647e+00
-8.783596350616488024e+00
-8.783596350616488024e+00
-8.783596350616488024e+00
-8.783820902123148144e+00
-8.784035040800290517e+00
-8.784035040800290517e+00
-8.784035040800290517e+00
-8.784294397647595787e+00
-8.784294397647595787e+00
-8.784378118544440284e+00
-8.784449911681621259e+00
-8.784523296722218433e+00
-8.784601676086326805e+00
-8.784760600138657338e+00
-8.495260583620046546e+00
-8.495499830223245397e+00
-8.495892379944011807e+00
-8.496678981864794977e+00
-8.497306678908294941e+00
-8.497835802605676392e+00
-8.498585498017511952e+00
-8.499898324701947061e+00
-7.988721338948681527e+00
-7.987528977058362400e+00
-7.986810480139766355e+00
-7.301468205855186966e+00
-7.298248493805542303e+00
-6.500508656550229247e+00
-6.848570289752418994e+00
-7.282623061230582451e+00
-7.281162146019126702e+00
-7.280301859706810319e+00
-7.279943179482634363e+00
-7.973478142352644404e+00
-7.973163282720897804e+00
-7.972851958345600565e+00
-7.972661734724090898e+00
-7.972485476188148290e+00
-7.972385084028150715e+00
-8.533519553732837437e+00
-8.533956234108295291e+00
-8.534301862898932001e+00
-8.667456671904929522e+00
-8.665889525061560406e+00
-8.665985838761827154e+00
-8.715526706848027771e+00
-8.715081920478336741e+00
-8.714631440907469440e+00
-8.740636798322839240e+00
-8.738938789753980529e+00
-8.756395513169533018e+00
-8.766863805674155685e+00
-8.772030935941710794e+00
-8.775706354177794211e+00
-8.770022942656163778e+00
-8.766205921191900785e+00
-8.747696577099800308e+00
-8.710189837893716813e+00
-8.668514839233779412e+00
-8.627512042203751008e+00
-8.624533459012337033e+00
-8.681478178548417191e+00
-8.681585293572146256e+00
-8.681585293572146256e+00
-8.756560936380060056e+00
-8.756560936380060056e+00
-8.756560936380060056e+00
-8.838696594382437155e+00
-8.838696594382437155e+00
-8.908918632817748318e+00
-8.908918632817748318e+00
-8.906732826175456808e+00
-8.961805859882280956e+00
-8.961805859882280956e+00
-9.025752277739440999e+00
-9.025827037159492860e+00
-9.025827037159492860e+00
-9.097615410731082264e+00
-9.097615410731082264e+00
-9.097615410731082264e+00
-9.167775493091024686e+00
-9.167775493091024686e+00
-9.219191374373959746e+00
-9.219191374373959746e+00
-9.216737762202233952e+00
-9.291754558664729657e+00
-9.291754558664729657e+00
-9.358084473932837710e+00
-9.358084473932837710e+00
-9.358084473932837710e+00
-9.286233941000370251e+00
-9.286233941000370251e+00
-9.238740086957674791e+00
-9.238740086957674791e+00
-9.238740086957674791e+00
-9.322852307281561224e+00
-9.322852307281561224e+00
-9.410349766291020046e+00
-9.410372401502042905e+00
-9.410372401502042905e+00
-9.509756843788215619e+00
-9.509756843788215619e+00
-9.509756843788215619e+00
-9.630918780306442883e+00
-9.630918780306442883e+00
-9.771949311346091349e+00
-9.771949311346091349e+00
-9.771949311346091349e+00
-9.877319004013827453e+00
-9.877319004013827453e+00
-9.962541878671267170e+00
-9.962541878671267170e+00
-8.228187145781632239e+00
-8.228187145781632239e+00
-8.228187145781632239e+00
-8.228187145781632239e+00
-8.228187145781632239e+00
-8.228528799246671355e+00
-8.228528799246671355e+00
-8.228528799246671355e+00
-8.228528799246671355e+00
-8.229044906903821399e+00
-8.229044906903821399e+00
-8.227885400698291107e+00
-8.227885400698291107e+00
-8.227885400698291107e+00
-8.227885400698291107e+00
-8.227885400698291107e+00
-8.227885400698291107e+00
-8.227885400698291107e+00
-8.227885400698291107e+00
-8.227885400698291107e+00
-8.227885400698291107e+00
-8.227885400698291107e+00
-8.227885400698291107e+00
-8.227885400698291107e+00
-9.189252589900766210e+00
-9.189277726847485894e+00
-9.189277726847485894e+00
-9.189277726847485894e+00
-9.189277726847485894e+00
-9.189277726847485894e+00
-9.189457650009389411e+00
-9.189742837780737972e+00
-9.190146034889062676e+00
-9.190146034889062676e+00
-9.190146034889062676e+00
-9.190146034889062676e+00
-9.190146034889062676e+00
-9.189407571789624640e+00
-9.189407571789624640e+00
-9.189407571789624640e+00
-9.189407571789624640e+00
-9.189407571789624640e+00
-9.189407571789624640e+00
-9.189407571789624640e+00
-9.189407571789624640e+00
-9.189407571789624640e+00
-9.189407571789624640e+00
-9.189483804562962987e+00
-9.189483804562962987e+00
-9.188239745589532603e+00
-9.188239745589532603e+00
-9.188239745589532603e+00
-9.188239745589532603e+00
-9.188239745589532603e+00
-9.188639072635243821e+00
-9.188639072635243821e+00
-9.188639072635243821e+00
-9.188639072635243821e+00
-9.188639072635243821e+00
-9.188639072635243821e+00
-9.188639072635243821e+00
-9.187590466353812602e+00
-9.187694694237933390e+00
-9.187694694237933390e+00
-9.187694694237933390e+00
-9.187694694237933390e+00
-9.187694694237933390e+00
-9.187694694237933390e+00
-9.187694694237933390e+00
-9.188022408019721254e+00
-9.188022408019721254e+00
-9.188309529120028074e+00
-9.188309529120028074e+00
-9.187336820198641618e+00
-9.187336820198641618e+00
-9.187336820198641618e+00
-9.187739942859799669e+00
-9.187739942859799669e+00
-9.187739942859799669e+00
-9.187739942859799669e+00
-9.187739942859799669e+00
-9.187917838468882437e+00
-9.187917838468882437e+00
-9.187917838468882437e+00
-9.186946462600701580e+00
-9.186946462600701580e+00
-9.186946462600701580e+00
-9.186946462600701580e+00
-9.186946462600701580e+00
-9.186946462600701580e+00
-9.186946462600701580e+00
-9.186946462600701580e+00
-9.186946462600701580e+00
-9.186946462600701580e+00
-9.186946462600701580e+00
-9.186946462600701580e+00
-9.186026664502460193e+00
-9.186426582324646262e+00
-9.186426582324646262e+00
-9.186426582324646262e+00
-9.186426582324646262e+00
-9.186759776347839690e+00
-9.186759776347839690e+00
