2.823250163281977532e+00
2.816121945892175127e+00
2.763274506522992002e+00
2.145155980575491839e+00
2.034788291286901973e+00
1.565837094534080709e+00
1.195789162225404878e+00
1.175824180825188581e+00
7.348188952518105443e-01
6.871071715425137727e-01
4.340396936505737102e-01
1.800491665922359652e-01
1.083296205801210221e-01
1.404449521878340691e-02
-1.394077314737407758e-01
-1.572035159070422072e-01
-1.005687054731813773e-01
-3.900084180867703643e-02
-4.165745047594353323e-02
-1.709167228074574274e-01
-2.134898243547342922e-01
-3.140163264644905694e-01
-4.124300952406546594e-01
-4.601525760179215885e-01
-5.188393670130960755e-01
-5.951386848865256596e-01
-6.841766585818177537e-01
-7.046319733869519375e-01
-7.023202119713713998e-01
-7.331689150832843005e-01
-7.848865145569200452e-01
-8.456170131668477863e-01
-8.848080595560618988e-01
-9.050118109352605078e-01
-9.548687245612461627e-01
-1.084136013439310986e+00
-1.121394895473645459e+00
-1.173262431630438973e+00
-1.221512270557735924e+00
-1.328541200453401849e+00
-1.343373791693651231e+00
-1.394647200593583047e+00
-1.856695229655310309e+00
-1.815334098123755791e+00
-1.784765498897612490e+00
-1.754085971457567839e+00
-1.724122033462625270e+00
-1.923804168329686481e+00
-1.850033096699086776e+00
-1.222393927057591423e+00
-1.220434552934991590e+00
-1.219123856789889881e+00
-1.217259676884974384e+00
-1.416788559322546659e+00
-1.415762116923983793e+00
-1.414684351654465821e+00
-1.412987650243163529e+00
-1.412812601720466743e+00
-1.411693102407952205e+00
-1.612281911936521928e+00
-1.612177278232104882e+00
-1.759087346030137500e+00
-1.757821399833412457e+00
-1.710355072360195017e+00
-2.342146950751990087e+00
-2.330716564258894508e+00
-2.319061086329102128e+00
-2.302934617268790340e+00
-2.290088166105521239e+00
-2.329781350354736436e+00
-2.327697762581961261e+00
-2.331607234654736072e+00
-2.542056512735231255e+00
-2.885665713715305447e+00
-2.880579200130251927e+00
-2.724961678537517251e+00
-2.213894753736439736e+00
-2.213111426640027357e+00
-2.212500338020606083e+00
-2.211426355570605740e+00
-2.211170465385609685e+00
-2.210092256959734325e+00
-2.209253510887978056e+00
-2.208146109620153563e+00
-1.840604197630295147e+00
-3.031988748168278125e+00
-2.901022733422217836e+00
-2.941133831117939135e+00
-2.923197606143131733e+00
-2.913042726293095352e+00
-2.900364037829998853e+00
-2.892042962293621677e+00
-3.372441869789394531e+00
-3.366848828071420385e+00
-3.366516106039301182e+00
-3.368472687306127700e+00
-3.444352941864091022e+00
-3.456889071528096657e+00
-3.474543110002112467e+00
-3.559531271986553946e+00
-3.481515562382865969e+00
-3.418248702337957301e+00
-2.857257976001479793e+00
-2.856379061775450978e+00
-2.889429987908716857e+00
-2.889429987908716857e+00
-2.888379005213031814e+00
-2.887363267205751427e+00
-2.886259079567456975e+00
-2.886245639134738195e+00
-2.885246104154914448e+00
-2.884228779953507349e+00
-2.884228779953507349e+00
-2.883977172303856751e+00
-2.882976988439382993e+00
-2.882062797308555080e+00
-2.881263462188361046e+00
-2.881267502207999431e+00
-2.880373533956669618e+00
-3.466469968132861013e+00
-3.465787136367195043e+00
-3.465520268924634273e+00
-3.464837460939882874e+00
-3.463590010481007564e+00
-3.462928024036054708e+00
-3.462612126247596844e+00
-3.462470939947013271e+00
-3.461877494888108142e+00
-3.460696222106183662e+00
-3.460138544487000534e+00
-3.459994035082395669e+00
-3.458848451366199228e+00
-3.458406352996537425e+00
-3.458066357189387929e+00
-3.457281675714839686e+00
-3.456628949492445368e+00
-4.045291859091464381e+00
-3.453938515160595468e+00
-3.451457389343147497e+00
-2.844304097336240122e+00
-4.066824073902448156e+00
-4.961053718506777344e+00
-4.868820091037155073e+00
-4.830028485618983680e+00
-4.817227802270110715e+00
-4.814257064554857024e+00
-4.798501828671557057e+00
-4.785480366442665279e+00
-4.785378980388844461e+00
-4.771108561446200547e+00
-4.765458513275172336e+00
-4.752167751781763094e+00
-4.804973776585507395e+00
-4.796184225210895491e+00
-4.789407109681225627e+00
-4.786130313311090845e+00
-4.821539704929077352e+00
-4.818263032363466536e+00
-4.819462500964528218e+00
-4.818889576507608297e+00
-4.823518819002269531e+00
-4.836003416943641220e+00
-4.896133242920979178e+00
-4.908986804382267977e+00
-4.927128674381015649e+00
-4.983366220970119720e+00
-4.996576745018451504e+00
-5.012740653589524698e+00
-5.043604221330553194e+00
-5.041075273132689105e+00
-5.181881388129567334e+00
-5.181881388129567334e+00
-5.179163959848846588e+00
-5.143638422785223874e+00
-4.982759161352912969e+00
-4.891557266254085157e+00
-4.207254747370356540e+00
-4.207784019051938884e+00
-4.208151918819111437e+00
-4.207147957605037014e+00
-4.207147957605037014e+00
-4.207298882606942847e+00
-4.206186190993213003e+00
-4.206186190993213003e+00
-4.206635697474366609e+00
-4.205621243995961933e+00
-4.205621243995961933e+00
-4.205621243995961933e+00
-4.204643357784460633e+00
-4.204667350064974052e+00
-4.205177613699085271e+00
-4.204156133138292617e+00
-4.204156133138292617e+00
-4.203485197103671744e+00
-4.203569204561003581e+00
-4.203569204561003581e+00
-4.509049876357116737e+00
-4.509214482724709150e+00
-4.509214482724709150e+00
-4.508526573180708930e+00
-4.508526573180708930e+00
-4.508526573180708930e+00
-4.507896070323376136e+00
-4.508095021053776463e+00
-4.507444071131676999e+00
-4.507589065990402766e+00
-4.507589065990402766e+00
-4.507248854895482104e+00
-4.507248854895482104e+00
-4.506644540449654457e+00
-4.506851258183227849e+00
-4.506851258183227849e+00
-4.506203225765031739e+00
-4.506203225765031739e+00
-4.505627178913272246e+00
-4.505627178913272246e+00
-4.505808127458269752e+00
-4.505222487945233389e+00
-4.505222487945233389e+00
-4.504617834673922516e+00
-4.504617834673922516e+00
-4.504353571545619772e+00
-4.504511742389315287e+00
-4.504511742389315287e+00
-4.503974966570407190e+00
-4.504050231056741183e+00
-4.788963014991084677e+00
-4.788963014991084677e+00
-4.788505139485893736e+00
-4.788505139485893736e+00
-4.788490029048580787e+00
-4.788490029048580787e+00
-4.788320725248984999e+00
-4.788320725248984999e+00
-4.815581876103687264e+00
-4.815843414171792070e+00
-4.815579637391806500e+00
-4.815579637391806500e+00
-4.815332556190265123e+00
-4.815182170106185211e+00
-4.814950890051404642e+00
-4.814950890051404642e+00
-4.814707937678611493e+00
-4.814707937678611493e+00
-4.814483202223264868e+00
-4.814338226635560325e+00
-4.814126565292717430e+00
-4.814126565292717430e+00
-4.896337855677675321e+00
-4.896604461487938487e+00
-4.896526558626936421e+00
-4.896076612409315132e+00
-4.896096636823604520e+00
-4.895981585877973608e+00
-4.896134649009416862e+00
-4.896023343828637131e+00
-4.929802845078633311e+00
-4.929802845078633311e+00
-4.929608596055357950e+00
-4.929608596055357950e+00
-4.929412416135261488e+00
-4.929075722445816155e+00
-4.929075722445816155e+00
-4.929119845487777596e+00
-4.928894757973441898e+00
-4.928894757973441898e+00
-5.281476997475799351e+00
-5.280827237684802888e+00
-5.281212652014568576e+00
-5.281212652014568576e+00
-5.281604135423697777e+00
-5.282079407066694543e+00
-5.281642665756486110e+00
-5.281940463841631406e+00
-5.282528679324069110e+00
-5.283264192007766979e+00
-5.284459325278680453e+00
-4.924567357409111779e+00
-4.922599386850695424e+00
-4.917723217265127289e+00
-4.915729834868905357e+00
-5.382193295697588198e+00
-5.570492683824691760e+00
-5.704655171033109262e+00
-5.732071466553280814e+00
-5.589961961422748260e+00
-5.588707662425123956e+00
-5.709247995490250638e+00
-5.733688878483701679e+00
-5.679632441163305678e+00
-5.723701491223848414e+00
-5.703495724964996683e+00
-5.680287610523218511e+00
-5.658644510978842135e+00
-5.633613838877040259e+00
-5.614351830536345567e+00
-5.583008648757329162e+00
-5.581028462448065497e+00
-5.548155833531117409e+00
-5.548264478370367847e+00
-5.560621480900193703e+00
-5.541653756095703542e+00
-5.538022069419078264e+00
-5.531486408008896127e+00
-5.526972383548367951e+00
-5.524717425507219559e+00
-5.523086235404283784e+00
-5.526277334605253166e+00
-5.532341216497218994e+00
-5.567894141774343275e+00
-5.581095887643643394e+00
-5.599796953145546041e+00
-5.619839912404271054e+00
-5.649777817943919977e+00
-5.651767811508131345e+00
-6.144294027138033520e+00
-6.145194277444119280e+00
-6.147984590221088119e+00
-6.150497719018797937e+00
-6.151903498652075086e+00
-6.155053499592029631e+00
-6.155750738369895281e+00
-6.161829212579468695e+00
-6.162271129385832324e+00
-6.188506561491312397e+00
-6.190848988826261667e+00
-6.193449524954250052e+00
-6.197061516734059694e+00
-6.199514813714722905e+00
-6.201117646626198798e+00
-6.201117646626198798e+00
-6.209605801253379020e+00
-6.208452282388821963e+00
-6.211123968405024343e+00
-6.211123968405024343e+00
-6.211123968405024343e+00
-6.221958429120674872e+00
-6.221958429120674872e+00
-6.199608264620175113e+00
-6.200813689957426433e+00
-6.203498099708659730e+00
-6.203879254516772690e+00
-6.207049549471252980e+00
-6.209761991618278465e+00
-6.209340740780221246e+00
-6.210853093415608761e+00
-6.213462244392562006e+00
-6.214890148040785434e+00
-6.215383421360795246e+00
-6.215735493941311418e+00
-6.218726228424546143e+00
-6.216794899284576736e+00
-6.217404934470681432e+00
-6.218018643210401208e+00
-6.219636338025789080e+00
-6.217328616158428467e+00
-6.217706006035076172e+00
-6.214916476575377047e+00
-6.212198934501437009e+00
-6.206143615725145501e+00
-6.207140758864784225e+00
-6.205590248425604472e+00
-6.175360661700304732e+00
-6.164109495692375873e+00
-6.158880540723727037e+00
-6.158880540723727037e+00
-6.157944590734539148e+00
-6.162011954005609304e+00
-6.162011954005609304e+00
-6.581769117901501431e+00
-6.580275078034053315e+00
-6.580275078034053315e+00
-6.580275078034053315e+00
-6.578873806644873312e+00
-6.578873806644873312e+00
-6.557029117349626013e+00
-6.555748221827409239e+00
-6.555748221827409239e+00
-6.555748221827409239e+00
-6.571049007216069882e+00
-6.067858689409797890e+00
-6.067858689409797890e+00
-6.067138978548336503e+00
-6.067158711216833922e+00
-6.067158711216833922e+00
-6.067158711216833922e+00
-6.067052511521350944e+00
-6.067052511521350944e+00
-6.067295409380449200e+00
-6.066828763995954610e+00
-6.066828763995954610e+00
-6.066828763995954610e+00
-6.066305826867165685e+00
-6.066305826867165685e+00
-6.066305826867165685e+00
-6.065844741673151574e+00
-6.065844741673151574e+00
-6.065724525548170654e+00
-6.065724525548170654e+00
-6.065724525548170654e+00
-6.065255429607655735e+00
-6.065317124136082150e+00
-6.065317124136082150e+00
-6.064896273146707983e+00
-6.065029168813143912e+00
-6.065029168813143912e+00
-6.518433652621083318e+00
-6.518433652621083318e+00
-6.518039810832837233e+00
-6.518116879775702976e+00
-6.518349301497620374e+00
-6.518228176020554265e+00
-6.518228176020554265e+00
-6.518228176020554265e+00
-6.518105255502747220e+00
-6.518105255502747220e+00
-6.517979171998573129e+00
-6.517979171998573129e+00
-6.517990918438419712e+00
-6.517608948614170394e+00
-6.517608948614170394e+00
-6.517476707536026481e+00
-6.517476707536026481e+00
-6.517350654916844732e+00
-6.517350654916844732e+00
-6.517350654916844732e+00
-6.517214052854724216e+00
-6.517214052854724216e+00
-6.722844855240174056e+00
-6.722133893868296184e+00
-6.722303161743056421e+00
-6.722510458844178416e+00
-6.722721373046434579e+00
-6.722838963712474580e+00
-6.722871656746680635e+00
-6.723100749420698463e+00
-6.723222541194124879e+00
-6.723432099674315765e+00
-6.723592381835487686e+00
-6.723861846401795184e+00
-6.515448499417774819e+00
-6.515190431384475289e+00
-6.514716362108199377e+00
-6.513936164812891505e+00
-6.047052437359917931e+00
-6.044033793824522327e+00
-6.035142491677327747e+00
-6.508585774648262934e+00
-6.508308307024439188e+00
-6.809461878195040008e+00
-6.808900347455621116e+00
-6.953153584766043060e+00
-7.066049273605444547e+00
-7.161021611760044259e+00
-7.213718401992013085e+00
-7.233183351587896048e+00
-7.184270777774804273e+00
-7.010760358893028510e+00
-6.992025411056593143e+00
-7.072032800225008131e+00
-7.114502873617701617e+00
-7.194609515229477559e+00
-7.235651880702307359e+00
-7.319614486933258668e+00
-7.298223697465675563e+00
-7.241619594735800192e+00
-7.225862934551593675e+00
-7.171150735980954316e+00
-7.147512557210699669e+00
-7.122319851282679082e+00
-7.120154931218396044e+00
-7.097580235275781746e+00
-7.073714594722270377e+00
-7.058073762883242175e+00
-7.037334250816748238e+00
-7.019238981591443327e+00
-7.006180210084494320e+00
-7.000563923468092753e+00
-6.994902661118020504e+00
-6.987525596026723740e+00
-6.985422476053963159e+00
-6.985422476053963159e+00
-7.001111418421273491e+00
-7.002025343065658269e+00
-7.002025343065658269e+00
-7.003977615845524696e+00
-7.006667476208381373e+00
-7.006667476208381373e+00
-7.007272175452045282e+00
-7.091066144456124043e+00
-7.091324432234078046e+00
-7.092794944923196176e+00
-7.094215751643143442e+00
-7.095127816348973049e+00
-7.096590134679237494e+00
-7.097224660742661229e+00
-7.098070798722689645e+00
-7.099462901533780013e+00
-7.097960941210046393e+00
-7.099421219174187669e+00
-7.100168179998753715e+00
-7.101352194191788314e+00
-7.102043384457270569e+00
-7.103455743432394165e+00
-7.104215856277118490e+00
-7.104932070484200501e+00
-7.107064931417067299e+00
-7.105048602602823671e+00
-7.106287393323098556e+00
-7.107057688019043695e+00
-7.107837232682451933e+00
-7.109494419295215195e+00
-7.110475058519957869e+00
-7.111385133003985004e+00
-7.113267176748808041e+00
-7.114045248407441235e+00
-7.410729042335123751e+00
-7.411697083638676631e+00
-7.413645336207858705e+00
-7.414634535852119512e+00
-7.415787526535519092e+00
-7.417771778658956094e+00
-7.418835337270500929e+00
-7.418835337270500929e+00
-7.420629221556858113e+00
-7.420137473957283625e+00
-7.420741820329604721e+00
-7.422061098889334296e+00
-7.423434544414354797e+00
-7.424267132736116714e+00
-7.425594670561838306e+00
-7.426450593639396303e+00
-7.427475710245500018e+00
-7.428403526920496880e+00
-7.427374608006918955e+00
-7.429578873604116396e+00
-7.430378563316030416e+00
-7.432202627842287690e+00
-7.433387679995126618e+00
-7.434445839955230895e+00
-7.435450632572155882e+00
-7.437574183627524427e+00
-7.435492083596532353e+00
-7.438119100384735560e+00
-7.438816635462321081e+00
-7.440304668075240713e+00
-7.440304668075240713e+00
-7.440304668075240713e+00
-7.446000815821292029e+00
-7.446000815821292029e+00
-7.446140339943077002e+00
-7.445269945776252563e+00
-7.446198083458021699e+00
-7.447680894779310279e+00
-7.447680894779310279e+00
-7.447680894779310279e+00
-7.453447359666054872e+00
-7.453447359666054872e+00
-7.453447359666054872e+00
-7.453352296895369378e+00
-7.454227336708911800e+00
-7.456176627445920246e+00
-7.457009651130763750e+00
-7.458467552347479490e+00
-7.459232077450431930e+00
-7.461784263679851925e+00
-7.462615663073856709e+00
-7.460880865086200409e+00
-7.465234496942179554e+00
-7.465234496942179554e+00
-7.465340915051480231e+00
-7.466958747014453834e+00
-7.467840712457019414e+00
-7.469439013034093300e+00
-7.471232152422682127e+00
-7.469252270458444087e+00
-7.469252270458444087e+00
-7.472936703710383100e+00
-7.473715826521968530e+00
-7.474346842552254344e+00
-7.475702530865477868e+00
-7.475702530865477868e+00
-7.475702530865477868e+00
-7.478935510597963798e+00
-7.478935510597963798e+00
-7.479469987683414978e+00
-7.480300322110164934e+00
-7.481818368961879351e+00
-7.482928195297391838e+00
-7.483808912510808931e+00
-7.484745433248360058e+00
-7.760469014552906053e+00
-7.760943673750641203e+00
-7.762633879719811780e+00
-7.764210778068885155e+00
-7.764438285602806467e+00
-7.766266625244604427e+00
-7.766266625244604427e+00
-7.766266625244604427e+00
-7.767259785692067986e+00
-7.767592038222026041e+00
-7.767889109349953358e+00
-7.769038954635646199e+00
-7.769096322272824651e+00
-7.769234383865634364e+00
-7.771462933233264536e+00
-7.770368798175931957e+00
-7.770777691020216871e+00
-7.770571388424759363e+00
-7.770571388424759363e+00
-7.773839885966442154e+00
-7.773839885966442154e+00
-7.773780874608950953e+00
-7.749880694495333344e+00
-7.750709358727943865e+00
-7.750643374381783524e+00
-7.750650560537564182e+00
-7.750650560537564182e+00
-7.750650560537564182e+00
-7.750650560537564182e+00
-7.755777175750111496e+00
-7.754241733685362625e+00
-7.754241733685362625e+00
-7.754241733685362625e+00
-7.754244815073164432e+00
-7.754244815073164432e+00
-7.754244815073164432e+00
-7.754244815073164432e+00
-7.752702906491416357e+00
-7.763736395715731931e+00
-7.763736395715731931e+00
-7.764754474896156999e+00
-7.764754474896156999e+00
-7.764798927119834993e+00
-7.764798927119834993e+00
-7.763895188920713508e+00
-7.767067678534748332e+00
-7.771548747269816815e+00
-7.786247709598034916e+00
-7.828426094846312466e+00
-7.291846464694041963e+00
-7.292189197017036939e+00
-7.291411842987518099e+00
-7.291411842987518099e+00
-7.291411842987518099e+00
-7.291411842987518099e+00
-7.291411842987518099e+00
-7.291411842987518099e+00
-7.291411842987518099e+00
-7.600657827837610903e+00
-7.600657827837610903e+00
-7.600657827837610903e+00
-7.600657827837610903e+00
-7.600657827837610903e+00
-7.600657827837610903e+00
-7.600285672407373738e+00
-7.600285672407373738e+00
-7.600285672407373738e+00
-7.600473797552893984e+00
-7.600473797552893984e+00
-7.600808206675721657e+00
-7.600883846544832956e+00
-7.600256718544003753e+00
-7.600256718544003753e+00
-7.600256718544003753e+00
-7.600256718544003753e+00
-7.600424120920523663e+00
-7.600424120920523663e+00
-7.599856486531860966e+00
-7.599856486531860966e+00
-7.599856486531860966e+00
-7.599856486531860966e+00
-7.599856486531860966e+00
-7.599856486531860966e+00
-7.599896577267688969e+00
-7.599527748078457989e+00
-7.599527748078457989e+00
-7.599655036965835997e+00
-7.599655036965835997e+00
-7.599655036965835997e+00
-7.599655036965835997e+00
-7.599179652492889403e+00
-7.599179652492889403e+00
-7.599179652492889403e+00
-7.599179652492889403e+00
-7.599179652492889403e+00
-7.599179652492889403e+00
-7.598670197463468057e+00
-7.598931176266376042e+00
-7.598931176266376042e+00
-7.598931176266376042e+00
-7.599077076260422281e+00
-7.599077076260422281e+00
-7.957418321408642470e+00
-7.957418321408642470e+00
-7.957418321408642470e+00
-7.957418321408642470e+00
-7.957418321408642470e+00
-7.957418321408642470e+00
-7.957285294235320272e+00
-7.957285294235320272e+00
-7.957448411942587008e+00
-7.957448411942587008e+00
-7.957448411942587008e+00
-7.957448411942587008e+00
-7.957226404955002330e+00
-7.957226404955002330e+00
-7.957226404955002330e+00
-7.956909880307650340e+00
-7.956909880307650340e+00
-7.956713590584387319e+00
-7.956713590584387319e+00
-7.956713590584387319e+00
-7.956713590584387319e+00
-7.956970854986324504e+00
-7.956970854986324504e+00
-7.956826379412223815e+00
-7.956826379412223815e+00
-7.956826379412223815e+00
-7.956826379412223815e+00
-7.956949541920137037e+00
-7.956949541920137037e+00
-7.956761720304226237e+00
-7.956761720304226237e+00
-7.956470349816076926e+00
-7.956470349816076926e+00
-7.956470349816076926e+00
-7.956305670297262544e+00
-7.956305670297262544e+00
-7.956305670297262544e+00
-7.956305670297262544e+00
-7.956305670297262544e+00
-8.353581054276906670e+00
-8.353581054276906670e+00
-8.353605715436748014e+00
-8.353759529943085127e+00
-8.353759529943085127e+00
-8.354188375373556852e+00
-8.354188375373556852e+00
-8.353053175418068577e+00
-8.353053175418068577e+00
-8.353053175418068577e+00
-8.353053175418068577e+00
-8.353430577425939418e+00
-8.353430577425939418e+00
-8.353467899663931107e+00
-8.353467899663931107e+00
-8.353467899663931107e+00
-8.353827601991598684e+00
-8.353827601991598684e+00
-8.353827601991598684e+00
-8.353827601991598684e+00
-8.354257219006980151e+00
-8.354257219006980151e+00
-8.354257219006980151e+00
-8.822186183218049038e+00
-8.822186183218049038e+00
-8.821800361919851952e+00
-8.821800361919851952e+00
-8.821800361919851952e+00
-8.821800361919851952e+00
-8.821800361919851952e+00
-8.821542146293921860e+00
-8.821542146293921860e+00
-8.821780065296449536e+00
-8.821787465483017954e+00
-9.537449511098088806e+00
-9.537449511098088806e+00
-9.537449511098088806e+00
-9.537449511098088806e+00
-9.536598214170288301e+00
-9.536774856108385379e+00
-9.536774856108385379e+00
-9.536774856108385379e+00
-9.536774856108385379e+00
-9.536953792583796385e+00
-9.536953792583796385e+00
-9.536953792583796385e+00
-9.536953792583796385e+00
-9.536953792583796385e+00
-9.537154513694805047e+00
-9.537154513694805047e+00
-9.537154513694805047e+00
-9.537154513694805047e+00
-9.537395774480740940e+00
-9.536608412921218303e+00
-9.536608412921218303e+00
-9.536608412921218303e+00
-9.536872283608307299e+00
-9.537084118052304049e+00
-9.537084118052304049e+00
-9.537084118052304049e+00
-9.537388976331438784e+00
-9.537388976331438784e+00
-9.537487378361554136e+00
-9.537571758354314255e+00
-9.537658006817654410e+00
-9.537750122222099947e+00
-9.537936888888845388e+00
-9.250569420341268057e+00
-9.250818889944735446e+00
-9.251228200586679051e+00
-9.252048340999545317e+00
-9.252690461437456548e+00
-9.253242102808229674e+00
-9.254005496528426633e+00
-9.255374067479738898e+00
-8.745263067135418567e+00
-8.744176511232831572e+00
-8.743521899118231744e+00
-8.063103910733298463e+00
-8.060065040478564313e+00
-7.277120366744165736e+00
-7.618783318818525885e+00
-8.045363852391247406e+00
-8.043988072533750255e+00
-8.043178046017009919e+00
-8.042833472248767990e+00
-8.731401369749022479e+00
-8.731115304315528292e+00
-8.730832469489778092e+00
-8.730659662522018749e+00
-8.730499548199526672e+00
-8.730402348602353868e+00
-9.290392913441428036e+00
-9.290846610444363662e+00
-9.291205695152960686e+00
-9.431140533423457484e+00
-9.429585358136119311e+00
-9.429684683454294003e+00
-9.473344431966324919e+00
-9.472890771611369942e+00
-9.472431295016011887e+00
-9.489142590433996105e+00
-9.487429298522942034e+00
-9.498721601896482625e+00
-9.498320657362130603e+00
-9.487746856236659809e+00
-9.477118779723816999e+00
-9.458011890267014721e+00
-9.439825848849565659e+00
-9.406508912081338991e+00
-9.354974318997477667e+00
-9.300325970608383841e+00
-9.266258479785868474e+00
-9.248569265801917183e+00
-9.276045261788880225e+00
-9.276184039811814941e+00
-9.276184039811814941e+00
-9.335858032953938235e+00
-9.335858032953938235e+00
-9.335858032953938235e+00
-9.403512788264379196e+00
-9.403512788264379196e+00
-9.459780135918952837e+00
-9.459780135918952837e+00
-9.457739080837404444e+00
-9.477750997348183049e+00
-9.477750997348183049e+00
-9.532460840325184037e+00
-9.532600942767350816e+00
-9.532600942767350816e+00
-9.595320445973637646e+00
-9.595320445973637646e+00
-9.595320445973637646e+00
-9.657807514862387421e+00
-9.657807514862387421e+00
-9.652604914538565950e+00
-9.652604914538565950e+00
-9.650324620609669779e+00
-9.717155635845994510e+00
-9.717155635845994510e+00
-9.777233224048949012e+00
-9.777233224048949012e+00
-9.777233224048949012e+00
-9.712209234859383145e+00
-9.712209234859383145e+00
-9.669809704409107809e+00
-9.669809704409107809e+00
-9.669809704409107809e+00
-9.745227183868699683e+00
-9.745227183868699683e+00
-9.825069599823558875e+00
-9.825132900320310725e+00
-9.825132900320310725e+00
-9.856515038293601094e+00
-9.856515038293601094e+00
-9.856515038293601094e+00
-9.960103117530771044e+00
-9.960103117530771044e+00
-1.009322442741214232e+01
-1.009322442741214232e+01
-1.009322442741214232e+01
-1.012630017921024184e+01
-1.012630017921024184e+01
-1.010714861626565408e+01
-1.010714861626565408e+01
-8.968195713717086903e+00
-8.968195713717086903e+00
-8.968195713717086903e+00
-8.968195713717086903e+00
-8.968195713717086903e+00
-8.968534707362644909e+00
-8.968534707362644909e+00
-8.968534707362644909e+00
-8.968534707362644909e+00
-8.969061554698615879e+00
-8.969061554698615879e+00
-8.967963191950440560e+00
-8.967963191950440560e+00
-8.967963191950440560e+00
-8.967963191950440560e+00
-8.967963191950440560e+00
-8.967963191950440560e+00
-8.967963191950440560e+00
-8.967963191950440560e+00
-8.967963191950440560e+00
-8.967963191950440560e+00
-8.967963191950440560e+00
-8.967963191950440560e+00
-8.967963191950440560e+00
-9.928846741599514303e+00
-9.928863440944221352e+00
-9.928863440944221352e+00
-9.928863440944221352e+00
-9.928863440944221352e+00
-9.928863440944221352e+00
-9.929017291435945580e+00
-9.929281918807104645e+00
-9.929696103773489213e+00
-9.929696103773489213e+00
-9.929696103773489213e+00
-9.929696103773489213e+00
-9.929696103773489213e+00
-9.929014940408253054e+00
-9.929014940408253054e+00
-9.929014940408253054e+00
-9.929014940408253054e+00
-9.929014940408253054e+00
-9.929014940408253054e+00
-9.929014940408253054e+00
-9.929014940408253054e+00
-9.929014940408253054e+00
-9.929014940408253054e+00
-9.929069719884108025e+00
-9.929069719884108025e+00
-9.927895474344836657e+00
-9.927895474344836657e+00
-9.927895474344836657e+00
-9.927895474344836657e+00
-9.927895474344836657e+00
-9.928305534455136083e+00
-9.928305534455136083e+00
-9.928305534455136083e+00
-9.928305534455136083e+00
-9.928305534455136083e+00
-9.928305534455136083e+00
-9.928305534455136083e+00
-9.927315791994521632e+00
-9.927400696502768795e+00
-9.927400696502768795e+00
-9.927400696502768795e+00
-9.927400696502768795e+00
-9.927400696502768795e+00
-9.927400696502768795e+00
-9.927400696502768795e+00
-9.927726054300439529e+00
-9.927726054300439529e+00
-9.927992387362206017e+00
-9.927992387362206017e+00
-9.927074320851613010e+00
-9.927074320851613010e+00
-9.927074320851613010e+00
-9.927488174054829528e+00
-9.927488174054829528e+00
-9.927488174054829528e+00
-9.927488174054829528e+00
-9.927488174054829528e+00
-9.927640233852116580e+00
-9.927640233852116580e+00
-9.927640233852116580e+00
-9.926723434090586551e+00
-9.926723434090586551e+00
-9.926723434090586551e+00
-9.926723434090586551e+00
-9.926723434090586551e+00
-9.926723434090586551e+00
-9.926723434090586551e+00
-9.926723434090586551e+00
-9.926723434090586551e+00
-9.926723434090586551e+00
-9.926723434090586551e+00
-9.926723434090586551e+00
-9.925855420535022233e+00
-9.926265866146037453e+00
-9.926265866146037453e+00
-9.926265866146037453e+00
-9.926265866146037453e+00
-9.926596561889246217e+00
-9.926596561889246217e+00
