9.100000000000000000e+01 -inf
9.400000000000000000e+01 -inf
9.600000000000000000e+01 -inf
9.800000000000000000e+01 -inf
1.000000000000000000e+02 -inf
1.020000000000000000e+02 -inf
1.040000000000000000e+02 -inf
1.060000000000000000e+02 -inf
1.080000000000000000e+02 -inf
1.100000000000000000e+02 -inf
1.140000000000000000e+02 -inf
1.180000000000000000e+02 -inf
1.210000000000000000e+02 -inf
1.250000000000000000e+02 -inf
1.270000000000000000e+02 -inf
1.280000000000000000e+02 -inf
1.310000000000000000e+02 -inf
1.320000000000000000e+02 -inf
1.340000000000000000e+02 -inf
1.370000000000000000e+02 -inf
1.400000000000000000e+02 -inf
1.430000000000000000e+02 -inf
1.470000000000000000e+02 -inf
1.510000000000000000e+02 -inf
1.550000000000000000e+02 -inf
1.590000000000000000e+02 -inf
1.620000000000000000e+02 -inf
1.660000000000000000e+02 -inf
1.700000000000000000e+02 -inf
1.730000000000000000e+02 -inf
1.770000000000000000e+02 -inf
1.800000000000000000e+02 -inf
1.820000000000000000e+02 -inf
1.860000000000000000e+02 -inf
1.910000000000000000e+02 -inf
1.940000000000000000e+02 -inf
1.980000000000000000e+02 -inf
2.020000000000000000e+02 -inf
2.050000000000000000e+02 -inf
2.100000000000000000e+02 -inf
2.160000000000000000e+02 -inf
2.200000000000000000e+02 -inf
2.230000000000000000e+02 -inf
2.270000000000000000e+02 -inf
2.300000000000000000e+02 2.390276311000297582e+01
2.340000000000000000e+02 2.426698358558535062e+01
2.400000000000000000e+02 2.464946909133738373e+01
2.460000000000000000e+02 2.504373692871687851e+01
2.520000000000000000e+02 2.538629207811432309e+01
2.570000000000000000e+02 2.560420110034785424e+01
2.600000000000000000e+02 2.580682424595086388e+01
2.640000000000000000e+02 2.601090506622053766e+01
2.690000000000000000e+02 2.623469690821146472e+01
2.740000000000000000e+02 2.647460378074656262e+01
2.790000000000000000e+02 2.670860872830334642e+01
2.840000000000000000e+02 2.696607830801230676e+01
2.900000000000000000e+02 2.722107622597585674e+01
2.960000000000000000e+02 2.746784449132636752e+01
3.010000000000000000e+02 2.766266705845174556e+01
3.080000000000000000e+02 2.791859160213750357e+01
3.180000000000000000e+02 2.830150071955826618e+01
3.280000000000000000e+02 2.863021416423331544e+01
3.380000000000000000e+02 2.895643534578155709e+01
3.480000000000000000e+02 2.925430889559972769e+01
3.570000000000000000e+02 2.958765867915163739e+01
3.660000000000000000e+02 2.983854507633214581e+01
3.750000000000000000e+02 3.005163987878643894e+01
3.850000000000000000e+02 3.029007947810696066e+01
3.950000000000000000e+02 3.051902471893968638e+01
4.050000000000000000e+02 3.072713332009178799e+01
4.140000000000000000e+02 3.091251709510400758e+01
4.220000000000000000e+02 3.106168145220246402e+01
4.300000000000000000e+02 3.121383713084835065e+01
4.410000000000000000e+02 3.140925566447032224e+01
4.510000000000000000e+02 3.157655410200247204e+01
4.600000000000000000e+02 3.171776225765273338e+01
4.700000000000000000e+02 3.187458637321312693e+01
4.800000000000000000e+02 3.202099289382799441e+01
4.900000000000000000e+02 3.216421447873500483e+01
5.000000000000000000e+02 3.229969530484154205e+01
5.060000000000000000e+02 3.328160647868722322e+01
5.120000000000000000e+02 3.396394266019701291e+01
5.200000000000000000e+02 3.403800784403897950e+01
5.300000000000000000e+02 3.414040594220125513e+01
5.400000000000000000e+02 3.416958209354681486e+01
5.500000000000000000e+02 3.433578389227149330e+01
5.600000000000000000e+02 3.440482083886803366e+01
5.700000000000000000e+02 3.449524957216900845e+01
5.800000000000000000e+02 3.448841458372126567e+01
5.900000000000000000e+02 3.460877631633954365e+01
6.000000000000000000e+02 3.467736955412226507e+01
6.100000000000000000e+02 3.475323423663154898e+01
6.200000000000000000e+02 3.480263320656703740e+01
6.300000000000000000e+02 3.485846745084722187e+01
6.400000000000000000e+02 3.488271201467911453e+01
6.500000000000000000e+02 3.494827042617366430e+01
6.580000000000000000e+02 3.499853254569450911e+01
6.650000000000000000e+02 3.502716277080288876e+01
6.750000000000000000e+02 3.504696495124446187e+01
6.850000000000000000e+02 3.508364037861460361e+01
6.950000000000000000e+02 3.516234826887380649e+01
7.050000000000000000e+02 3.518660607953298580e+01
7.160000000000000000e+02 3.523898694195052173e+01
7.260000000000000000e+02 3.526884731018737540e+01
7.350000000000000000e+02 3.529373411368412405e+01
7.450000000000000000e+02 3.534732330304856163e+01
7.550000000000000000e+02 3.538395931144428630e+01
7.650000000000000000e+02 3.541963498977874991e+01
7.750000000000000000e+02 3.545596105941931597e+01
7.850000000000000000e+02 3.548996771813392570e+01
7.950000000000000000e+02 3.551343621878282875e+01
8.050000000000000000e+02 3.553976241007953973e+01
8.150000000000000000e+02 3.556055404700364875e+01
8.250000000000000000e+02 3.559869011656014948e+01
8.350000000000000000e+02 3.557958006312932042e+01
8.450000000000000000e+02 3.563489260434245409e+01
8.550000000000000000e+02 3.565620769218386243e+01
8.650000000000000000e+02 3.568596813468963092e+01
8.750000000000000000e+02 3.571707846475628401e+01
8.850000000000000000e+02 3.574948303270402050e+01
8.950000000000000000e+02 3.577275480805295160e+01
9.050000000000000000e+02 3.578055245202649814e+01
9.150000000000000000e+02 3.596284268628623693e+01
9.250000000000000000e+02 3.680604492321690202e+01
9.350000000000000000e+02 3.725912133976746077e+01
9.450000000000000000e+02 3.763430723041567916e+01
9.550000000000000000e+02 3.776607429144718253e+01
9.650000000000000000e+02 3.784681149179020565e+01
9.750000000000000000e+02 3.708482005921995039e+01
9.850000000000000000e+02 3.781113133854607611e+01
9.950000000000000000e+02 3.778522773641527266e+01
1.005000000000000000e+03 3.788485202104888572e+01
1.015000000000000000e+03 3.785895297845843288e+01
1.025000000000000000e+03 3.745793746986069550e+01
1.035000000000000000e+03 3.774280507186764311e+01
1.045000000000000000e+03 3.794116098718085084e+01
1.055000000000000000e+03 3.791239040543268857e+01
1.065000000000000000e+03 3.783517340852561972e+01
1.075000000000000000e+03 3.788689802774186433e+01
1.085000000000000000e+03 3.781087174079075908e+01
1.095000000000000000e+03 3.788978325758969845e+01
1.105000000000000000e+03 3.785316421487807759e+01
1.115000000000000000e+03 3.784387372427083562e+01
1.125000000000000000e+03 3.778205035188772598e+01
1.135000000000000000e+03 3.785452484171020870e+01
1.145000000000000000e+03 3.781368489743691441e+01
1.155000000000000000e+03 3.782541946317398640e+01
1.165000000000000000e+03 3.782578015282959427e+01
1.175000000000000000e+03 3.766674936982994382e+01
1.185000000000000000e+03 3.780876746750035977e+01
1.195000000000000000e+03 3.774995241264277013e+01
1.205000000000000000e+03 3.762578453353940944e+01
1.215000000000000000e+03 3.738322215700821971e+01
1.225000000000000000e+03 3.769543857535404641e+01
1.235000000000000000e+03 3.777495680438285319e+01
1.245000000000000000e+03 3.778107397482670393e+01
1.255000000000000000e+03 3.776114632112945912e+01
1.265000000000000000e+03 3.774583982263560245e+01
1.275000000000000000e+03 3.777174319480050713e+01
1.285000000000000000e+03 3.776489404977747455e+01
1.295000000000000000e+03 3.768842597528401939e+01
1.305000000000000000e+03 3.769941763255204137e+01
1.315000000000000000e+03 3.774586125920339441e+01
1.325000000000000000e+03 3.771834962330979124e+01
1.335000000000000000e+03 3.769190380931728157e+01
1.345000000000000000e+03 3.770920372327350378e+01
1.355000000000000000e+03 3.770248894764094416e+01
1.365000000000000000e+03 3.767035897873510919e+01
1.375000000000000000e+03 3.766322073082924504e+01
1.385000000000000000e+03 3.766110843131671970e+01
1.395000000000000000e+03 3.757364279029287246e+01
1.405000000000000000e+03 3.759287935199981234e+01
1.415000000000000000e+03 3.762149605196952251e+01
1.425000000000000000e+03 3.761216489047855305e+01
1.435000000000000000e+03 3.761765360845340211e+01
1.442000000000000000e+03 3.762421649592358364e+01
1.447000000000000000e+03 3.761537778872043702e+01
1.455000000000000000e+03 3.760502887490838475e+01
1.465000000000000000e+03 3.757512985436510178e+01
1.475000000000000000e+03 3.757479201848843786e+01
1.485000000000000000e+03 3.756692502138054124e+01
1.495000000000000000e+03 3.756077718698243473e+01
1.505000000000000000e+03 3.752721012643405629e+01
1.512000000000000000e+03 3.747893376916769625e+01
1.517000000000000000e+03 3.749294140647188556e+01
1.525000000000000000e+03 3.750273599064126984e+01
1.535000000000000000e+03 3.744490544360385087e+01
1.545000000000000000e+03 3.744490538532754442e+01
1.555000000000000000e+03 3.742726704659267511e+01
1.565000000000000000e+03 3.745113756960472529e+01
1.575000000000000000e+03 3.747074762233961565e+01
1.585000000000000000e+03 3.746781530182836661e+01
1.595000000000000000e+03 3.746737658483219491e+01
1.605000000000000000e+03 3.746417163523119598e+01
1.615000000000000000e+03 3.745674383806664309e+01
1.625000000000000000e+03 3.744720810784281184e+01
1.635000000000000000e+03 3.746407005336339324e+01
1.645000000000000000e+03 3.745860125557373266e+01
1.655000000000000000e+03 3.744900771448801891e+01
1.665000000000000000e+03 3.745830496852089908e+01
1.672000000000000000e+03 3.744097311452287613e+01
1.677000000000000000e+03 3.746124739162135597e+01
1.685000000000000000e+03 3.745489954869724869e+01
1.695000000000000000e+03 3.743462363189486553e+01
1.705000000000000000e+03 3.741870926849723134e+01
1.715000000000000000e+03 3.739724269519277300e+01
1.725000000000000000e+03 3.739101213697885839e+01
1.735000000000000000e+03 3.740384631227430390e+01
1.745000000000000000e+03 3.739092279337653935e+01
1.755000000000000000e+03 3.739729982784546536e+01
1.765000000000000000e+03 3.738010082351570418e+01
1.775000000000000000e+03 3.736576928616605642e+01
1.785000000000000000e+03 3.736948574541661117e+01
1.795000000000000000e+03 3.737844379717659393e+01
1.805000000000000000e+03 3.737808152624459979e+01
1.815000000000000000e+03 3.733758149465161580e+01
1.825000000000000000e+03 3.735108092502144927e+01
1.835000000000000000e+03 3.733628307657245671e+01
1.845000000000000000e+03 3.729905167269789246e+01
1.855000000000000000e+03 3.729667603295486344e+01
1.865000000000000000e+03 3.730281730111119032e+01
1.875000000000000000e+03 3.732088211561988089e+01
1.885000000000000000e+03 3.727491104022118407e+01
1.895000000000000000e+03 3.724408263780399864e+01
1.905000000000000000e+03 3.727648365941805508e+01
1.915000000000000000e+03 3.725162660824724981e+01
1.925000000000000000e+03 3.723373568017365898e+01
1.935000000000000000e+03 3.725393610219439466e+01
1.945000000000000000e+03 3.726282159594804000e+01
1.955000000000000000e+03 3.722286125956142655e+01
1.967000000000000000e+03 3.725183729338063188e+01
1.976000000000000000e+03 3.726769787952243718e+01
1.984000000000000000e+03 3.723634601811533429e+01
1.995000000000000000e+03 3.722730706821789681e+01
2.005000000000000000e+03 3.723708739679894109e+01
2.015000000000000000e+03 3.723203234011144502e+01
2.025000000000000000e+03 3.724408640035765927e+01
2.035000000000000000e+03 3.720877957815177695e+01
2.045000000000000000e+03 3.721297255423895933e+01
2.055000000000000000e+03 3.720068634253001960e+01
2.065000000000000000e+03 3.720384194477011874e+01
2.074000000000000000e+03 3.722227105548123660e+01
2.078000000000000000e+03 3.718553416980186910e+01
2.085000000000000000e+03 3.719995672298766465e+01
2.095000000000000000e+03 3.717670992728083945e+01
2.105000000000000000e+03 3.718895083084302655e+01
2.115000000000000000e+03 3.718692301863713112e+01
2.125000000000000000e+03 3.719165883252581750e+01
2.135000000000000000e+03 3.718180047952034073e+01
2.145000000000000000e+03 3.716181199031258586e+01
2.155000000000000000e+03 3.717589037057678780e+01
2.165000000000000000e+03 3.717131406336748967e+01
2.175000000000000000e+03 3.716483160071992842e+01
2.185000000000000000e+03 3.715439057742913320e+01
2.195000000000000000e+03 3.715804761932335509e+01
2.205000000000000000e+03 3.715188172508499065e+01
2.215000000000000000e+03 3.714470371205590737e+01
2.225000000000000000e+03 3.713282894730414796e+01
2.235000000000000000e+03 3.713058689872755735e+01
2.245000000000000000e+03 3.713029422611410268e+01
2.255000000000000000e+03 3.711834534530719765e+01
2.265000000000000000e+03 3.712088455666098241e+01
2.275000000000000000e+03 3.711557110700912432e+01
2.285000000000000000e+03 3.711503383411346135e+01
2.295000000000000000e+03 3.709514837695222411e+01
2.305000000000000000e+03 3.710023355589178351e+01
2.315000000000000000e+03 3.708786058742925462e+01
2.325000000000000000e+03 3.703236854626757690e+01
2.335000000000000000e+03 3.706950111366879952e+01
2.345000000000000000e+03 3.706755143898329408e+01
2.355000000000000000e+03 3.706815337207155636e+01
2.365000000000000000e+03 3.705997180075028297e+01
2.375000000000000000e+03 3.705464117567117199e+01
2.385000000000000000e+03 3.704841434264355371e+01
2.395000000000000000e+03 3.704751319538631549e+01
2.405000000000000000e+03 3.703815558963948007e+01
2.415000000000000000e+03 3.703423519496314498e+01
2.425000000000000000e+03 3.703480140525464037e+01
2.435000000000000000e+03 3.702258706182612968e+01
2.445000000000000000e+03 3.702314312049628597e+01
2.455000000000000000e+03 3.702192304538050394e+01
2.465000000000000000e+03 3.701331424021819316e+01
2.475000000000000000e+03 3.700773956315497060e+01
2.485000000000000000e+03 3.700458759654753749e+01
2.495000000000000000e+03 3.697755541537182467e+01
2.505000000000000000e+03 3.699477561922372360e+01
2.513000000000000000e+03 3.697585430378194360e+01
2.518000000000000000e+03 3.698807141427616330e+01
2.525000000000000000e+03 3.698022674181190439e+01
2.535000000000000000e+03 3.697403320422947104e+01
2.545000000000000000e+03 3.696547778623886416e+01
2.555000000000000000e+03 3.696923172473441355e+01
2.565000000000000000e+03 3.696336178652961735e+01
2.575000000000000000e+03 3.696322837963315777e+01
2.585000000000000000e+03 3.695894288650512038e+01
2.595000000000000000e+03 3.695400255955239288e+01
2.605000000000000000e+03 3.694761295365024978e+01
2.615000000000000000e+03 3.694256354121924346e+01
2.625000000000000000e+03 3.693923051561655058e+01
2.635000000000000000e+03 3.693528020445975812e+01
2.645000000000000000e+03 3.693680218448010066e+01
2.655000000000000000e+03 3.693363879960946150e+01
2.665000000000000000e+03 3.692186520850090403e+01
2.675000000000000000e+03 3.692168749793260218e+01
2.685000000000000000e+03 3.691935165934437890e+01
2.695000000000000000e+03 3.690747621451266980e+01
2.705000000000000000e+03 3.690493885586884915e+01
2.715000000000000000e+03 3.690035155422943092e+01
2.725000000000000000e+03 3.689464693279130358e+01
2.735000000000000000e+03 3.689452681369279219e+01
2.745000000000000000e+03 3.688019998489937734e+01
2.755000000000000000e+03 3.687840698093535963e+01
2.765000000000000000e+03 3.687531466386939627e+01
2.775000000000000000e+03 3.687743715598301719e+01
2.785000000000000000e+03 3.687106416955807475e+01
2.795000000000000000e+03 3.685290937419529200e+01
2.805000000000000000e+03 3.685762449507107874e+01
2.815000000000000000e+03 3.685992354580977803e+01
2.825000000000000000e+03 3.685309471821487648e+01
2.835000000000000000e+03 3.683980990453108006e+01
2.845000000000000000e+03 3.684329205012046771e+01
2.855000000000000000e+03 3.683853686418363793e+01
2.865000000000000000e+03 3.683827864288504372e+01
2.875000000000000000e+03 3.683323295890318860e+01
2.885000000000000000e+03 3.682908875381991720e+01
2.895000000000000000e+03 3.682431953820255899e+01
2.910000000000000000e+03 3.681819923923845295e+01
2.930000000000000000e+03 3.680889085573252828e+01
2.950000000000000000e+03 3.679721084718740798e+01
2.970000000000000000e+03 3.679244938088868366e+01
2.990000000000000000e+03 3.678308582374194202e+01
3.010000000000000000e+03 3.677326252591912947e+01
3.030000000000000000e+03 3.676852299328450613e+01
3.050000000000000000e+03 3.676041492512261044e+01
3.070000000000000000e+03 3.675207564778263958e+01
3.090000000000000000e+03 3.674154633164039296e+01
3.110000000000000000e+03 3.673554594796085837e+01
3.130000000000000000e+03 3.672634618314638288e+01
3.150000000000000000e+03 3.671940881395374845e+01
3.170000000000000000e+03 3.671093788617973530e+01
3.190000000000000000e+03 3.669914146678528510e+01
3.210000000000000000e+03 3.669586495608345444e+01
3.230000000000000000e+03 3.668623642386977224e+01
3.250000000000000000e+03 3.668084607019309118e+01
3.270000000000000000e+03 3.667443435379853867e+01
3.290000000000000000e+03 3.666667775309292665e+01
3.310000000000000000e+03 3.665941159164202645e+01
3.330000000000000000e+03 3.665156633116434648e+01
3.350000000000000000e+03 3.664294379422054249e+01
3.370000000000000000e+03 3.663406791264304729e+01
3.390000000000000000e+03 3.662766894732655487e+01
3.410000000000000000e+03 3.662121811914801839e+01
3.430000000000000000e+03 3.660900900239948896e+01
3.450000000000000000e+03 3.660238614328869033e+01
3.470000000000000000e+03 3.659909161229022345e+01
3.490000000000000000e+03 3.659368021185625253e+01
3.510000000000000000e+03 3.658923099614004570e+01
3.530000000000000000e+03 3.658050785494100410e+01
3.550000000000000000e+03 3.657725511470795254e+01
3.570000000000000000e+03 3.656478040163626275e+01
3.590000000000000000e+03 3.655415954669754086e+01
3.610000000000000000e+03 3.655080783255031918e+01
3.630000000000000000e+03 3.654812470146360681e+01
3.640000000000000000e+03 3.654965117818832709e+01
3.650000000000000000e+03 3.654624439550021009e+01
3.670000000000000000e+03 3.654470770401339763e+01
3.690000000000000000e+03 3.652124862066267497e+01
3.710000000000000000e+03 3.651039425285411255e+01
3.730000000000000000e+03 3.649154372677300273e+01
3.750000000000000000e+03 3.652805596458991033e+01
3.770000000000000000e+03 3.653505897066202124e+01
3.790000000000000000e+03 3.655968594776151548e+01
3.810000000000000000e+03 3.657995735080808686e+01
3.830000000000000000e+03 3.651597025843888389e+01
3.850000000000000000e+03 3.658258466254152097e+01
3.870000000000000000e+03 3.658639821270764969e+01
3.890000000000000000e+03 3.649543536363708540e+01
3.910000000000000000e+03 3.658714344924379702e+01
3.930000000000000000e+03 3.655927682891011443e+01
3.950000000000000000e+03 3.656496198409831777e+01
3.970000000000000000e+03 3.644833394509326752e+01
3.990000000000000000e+03 3.656780563337592582e+01
4.010000000000000000e+03 3.658142459196390917e+01
4.030000000000000000e+03 3.656534374130709608e+01
4.050000000000000000e+03 3.656917022303839815e+01
4.070000000000000000e+03 3.655229541893066170e+01
4.090000000000000000e+03 3.653796013248769725e+01
4.110000000000000000e+03 3.648042164212360916e+01
4.130000000000000000e+03 3.653680002762585843e+01
4.150000000000000000e+03 3.653483668098643022e+01
4.170000000000000000e+03 3.653117681516526716e+01
4.190000000000000000e+03 3.652951722112544530e+01
4.210000000000000000e+03 3.652569040746318763e+01
4.230000000000000000e+03 3.651520326905817626e+01
4.250000000000000000e+03 3.651813773967279531e+01
4.270000000000000000e+03 3.650396510461389710e+01
4.290000000000000000e+03 3.649863443315975076e+01
4.310000000000000000e+03 3.648139481146940000e+01
4.330000000000000000e+03 3.647328254306512463e+01
4.350000000000000000e+03 3.644632490061148644e+01
4.370000000000000000e+03 3.650294003397171139e+01
4.390000000000000000e+03 3.648352470559156302e+01
4.410000000000000000e+03 3.648515724731127108e+01
4.430000000000000000e+03 3.649228942498115202e+01
4.450000000000000000e+03 3.649117105497884239e+01
4.470000000000000000e+03 3.648321830351632400e+01
4.490000000000000000e+03 3.649512505991618383e+01
4.510000000000000000e+03 3.651472457088726742e+01
4.530000000000000000e+03 3.648669784331898569e+01
4.550000000000000000e+03 3.648832086787653850e+01
4.570000000000000000e+03 3.649842678595559420e+01
4.590000000000000000e+03 3.648836651799967967e+01
4.610000000000000000e+03 3.648936312349975708e+01
4.630000000000000000e+03 3.648154913980265235e+01
4.650000000000000000e+03 3.647855965204761475e+01
4.670000000000000000e+03 3.648573286429400753e+01
4.690000000000000000e+03 3.648161933466678164e+01
4.710000000000000000e+03 3.646804657085625934e+01
4.730000000000000000e+03 3.647211957515975200e+01
4.750000000000000000e+03 3.647542936319364060e+01
4.770000000000000000e+03 3.647474897947593320e+01
4.790000000000000000e+03 3.646875037428693389e+01
4.810000000000000000e+03 3.646618738547394400e+01
4.830000000000000000e+03 3.646825457030016793e+01
4.850000000000000000e+03 3.643927144751975788e+01
4.870000000000000000e+03 3.639719269008260483e+01
4.890000000000000000e+03 3.645539282107894508e+01
4.910000000000000000e+03 3.645413805010996100e+01
4.930000000000000000e+03 3.644044460941476160e+01
4.950000000000000000e+03 3.645597943284832354e+01
4.970000000000000000e+03 3.644795890077167400e+01
4.990000000000000000e+03 3.642942245672105628e+01
5.010000000000000000e+03 3.640998612684118996e+01
5.030000000000000000e+03 3.642410338399260894e+01
5.050000000000000000e+03 3.641701078799476932e+01
5.070000000000000000e+03 3.642653894254355151e+01
5.090000000000000000e+03 3.640518808282989482e+01
5.110000000000000000e+03 3.640887630431967636e+01
5.130000000000000000e+03 3.639289674920638618e+01
5.150000000000000000e+03 3.638491442274784760e+01
5.170000000000000000e+03 3.637355223901823820e+01
5.190000000000000000e+03 3.638266837784900076e+01
5.210000000000000000e+03 3.638578926427285865e+01
5.230000000000000000e+03 3.640929470786846878e+01
5.250000000000000000e+03 3.641544605939890289e+01
5.270000000000000000e+03 3.638504474144016854e+01
5.290000000000000000e+03 3.641746656156161066e+01
5.310000000000000000e+03 3.643409030688336259e+01
5.330000000000000000e+03 3.639860530724681809e+01
5.350000000000000000e+03 3.642331338049679346e+01
5.370000000000000000e+03 3.642173858693851685e+01
5.390000000000000000e+03 3.640654391239318244e+01
5.410000000000000000e+03 3.640579310561321336e+01
5.430000000000000000e+03 3.640415845801467043e+01
5.450000000000000000e+03 3.641761665621739041e+01
5.470000000000000000e+03 3.640645703011880130e+01
5.490000000000000000e+03 3.640332598791150076e+01
5.510000000000000000e+03 3.640057387890833240e+01
5.530000000000000000e+03 3.641238888926231709e+01
5.550000000000000000e+03 3.641590825490217043e+01
5.570000000000000000e+03 3.640997262654438771e+01
5.590000000000000000e+03 3.640069737866217281e+01
5.610000000000000000e+03 3.641364823651013438e+01
5.630000000000000000e+03 3.640652696363719798e+01
5.650000000000000000e+03 3.640890458376225780e+01
5.670000000000000000e+03 3.639880862126765493e+01
5.690000000000000000e+03 3.640957435803228748e+01
5.710000000000000000e+03 3.639210657007099314e+01
5.730000000000000000e+03 3.642000296225555900e+01
5.750000000000000000e+03 3.640610707689918968e+01
5.770000000000000000e+03 3.641182336386457052e+01
5.790000000000000000e+03 3.639232491572469286e+01
5.810000000000000000e+03 3.641061196538564104e+01
5.830000000000000000e+03 3.642213470805690179e+01
5.850000000000000000e+03 3.640919194777767132e+01
5.870000000000000000e+03 3.640675839466663177e+01
5.890000000000000000e+03 3.635937135500101647e+01
5.910000000000000000e+03 3.640340855343380611e+01
5.930000000000000000e+03 3.640547048611571057e+01
5.950000000000000000e+03 3.640268235370567140e+01
5.970000000000000000e+03 3.641297897442265707e+01
5.990000000000000000e+03 3.640151132885419827e+01
6.010000000000000000e+03 3.639570355531949986e+01
6.030000000000000000e+03 3.640685180586821446e+01
6.050000000000000000e+03 3.641139816083033764e+01
6.070000000000000000e+03 3.640890634173695872e+01
6.090000000000000000e+03 3.639243977214710668e+01
6.110000000000000000e+03 3.639569188218094098e+01
6.130000000000000000e+03 3.637248165811571710e+01
6.150000000000000000e+03 3.638628253544626290e+01
6.170000000000000000e+03 3.637224150661693045e+01
6.190000000000000000e+03 3.639212991302692046e+01
6.210000000000000000e+03 3.638621238095718979e+01
6.230000000000000000e+03 3.637424020059515328e+01
6.250000000000000000e+03 3.635756846104775519e+01
6.270000000000000000e+03 3.637387292875160938e+01
6.290000000000000000e+03 3.638401691523512937e+01
6.310000000000000000e+03 3.637424645233278397e+01
6.330000000000000000e+03 3.638139852488865955e+01
6.350000000000000000e+03 3.638333499195819343e+01
6.370000000000000000e+03 3.637993922416199410e+01
6.390000000000000000e+03 3.638454293622713465e+01
6.410000000000000000e+03 3.637886253392044722e+01
6.430000000000000000e+03 3.637995541252959697e+01
6.450000000000000000e+03 3.638151000823766879e+01
6.470000000000000000e+03 3.637993529870959009e+01
6.490000000000000000e+03 3.636744858106200695e+01
6.510000000000000000e+03 3.638120685135031351e+01
6.530000000000000000e+03 3.638117483353601500e+01
6.550000000000000000e+03 3.637024065166107789e+01
6.570000000000000000e+03 3.635383155254645970e+01
6.590000000000000000e+03 3.637731539941150061e+01
6.610000000000000000e+03 3.637992747955541972e+01
6.630000000000000000e+03 3.638000759524848604e+01
6.650000000000000000e+03 3.638004809943249285e+01
6.670000000000000000e+03 3.637047168155267940e+01
6.690000000000000000e+03 3.638079545348148969e+01
6.710000000000000000e+03 3.636358738012106073e+01
6.730000000000000000e+03 3.637989310813146915e+01
6.750000000000000000e+03 3.637002725086563260e+01
6.770000000000000000e+03 3.637339120264319092e+01
6.790000000000000000e+03 3.636879005448157898e+01
6.810000000000000000e+03 3.637064252726155900e+01
6.830000000000000000e+03 3.637555167505290399e+01
6.850000000000000000e+03 3.636396163279515292e+01
6.870000000000000000e+03 3.636922392343267063e+01
6.890000000000000000e+03 3.637737057931583706e+01
6.910000000000000000e+03 3.637377501534043489e+01
6.930000000000000000e+03 3.636725609917353808e+01
6.950000000000000000e+03 3.636152298379870729e+01
6.970000000000000000e+03 3.636762116102458720e+01
6.990000000000000000e+03 3.636031153507612146e+01
7.010000000000000000e+03 3.635331445054141852e+01
7.030000000000000000e+03 3.636174871166267053e+01
7.050000000000000000e+03 3.636862410118093436e+01
7.070000000000000000e+03 3.635582848059983263e+01
7.090000000000000000e+03 3.634977681363764646e+01
7.110000000000000000e+03 3.633769358632805790e+01
7.130000000000000000e+03 3.632991322994134720e+01
7.150000000000000000e+03 3.633232723355625637e+01
7.170000000000000000e+03 3.634030910155371430e+01
7.190000000000000000e+03 3.632812110503346048e+01
7.210000000000000000e+03 3.633867055667258228e+01
7.230000000000000000e+03 3.634879755116047306e+01
7.250000000000000000e+03 3.634769808260361401e+01
7.270000000000000000e+03 3.634755383526405126e+01
7.290000000000000000e+03 3.633937652968316456e+01
7.310000000000000000e+03 3.634545692932999827e+01
7.330000000000000000e+03 3.634613511383602713e+01
7.350000000000000000e+03 3.634423110338565266e+01
7.370000000000000000e+03 3.635611853679631622e+01
7.390000000000000000e+03 3.634743346134281694e+01
7.410000000000000000e+03 3.634311006575800462e+01
7.430000000000000000e+03 3.634984251474205763e+01
7.450000000000000000e+03 3.635153532666062404e+01
7.470000000000000000e+03 3.635098521213292599e+01
7.490000000000000000e+03 3.634768931492257593e+01
7.510000000000000000e+03 3.635512272839331160e+01
7.530000000000000000e+03 3.635835531418339173e+01
7.550000000000000000e+03 3.636111292006538065e+01
7.570000000000000000e+03 3.635765585554997870e+01
7.590000000000000000e+03 3.635357349024471318e+01
7.610000000000000000e+03 3.635461778435599456e+01
7.630000000000000000e+03 3.635519257399897697e+01
7.650000000000000000e+03 3.635579431464090305e+01
7.670000000000000000e+03 3.634100402974011956e+01
7.690000000000000000e+03 3.635388217147767875e+01
7.710000000000000000e+03 3.634349355198617815e+01
7.730000000000000000e+03 3.634481059392899738e+01
7.750000000000000000e+03 3.634244080940513300e+01
7.770000000000000000e+03 3.635083547667606751e+01
7.790000000000000000e+03 3.635097253968352504e+01
7.810000000000000000e+03 3.635099948108319268e+01
7.830000000000000000e+03 3.634613960512342601e+01
7.850000000000000000e+03 3.634070618887970738e+01
7.870000000000000000e+03 3.634535361215129967e+01
7.890000000000000000e+03 3.632994110897850248e+01
7.910000000000000000e+03 3.631896813002570923e+01
7.930000000000000000e+03 3.632260161195856085e+01
7.950000000000000000e+03 3.631267336705713689e+01
7.970000000000000000e+03 3.633135168261837578e+01
7.990000000000000000e+03 3.632906307870671014e+01
8.010000000000000000e+03 3.633859541823325401e+01
8.030000000000000000e+03 3.633829080293563152e+01
8.050000000000000000e+03 3.633536853455719751e+01
8.070000000000000000e+03 3.633170299461986019e+01
8.090000000000000000e+03 3.632445319393960403e+01
8.110000000000000000e+03 3.632456801183579387e+01
8.130000000000000000e+03 3.633019897079667260e+01
8.150000000000000000e+03 3.633010057316410268e+01
8.170000000000000000e+03 3.633057006740929751e+01
8.190000000000000000e+03 3.632293462433418796e+01
8.210000000000000000e+03 3.632058519416001729e+01
8.230000000000000000e+03 3.632674946767907187e+01
8.250000000000000000e+03 3.632691467821256026e+01
8.270000000000000000e+03 3.633249406722335095e+01
8.290000000000000000e+03 3.632917681733140114e+01
8.310000000000000000e+03 3.631616225241290863e+01
8.330000000000000000e+03 3.631609187959371354e+01
8.350000000000000000e+03 3.631647526996520270e+01
8.370000000000000000e+03 3.631889250185074047e+01
8.390000000000000000e+03 3.630265482884877315e+01
8.410000000000000000e+03 3.631978294389985251e+01
8.430000000000000000e+03 3.630523406472069325e+01
8.450000000000000000e+03 3.631377845974023444e+01
8.470000000000000000e+03 3.631269685420719640e+01
8.490000000000000000e+03 3.630893345196705013e+01
8.510000000000000000e+03 3.628781078185549802e+01
8.530000000000000000e+03 3.630504679057992945e+01
8.550000000000000000e+03 3.623501015145399151e+01
8.570000000000000000e+03 3.631715080547432706e+01
8.590000000000000000e+03 3.631089450934025820e+01
8.610000000000000000e+03 3.631092094481612520e+01
8.630000000000000000e+03 3.631623158722767641e+01
8.650000000000000000e+03 3.631198670739530598e+01
8.670000000000000000e+03 3.624029720412201527e+01
8.690000000000000000e+03 3.629905899460052865e+01
8.710000000000000000e+03 3.631292142599284034e+01
8.730000000000000000e+03 3.631325069537184191e+01
8.750000000000000000e+03 3.630519720284510754e+01
8.770000000000000000e+03 3.631220065137114261e+01
8.790000000000000000e+03 3.631234422048558486e+01
8.810000000000000000e+03 3.630306025782655155e+01
8.830000000000000000e+03 3.630635869758349799e+01
8.850000000000000000e+03 3.630859466062382523e+01
8.870000000000000000e+03 3.629821324318392328e+01
8.890000000000000000e+03 3.631009827907757881e+01
8.910000000000000000e+03 3.631393652979806319e+01
8.930000000000000000e+03 3.630439059078001662e+01
8.950000000000000000e+03 3.630138006215844371e+01
8.970000000000000000e+03 3.630368697746909845e+01
8.990000000000000000e+03 3.630358139694016018e+01
9.010000000000000000e+03 3.628431644315062243e+01
9.030000000000000000e+03 3.629704999045338809e+01
9.050000000000000000e+03 3.630722560905589091e+01
9.070000000000000000e+03 3.630456637184768454e+01
9.090000000000000000e+03 3.628994499475324176e+01
9.110000000000000000e+03 3.629504136566048800e+01
9.130000000000000000e+03 3.629975209934556091e+01
9.150000000000000000e+03 3.629705702382247523e+01
9.170000000000000000e+03 3.629637259401030747e+01
9.190000000000000000e+03 3.630013705088364873e+01
9.210000000000000000e+03 3.628953088045651043e+01
9.230000000000000000e+03 3.628802203307185437e+01
9.250000000000000000e+03 3.628678859381408017e+01
9.270000000000000000e+03 3.628862336765487839e+01
9.290000000000000000e+03 3.628685762855343455e+01
9.310000000000000000e+03 3.629144866836026040e+01
9.330000000000000000e+03 3.628898133224348044e+01
9.350000000000000000e+03 3.628657366392937433e+01
9.370000000000000000e+03 3.627682411021608999e+01
9.390000000000000000e+03 3.628489113696409163e+01
9.410000000000000000e+03 3.627563183820367243e+01
9.430000000000000000e+03 3.628406983005966424e+01
9.450000000000000000e+03 3.627455707837474108e+01
9.470000000000000000e+03 3.628150034289455306e+01
9.490000000000000000e+03 3.628099189665388735e+01
9.510000000000000000e+03 3.627794629370416857e+01
9.530000000000000000e+03 3.627567430105533219e+01
9.550000000000000000e+03 3.626244165802700081e+01
9.570000000000000000e+03 3.626711784622607837e+01
9.590000000000000000e+03 3.627529778447348008e+01
9.610000000000000000e+03 3.626804879407048077e+01
9.630000000000000000e+03 3.626938589316923611e+01
9.650000000000000000e+03 3.625906239673108189e+01
9.670000000000000000e+03 3.625860426073714393e+01
9.690000000000000000e+03 3.626443257372515916e+01
9.710000000000000000e+03 3.626091893298779212e+01
9.730000000000000000e+03 3.625601446837390540e+01
9.750000000000000000e+03 3.625521171857936054e+01
9.770000000000000000e+03 3.625610066667094600e+01
9.790000000000000000e+03 3.624705123104965310e+01
9.810000000000000000e+03 3.626005885716431010e+01
9.830000000000000000e+03 3.625570697343872695e+01
9.850000000000000000e+03 3.625866915978994598e+01
9.870000000000000000e+03 3.625477429604474366e+01
9.890000000000000000e+03 3.625397303593436504e+01
9.910000000000000000e+03 3.625251619725837315e+01
9.930000000000000000e+03 3.625223680644677415e+01
9.950000000000000000e+03 3.625121508819013627e+01
9.970000000000000000e+03 3.625119793310287264e+01
9.990000000000000000e+03 3.624902275800005214e+01
1.002500000000000000e+04 3.624084532340665987e+01
1.007500000000000000e+04 3.623370045812427520e+01
1.012500000000000000e+04 3.623664845948918867e+01
1.017500000000000000e+04 3.622974272640269078e+01
1.022500000000000000e+04 3.622964833210379254e+01
1.027500000000000000e+04 3.622930731096374046e+01
1.032500000000000000e+04 3.621941229907723425e+01
1.037500000000000000e+04 3.621565334360988686e+01
1.042500000000000000e+04 3.621686033299751983e+01
1.047500000000000000e+04 3.621202968177526316e+01
1.052500000000000000e+04 3.621169459684271885e+01
1.057500000000000000e+04 3.620502468481120673e+01
1.062500000000000000e+04 3.620280722416539732e+01
1.067500000000000000e+04 3.619346018265282083e+01
1.072500000000000000e+04 3.619305099536545356e+01
1.077500000000000000e+04 3.618791930285810565e+01
1.082500000000000000e+04 3.618153413750864900e+01
1.087500000000000000e+04 3.618061705891593505e+01
1.092500000000000000e+04 3.618077311319348155e+01
1.097500000000000000e+04 3.617512239960167619e+01
1.102500000000000000e+04 3.617644146127346261e+01
1.107500000000000000e+04 3.617451983103826763e+01
1.112500000000000000e+04 3.617069978158446730e+01
1.117500000000000000e+04 3.616467104067289284e+01
1.122500000000000000e+04 3.616426921578057829e+01
1.127500000000000000e+04 3.615705744032641888e+01
1.132500000000000000e+04 3.615410851953588889e+01
1.137500000000000000e+04 3.614918898769316513e+01
1.142500000000000000e+04 3.614422181813575463e+01
1.147500000000000000e+04 3.614783148375370558e+01
1.152500000000000000e+04 3.614633467104995646e+01
1.157500000000000000e+04 3.613902779298963708e+01
1.162500000000000000e+04 3.613202692640231106e+01
1.167500000000000000e+04 3.613178619508370559e+01
1.172500000000000000e+04 3.613425684498946566e+01
1.177500000000000000e+04 3.612556231356041536e+01
1.182500000000000000e+04 3.612213797583198982e+01
1.187500000000000000e+04 3.611394594897740262e+01
1.192500000000000000e+04 3.612147203426340525e+01
1.197500000000000000e+04 3.610391136396217604e+01
1.202500000000000000e+04 3.611306361596216163e+01
1.207500000000000000e+04 3.610703408533109382e+01
1.212500000000000000e+04 3.610616286402081698e+01
1.217500000000000000e+04 3.610651947133118256e+01
1.222500000000000000e+04 3.610235001205710148e+01
1.227500000000000000e+04 3.609885941522566100e+01
1.232500000000000000e+04 3.609536667383128616e+01
1.237500000000000000e+04 3.609364306574939008e+01
1.242500000000000000e+04 3.608985320479863645e+01
1.247500000000000000e+04 3.608877888455685934e+01
1.252500000000000000e+04 3.608298983323513909e+01
1.257500000000000000e+04 3.608189419374240003e+01
1.262500000000000000e+04 3.607895137832930743e+01
1.267500000000000000e+04 3.607470135518571652e+01
1.272500000000000000e+04 3.607419655188013508e+01
1.277500000000000000e+04 3.607402254470153480e+01
1.282500000000000000e+04 3.605729869344447280e+01
1.287500000000000000e+04 3.606368273803235525e+01
1.292500000000000000e+04 3.605721012799618563e+01
1.297500000000000000e+04 3.606243887990873276e+01
1.302500000000000000e+04 3.605645365910181965e+01
1.307500000000000000e+04 3.605821744856520183e+01
1.312500000000000000e+04 3.605006243812272260e+01
1.317500000000000000e+04 3.604878409587125532e+01
1.322500000000000000e+04 3.604863129191151927e+01
1.327500000000000000e+04 3.604028357359750601e+01
1.332500000000000000e+04 3.604432897513306955e+01
1.337500000000000000e+04 3.603947602328975819e+01
1.342500000000000000e+04 3.604214809602190428e+01
1.347500000000000000e+04 3.603942879348110750e+01
1.352500000000000000e+04 3.603764922825506289e+01
1.357500000000000000e+04 3.602998362032255386e+01
1.362500000000000000e+04 3.602689572986884770e+01
1.367500000000000000e+04 3.602893110742519411e+01
1.372500000000000000e+04 3.603041013044307306e+01
1.377500000000000000e+04 3.602664426163806866e+01
1.382500000000000000e+04 3.602690242695646816e+01
1.387500000000000000e+04 3.602094820018501764e+01
1.392500000000000000e+04 3.602393486768669106e+01
1.397500000000000000e+04 3.602385262730086879e+01
1.402500000000000000e+04 3.601570792472649885e+01
1.407500000000000000e+04 3.602002616385900069e+01
1.412500000000000000e+04 3.601432153781821199e+01
1.417500000000000000e+04 3.601793490951676802e+01
1.422500000000000000e+04 3.601047634085180960e+01
1.427500000000000000e+04 3.600270403663319030e+01
1.432500000000000000e+04 3.601109681036618326e+01
1.437500000000000000e+04 3.601203768728220211e+01
1.442500000000000000e+04 3.599941155103492463e+01
1.447500000000000000e+04 3.600814509957926646e+01
1.452500000000000000e+04 3.600201726984779782e+01
1.457000000000000000e+04 3.600400727539707191e+01
1.462000000000000000e+04 3.600437826285062215e+01
1.467500000000000000e+04 3.600366529009167493e+01
1.472500000000000000e+04 3.599477418857593136e+01
1.477500000000000000e+04 3.599862794043322367e+01
1.482500000000000000e+04 3.599744656367943207e+01
1.487500000000000000e+04 3.599280453398655766e+01
1.492500000000000000e+04 3.600104684901093322e+01
1.497500000000000000e+04 3.599473518061037680e+01
1.502500000000000000e+04 3.599230938287041681e+01
1.507500000000000000e+04 3.598669854048181804e+01
1.512500000000000000e+04 3.599397248069083588e+01
1.517500000000000000e+04 3.599393577115632326e+01
1.522500000000000000e+04 3.599344784379383810e+01
1.527500000000000000e+04 3.599539052724296084e+01
1.532500000000000000e+04 3.599134271800822660e+01
1.537500000000000000e+04 3.599553442941419945e+01
1.542500000000000000e+04 3.599463490974804358e+01
1.547500000000000000e+04 3.599424985191490123e+01
1.552500000000000000e+04 3.598764198997361063e+01
1.557500000000000000e+04 3.596985412697893025e+01
1.562500000000000000e+04 3.598043076768450987e+01
1.567500000000000000e+04 3.597732280431070961e+01
1.572500000000000000e+04 3.598464855857760369e+01
1.577500000000000000e+04 3.595101777163380063e+01
1.582500000000000000e+04 3.596220022648816439e+01
1.587500000000000000e+04 3.595822742884422496e+01
1.592500000000000000e+04 3.597113169466297933e+01
1.597500000000000000e+04 3.595590845582916728e+01
1.605000000000000000e+04 3.596065926739824192e+01
1.615000000000000000e+04 3.595900067148714641e+01
1.625000000000000000e+04 3.595133707878978413e+01
1.635000000000000000e+04 3.596231124304918580e+01
1.645000000000000000e+04 3.593217639619960835e+01
1.655000000000000000e+04 3.594820693248628629e+01
1.665000000000000000e+04 3.592347289088154128e+01
1.675000000000000000e+04 3.593006708020850226e+01
1.685000000000000000e+04 3.590987240191335417e+01
1.695000000000000000e+04 3.591913619248589384e+01
1.705000000000000000e+04 3.590200026901542429e+01
1.715000000000000000e+04 3.590135339671702042e+01
1.725000000000000000e+04 3.589216165516074852e+01
1.735000000000000000e+04 3.587758392374409766e+01
1.745000000000000000e+04 3.587864314564593826e+01
1.755000000000000000e+04 3.586809771970848715e+01
1.765000000000000000e+04 3.586508361377045873e+01
1.775000000000000000e+04 3.585419575807520687e+01
1.785000000000000000e+04 3.585059737237344990e+01
1.795000000000000000e+04 3.584340526674162675e+01
1.805000000000000000e+04 3.583160440895820642e+01
1.815000000000000000e+04 3.582690465402608027e+01
1.825000000000000000e+04 3.581879554072045835e+01
1.835000000000000000e+04 3.581084148329899364e+01
1.845000000000000000e+04 3.580199125024902429e+01
1.855000000000000000e+04 3.579732256675481494e+01
1.865000000000000000e+04 3.578562454705330964e+01
1.875000000000000000e+04 3.577789731775158089e+01
1.885000000000000000e+04 3.577465163057222952e+01
1.895000000000000000e+04 3.575580424114640721e+01
1.905000000000000000e+04 3.576337338702948898e+01
1.915000000000000000e+04 3.575384920505529607e+01
1.925000000000000000e+04 3.574823995937532572e+01
1.935000000000000000e+04 3.573560130516185041e+01
1.945000000000000000e+04 3.572751731592313718e+01
1.955000000000000000e+04 3.572537296249979022e+01
1.965000000000000000e+04 3.571748281195571906e+01
1.975000000000000000e+04 3.570817844302005994e+01
1.985000000000000000e+04 3.570300481425366712e+01
1.995000000000000000e+04 3.569644992894805569e+01
2.005000000000000000e+04 3.569509054660606040e+01
2.015000000000000000e+04 3.568919074919111267e+01
2.025000000000000000e+04 3.567566200001607513e+01
2.035000000000000000e+04 3.566915293248057139e+01
2.045000000000000000e+04 3.566898439195091441e+01
2.055000000000000000e+04 3.566075883676434444e+01
2.065000000000000000e+04 3.565206713095534496e+01
2.075000000000000000e+04 3.564624690975832522e+01
2.085000000000000000e+04 3.563858439541790801e+01
2.095000000000000000e+04 3.562932741056052777e+01
2.105000000000000000e+04 3.562783793841726521e+01
2.115000000000000000e+04 3.561877943247212386e+01
2.125000000000000000e+04 3.561184470330686480e+01
2.135000000000000000e+04 3.560921641176799568e+01
2.145000000000000000e+04 3.560197375225016003e+01
2.155000000000000000e+04 3.559512082885172646e+01
2.165000000000000000e+04 3.558615817398151648e+01
2.175000000000000000e+04 3.557849523862503816e+01
2.185000000000000000e+04 3.557344362824154871e+01
2.195000000000000000e+04 3.556826211928569137e+01
2.205000000000000000e+04 3.555570391097380423e+01
2.215000000000000000e+04 3.555683462630542380e+01
2.225000000000000000e+04 3.554322074616490568e+01
2.235000000000000000e+04 3.553934303590321520e+01
2.245000000000000000e+04 3.553387757144403736e+01
2.255000000000000000e+04 3.552908240765134451e+01
2.265000000000000000e+04 3.551925526428954072e+01
2.275000000000000000e+04 3.551798482852237271e+01
2.285000000000000000e+04 3.550781335270055195e+01
2.295000000000000000e+04 3.542541640501077183e+01
2.305000000000000000e+04 3.546391843894672036e+01
2.315000000000000000e+04 3.545777649742541371e+01
2.325000000000000000e+04 3.538349338592990989e+01
2.335000000000000000e+04 3.542274559830867986e+01
2.345000000000000000e+04 3.541018449801294565e+01
2.355000000000000000e+04 3.533884486101212019e+01
2.365000000000000000e+04 3.538780331462612594e+01
2.375000000000000000e+04 3.537255626921117369e+01
2.385000000000000000e+04 3.531514393124174944e+01
2.395000000000000000e+04 3.535575187240777950e+01
2.405000000000000000e+04 3.535240360869048715e+01
2.415000000000000000e+04 3.530074062661397249e+01
2.425000000000000000e+04 3.533331429206390339e+01
2.435000000000000000e+04 3.533127778768008653e+01
2.445000000000000000e+04 3.529953579636004690e+01
2.455000000000000000e+04 3.530099432271651239e+01
2.465000000000000000e+04 3.531892403547519166e+01
2.475000000000000000e+04 3.530133545739526113e+01
2.485000000000000000e+04 3.527496463483002032e+01
2.495000000000000000e+04 3.529451353327517893e+01
2.505000000000000000e+04 3.530940839830459765e+01
2.515000000000000000e+04 3.526106140172075243e+01
2.525000000000000000e+04 3.528482326862496166e+01
2.535000000000000000e+04 3.528581095938407941e+01
2.545000000000000000e+04 3.527396642640623270e+01
2.555000000000000000e+04 3.526418615844543325e+01
2.565000000000000000e+04 3.526875992379124369e+01
2.575000000000000000e+04 3.527131964083245208e+01
2.585000000000000000e+04 3.524265756037625863e+01
2.595000000000000000e+04 3.525041764587957971e+01
2.605000000000000000e+04 3.525714384783169209e+01
2.615000000000000000e+04 3.524443463346144512e+01
2.625000000000000000e+04 3.523810650068001848e+01
2.635000000000000000e+04 3.524202204735006205e+01
2.645000000000000000e+04 3.523946489362469237e+01
2.655000000000000000e+04 3.522903659198893678e+01
2.665000000000000000e+04 3.522007554083953806e+01
2.675000000000000000e+04 3.523345041958058488e+01
2.685000000000000000e+04 3.522623466028819905e+01
2.695000000000000000e+04 3.521030585829673498e+01
2.705000000000000000e+04 3.521646733840781707e+01
2.715000000000000000e+04 3.521174325059448051e+01
2.725000000000000000e+04 3.521157480218755609e+01
2.735000000000000000e+04 3.519573952466611644e+01
2.745000000000000000e+04 3.519967285546830738e+01
2.755000000000000000e+04 3.519982401863041588e+01
2.765000000000000000e+04 3.519098556628784280e+01
2.775000000000000000e+04 3.518110359700322931e+01
2.785000000000000000e+04 3.518284604571638852e+01
2.795000000000000000e+04 3.518247969742942871e+01
2.805000000000000000e+04 3.517671454180191404e+01
2.815000000000000000e+04 3.516759111455051112e+01
2.825000000000000000e+04 3.516599238741510192e+01
2.835000000000000000e+04 3.516457713539397645e+01
2.845000000000000000e+04 3.515869038744910569e+01
2.855000000000000000e+04 3.515306975553163937e+01
2.865000000000000000e+04 3.514868329005906844e+01
2.875000000000000000e+04 3.514463114417279854e+01
2.885000000000000000e+04 3.513992527960947854e+01
2.895000000000000000e+04 3.513515363343422138e+01
2.905000000000000000e+04 3.512986602300331640e+01
2.915000000000000000e+04 3.512642408687699458e+01
2.925000000000000000e+04 3.511746673906480964e+01
2.935000000000000000e+04 3.511773857121929865e+01
2.945000000000000000e+04 3.511016752539666186e+01
2.955000000000000000e+04 3.510573733344993741e+01
2.965000000000000000e+04 3.510284704466143069e+01
2.975000000000000000e+04 3.509780882714673567e+01
2.985000000000000000e+04 3.509180125811162299e+01
2.995000000000000000e+04 3.508696197257775395e+01
3.005000000000000000e+04 3.508169980366493235e+01
3.015000000000000000e+04 3.507792591168054486e+01
3.025000000000000000e+04 3.507154771626942136e+01
3.035000000000000000e+04 3.506476003266304531e+01
3.045000000000000000e+04 3.506237308314217671e+01
3.055000000000000000e+04 3.505618088330233206e+01
3.065000000000000000e+04 3.505091135635899491e+01
3.075000000000000000e+04 3.504710324253638021e+01
3.085000000000000000e+04 3.504009427758862927e+01
3.095000000000000000e+04 3.503540988957732338e+01
3.105000000000000000e+04 3.503208611826689634e+01
3.115000000000000000e+04 3.502372202562807502e+01
3.125000000000000000e+04 3.502109651244472843e+01
3.135000000000000000e+04 3.501628311334619781e+01
3.145000000000000000e+04 3.501085804707282989e+01
3.155000000000000000e+04 3.500483335010077468e+01
3.165000000000000000e+04 3.499947260583692810e+01
3.175000000000000000e+04 3.499569316839696853e+01
3.185000000000000000e+04 3.499041119217680773e+01
3.195000000000000000e+04 3.498596619053851242e+01
3.210000000000000000e+04 3.497771706325565333e+01
3.230000000000000000e+04 3.496716611314043632e+01
3.250000000000000000e+04 3.495710668022536538e+01
3.270000000000000000e+04 3.494690347862385948e+01
3.290000000000000000e+04 3.493618867306296494e+01
3.310000000000000000e+04 3.492640240926498052e+01
3.330000000000000000e+04 3.491591766759948712e+01
3.350000000000000000e+04 3.490768372385296914e+01
3.370000000000000000e+04 3.489726780568187792e+01
3.390000000000000000e+04 3.488670770726510284e+01
3.410000000000000000e+04 3.487652094044234019e+01
3.430000000000000000e+04 3.486898969743253929e+01
3.450000000000000000e+04 3.485977897167445860e+01
3.470000000000000000e+04 3.485012568615487538e+01
3.490000000000000000e+04 3.484089219904304002e+01
3.510000000000000000e+04 3.483218533226278169e+01
3.530000000000000000e+04 3.482145471111429202e+01
3.550000000000000000e+04 3.481331686485507504e+01
3.570000000000000000e+04 3.480368982177584058e+01
3.590000000000000000e+04 3.479438496971730643e+01
3.610000000000000000e+04 3.478622572086916875e+01
3.630000000000000000e+04 3.477743321339298177e+01
3.650000000000000000e+04 3.476654046392897612e+01
3.670000000000000000e+04 3.475759357380391634e+01
3.690000000000000000e+04 3.474662866696944263e+01
3.710000000000000000e+04 3.473694819412308732e+01
3.730000000000000000e+04 3.473065976607833250e+01
3.750000000000000000e+04 3.471878566448707204e+01
3.770000000000000000e+04 3.471319853071894102e+01
3.790000000000000000e+04 3.470432437376588553e+01
3.810000000000000000e+04 3.469677367368041132e+01
3.830000000000000000e+04 3.468915162678893438e+01
3.850000000000000000e+04 3.468098897299996253e+01
3.870000000000000000e+04 3.467031655840116144e+01
3.890000000000000000e+04 3.466298529945968454e+01
3.910000000000000000e+04 3.465532800906017030e+01
3.930000000000000000e+04 3.464708038880174001e+01
3.950000000000000000e+04 3.463678047560885886e+01
3.970000000000000000e+04 3.462926889393504126e+01
3.990000000000000000e+04 3.461754160805838154e+01
4.010000000000000000e+04 3.461183968120063525e+01
4.030000000000000000e+04 3.460533982685993948e+01
4.050000000000000000e+04 3.459613832273435463e+01
4.070000000000000000e+04 3.458858540281552507e+01
4.090000000000000000e+04 3.458078769417585363e+01
4.110000000000000000e+04 3.457300017953176052e+01
4.130000000000000000e+04 3.456574685493731636e+01
4.150000000000000000e+04 3.455713986496155599e+01
4.170000000000000000e+04 3.454859135389628477e+01
4.190000000000000000e+04 3.454034191454553593e+01
4.210000000000000000e+04 3.453147483523237327e+01
4.230000000000000000e+04 3.452652355008650176e+01
4.250000000000000000e+04 3.451695264620272496e+01
4.270000000000000000e+04 3.451063757574476654e+01
4.290000000000000000e+04 3.447267403443360223e+01
4.310000000000000000e+04 3.443472986395375557e+01
4.330000000000000000e+04 3.444409755121522210e+01
4.350000000000000000e+04 3.440787600980605987e+01
4.370000000000000000e+04 3.439167738721695144e+01
4.390000000000000000e+04 3.437623660667522785e+01
4.410000000000000000e+04 3.434019173109297896e+01
4.430000000000000000e+04 3.433776229086454634e+01
4.450000000000000000e+04 3.432520755769979104e+01
4.470000000000000000e+04 3.429574858904693002e+01
4.490000000000000000e+04 3.430747126137998038e+01
4.510000000000000000e+04 3.428897350790335707e+01
4.530000000000000000e+04 3.426939967266569909e+01
4.550000000000000000e+04 3.427574171405272807e+01
4.570000000000000000e+04 3.426906624255630618e+01
4.590000000000000000e+04 3.424360296940999149e+01
4.610000000000000000e+04 3.425742257146720959e+01
4.630000000000000000e+04 3.424366288514314505e+01
4.650000000000000000e+04 3.424139271889433189e+01
4.670000000000000000e+04 3.424254537656213415e+01
4.690000000000000000e+04 3.423124633415837081e+01
4.710000000000000000e+04 3.421991348638169939e+01
4.730000000000000000e+04 3.422929450291749731e+01
4.750000000000000000e+04 3.421699954991881043e+01
4.770000000000000000e+04 3.421147802470345312e+01
4.790000000000000000e+04 3.420760619828111260e+01
4.810000000000000000e+04 3.419297920419548831e+01
4.830000000000000000e+04 3.420408186718199772e+01
4.850000000000000000e+04 3.419338632873416373e+01
4.870000000000000000e+04 3.418193777467663352e+01
4.890000000000000000e+04 3.417842657890359703e+01
4.910000000000000000e+04 3.417234982612214367e+01
4.930000000000000000e+04 3.416621972443103061e+01
4.950000000000000000e+04 3.415672217494529406e+01
4.970000000000000000e+04 3.416006445420554627e+01
4.990000000000000000e+04 3.415236869182802337e+01
5.010000000000000000e+04 3.414905447163947372e+01
5.030000000000000000e+04 3.414376279041231754e+01
5.050000000000000000e+04 3.413057317535150048e+01
5.070000000000000000e+04 3.413025183652152350e+01
5.090000000000000000e+04 3.412507281058903175e+01
5.110000000000000000e+04 3.411612800292057557e+01
5.130000000000000000e+04 3.411480931259935545e+01
5.150000000000000000e+04 3.410558988244324752e+01
5.170000000000000000e+04 3.410977905325810866e+01
5.190000000000000000e+04 3.409963562933380388e+01
5.210000000000000000e+04 3.409560319666331907e+01
5.230000000000000000e+04 3.408752219909763426e+01
5.250000000000000000e+04 3.408664708934635001e+01
5.270000000000000000e+04 3.409109104726546491e+01
5.290000000000000000e+04 3.407449533725984736e+01
5.310000000000000000e+04 3.406718831730560737e+01
5.330000000000000000e+04 3.406815110384739853e+01
5.350000000000000000e+04 3.406243859400906615e+01
5.370000000000000000e+04 3.405872754184036211e+01
5.390000000000000000e+04 3.405496002481131512e+01
5.410000000000000000e+04 3.405073305949169082e+01
5.430000000000000000e+04 3.404090729408211047e+01
5.450000000000000000e+04 3.404358746829676363e+01
5.470000000000000000e+04 3.403237352172723718e+01
5.490000000000000000e+04 3.403176572580056813e+01
5.510000000000000000e+04 3.402262940109311984e+01
5.530000000000000000e+04 3.403354043227104597e+01
5.550000000000000000e+04 3.401475180264752396e+01
5.570000000000000000e+04 3.401898425436297657e+01
5.590000000000000000e+04 3.400954624567626183e+01
5.610000000000000000e+04 3.401090714412929827e+01
5.630000000000000000e+04 3.399839551255415415e+01
5.650000000000000000e+04 3.400062227316422536e+01
5.670000000000000000e+04 3.399481204180623450e+01
5.690000000000000000e+04 3.398408894501712041e+01
5.710000000000000000e+04 3.398695784053887792e+01
5.730000000000000000e+04 3.398222862545971878e+01
5.750000000000000000e+04 3.397689495367303891e+01
5.770000000000000000e+04 3.397121564950071360e+01
5.790000000000000000e+04 3.397073307021482691e+01
5.810000000000000000e+04 3.396342889907767670e+01
5.830000000000000000e+04 3.395944807609099314e+01
5.850000000000000000e+04 3.395469604052551205e+01
5.870000000000000000e+04 3.394637524156961206e+01
5.890000000000000000e+04 3.394345060842521633e+01
5.910000000000000000e+04 3.393911094741896761e+01
5.930000000000000000e+04 3.393593535486776602e+01
5.950000000000000000e+04 3.392861056520784757e+01
5.970000000000000000e+04 3.392731211371175704e+01
5.990000000000000000e+04 3.392250275910432578e+01
6.010000000000000000e+04 3.391791718609182738e+01
6.030000000000000000e+04 3.391285373196427599e+01
6.050000000000000000e+04 3.390509663469700996e+01
6.070000000000000000e+04 3.390124946713554266e+01
6.090000000000000000e+04 3.389584603540475882e+01
6.110000000000000000e+04 3.389013853921743191e+01
6.130000000000000000e+04 3.388722981689105751e+01
6.150000000000000000e+04 3.388360201310624120e+01
6.170000000000000000e+04 3.388136316240314727e+01
6.190000000000000000e+04 3.387542323380739617e+01
6.210000000000000000e+04 3.387216076303542422e+01
6.230000000000000000e+04 3.386511794163602929e+01
6.250000000000000000e+04 3.385823975956796517e+01
6.270000000000000000e+04 3.385386341569960678e+01
6.290000000000000000e+04 3.384961792830083027e+01
6.310000000000000000e+04 3.384483013142610730e+01
6.330000000000000000e+04 3.384238039706077217e+01
6.350000000000000000e+04 3.383616036298799656e+01
6.370000000000000000e+04 3.383429613836451466e+01
6.390000000000000000e+04 3.382566945502674827e+01
6.420000000000000000e+04 3.382051683002773501e+01
6.460000000000000000e+04 3.380996782033896153e+01
6.500000000000000000e+04 3.380092943925452431e+01
6.540000000000000000e+04 3.379097657748151562e+01
6.580000000000000000e+04 3.378250189873283915e+01
6.620000000000000000e+04 3.377215143197116731e+01
6.660000000000000000e+04 3.376287516383889198e+01
6.700000000000000000e+04 3.375400282918776895e+01
6.740000000000000000e+04 3.374367131486152971e+01
6.780000000000000000e+04 3.373440620593754602e+01
6.820000000000000000e+04 3.372486164285156462e+01
6.860000000000000000e+04 3.371608964325772462e+01
6.900000000000000000e+04 3.370602289606767243e+01
6.940000000000000000e+04 3.369686783342907432e+01
6.980000000000000000e+04 3.368745358053669037e+01
7.020000000000000000e+04 3.367778696175764708e+01
7.060000000000000000e+04 3.366903271894689453e+01
7.100000000000000000e+04 3.365957719795953551e+01
7.140000000000000000e+04 3.365060968078510939e+01
7.180000000000000000e+04 3.364105379832441400e+01
7.220000000000000000e+04 3.363206882277418686e+01
7.260000000000000000e+04 3.362271210405460664e+01
7.300000000000000000e+04 3.361365613716225198e+01
7.340000000000000000e+04 3.360441259536633396e+01
7.380000000000000000e+04 3.359562754769987691e+01
7.420000000000000000e+04 3.358616089563872009e+01
7.460000000000000000e+04 3.357686101028834713e+01
7.500000000000000000e+04 3.356809152051923206e+01
7.540000000000000000e+04 3.355914314762596717e+01
7.580000000000000000e+04 3.355077061647675407e+01
7.620000000000000000e+04 3.354200139594102836e+01
7.660000000000000000e+04 3.353310115557520987e+01
7.700000000000000000e+04 3.352422098377564907e+01
7.740000000000000000e+04 3.351556729378007304e+01
7.780000000000000000e+04 3.350712948009121561e+01
7.820000000000000000e+04 3.349831774548756869e+01
7.860000000000000000e+04 3.348979517810683149e+01
7.900000000000000000e+04 3.348129471533761148e+01
7.940000000000000000e+04 3.347266836519241906e+01
7.980000000000000000e+04 3.346429414499137067e+01
8.020000000000000000e+04 3.345555432796117401e+01
8.060000000000000000e+04 3.344709196630093118e+01
8.100000000000000000e+04 3.343895157645799543e+01
8.140000000000000000e+04 3.343045278837860934e+01
8.180000000000000000e+04 3.342247078358981582e+01
8.220000000000000000e+04 3.341438190491477656e+01
8.260000000000000000e+04 3.340614773809600280e+01
8.300000000000000000e+04 3.339780776857147515e+01
8.340000000000000000e+04 3.338952986086113839e+01
8.380000000000000000e+04 3.338137662157014063e+01
8.420000000000000000e+04 3.337368003740424882e+01
8.460000000000000000e+04 3.336547888888381408e+01
8.500000000000000000e+04 3.335749877488360937e+01
8.540000000000000000e+04 3.334958904968370064e+01
8.580000000000000000e+04 3.334188395036775177e+01
8.620000000000000000e+04 3.333404951755855450e+01
8.660000000000000000e+04 3.332634350645037102e+01
8.700000000000000000e+04 3.331854821347133111e+01
8.740000000000000000e+04 3.331094090764172932e+01
8.780000000000000000e+04 3.330292924135412136e+01
8.820000000000000000e+04 3.329534179036636488e+01
8.860000000000000000e+04 3.328768157145128725e+01
8.900000000000000000e+04 3.327993633340287261e+01
8.940000000000000000e+04 3.327260298027319152e+01
8.980000000000000000e+04 3.326458745341135881e+01
9.020000000000000000e+04 3.325748001771111007e+01
9.060000000000000000e+04 3.325014602072408820e+01
9.100000000000000000e+04 3.324210675550191496e+01
9.140000000000000000e+04 3.323502540219659807e+01
9.180000000000000000e+04 3.322777003366634574e+01
9.220000000000000000e+04 3.322078751422878184e+01
9.260000000000000000e+04 3.321334911013253333e+01
9.300000000000000000e+04 3.320582857696627599e+01
9.340000000000000000e+04 3.319867202008330764e+01
9.380000000000000000e+04 3.319152149370844285e+01
9.420000000000000000e+04 3.318435319389494964e+01
9.460000000000000000e+04 3.317703965143563494e+01
9.500000000000000000e+04 3.317006387779854037e+01
9.540000000000000000e+04 3.316301436598632790e+01
9.580000000000000000e+04 3.315592618511819722e+01
9.620000000000000000e+04 3.314902106035121676e+01
9.660000000000000000e+04 3.314198132886846082e+01
9.700000000000000000e+04 3.313492575136602625e+01
9.740000000000000000e+04 3.312752774019561031e+01
9.780000000000000000e+04 3.312102786660217646e+01
9.820000000000000000e+04 3.311426980011262344e+01
9.860000000000000000e+04 3.310739029027583769e+01
9.900000000000000000e+04 3.310065648958854467e+01
9.940000000000000000e+04 3.309380667779603868e+01
9.980000000000000000e+04 3.308698832913923127e+01
1.002000000000000000e+05 3.308020660701561866e+01
2.000000000000000000e+05 3.196839581231579785e+01
4.000000000000000000e+05 3.127685752916616480e+01
6.000000000000000000e+05 3.112244738119454368e+01
8.000000000000000000e+05 3.103521533198799887e+01
1.000000000000000000e+06 3.094983715263583690e+01
1.200000000000000000e+06 3.084692660081579163e+01
1.400000000000000000e+06 3.072198786420749173e+01
1.600000000000000000e+06 3.054589660515181393e+01
