9.100000000000000000e+01 -inf
9.400000000000000000e+01 -inf
9.600000000000000000e+01 -inf
9.800000000000000000e+01 -inf
1.000000000000000000e+02 -inf
1.020000000000000000e+02 -inf
1.040000000000000000e+02 -inf
1.060000000000000000e+02 -inf
1.080000000000000000e+02 -inf
1.100000000000000000e+02 -inf
1.140000000000000000e+02 -inf
1.180000000000000000e+02 -inf
1.210000000000000000e+02 -inf
1.250000000000000000e+02 -inf
1.270000000000000000e+02 -inf
1.280000000000000000e+02 -inf
1.310000000000000000e+02 -inf
1.320000000000000000e+02 -inf
1.340000000000000000e+02 -inf
1.370000000000000000e+02 -inf
1.400000000000000000e+02 -inf
1.430000000000000000e+02 -inf
1.470000000000000000e+02 -inf
1.510000000000000000e+02 -inf
1.550000000000000000e+02 -inf
1.590000000000000000e+02 -inf
1.620000000000000000e+02 -inf
1.660000000000000000e+02 -inf
1.700000000000000000e+02 -inf
1.730000000000000000e+02 -inf
1.770000000000000000e+02 -inf
1.800000000000000000e+02 -inf
1.820000000000000000e+02 -inf
1.860000000000000000e+02 -inf
1.910000000000000000e+02 -inf
1.940000000000000000e+02 -inf
1.980000000000000000e+02 -inf
2.020000000000000000e+02 -inf
2.050000000000000000e+02 -inf
2.100000000000000000e+02 -inf
2.160000000000000000e+02 -inf
2.200000000000000000e+02 -inf
2.230000000000000000e+02 -inf
2.270000000000000000e+02 -inf
2.300000000000000000e+02 2.390276311000297582e+01
2.340000000000000000e+02 2.426698358558535062e+01
2.400000000000000000e+02 2.464946909133738373e+01
2.460000000000000000e+02 2.504373692871687851e+01
2.520000000000000000e+02 2.538629207811432309e+01
2.570000000000000000e+02 2.560420110034785424e+01
2.600000000000000000e+02 2.580682424595086388e+01
2.640000000000000000e+02 2.601090506622053766e+01
2.690000000000000000e+02 2.623469690821146472e+01
2.740000000000000000e+02 2.647460378074656262e+01
2.790000000000000000e+02 2.670860872830334642e+01
2.840000000000000000e+02 2.696607830801230676e+01
2.900000000000000000e+02 2.722107622597585674e+01
2.960000000000000000e+02 2.746784449132636752e+01
3.010000000000000000e+02 2.766266705845174556e+01
3.080000000000000000e+02 2.791859160213750357e+01
3.180000000000000000e+02 2.830150071955826618e+01
3.280000000000000000e+02 2.863021416423331544e+01
3.380000000000000000e+02 2.895643534578155709e+01
3.480000000000000000e+02 2.925430889559972769e+01
3.570000000000000000e+02 2.958765867915163739e+01
3.660000000000000000e+02 2.983854507633214581e+01
3.750000000000000000e+02 3.005163987878643894e+01
3.850000000000000000e+02 3.029007947810696066e+01
3.950000000000000000e+02 3.051902471893968638e+01
4.050000000000000000e+02 3.072713332009178799e+01
4.140000000000000000e+02 3.091251709510400758e+01
4.220000000000000000e+02 3.106168145220246402e+01
4.300000000000000000e+02 3.121383713084835065e+01
4.410000000000000000e+02 3.140925566447032224e+01
4.510000000000000000e+02 3.157655410200247204e+01
4.600000000000000000e+02 3.171776225765273338e+01
4.700000000000000000e+02 3.187458637321312693e+01
4.800000000000000000e+02 3.202099289382799441e+01
4.900000000000000000e+02 3.216421447873500483e+01
5.000000000000000000e+02 3.229969530484154205e+01
5.060000000000000000e+02 3.328160647868722322e+01
5.120000000000000000e+02 3.396394266019701291e+01
5.200000000000000000e+02 3.403800784403897950e+01
5.300000000000000000e+02 3.414040594220125513e+01
5.400000000000000000e+02 3.416958209354681486e+01
5.500000000000000000e+02 3.433578389227149330e+01
5.600000000000000000e+02 3.440482083886803366e+01
5.700000000000000000e+02 3.449524957216900845e+01
5.800000000000000000e+02 3.448841458372126567e+01
5.900000000000000000e+02 3.460877631633954365e+01
6.000000000000000000e+02 3.467736955412226507e+01
6.100000000000000000e+02 3.475323423663154898e+01
6.200000000000000000e+02 3.480263320656703740e+01
6.300000000000000000e+02 3.485846745084722187e+01
6.400000000000000000e+02 3.488271201467911453e+01
6.500000000000000000e+02 3.494827042617366430e+01
6.580000000000000000e+02 3.499853254569450911e+01
6.650000000000000000e+02 3.502716277080288876e+01
6.750000000000000000e+02 3.504696495124446187e+01
6.850000000000000000e+02 3.508364037861460361e+01
6.950000000000000000e+02 3.516234826887380649e+01
7.050000000000000000e+02 3.518660607953298580e+01
7.160000000000000000e+02 3.523898694195052173e+01
7.260000000000000000e+02 3.526884731018737540e+01
7.350000000000000000e+02 3.529373411368412405e+01
7.450000000000000000e+02 3.534732330304856163e+01
7.550000000000000000e+02 3.538395931144428630e+01
7.650000000000000000e+02 3.541963498977874991e+01
7.750000000000000000e+02 3.545596105941931597e+01
7.850000000000000000e+02 3.548996771813392570e+01
7.950000000000000000e+02 3.551343621878282875e+01
8.050000000000000000e+02 3.553976241007953973e+01
8.150000000000000000e+02 3.556055404700364875e+01
8.250000000000000000e+02 3.559869011656014948e+01
8.350000000000000000e+02 3.557958006312932042e+01
8.450000000000000000e+02 3.563489260434245409e+01
8.550000000000000000e+02 3.565620769218386243e+01
8.650000000000000000e+02 3.568596813468963092e+01
8.750000000000000000e+02 3.571707846475628401e+01
8.850000000000000000e+02 3.574948303270402050e+01
8.950000000000000000e+02 3.577275480805295160e+01
9.050000000000000000e+02 3.578055245202649814e+01
9.150000000000000000e+02 3.596281063164969538e+01
9.250000000000000000e+02 3.680601766001308306e+01
9.350000000000000000e+02 3.725910375017967624e+01
9.450000000000000000e+02 3.763429645055873607e+01
9.550000000000000000e+02 3.776606384784270176e+01
9.650000000000000000e+02 3.784680075661469800e+01
9.750000000000000000e+02 3.708474606784797345e+01
9.850000000000000000e+02 3.781111520413311666e+01
9.950000000000000000e+02 3.778520823265940720e+01
1.005000000000000000e+03 3.788483462502418320e+01
1.015000000000000000e+03 3.785893250697211698e+01
1.025000000000000000e+03 3.745788087335031946e+01
1.035000000000000000e+03 3.774277307980497653e+01
1.045000000000000000e+03 3.794113906481166509e+01
1.055000000000000000e+03 3.791236520735978388e+01
1.065000000000000000e+03 3.783514118766161971e+01
1.075000000000000000e+03 3.788686754332086082e+01
1.085000000000000000e+03 3.781083318255645054e+01
1.095000000000000000e+03 3.788974923696949304e+01
1.105000000000000000e+03 3.785312516767059776e+01
1.115000000000000000e+03 3.784383175525457688e+01
1.125000000000000000e+03 3.778199956657996950e+01
1.135000000000000000e+03 3.785447983522294635e+01
1.145000000000000000e+03 3.781363322595310450e+01
1.155000000000000000e+03 3.782536700153243459e+01
1.165000000000000000e+03 3.782572556883259551e+01
1.175000000000000000e+03 3.766666752173580335e+01
1.185000000000000000e+03 3.780870619776410990e+01
1.195000000000000000e+03 3.774987967732464256e+01
1.205000000000000000e+03 3.762568428935823306e+01
1.215000000000000000e+03 3.738304090421873838e+01
1.225000000000000000e+03 3.769534733865272358e+01
1.235000000000000000e+03 3.777487839916955181e+01
1.245000000000000000e+03 3.778099426544446260e+01
1.255000000000000000e+03 3.776106035504893299e+01
1.265000000000000000e+03 3.774574816852054937e+01
1.275000000000000000e+03 3.777165439498222099e+01
1.285000000000000000e+03 3.776480134617786177e+01
1.295000000000000000e+03 3.768831244947381975e+01
1.305000000000000000e+03 3.769930481228109898e+01
1.315000000000000000e+03 3.774575865490139392e+01
1.325000000000000000e+03 3.771823900011031583e+01
1.335000000000000000e+03 3.769178484944434615e+01
1.345000000000000000e+03 3.770908807373022142e+01
1.355000000000000000e+03 3.770237013918728763e+01
1.365000000000000000e+03 3.767022958505845054e+01
1.375000000000000000e+03 3.766308770737589384e+01
1.385000000000000000e+03 3.766097326683841118e+01
1.395000000000000000e+03 3.757347563802956358e+01
1.405000000000000000e+03 3.759271769696832877e+01
1.415000000000000000e+03 3.762134307227228902e+01
1.425000000000000000e+03 3.761200691725768763e+01
1.435000000000000000e+03 3.761749597003885981e+01
1.442000000000000000e+03 3.762406008486924236e+01
1.447000000000000000e+03 3.761521733211863250e+01
1.455000000000000000e+03 3.760486318955204865e+01
1.465000000000000000e+03 3.757495053890689007e+01
1.475000000000000000e+03 3.757461074277291857e+01
1.485000000000000000e+03 3.756673857734412536e+01
1.495000000000000000e+03 3.756058620387291569e+01
1.505000000000000000e+03 3.752700370574635258e+01
1.512000000000000000e+03 3.747870452526011320e+01
1.517000000000000000e+03 3.749272044531105053e+01
1.525000000000000000e+03 3.750252153016272416e+01
1.535000000000000000e+03 3.744466267328508025e+01
1.545000000000000000e+03 3.744466485988353099e+01
1.555000000000000000e+03 3.742701888654220710e+01
1.565000000000000000e+03 3.745090489779796883e+01
1.575000000000000000e+03 3.747052734064411084e+01
1.585000000000000000e+03 3.746759565684602933e+01
1.595000000000000000e+03 3.746715884939330010e+01
1.605000000000000000e+03 3.746395443400542291e+01
1.615000000000000000e+03 3.745652507354650140e+01
1.625000000000000000e+03 3.744698671851259064e+01
1.635000000000000000e+03 3.746385924489781871e+01
1.645000000000000000e+03 3.745838995015898831e+01
1.655000000000000000e+03 3.744879391190269757e+01
1.665000000000000000e+03 3.745809787194184537e+01
1.672000000000000000e+03 3.744075916952408534e+01
1.677000000000000000e+03 3.746104428792938279e+01
1.685000000000000000e+03 3.745469520876123681e+01
1.695000000000000000e+03 3.743441182186035832e+01
1.705000000000000000e+03 3.741849193525429484e+01
1.715000000000000000e+03 3.739701685187586122e+01
1.725000000000000000e+03 3.739078557083990972e+01
1.735000000000000000e+03 3.740362881264736217e+01
1.745000000000000000e+03 3.739070126446937081e+01
1.755000000000000000e+03 3.739708403367713174e+01
1.765000000000000000e+03 3.737987891576241140e+01
1.775000000000000000e+03 3.736554262494126988e+01
1.785000000000000000e+03 3.736926368660562048e+01
1.795000000000000000e+03 3.737822888890187301e+01
1.805000000000000000e+03 3.737786849770263586e+01
1.815000000000000000e+03 3.733734928558240540e+01
1.825000000000000000e+03 3.735085742100820028e+01
1.835000000000000000e+03 3.733605347544880004e+01
1.845000000000000000e+03 3.729880331357682621e+01
1.855000000000000000e+03 3.729642812066123270e+01
1.865000000000000000e+03 3.730257465486828750e+01
1.875000000000000000e+03 3.732065106938236454e+01
1.885000000000000000e+03 3.727465609078500108e+01
1.895000000000000000e+03 3.724381096962265758e+01
1.905000000000000000e+03 3.727623342303034804e+01
1.915000000000000000e+03 3.725136363449929888e+01
1.925000000000000000e+03 3.723346373520146813e+01
1.935000000000000000e+03 3.725367851695263255e+01
1.945000000000000000e+03 3.726257118497255050e+01
1.955000000000000000e+03 3.722258885168001541e+01
1.967000000000000000e+03 3.725158488018655589e+01
1.976000000000000000e+03 3.726745626167789993e+01
1.984000000000000000e+03 3.723608797073725185e+01
1.995000000000000000e+03 3.722704592742981333e+01
2.005000000000000000e+03 3.723683414853282869e+01
2.015000000000000000e+03 3.723177822595657460e+01
2.025000000000000000e+03 3.724384128668199878e+01
2.035000000000000000e+03 3.720851591420596094e+01
2.045000000000000000e+03 3.721271361857603921e+01
2.055000000000000000e+03 3.720042223184998420e+01
2.065000000000000000e+03 3.720358198755393175e+01
2.074000000000000000e+03 3.722202383464316000e+01
2.078000000000000000e+03 3.718526605480732172e+01
2.085000000000000000e+03 3.719969895090706302e+01
2.095000000000000000e+03 3.717644036215583725e+01
2.105000000000000000e+03 3.718869107875597990e+01
2.115000000000000000e+03 3.718666438032526145e+01
2.125000000000000000e+03 3.719140530458831506e+01
2.135000000000000000e+03 3.718154348646936569e+01
2.145000000000000000e+03 3.716154535747420340e+01
2.155000000000000000e+03 3.717563463476355423e+01
2.165000000000000000e+03 3.717105803278367659e+01
2.175000000000000000e+03 3.716457417008383857e+01
2.185000000000000000e+03 3.715412939197193509e+01
2.195000000000000000e+03 3.715779111460886952e+01
2.205000000000000000e+03 3.715162300518755956e+01
2.215000000000000000e+03 3.714444106720817729e+01
2.225000000000000000e+03 3.713255941847485531e+01
2.235000000000000000e+03 3.713031637525503470e+01
2.245000000000000000e+03 3.713002392132105456e+01
2.255000000000000000e+03 3.711806791016822160e+01
2.265000000000000000e+03 3.712060914929161015e+01
2.275000000000000000e+03 3.711529272327955908e+01
2.285000000000000000e+03 3.711475552112392506e+01
2.295000000000000000e+03 3.709485745488814246e+01
2.305000000000000000e+03 3.709994645137463465e+01
2.315000000000000000e+03 3.708756562520316891e+01
2.325000000000000000e+03 3.703203386854676182e+01
2.335000000000000000e+03 3.706919433312449286e+01
2.345000000000000000e+03 3.706724374111293230e+01
2.355000000000000000e+03 3.706784656337080719e+01
2.365000000000000000e+03 3.705965962691775673e+01
2.375000000000000000e+03 3.705432562261471219e+01
2.385000000000000000e+03 3.704809471535708099e+01
2.395000000000000000e+03 3.704719338933691120e+01
2.405000000000000000e+03 3.703782931140293755e+01
2.415000000000000000e+03 3.703390645741004050e+01
2.425000000000000000e+03 3.703447359598834510e+01
2.435000000000000000e+03 3.702225041264563288e+01
2.445000000000000000e+03 3.702280741566462297e+01
2.455000000000000000e+03 3.702158691061860907e+01
2.465000000000000000e+03 3.701297189846992808e+01
2.475000000000000000e+03 3.700739332893115829e+01
2.485000000000000000e+03 3.700423937516445960e+01
2.495000000000000000e+03 3.697718539130518423e+01
2.505000000000000000e+03 3.699442053389917362e+01
2.513000000000000000e+03 3.697548385743768762e+01
2.518000000000000000e+03 3.698771152630224890e+01
2.525000000000000000e+03 3.697986068808970117e+01
2.535000000000000000e+03 3.697366246544673629e+01
2.545000000000000000e+03 3.696510025481806139e+01
2.555000000000000000e+03 3.696885802527422982e+01
2.565000000000000000e+03 3.696298358887641200e+01
2.575000000000000000e+03 3.696285065516463675e+01
2.585000000000000000e+03 3.695856200994168006e+01
2.595000000000000000e+03 3.695361792574178139e+01
2.605000000000000000e+03 3.694722322749931465e+01
2.615000000000000000e+03 3.694216987350039716e+01
2.625000000000000000e+03 3.693883443659792221e+01
2.635000000000000000e+03 3.693488113327208566e+01
2.645000000000000000e+03 3.693640513646008117e+01
2.655000000000000000e+03 3.693323947862941736e+01
2.665000000000000000e+03 3.692145555716750494e+01
2.675000000000000000e+03 3.692127832749832805e+01
2.685000000000000000e+03 3.691894093336581761e+01
2.695000000000000000e+03 3.690705476729068835e+01
2.705000000000000000e+03 3.690451561210015541e+01
2.715000000000000000e+03 3.689992449530544150e+01
2.725000000000000000e+03 3.689421491481573412e+01
2.735000000000000000e+03 3.689409536668762257e+01
2.745000000000000000e+03 3.687975477392144796e+01
2.755000000000000000e+03 3.687796064380928129e+01
2.765000000000000000e+03 3.687486585748435175e+01
2.775000000000000000e+03 3.687699125706161851e+01
2.785000000000000000e+03 3.687061240458497480e+01
2.795000000000000000e+03 3.685243907341147462e+01
2.805000000000000000e+03 3.685716002726373830e+01
2.815000000000000000e+03 3.685946227945012765e+01
2.825000000000000000e+03 3.685262689737751174e+01
2.835000000000000000e+03 3.683932832747934327e+01
2.845000000000000000e+03 3.684281509808207034e+01
2.855000000000000000e+03 3.683805544392645004e+01
2.865000000000000000e+03 3.683779565942234058e+01
2.875000000000000000e+03 3.683274303652205361e+01
2.885000000000000000e+03 3.682859282729523187e+01
2.895000000000000000e+03 3.682381681399026263e+01
2.910000000000000000e+03 3.681768737020135518e+01
2.930000000000000000e+03 3.680836515806143439e+01
2.950000000000000000e+03 3.679666800347722955e+01
2.970000000000000000e+03 3.679189771101609097e+01
2.990000000000000000e+03 3.678251922267580198e+01
3.010000000000000000e+03 3.677267998774736668e+01
3.030000000000000000e+03 3.676793105952829421e+01
3.050000000000000000e+03 3.675980877298827920e+01
3.070000000000000000e+03 3.675145462049111700e+01
3.090000000000000000e+03 3.674090686094918112e+01
3.110000000000000000e+03 3.673489433799792891e+01
3.130000000000000000e+03 3.672567730649564055e+01
3.150000000000000000e+03 3.671872579963972782e+01
3.170000000000000000e+03 3.671023798291066953e+01
3.190000000000000000e+03 3.669841875638578443e+01
3.210000000000000000e+03 3.669513322162986668e+01
3.230000000000000000e+03 3.668548464511202667e+01
3.250000000000000000e+03 3.668008122270560278e+01
3.270000000000000000e+03 3.667365439433331176e+01
3.290000000000000000e+03 3.666587993186900007e+01
3.310000000000000000e+03 3.665859643957833214e+01
3.330000000000000000e+03 3.665073237772335801e+01
3.350000000000000000e+03 3.664208804358683125e+01
3.370000000000000000e+03 3.663318925582090912e+01
3.390000000000000000e+03 3.662677193821059518e+01
3.410000000000000000e+03 3.662030229643734458e+01
3.430000000000000000e+03 3.660812803889722034e+01
3.450000000000000000e+03 3.660148645989915650e+01
3.470000000000000000e+03 3.659817986279688284e+01
3.490000000000000000e+03 3.659275174498547756e+01
3.510000000000000000e+03 3.658828763014231811e+01
3.530000000000000000e+03 3.657953989145632079e+01
3.550000000000000000e+03 3.657627438858237667e+01
3.570000000000000000e+03 3.656376542578355782e+01
3.590000000000000000e+03 3.655311363554686466e+01
3.610000000000000000e+03 3.654974798593207197e+01
3.630000000000000000e+03 3.654705241990994580e+01
3.640000000000000000e+03 3.654857974446682078e+01
3.650000000000000000e+03 3.654601054745010913e+01
3.670000000000000000e+03 3.654447405404907556e+01
3.690000000000000000e+03 3.652100308321929845e+01
3.710000000000000000e+03 3.651014361124549623e+01
3.730000000000000000e+03 3.649128312422590170e+01
3.750000000000000000e+03 3.652781744901609784e+01
3.770000000000000000e+03 3.653482532163587848e+01
3.790000000000000000e+03 3.655946617495076367e+01
3.810000000000000000e+03 3.657974855002380110e+01
3.830000000000000000e+03 3.651572940027783432e+01
3.850000000000000000e+03 3.658237900413224963e+01
3.870000000000000000e+03 3.658619528583141545e+01
3.890000000000000000e+03 3.649518629197184083e+01
3.910000000000000000e+03 3.658694273340994840e+01
3.930000000000000000e+03 3.655906380192034533e+01
3.950000000000000000e+03 3.656475270860059368e+01
3.970000000000000000e+03 3.644806146217547393e+01
3.990000000000000000e+03 3.656759967190856742e+01
4.010000000000000000e+03 3.658122593431003367e+01
4.030000000000000000e+03 3.656513856767512038e+01
4.050000000000000000e+03 3.656896782051535411e+01
4.070000000000000000e+03 3.655208600455755175e+01
4.090000000000000000e+03 3.653774473187459648e+01
4.110000000000000000e+03 3.648017690938092983e+01
4.130000000000000000e+03 3.653658614280008976e+01
4.150000000000000000e+03 3.653462287758874538e+01
4.170000000000000000e+03 3.653096226162715254e+01
4.190000000000000000e+03 3.652930290966187954e+01
4.210000000000000000e+03 3.652547527191272536e+01
4.230000000000000000e+03 3.651498397333924117e+01
4.250000000000000000e+03 3.651792101306078564e+01
4.270000000000000000e+03 3.650374231510726730e+01
4.290000000000000000e+03 3.649841003365195036e+01
4.310000000000000000e+03 3.648116251109041741e+01
4.330000000000000000e+03 3.647304707237444177e+01
4.350000000000000000e+03 3.644607563463401334e+01
4.370000000000000000e+03 3.650272237223865091e+01
4.390000000000000000e+03 3.648329827239862055e+01
4.410000000000000000e+03 3.648493284207375353e+01
4.430000000000000000e+03 3.649206983481205668e+01
4.450000000000000000e+03 3.649095206040045980e+01
4.470000000000000000e+03 3.648299644417217280e+01
4.490000000000000000e+03 3.649491035340277989e+01
4.510000000000000000e+03 3.651452044139080044e+01
4.530000000000000000e+03 3.648648127674046293e+01
4.550000000000000000e+03 3.648810627890817671e+01
4.570000000000000000e+03 3.649821827661769191e+01
4.590000000000000000e+03 3.648815429049171399e+01
4.610000000000000000e+03 3.648915254932849450e+01
4.630000000000000000e+03 3.648133592962480520e+01
4.650000000000000000e+03 3.647834616495964610e+01
4.670000000000000000e+03 3.648552405179478342e+01
4.690000000000000000e+03 3.648140972222022782e+01
4.710000000000000000e+03 3.646783152788405147e+01
4.730000000000000000e+03 3.647190775404471452e+01
4.750000000000000000e+03 3.647522035543546792e+01
4.770000000000000000e+03 3.647454085062857132e+01
4.790000000000000000e+03 3.646854057352737755e+01
4.810000000000000000e+03 3.646597757332869350e+01
4.830000000000000000e+03 3.646804697956521579e+01
4.850000000000000000e+03 3.643905083603173267e+01
4.870000000000000000e+03 3.639695107022901510e+01
4.890000000000000000e+03 3.645518277409147601e+01
4.910000000000000000e+03 3.645392866056473480e+01
4.930000000000000000e+03 3.644022981678369888e+01
4.950000000000000000e+03 3.645577344938921982e+01
4.970000000000000000e+03 3.644775036041494332e+01
4.990000000000000000e+03 3.642920615999492640e+01
5.010000000000000000e+03 3.640976132835026391e+01
5.030000000000000000e+03 3.642388713311881077e+01
5.050000000000000000e+03 3.641679235386251889e+01
5.070000000000000000e+03 3.642632659806994155e+01
5.090000000000000000e+03 3.640496645177049118e+01
5.110000000000000000e+03 3.640865795231117374e+01
5.130000000000000000e+03 3.639267166833708700e+01
5.150000000000000000e+03 3.638468664959134458e+01
5.170000000000000000e+03 3.637331994991424722e+01
5.190000000000000000e+03 3.638244240683802389e+01
5.210000000000000000e+03 3.638556639275888926e+01
5.230000000000000000e+03 3.640908498410232852e+01
5.250000000000000000e+03 3.641524066915749103e+01
5.270000000000000000e+03 3.638482593816622312e+01
5.290000000000000000e+03 3.641726487848083593e+01
5.310000000000000000e+03 3.643389752462140763e+01
5.330000000000000000e+03 3.639839754585227638e+01
5.350000000000000000e+03 3.642311847016932802e+01
5.370000000000000000e+03 3.642154433170397709e+01
5.390000000000000000e+03 3.640634415070946517e+01
5.410000000000000000e+03 3.640559441250225348e+01
5.430000000000000000e+03 3.640396043508793866e+01
5.450000000000000000e+03 3.641742605327129212e+01
5.470000000000000000e+03 3.640626287697905639e+01
5.490000000000000000e+03 3.640313185199282486e+01
5.510000000000000000e+03 3.640037993995517240e+01
5.530000000000000000e+03 3.641220154938503129e+01
5.550000000000000000e+03 3.641572380904173656e+01
5.570000000000000000e+03 3.640978704266758825e+01
5.590000000000000000e+03 3.640050921871552703e+01
5.610000000000000000e+03 3.641346699479657900e+01
5.630000000000000000e+03 3.640634413676635006e+01
5.650000000000000000e+03 3.640872415942567386e+01
5.670000000000000000e+03 3.639862538978247386e+01
5.690000000000000000e+03 3.640939701573423548e+01
5.710000000000000000e+03 3.639192285800147886e+01
5.730000000000000000e+03 3.641983102012211759e+01
5.750000000000000000e+03 3.640592989227294396e+01
5.770000000000000000e+03 3.641164884115278255e+01
5.790000000000000000e+03 3.639214273766623364e+01
5.810000000000000000e+03 3.641043764618223122e+01
5.830000000000000000e+03 3.642196529047621567e+01
5.850000000000000000e+03 3.640901775090691217e+01
5.870000000000000000e+03 3.640658356737817769e+01
5.890000000000000000e+03 3.635917675652964931e+01
5.910000000000000000e+03 3.640323307481330062e+01
5.930000000000000000e+03 3.640529618848114524e+01
5.950000000000000000e+03 3.640250728518228129e+01
5.970000000000000000e+03 3.641280835222617895e+01
5.990000000000000000e+03 3.640133649327246701e+01
6.010000000000000000e+03 3.639552672311194215e+01
6.030000000000000000e+03 3.640667980457931918e+01
6.050000000000000000e+03 3.641122829599049737e+01
6.070000000000000000e+03 3.640873584618457670e+01
6.090000000000000000e+03 3.639226304699378289e+01
6.110000000000000000e+03 3.639551683333855436e+01
6.130000000000000000e+03 3.637229737476667424e+01
6.150000000000000000e+03 3.638610438277174808e+01
6.170000000000000000e+03 3.637205787625930498e+01
6.190000000000000000e+03 3.639195486455878381e+01
6.210000000000000000e+03 3.638603529604742448e+01
6.230000000000000000e+03 3.637405854078234313e+01
6.250000000000000000e+03 3.635738008098172713e+01
6.270000000000000000e+03 3.637369186732574633e+01
6.290000000000000000e+03 3.638384040214373272e+01
6.310000000000000000e+03 3.637406629805890645e+01
6.330000000000000000e+03 3.638122168333674722e+01
6.350000000000000000e+03 3.638315930527105024e+01
6.370000000000000000e+03 3.637976252894156914e+01
6.390000000000000000e+03 3.638436847145837305e+01
6.410000000000000000e+03 3.637868614351911845e+01
6.430000000000000000e+03 3.637977983635663293e+01
6.450000000000000000e+03 3.638133542905187312e+01
6.470000000000000000e+03 3.637976045607591402e+01
6.490000000000000000e+03 3.636726901903526255e+01
6.510000000000000000e+03 3.638103325948726052e+01
6.530000000000000000e+03 3.638100159865001615e+01
6.550000000000000000e+03 3.637006337819804003e+01
6.570000000000000000e+03 3.635364784532391980e+01
6.590000000000000000e+03 3.637714173710939747e+01
6.610000000000000000e+03 3.637975522966448239e+01
6.630000000000000000e+03 3.637983574790832364e+01
6.650000000000000000e+03 3.637987663885898826e+01
6.670000000000000000e+03 3.637029677642676262e+01
6.690000000000000000e+03 3.638062502796735487e+01
6.710000000000000000e+03 3.636341044991716132e+01
6.730000000000000000e+03 3.637972306981840376e+01
6.750000000000000000e+03 3.636985368419722420e+01
6.770000000000000000e+03 3.637321935192096589e+01
6.790000000000000000e+03 3.636861675351076428e+01
6.810000000000000000e+03 3.637047034292848480e+01
6.830000000000000000e+03 3.637538180105946140e+01
6.850000000000000000e+03 3.636378754813684111e+01
6.870000000000000000e+03 3.636905231591645560e+01
6.890000000000000000e+03 3.637720253451746544e+01
6.910000000000000000e+03 3.637360594936488667e+01
6.930000000000000000e+03 3.636708485762900978e+01
6.950000000000000000e+03 3.636134985315028700e+01
6.970000000000000000e+03 3.636745082638660165e+01
6.990000000000000000e+03 3.636013869666577136e+01
7.010000000000000000e+03 3.635313921078882515e+01
7.030000000000000000e+03 3.636157725356077464e+01
7.050000000000000000e+03 3.636845574071601561e+01
7.070000000000000000e+03 3.635565550111944333e+01
7.090000000000000000e+03 3.634960182845031795e+01
7.110000000000000000e+03 3.633751409714969327e+01
7.130000000000000000e+03 3.632973093736049464e+01
7.150000000000000000e+03 3.633214639098163445e+01
7.170000000000000000e+03 3.634013198432636216e+01
7.190000000000000000e+03 3.632793938936329425e+01
7.210000000000000000e+03 3.633849363573855129e+01
7.230000000000000000e+03 3.634862513178380539e+01
7.250000000000000000e+03 3.634752565014306924e+01
7.270000000000000000e+03 3.634738176970756740e+01
7.290000000000000000e+03 3.633920162522319686e+01
7.310000000000000000e+03 3.634528488331447704e+01
7.330000000000000000e+03 3.634596376191139910e+01
7.350000000000000000e+03 3.634405942588530536e+01
7.370000000000000000e+03 3.635595191149343464e+01
7.390000000000000000e+03 3.634726389395753898e+01
7.410000000000000000e+03 3.634293923012550920e+01
7.430000000000000000e+03 3.634967472946062372e+01
7.450000000000000000e+03 3.635136861455325885e+01
7.470000000000000000e+03 3.635081870953251837e+01
7.490000000000000000e+03 3.634752196772804211e+01
7.510000000000000000e+03 3.635495863854922050e+01
7.530000000000000000e+03 3.635819285517139576e+01
7.550000000000000000e+03 3.636095190067707961e+01
7.570000000000000000e+03 3.635749396349597617e+01
7.590000000000000000e+03 3.635341048729300439e+01
7.610000000000000000e+03 3.635445559030328155e+01
7.630000000000000000e+03 3.635503101129941683e+01
7.650000000000000000e+03 3.635563339189582877e+01
7.670000000000000000e+03 3.634083796180826198e+01
7.690000000000000000e+03 3.635372137461594377e+01
7.710000000000000000e+03 3.634332928981675792e+01
7.730000000000000000e+03 3.634464725611675817e+01
7.750000000000000000e+03 3.634227700692615315e+01
7.770000000000000000e+03 3.635067523157462688e+01
7.790000000000000000e+03 3.635081276601559352e+01
7.810000000000000000e+03 3.635084013816072712e+01
7.830000000000000000e+03 3.634597889433215556e+01
7.850000000000000000e+03 3.634054388537082048e+01
7.870000000000000000e+03 3.634519346286577957e+01
7.890000000000000000e+03 3.632977561480780082e+01
7.910000000000000000e+03 3.631879885339824909e+01
7.930000000000000000e+03 3.632243419520997918e+01
7.950000000000000000e+03 3.631250253788159199e+01
7.970000000000000000e+03 3.633118848644902243e+01
7.990000000000000000e+03 3.632889946274801218e+01
8.010000000000000000e+03 3.633843578804020069e+01
8.030000000000000000e+03 3.633813149404674192e+01
8.050000000000000000e+03 3.633520858615730731e+01
8.070000000000000000e+03 3.633154213020958423e+01
8.090000000000000000e+03 3.632429006848744280e+01
8.110000000000000000e+03 3.632440537675621783e+01
8.130000000000000000e+03 3.633003887266006871e+01
8.150000000000000000e+03 3.632994088032247504e+01
8.170000000000000000e+03 3.633041098824340054e+01
8.190000000000000000e+03 3.632277317202754574e+01
8.210000000000000000e+03 3.632050974943407340e+01
8.230000000000000000e+03 3.632667519777032084e+01
8.250000000000000000e+03 3.632684054795683437e+01
8.270000000000000000e+03 3.633242099328933250e+01
8.290000000000000000e+03 3.632910329387974002e+01
8.310000000000000000e+03 3.631608660632883812e+01
8.330000000000000000e+03 3.631601633546426910e+01
8.350000000000000000e+03 3.631639990661514616e+01
8.370000000000000000e+03 3.631881767031511288e+01
8.390000000000000000e+03 3.630257726405210406e+01
8.410000000000000000e+03 3.631970849214366126e+01
8.430000000000000000e+03 3.630515719346233539e+01
8.450000000000000000e+03 3.631370320103603433e+01
8.470000000000000000e+03 3.631262152293277268e+01
8.490000000000000000e+03 3.630885758112408723e+01
8.510000000000000000e+03 3.628773125124524768e+01
8.530000000000000000e+03 3.630497047194642590e+01
8.550000000000000000e+03 3.623492061359685579e+01
8.570000000000000000e+03 3.631707681256459352e+01
8.590000000000000000e+03 3.631081955829608887e+01
8.610000000000000000e+03 3.631084611391665362e+01
8.630000000000000000e+03 3.631615778005844675e+01
8.650000000000000000e+03 3.631191229051972869e+01
8.670000000000000000e+03 3.624020956577007269e+01
8.690000000000000000e+03 3.629898256661422806e+01
8.710000000000000000e+03 3.631284751427618573e+01
8.730000000000000000e+03 3.631317695463991413e+01
8.750000000000000000e+03 3.630512219891469528e+01
8.770000000000000000e+03 3.631212696260043060e+01
8.790000000000000000e+03 3.631227067127661456e+01
8.810000000000000000e+03 3.630298523697787516e+01
8.830000000000000000e+03 3.630628436120656488e+01
8.850000000000000000e+03 3.630852082221902322e+01
8.870000000000000000e+03 3.629813773733256710e+01
8.890000000000000000e+03 3.631002492749826160e+01
8.910000000000000000e+03 3.631386393847215288e+01
8.930000000000000000e+03 3.630431650340265293e+01
8.950000000000000000e+03 3.630130557752843146e+01
8.970000000000000000e+03 3.630361300499966148e+01
8.990000000000000000e+03 3.630350752403552406e+01
9.010000000000000000e+03 3.628423934212212032e+01
9.030000000000000000e+03 3.629697523673922177e+01
9.050000000000000000e+03 3.630715270319346644e+01
9.070000000000000000e+03 3.630449313545196333e+01
9.090000000000000000e+03 3.628986937181839778e+01
9.110000000000000000e+03 3.629496674492358466e+01
9.130000000000000000e+03 3.629967840229711129e+01
9.150000000000000000e+03 3.629698298730667005e+01
9.170000000000000000e+03 3.629629856023350953e+01
9.190000000000000000e+03 3.630006377459877598e+01
9.210000000000000000e+03 3.628945591387709868e+01
9.230000000000000000e+03 3.628794692740432026e+01
9.250000000000000000e+03 3.628671339670391660e+01
9.270000000000000000e+03 3.628854860926021786e+01
9.290000000000000000e+03 3.628678268773079907e+01
9.310000000000000000e+03 3.629137463653334805e+01
9.330000000000000000e+03 3.628890700016096105e+01
9.350000000000000000e+03 3.628649904082708133e+01
9.370000000000000000e+03 3.627674791781520724e+01
9.390000000000000000e+03 3.628481646961706986e+01
9.410000000000000000e+03 3.627555568705830069e+01
9.430000000000000000e+03 3.628399526726877156e+01
9.450000000000000000e+03 3.627448098988033109e+01
9.470000000000000000e+03 3.628142558497668091e+01
9.490000000000000000e+03 3.628091717498334390e+01
9.510000000000000000e+03 3.627787117084107393e+01
9.530000000000000000e+03 3.627559890948016630e+01
9.550000000000000000e+03 3.626236406299437220e+01
9.570000000000000000e+03 3.626704121012417659e+01
9.590000000000000000e+03 3.627522270389059855e+01
9.610000000000000000e+03 3.626797257723254120e+01
9.630000000000000000e+03 3.626931003782853224e+01
9.650000000000000000e+03 3.625898484673098920e+01
9.670000000000000000e+03 3.625852675925906254e+01
9.690000000000000000e+03 3.626435623411578035e+01
9.710000000000000000e+03 3.626084210288250631e+01
9.730000000000000000e+03 3.625593689679423903e+01
9.750000000000000000e+03 3.625513413487324499e+01
9.770000000000000000e+03 3.625602337275445564e+01
9.790000000000000000e+03 3.624697244340254088e+01
9.810000000000000000e+03 3.625998252445830872e+01
9.830000000000000000e+03 3.625563000317341533e+01
9.850000000000000000e+03 3.625859284313430209e+01
9.870000000000000000e+03 3.625469742335710777e+01
9.890000000000000000e+03 3.625389615305282121e+01
9.910000000000000000e+03 3.625243918823778699e+01
9.930000000000000000e+03 3.625215988016957169e+01
9.950000000000000000e+03 3.625113811332444413e+01
9.970000000000000000e+03 3.625112108781836184e+01
9.990000000000000000e+03 3.624894566012226704e+01
1.002500000000000000e+04 3.624076699763706699e+01
1.007500000000000000e+04 3.623362117817670480e+01
1.012500000000000000e+04 3.623657005877431914e+01
1.017500000000000000e+04 3.622966341730381856e+01
1.022500000000000000e+04 3.622956935418729785e+01
1.027500000000000000e+04 3.622922861969860264e+01
1.032500000000000000e+04 3.621933215088723301e+01
1.037500000000000000e+04 3.621557285847209329e+01
1.042500000000000000e+04 3.621678043009031711e+01
1.047500000000000000e+04 3.621194924791544167e+01
1.052500000000000000e+04 3.621161446402393125e+01
1.057500000000000000e+04 3.620494368044535349e+01
1.062500000000000000e+04 3.620272617574228491e+01
1.067500000000000000e+04 3.619337774950520270e+01
1.072500000000000000e+04 3.619296886356653431e+01
1.077500000000000000e+04 3.618783657829342815e+01
1.082500000000000000e+04 3.618145057684029098e+01
1.087500000000000000e+04 3.618053371166386256e+01
1.092500000000000000e+04 3.618069018581816465e+01
1.097500000000000000e+04 3.617503878112005111e+01
1.102500000000000000e+04 3.617635849024016181e+01
1.107500000000000000e+04 3.617443688761827048e+01
1.112500000000000000e+04 3.617061650438699161e+01
1.117500000000000000e+04 3.616458700393286563e+01
1.122500000000000000e+04 3.616418550627733453e+01
1.127500000000000000e+04 3.615697274084018176e+01
1.132500000000000000e+04 3.615402365753759284e+01
1.137500000000000000e+04 3.614910357819495346e+01
1.142500000000000000e+04 3.614413585024675513e+01
1.147500000000000000e+04 3.614774664816008709e+01
1.152500000000000000e+04 3.614624996464551288e+01
1.157500000000000000e+04 3.613894207850006524e+01
1.162500000000000000e+04 3.613194025510225060e+01
1.167500000000000000e+04 3.613169991221617039e+01
1.172500000000000000e+04 3.613417148564565196e+01
1.177500000000000000e+04 3.612547567073127652e+01
1.182500000000000000e+04 3.612205109336871089e+01
1.187500000000000000e+04 3.611385786674000542e+01
1.192500000000000000e+04 3.612138591242703711e+01
1.197500000000000000e+04 3.610382215349594048e+01
1.202500000000000000e+04 3.611297672174141127e+01
1.207500000000000000e+04 3.610694643827156369e+01
1.212500000000000000e+04 3.610607550396365184e+01
1.217500000000000000e+04 3.610643264562615684e+01
1.222500000000000000e+04 3.610226281578492546e+01
1.227500000000000000e+04 3.609877198610178084e+01
1.232500000000000000e+04 3.609527901334345046e+01
1.237500000000000000e+04 3.609355553319642951e+01
1.242500000000000000e+04 3.608976538571592840e+01
1.247500000000000000e+04 3.608869132987597794e+01
1.252500000000000000e+04 3.608290159193603586e+01
1.257500000000000000e+04 3.608180621915740005e+01
1.262500000000000000e+04 3.607886329849844032e+01
1.267500000000000000e+04 3.607461290689278854e+01
1.272500000000000000e+04 3.607410849909808803e+01
1.277500000000000000e+04 3.607393495521748861e+01
1.282500000000000000e+04 3.605720818307860043e+01
1.287500000000000000e+04 3.606359405915842586e+01
1.292500000000000000e+04 3.605712063571050408e+01
1.297500000000000000e+04 3.606235097079370178e+01
1.302500000000000000e+04 3.605636504913016438e+01
1.307500000000000000e+04 3.605812971483750573e+01
1.312500000000000000e+04 3.604997356810002884e+01
1.317500000000000000e+04 3.604869549227108649e+01
1.322500000000000000e+04 3.604854318573634231e+01
1.327500000000000000e+04 3.604019429621547488e+01
1.332500000000000000e+04 3.604424105945311396e+01
1.337500000000000000e+04 3.603938765947053469e+01
1.342500000000000000e+04 3.604206081081985502e+01
1.347500000000000000e+04 3.603934149990701030e+01
1.352500000000000000e+04 3.603756211836126511e+01
1.357500000000000000e+04 3.602989551086888298e+01
1.362500000000000000e+04 3.602680754738621260e+01
1.367500000000000000e+04 3.602884389043370561e+01
1.372500000000000000e+04 3.603032376125631941e+01
1.377500000000000000e+04 3.602655769624924176e+01
1.382500000000000000e+04 3.602681646874206933e+01
1.387500000000000000e+04 3.602086161863730496e+01
1.392500000000000000e+04 3.602384943911681603e+01
1.397500000000000000e+04 3.602376774219155209e+01
1.402500000000000000e+04 3.601562200274840109e+01
1.407500000000000000e+04 3.601994165665584546e+01
1.412500000000000000e+04 3.601423648520655263e+01
1.417500000000000000e+04 3.601785112900108743e+01
1.422500000000000000e+04 3.601039168606742180e+01
1.427500000000000000e+04 3.600261844061288485e+01
1.432500000000000000e+04 3.601101342909309722e+01
1.437500000000000000e+04 3.601195506154403603e+01
1.442500000000000000e+04 3.599932707967956702e+01
1.447500000000000000e+04 3.600806289036371766e+01
1.452500000000000000e+04 3.600193448083332726e+01
1.457000000000000000e+04 3.600392539212592169e+01
1.462000000000000000e+04 3.600432347342312056e+01
1.467500000000000000e+04 3.600361057802547293e+01
1.472500000000000000e+04 3.599471850011732244e+01
1.477500000000000000e+04 3.599857289792246462e+01
1.482500000000000000e+04 3.599739152559283184e+01
1.487500000000000000e+04 3.599274906044725242e+01
1.492500000000000000e+04 3.600099257151191523e+01
1.497500000000000000e+04 3.599468026380981911e+01
1.502500000000000000e+04 3.599225431465053759e+01
1.507500000000000000e+04 3.598664291438306861e+01
1.512500000000000000e+04 3.599391793417039054e+01
1.517500000000000000e+04 3.599388137564272938e+01
1.522500000000000000e+04 3.599339354292190762e+01
1.527500000000000000e+04 3.599533662383939969e+01
1.532500000000000000e+04 3.599128846637167101e+01
1.537500000000000000e+04 3.599548085396138219e+01
1.542500000000000000e+04 3.599458137857413931e+01
1.547500000000000000e+04 3.599419642875989922e+01
1.552500000000000000e+04 3.598758790559962506e+01
1.557500000000000000e+04 3.596979794576746059e+01
1.562500000000000000e+04 3.598037609878117848e+01
1.567500000000000000e+04 3.597726790443575595e+01
1.572500000000000000e+04 3.598459473603498537e+01
1.577500000000000000e+04 3.595095978706425655e+01
1.582500000000000000e+04 3.596214388339183188e+01
1.587500000000000000e+04 3.595817073689413945e+01
1.592500000000000000e+04 3.597107682654350214e+01
1.597500000000000000e+04 3.595585180005404169e+01
1.605000000000000000e+04 3.596060348006776763e+01
1.615000000000000000e+04 3.595894500798818427e+01
1.625000000000000000e+04 3.595128076757956137e+01
1.635000000000000000e+04 3.596225667177071017e+01
1.645000000000000000e+04 3.593211826239878093e+01
1.655000000000000000e+04 3.594815125131324862e+01
1.665000000000000000e+04 3.592341431234218163e+01
1.675000000000000000e+04 3.593000974499395994e+01
1.685000000000000000e+04 3.590981271517615880e+01
1.695000000000000000e+04 3.591907813524586857e+01
1.705000000000000000e+04 3.590194025967870317e+01
1.715000000000000000e+04 3.590129368311718849e+01
1.725000000000000000e+04 3.589210105761014802e+01
1.735000000000000000e+04 3.587752166433984513e+01
1.745000000000000000e+04 3.587858144378768088e+01
1.755000000000000000e+04 3.586803491702309543e+01
1.765000000000000000e+04 3.586502079241761010e+01
1.775000000000000000e+04 3.585413177112892669e+01
1.785000000000000000e+04 3.585053328596586653e+01
1.795000000000000000e+04 3.584334055029891886e+01
1.805000000000000000e+04 3.583153836207007714e+01
1.815000000000000000e+04 3.582683834569754566e+01
1.825000000000000000e+04 3.581872844840604841e+01
1.835000000000000000e+04 3.581077362523471663e+01
1.845000000000000000e+04 3.580192247927415394e+01
1.855000000000000000e+04 3.579725354190232878e+01
1.865000000000000000e+04 3.578555414037442972e+01
1.875000000000000000e+04 3.577782615889226747e+01
1.885000000000000000e+04 3.577458045356560490e+01
1.895000000000000000e+04 3.575573044551214963e+01
1.905000000000000000e+04 3.576330139577441969e+01
1.915000000000000000e+04 3.575377615843812151e+01
1.925000000000000000e+04 3.574816651113589216e+01
1.935000000000000000e+04 3.573552625208400713e+01
1.945000000000000000e+04 3.572744142741173334e+01
1.955000000000000000e+04 3.572529727598741545e+01
1.965000000000000000e+04 3.571740632595451359e+01
1.975000000000000000e+04 3.570810090154121497e+01
1.985000000000000000e+04 3.570292695163414010e+01
1.995000000000000000e+04 3.569637149955993038e+01
2.005000000000000000e+04 3.569501249070219018e+01
2.015000000000000000e+04 3.568911225343675397e+01
2.025000000000000000e+04 3.567558166804062125e+01
2.035000000000000000e+04 3.566907204483883476e+01
2.045000000000000000e+04 3.566890413066909815e+01
2.055000000000000000e+04 3.566067771103665507e+01
2.065000000000000000e+04 3.565198504900474319e+01
2.075000000000000000e+04 3.564616441338958452e+01
2.085000000000000000e+04 3.563850113591532676e+01
2.095000000000000000e+04 3.562924307781426592e+01
2.105000000000000000e+04 3.562775403904727511e+01
2.115000000000000000e+04 3.561869450295321826e+01
2.125000000000000000e+04 3.561175915688995985e+01
2.135000000000000000e+04 3.560913110082924504e+01
2.145000000000000000e+04 3.560188777403119786e+01
2.155000000000000000e+04 3.559503426276411631e+01
2.165000000000000000e+04 3.558607059863811628e+01
2.175000000000000000e+04 3.557840691432859614e+01
2.185000000000000000e+04 3.557335509010052021e+01
2.195000000000000000e+04 3.556817334783691820e+01
2.205000000000000000e+04 3.555561338863552834e+01
2.215000000000000000e+04 3.555674519094785779e+01
2.225000000000000000e+04 3.554312934126298273e+01
2.235000000000000000e+04 3.553925169771149228e+01
2.245000000000000000e+04 3.553378597421470175e+01
2.255000000000000000e+04 3.552899070114014535e+01
2.265000000000000000e+04 3.551916238733440423e+01
2.275000000000000000e+04 3.551789261072569559e+01
2.285000000000000000e+04 3.550773729870876139e+01
2.295000000000000000e+04 3.542532483345160443e+01
2.305000000000000000e+04 3.546383497840537302e+01
2.315000000000000000e+04 3.545769219443752718e+01
2.325000000000000000e+04 3.538339376609592080e+01
2.335000000000000000e+04 3.542265496375623002e+01
2.345000000000000000e+04 3.541009158998008388e+01
2.355000000000000000e+04 3.533873581979587897e+01
2.365000000000000000e+04 3.538770630644575732e+01
2.375000000000000000e+04 3.537245621590905387e+01
2.385000000000000000e+04 3.531503021633761819e+01
2.395000000000000000e+04 3.535564874759404574e+01
2.405000000000000000e+04 3.535230012716896653e+01
2.415000000000000000e+04 3.530062456854026465e+01
2.425000000000000000e+04 3.533320708273471666e+01
2.435000000000000000e+04 3.533117053790929418e+01
2.445000000000000000e+04 3.529942091188601694e+01
2.455000000000000000e+04 3.530088032048540470e+01
2.465000000000000000e+04 3.531881512144725122e+01
2.475000000000000000e+04 3.530122253793303599e+01
2.485000000000000000e+04 3.527484517307320999e+01
2.495000000000000000e+04 3.529439983479824150e+01
2.505000000000000000e+04 3.530929902115448726e+01
2.515000000000000000e+04 3.526093968783555965e+01
2.525000000000000000e+04 3.528470855198550282e+01
2.535000000000000000e+04 3.528569701807271031e+01
2.545000000000000000e+04 3.527384986331039585e+01
2.555000000000000000e+04 3.526406748119538292e+01
2.565000000000000000e+04 3.526864302530864848e+01
2.575000000000000000e+04 3.527120396157382487e+01
2.585000000000000000e+04 3.524253455644269195e+01
2.595000000000000000e+04 3.525029737900274540e+01
2.605000000000000000e+04 3.525702597933107540e+01
2.615000000000000000e+04 3.524431383035007315e+01
2.625000000000000000e+04 3.523798449866734472e+01
2.635000000000000000e+04 3.524190170980894266e+01
2.645000000000000000e+04 3.523934441800881245e+01
2.655000000000000000e+04 3.522891377466891072e+01
2.665000000000000000e+04 3.521995076148537862e+01
2.675000000000000000e+04 3.523333000564319661e+01
2.685000000000000000e+04 3.522611281907357750e+01
2.695000000000000000e+04 3.521018007708133268e+01
2.705000000000000000e+04 3.521634393316227118e+01
2.715000000000000000e+04 3.521161910589398758e+01
2.725000000000000000e+04 3.521145121997617622e+01
2.735000000000000000e+04 3.519561198589536133e+01
2.745000000000000000e+04 3.519954709437344320e+01
2.755000000000000000e+04 3.519969892871478834e+01
2.765000000000000000e+04 3.519085854448159267e+01
2.775000000000000000e+04 3.518097430641206103e+01
2.785000000000000000e+04 3.518271792531928099e+01
2.795000000000000000e+04 3.518235212186984029e+01
2.805000000000000000e+04 3.517658592286517205e+01
2.815000000000000000e+04 3.516746044041543939e+01
2.825000000000000000e+04 3.516586190952752133e+01
2.835000000000000000e+04 3.516444691201387229e+01
2.845000000000000000e+04 3.515855907638429301e+01
2.855000000000000000e+04 3.515293743246748903e+01
2.865000000000000000e+04 3.514855032935219725e+01
2.875000000000000000e+04 3.514449764933404197e+01
2.885000000000000000e+04 3.513979105038293227e+01
2.895000000000000000e+04 3.513501864921675377e+01
2.905000000000000000e+04 3.512973012211062240e+01
2.915000000000000000e+04 3.512628784742412336e+01
2.925000000000000000e+04 3.511732841847125997e+01
2.935000000000000000e+04 3.511760109515171990e+01
2.945000000000000000e+04 3.511002840260493230e+01
2.955000000000000000e+04 3.510559756319117497e+01
2.965000000000000000e+04 3.510270712536629389e+01
2.975000000000000000e+04 3.509766806850195309e+01
2.985000000000000000e+04 3.509165934312663637e+01
2.995000000000000000e+04 3.508681928078158307e+01
3.005000000000000000e+04 3.508155619567906314e+01
3.015000000000000000e+04 3.507778188087962690e+01
3.025000000000000000e+04 3.507140239725192998e+01
3.035000000000000000e+04 3.506461328051076265e+01
3.045000000000000000e+04 3.506222638309729689e+01
3.055000000000000000e+04 3.505603294965985128e+01
3.065000000000000000e+04 3.505076250058247211e+01
3.075000000000000000e+04 3.504695396740702051e+01
3.085000000000000000e+04 3.503994347974710166e+01
3.095000000000000000e+04 3.503525837230911577e+01
3.105000000000000000e+04 3.503193435998271354e+01
3.115000000000000000e+04 3.502356825697095388e+01
3.125000000000000000e+04 3.502094275810642898e+01
3.135000000000000000e+04 3.501612860258201465e+01
3.145000000000000000e+04 3.501070256325107266e+01
3.155000000000000000e+04 3.500467667696608487e+01
3.165000000000000000e+04 3.499931498170969491e+01
3.175000000000000000e+04 3.499553517026462401e+01
3.185000000000000000e+04 3.499025227659098647e+01
3.195000000000000000e+04 3.498580666649469606e+01
3.210000000000000000e+04 3.497755604921163552e+01
3.230000000000000000e+04 3.496700328294372895e+01
3.250000000000000000e+04 3.495694222819774666e+01
3.270000000000000000e+04 3.494673736318646462e+01
3.290000000000000000e+04 3.493603875494176236e+01
3.310000000000000000e+04 3.492625006457719650e+01
3.330000000000000000e+04 3.491576261438935802e+01
3.350000000000000000e+04 3.490752673658671767e+01
3.370000000000000000e+04 3.489710806643518737e+01
3.390000000000000000e+04 3.488654512095627780e+01
3.410000000000000000e+04 3.487635560590648964e+01
3.430000000000000000e+04 3.486882260085204877e+01
3.450000000000000000e+04 3.485960944756040902e+01
3.470000000000000000e+04 3.484995353183806799e+01
3.490000000000000000e+04 3.484071755086515054e+01
3.510000000000000000e+04 3.483200837728727350e+01
3.530000000000000000e+04 3.482127458997544522e+01
3.550000000000000000e+04 3.481313462137472214e+01
3.570000000000000000e+04 3.480350480664609591e+01
3.590000000000000000e+04 3.479419728956706592e+01
3.610000000000000000e+04 3.478603584866831966e+01
3.630000000000000000e+04 3.477724085315946922e+01
3.650000000000000000e+04 3.476634464842862116e+01
3.670000000000000000e+04 3.475739514287868559e+01
3.690000000000000000e+04 3.474642665988476153e+01
3.710000000000000000e+04 3.473674316514882321e+01
3.730000000000000000e+04 3.473045330091400729e+01
3.750000000000000000e+04 3.471857507303838020e+01
3.770000000000000000e+04 3.471298683054882162e+01
3.790000000000000000e+04 3.470410995433845613e+01
3.810000000000000000e+04 3.469655717387524874e+01
3.830000000000000000e+04 3.468893300367110299e+01
3.850000000000000000e+04 3.468076794422239573e+01
3.870000000000000000e+04 3.467009181602402634e+01
3.890000000000000000e+04 3.466275854717286364e+01
3.910000000000000000e+04 3.465509907172501869e+01
3.930000000000000000e+04 3.464684894597122877e+01
3.950000000000000000e+04 3.463654540685683969e+01
3.970000000000000000e+04 3.462903168681037158e+01
3.990000000000000000e+04 3.461729992418273127e+01
4.010000000000000000e+04 3.461159684672176695e+01
4.030000000000000000e+04 3.460509540479656465e+01
4.050000000000000000e+04 3.459589078489958069e+01
4.070000000000000000e+04 3.458833567788830976e+01
4.090000000000000000e+04 3.458053563954277365e+01
4.110000000000000000e+04 3.457274579872863285e+01
4.130000000000000000e+04 3.456549046196876418e+01
4.150000000000000000e+04 3.455688065730181080e+01
4.170000000000000000e+04 3.454832935689297102e+01
4.190000000000000000e+04 3.454007730208414984e+01
4.210000000000000000e+04 3.453120722292619860e+01
4.230000000000000000e+04 3.452625535662375000e+01
4.250000000000000000e+04 3.451668101855128157e+01
4.270000000000000000e+04 3.451036454921155183e+01
4.290000000000000000e+04 3.447237887560359582e+01
4.310000000000000000e+04 3.443441082135080933e+01
4.330000000000000000e+04 3.444378832765453780e+01
4.350000000000000000e+04 3.440754315000874186e+01
4.370000000000000000e+04 3.439133526749411374e+01
4.390000000000000000e+04 3.437588561718551006e+01
4.410000000000000000e+04 3.433981417675606451e+01
4.430000000000000000e+04 3.433738646145677365e+01
4.450000000000000000e+04 3.432482465682775796e+01
4.470000000000000000e+04 3.429537077802093847e+01
4.490000000000000000e+04 3.430710355388664823e+01
4.510000000000000000e+04 3.428858983265109117e+01
4.530000000000000000e+04 3.426899834230524533e+01
4.550000000000000000e+04 3.427534624490731829e+01
4.570000000000000000e+04 3.426866468604044513e+01
4.590000000000000000e+04 3.424317719690830586e+01
4.610000000000000000e+04 3.425701018266455122e+01
4.630000000000000000e+04 3.424323725859161982e+01
4.650000000000000000e+04 3.424096490438312657e+01
4.670000000000000000e+04 3.424211874026701707e+01
4.690000000000000000e+04 3.423080849159889993e+01
4.710000000000000000e+04 3.421946410806413041e+01
4.730000000000000000e+04 3.422885477727439252e+01
4.750000000000000000e+04 3.421654723745589877e+01
4.770000000000000000e+04 3.421101996882343599e+01
4.790000000000000000e+04 3.420714408566630027e+01
4.810000000000000000e+04 3.419250130289346856e+01
4.830000000000000000e+04 3.420361608272581577e+01
4.850000000000000000e+04 3.419290897336932034e+01
4.870000000000000000e+04 3.418144771135015958e+01
4.890000000000000000e+04 3.417793258584291038e+01
4.910000000000000000e+04 3.417184891977267114e+01
4.930000000000000000e+04 3.416571174555905088e+01
4.950000000000000000e+04 3.415620301131479408e+01
4.970000000000000000e+04 3.415954932588102366e+01
4.990000000000000000e+04 3.415184440223882945e+01
5.010000000000000000e+04 3.414852621751931849e+01
5.030000000000000000e+04 3.414322811127515678e+01
5.050000000000000000e+04 3.413002205490909091e+01
5.070000000000000000e+04 3.412970036450703049e+01
5.090000000000000000e+04 3.412451477586563442e+01
5.110000000000000000e+04 3.411555840650862592e+01
5.130000000000000000e+04 3.411423804156805772e+01
5.150000000000000000e+04 3.410500640622660029e+01
5.170000000000000000e+04 3.410920124123237684e+01
5.190000000000000000e+04 3.409904421449626000e+01
5.210000000000000000e+04 3.409500632248788321e+01
5.230000000000000000e+04 3.408691416943098318e+01
5.250000000000000000e+04 3.408603789500071457e+01
5.270000000000000000e+04 3.409048812104670390e+01
5.290000000000000000e+04 3.407386897297101314e+01
5.310000000000000000e+04 3.406655138294080842e+01
5.330000000000000000e+04 3.406751564630298645e+01
5.350000000000000000e+04 3.406179478269420002e+01
5.370000000000000000e+04 3.405807826821369133e+01
5.390000000000000000e+04 3.405430515729935337e+01
5.410000000000000000e+04 3.405007185020227922e+01
5.430000000000000000e+04 3.404023101242696470e+01
5.450000000000000000e+04 3.404291541970881241e+01
5.470000000000000000e+04 3.403168395113851830e+01
5.490000000000000000e+04 3.403107525976465553e+01
5.510000000000000000e+04 3.402192431638627568e+01
5.530000000000000000e+04 3.403285292576088494e+01
5.550000000000000000e+04 3.401403394894060028e+01
5.570000000000000000e+04 3.401827344145637966e+01
5.590000000000000000e+04 3.400881987816183027e+01
5.610000000000000000e+04 3.401018312563537904e+01
5.630000000000000000e+04 3.399765039095137809e+01
5.650000000000000000e+04 3.399988104184738091e+01
5.670000000000000000e+04 3.399406089598977587e+01
5.690000000000000000e+04 3.398331908457416262e+01
5.710000000000000000e+04 3.398619313219139570e+01
5.730000000000000000e+04 3.398145561657257474e+01
5.750000000000000000e+04 3.397611246477474367e+01
5.770000000000000000e+04 3.397042293302658322e+01
5.790000000000000000e+04 3.396993955338690796e+01
5.810000000000000000e+04 3.396262199431714635e+01
5.830000000000000000e+04 3.395863381807056669e+01
5.850000000000000000e+04 3.395387290037755434e+01
5.870000000000000000e+04 3.394553624967244332e+01
5.890000000000000000e+04 3.394260602909695734e+01
5.910000000000000000e+04 3.393825796602382638e+01
5.930000000000000000e+04 3.393507619598469205e+01
5.950000000000000000e+04 3.392773686833315594e+01
5.970000000000000000e+04 3.392643588852222081e+01
5.990000000000000000e+04 3.392161685817584527e+01
6.010000000000000000e+04 3.391702196436052219e+01
6.030000000000000000e+04 3.391194809425168444e+01
6.050000000000000000e+04 3.390417475355020827e+01
6.070000000000000000e+04 3.390031947051419081e+01
6.090000000000000000e+04 3.389490448019954982e+01
6.110000000000000000e+04 3.388918461324765019e+01
6.130000000000000000e+04 3.388626957255929995e+01
6.150000000000000000e+04 3.388263380496191957e+01
6.170000000000000000e+04 3.388039004502956431e+01
6.190000000000000000e+04 3.387443680216412645e+01
6.210000000000000000e+04 3.387116698746182664e+01
6.230000000000000000e+04 3.386410800437967339e+01
6.250000000000000000e+04 3.385721378696904793e+01
6.270000000000000000e+04 3.385282714690758610e+01
6.290000000000000000e+04 3.384857157557680551e+01
6.310000000000000000e+04 3.384377227479242123e+01
6.330000000000000000e+04 3.384131665914120646e+01
6.350000000000000000e+04 3.383508137292065499e+01
6.370000000000000000e+04 3.383321261300005034e+01
6.390000000000000000e+04 3.382456427831161250e+01
6.420000000000000000e+04 3.381939861952790238e+01
6.460000000000000000e+04 3.380882231671515825e+01
6.500000000000000000e+04 3.379976005560857288e+01
6.540000000000000000e+04 3.378978029557347895e+01
6.580000000000000000e+04 3.378128226316683680e+01
6.620000000000000000e+04 3.377090259623653878e+01
6.660000000000000000e+04 3.376159959146258416e+01
6.700000000000000000e+04 3.375270116000793053e+01
6.740000000000000000e+04 3.374233853689604956e+01
6.780000000000000000e+04 3.373304492658022014e+01
6.820000000000000000e+04 3.372347035529121939e+01
6.860000000000000000e+04 3.371467021636536288e+01
6.900000000000000000e+04 3.370457042886695831e+01
6.940000000000000000e+04 3.369538467767711154e+01
6.980000000000000000e+04 3.368593818105178883e+01
7.020000000000000000e+04 3.367623771477617822e+01
7.060000000000000000e+04 3.366745219710607273e+01
7.100000000000000000e+04 3.365796215817746173e+01
7.140000000000000000e+04 3.364896122473014373e+01
7.180000000000000000e+04 3.363936894787461540e+01
7.220000000000000000e+04 3.363034903963777822e+01
7.260000000000000000e+04 3.362095515627515852e+01
7.300000000000000000e+04 3.361186246515694620e+01
7.340000000000000000e+04 3.360258063723935607e+01
7.380000000000000000e+04 3.359375846308317648e+01
7.420000000000000000e+04 3.358425092871938489e+01
7.460000000000000000e+04 3.357491001592661917e+01
7.500000000000000000e+04 3.356610105347313322e+01
7.540000000000000000e+04 3.355711156891898383e+01
7.580000000000000000e+04 3.354869982913669446e+01
7.620000000000000000e+04 3.353988870794194099e+01
7.660000000000000000e+04 3.353094506510268502e+01
7.700000000000000000e+04 3.352202069895059111e+01
7.740000000000000000e+04 3.351332308016434069e+01
7.780000000000000000e+04 3.350484159896133463e+01
7.820000000000000000e+04 3.349598333055118360e+01
7.860000000000000000e+04 3.348741487017520768e+01
7.900000000000000000e+04 3.347886773364479041e+01
7.940000000000000000e+04 3.347019307259568421e+01
7.980000000000000000e+04 3.346177104661620660e+01
8.020000000000000000e+04 3.345298032554607204e+01
8.060000000000000000e+04 3.344446771201165802e+01
8.100000000000000000e+04 3.343627807522783968e+01
8.140000000000000000e+04 3.342772685756189333e+01
8.180000000000000000e+04 3.341969470774830597e+01
8.220000000000000000e+04 3.341155406064260092e+01
8.260000000000000000e+04 3.340326618990225427e+01
8.300000000000000000e+04 3.339487077538881010e+01
8.340000000000000000e+04 3.338653678152761017e+01
8.380000000000000000e+04 3.337832725996271677e+01
8.420000000000000000e+04 3.337057660816738291e+01
8.460000000000000000e+04 3.336231674496614374e+01
8.500000000000000000e+04 3.335427844696211253e+01
8.540000000000000000e+04 3.334630999676990371e+01
8.580000000000000000e+04 3.333854667644376946e+01
8.620000000000000000e+04 3.333065196937599239e+01
8.660000000000000000e+04 3.332288561794960913e+01
8.700000000000000000e+04 3.331502818230695340e+01
8.740000000000000000e+04 3.330735916970321142e+01
8.780000000000000000e+04 3.329928130131784769e+01
8.820000000000000000e+04 3.329163006244208134e+01
8.860000000000000000e+04 3.328390429994800570e+01
8.900000000000000000e+04 3.327609160003154187e+01
8.940000000000000000e+04 3.326869330136661063e+01
8.980000000000000000e+04 3.326060544847902634e+01
9.020000000000000000e+04 3.325343285367711132e+01
9.060000000000000000e+04 3.324603046986444355e+01
9.100000000000000000e+04 3.323791482205629677e+01
9.140000000000000000e+04 3.323076511531822774e+01
9.180000000000000000e+04 3.322343852951456711e+01
9.220000000000000000e+04 3.321638637643594905e+01
9.260000000000000000e+04 3.320887249272317376e+01
9.300000000000000000e+04 3.320127431316424094e+01
9.340000000000000000e+04 3.319404265833847489e+01
9.380000000000000000e+04 3.318681585487051677e+01
9.420000000000000000e+04 3.317956981760181634e+01
9.460000000000000000e+04 3.317217561090669165e+01
9.500000000000000000e+04 3.316512167244716380e+01
9.540000000000000000e+04 3.315799187501784218e+01
9.580000000000000000e+04 3.315082163968444462e+01
9.620000000000000000e+04 3.314383531147804263e+01
9.660000000000000000e+04 3.313671143408723907e+01
9.700000000000000000e+04 3.312957014047995585e+01
9.740000000000000000e+04 3.312208069027214208e+01
9.780000000000000000e+04 3.311549932509928595e+01
9.820000000000000000e+04 3.310865518160522925e+01
9.860000000000000000e+04 3.310168664079422030e+01
9.900000000000000000e+04 3.309486434484667683e+01
9.940000000000000000e+04 3.308792307354316620e+01
9.980000000000000000e+04 3.308101224746637570e+01
1.002000000000000000e+05 3.307413709995992690e+01
2.000000000000000000e+05 3.188741973363508464e+01
4.000000000000000000e+05 3.068647174637604635e+01
6.000000000000000000e+05 2.998017547426220020e+01
8.000000000000000000e+05 2.947761639246974852e+01
1.000000000000000000e+06 2.908724627556642162e+01
1.200000000000000000e+06 -inf
1.400000000000000000e+06 -inf
1.600000000000000000e+06 -inf
