4.307136822797842513e+01
4.313075941018371395e+01
4.320130708244547435e+01
4.331157637355623535e+01
4.286482847483307523e+01
4.251731498604978299e+01
4.227195623473318165e+01
4.207960036498523237e+01
4.192373476383860265e+01
4.173631101624869899e+01
4.166194434616829767e+01
4.157804987430795052e+01
4.144510942610985893e+01
4.135757230512106020e+01
4.130679958377699279e+01
4.125032166715136128e+01
4.116764003909416658e+01
4.105972685747013884e+01
4.103926682881093058e+01
4.101780826771255306e+01
4.099183517772061691e+01
4.096074853137075422e+01
4.093694584410125969e+01
4.091221300377989678e+01
4.088487198410358303e+01
4.086520712878095196e+01
4.080625105867882496e+01
4.076045749695508391e+01
4.070561019536981462e+01
4.069713200826160460e+01
4.066823705039561787e+01
4.064968623070874543e+01
4.066020049078843357e+01
4.062437416878589147e+01
4.060687920281831964e+01
4.058580468237063599e+01
4.057534664747872455e+01
4.056166754325389689e+01
4.053942185155100475e+01
4.054175306306871107e+01
4.054524993783034859e+01
4.051974125745208255e+01
4.051396167644881530e+01
4.046612310925736722e+01
4.042993956141974365e+01
4.010762396854654810e+01
4.011327220464878707e+01
4.011849414933559643e+01
4.012466285904724828e+01
4.012956799028108890e+01
4.013665584420861165e+01
4.014325532401817043e+01
4.014961923809080702e+01
4.015782872081479127e+01
4.016404769007824882e+01
4.017264895818318848e+01
4.018295883055506579e+01
4.024932317172424234e+01
4.029246875713491249e+01
4.031444859849932527e+01
4.033237950513192516e+01
4.034647392651508824e+01
4.035997741539132733e+01
4.037246107992950783e+01
4.038613235982389682e+01
4.039941789689370921e+01
3.990199918640112742e+01
3.990703727420836344e+01
3.991164399223760029e+01
3.991691712307181206e+01
3.992340629896229132e+01
3.992826734591270110e+01
3.993667568482765518e+01
3.994323430508257644e+01
4.000319894461222958e+01
3.998047316625171277e+01
4.006165754670034573e+01
4.008853093128489320e+01
4.010639158106540947e+01
4.012215172327630341e+01
4.013508322774670489e+01
4.014822293356069594e+01
4.016069748088199987e+01
4.017095850642178334e+01
4.018205919135974113e+01
4.019358532624791280e+01
4.020575034815195181e+01
3.954923877988625236e+01
3.955192829518686892e+01
3.955507611309284499e+01
3.955738485239987767e+01
3.955957196310973245e+01
3.956271960358070316e+01
3.956477624233060197e+01
3.956725969350698335e+01
3.956944061211392949e+01
3.957228479326627735e+01
3.957680371337035297e+01
3.957893169429787861e+01
3.958216320002085808e+01
3.958458940665090608e+01
3.958891745060640233e+01
3.959174211755144768e+01
3.959394776936613880e+01
3.959795724208802170e+01
3.960039835361808969e+01
3.960310107449865313e+01
3.960718332025862054e+01
3.961108952029590569e+01
3.961383080293870051e+01
3.961774948147255060e+01
3.962214227052137971e+01
3.962469813823659592e+01
3.962874624241690924e+01
3.963394453929429062e+01
3.964049386586226120e+01
3.965624630335047840e+01
3.971668743916647770e+01
3.974030055866874278e+01
3.967736579729746182e+01
3.968073523809648862e+01
3.974375579209949194e+01
3.977530235476830001e+01
3.979612690116552187e+01
3.981108701285175755e+01
3.982618714396978987e+01
3.983513475833281348e+01
3.984964983223292734e+01
3.986046998802960672e+01
3.987040794392896714e+01
3.988066820055145456e+01
3.988738437428206396e+01
3.989737812495970104e+01
3.990628782582381007e+01
3.991488277904862514e+01
3.992306273786056892e+01
3.992965708666931590e+01
3.993664651744613536e+01
3.994880912631970205e+01
3.995553739797887260e+01
3.996577715489668492e+01
3.909550365492248147e+01
3.909550365492248147e+01
3.909682854950429487e+01
3.909931333845158719e+01
3.909931333845158719e+01
3.910152993096711072e+01
3.910152993096711072e+01
3.910474437207366094e+01
3.910474437207366094e+01
3.910716023675495023e+01
3.910716023675495023e+01
3.910716023675495023e+01
3.911026536306668788e+01
3.911064160525315714e+01
3.911293841104014746e+01
3.911293841104014746e+01
3.911519060884282339e+01
3.911614739494580562e+01
3.911827895089137996e+01
3.911827895089137996e+01
3.912049222070567112e+01
3.912145539077154410e+01
3.912368543685441580e+01
3.912405889550633731e+01
3.912617780918847643e+01
3.912617780918847643e+01
3.912930432574964357e+01
3.912930432574964357e+01
3.913132347323071514e+01
3.913132347323071514e+01
3.913430064285638821e+01
3.913430064285638821e+01
3.913644691227813155e+01
3.913847180687190530e+01
3.913885376265672278e+01
3.914183774058017207e+01
3.914183774058017207e+01
3.914397303561231922e+01
3.914397303561231922e+01
3.914679939661739638e+01
3.914879183407632723e+01
3.914879183407632723e+01
3.915084297926296131e+01
3.915393488491324092e+01
3.915393488491324092e+01
3.915591626269902292e+01
3.915591626269902292e+01
3.915862728084032085e+01
3.916049760729468687e+01
3.916049760729468687e+01
3.916246537160796493e+01
3.916519805193237147e+01
3.916698564964635665e+01
3.916740923870298730e+01
3.916935047013112126e+01
3.917192151150511137e+01
3.917365079978378617e+01
3.917365079978378617e+01
3.917551956768338783e+01
3.917802715353330001e+01
3.917979535958644277e+01
3.918156493643706995e+01
3.918156493643706995e+01
3.918431904084286543e+01
3.918613644809782670e+01
3.918784005374953239e+01
3.918950029360008358e+01
3.919206524500742717e+01
3.919383656992222598e+01
3.919570728537226501e+01
3.919749506951289675e+01
3.920027086988778819e+01
3.920248805197495301e+01
3.920439194270147709e+01
3.920820748554813662e+01
3.921168512671720663e+01
3.921965888966971647e+01
3.924713147899765886e+01
3.927365316022447672e+01
3.928286194838401002e+01
3.929306303775251052e+01
3.930265680519896421e+01
3.930634680655128221e+01
3.920236173479768382e+01
3.926613569595023279e+01
3.925296703079771987e+01
3.924487105090889827e+01
3.924063609012910092e+01
3.924283175639692445e+01
3.925073519104270048e+01
3.925101453347667757e+01
3.927351260030874869e+01
3.929095231153065981e+01
3.931902951967293802e+01
3.933074561185085827e+01
3.934692914589172830e+01
3.935336011517795640e+01
3.936522791220789230e+01
3.937561949126595096e+01
3.938237805078600928e+01
3.938910302278473807e+01
3.939784704999287612e+01
3.940561122343831357e+01
3.941047880404002512e+01
3.941893985530889211e+01
3.942396444257508392e+01
3.942970251495162870e+01
3.943695937834390008e+01
3.944300947962184978e+01
3.944814846443658496e+01
3.945401549855398571e+01
3.945913195216083125e+01
3.946304300568338874e+01
3.946969299318458013e+01
3.947276426410937944e+01
3.947999524472197663e+01
3.948394288270386454e+01
3.948696512227407851e+01
3.949380060852647034e+01
3.949927967187971944e+01
3.950335558995863039e+01
3.950948122697850096e+01
3.951293250768829068e+01
3.951790372775692362e+01
3.952321063051154937e+01
3.952691635556817573e+01
3.953158981186074072e+01
3.953846046249789481e+01
3.954069359962080910e+01
3.954476302582044411e+01
3.954737558334758774e+01
3.955418281761727428e+01
3.955808659507969338e+01
3.956612569172304461e+01
3.956731295766580558e+01
3.949107203062857252e+01
3.875038793472283771e+01
3.875038793472283771e+01
3.875275956748591710e+01
3.875275956748591710e+01
3.875471919833071865e+01
3.875560771879189303e+01
3.875757614741573320e+01
3.875757614741573320e+01
3.875757614741573320e+01
3.875961658136002796e+01
3.875961658136002796e+01
3.876153281169408160e+01
3.876153281169408160e+01
3.876431839756592979e+01
3.876431839756592979e+01
3.876638254483784607e+01
3.876638254483784607e+01
3.876657180894285659e+01
3.876842578340279033e+01
3.876842578340279033e+01
3.877024068284363523e+01
3.877109439812718961e+01
3.877306892906477742e+01
3.877306892906477742e+01
3.877489789118357066e+01
3.877489789118357066e+01
3.877670937742162494e+01
3.877670937742162494e+01
3.877862720493810400e+01
3.877949043171267363e+01
3.878124146764068314e+01
3.878124146764068314e+01
3.878306008410284988e+01
3.878325851938306812e+01
3.878513538460151722e+01
3.878686012247903392e+01
3.878768545479015728e+01
3.878955717625727573e+01
3.878955717625727573e+01
3.879140915418475544e+01
3.879322366570742986e+01
3.879322366570742986e+01
3.879510192350355169e+01
3.879587558469857811e+01
3.879781221340601149e+01
3.879987486718727041e+01
3.879987486718727041e+01
3.880189754552243642e+01
3.880361138315141289e+01
3.880539377057229444e+01
3.880722166529710648e+01
3.881006054633510871e+01
3.881259510211454966e+01
3.881710587585739347e+01
3.882396329098224896e+01
3.884720517890860947e+01
3.887083855368795327e+01
3.887702452853667978e+01
3.888352452470074638e+01
3.888863538396004316e+01
3.889340564605306838e+01
3.889887691186325469e+01
3.890551173481890856e+01
3.891044018057272069e+01
3.891571313375132490e+01
3.891881662911910666e+01
3.891240626062069907e+01
3.886571302831070795e+01
3.881625644634389971e+01
3.893260581466006442e+01
3.889568354277177775e+01
3.887416110659660262e+01
3.886089479112106915e+01
3.885398412100342114e+01
3.884791623813951844e+01
3.884397831875612184e+01
3.883958224318635644e+01
3.883738219635696964e+01
3.883774631791958853e+01
3.884078561279892483e+01
3.884078561279892483e+01
3.885413220917155286e+01
3.885413220917155286e+01
3.885413220917155286e+01
3.888069164807194511e+01
3.888132446190329006e+01
3.891519711175241270e+01
3.891519711175241270e+01
3.893964298680516833e+01
3.893964298680516833e+01
3.895033189675332608e+01
3.895090768158927119e+01
3.896681107415373901e+01
3.896681107415373901e+01
3.897254257927615129e+01
3.898160534245648989e+01
3.898560804799245716e+01
3.899318119089269175e+01
3.899755704468613970e+01
3.900411355794957302e+01
3.900986708215161514e+01
3.900986708215161514e+01
3.902562212451454116e+01
3.902562212451454116e+01
3.902904539850809584e+01
3.903174882702219861e+01
3.903708793776625896e+01
3.904165271448127328e+01
3.904655432913222768e+01
3.905053152806796390e+01
3.905502015999211096e+01
3.905722474640013786e+01
3.906308538822699461e+01
3.906494747050171412e+01
3.906953576467730471e+01
3.907437728835213875e+01
3.907812211555084048e+01
3.907989594453113114e+01
3.908503773940806525e+01
3.908929344224402769e+01
3.909287734534105141e+01
3.909658575116151980e+01
3.909983552067916435e+01
3.909983552067916435e+01
3.910636431035970872e+01
3.910942446545347906e+01
3.911540222877194140e+01
3.911679586853978208e+01
3.912106329581839503e+01
3.912106329581839503e+01
3.912835249522439796e+01
3.913117190486352115e+01
3.913472833494041936e+01
3.913980079275322055e+01
3.914141743861880229e+01
3.914485076606177927e+01
3.915148010482420915e+01
3.915245549753558407e+01
3.915386739328551613e+01
3.916194566149108880e+01
3.916231553602189308e+01
3.916582639701366020e+01
3.916879139831531376e+01
3.917246563674601134e+01
3.917731013820940689e+01
3.917996583703904889e+01
3.918250686821586726e+01
3.918486412409367858e+01
3.918823642118288575e+01
3.919274928676359337e+01
3.919549793399447424e+01
3.919716898993688403e+01
3.920487515235319620e+01
3.920487515235319620e+01
3.920719939744056148e+01
3.920858837066857916e+01
3.920891873549969375e+01
3.922017243588000213e+01
3.922017243588000213e+01
3.922028762765918231e+01
3.919594746537241292e+01
3.923203328444648008e+01
3.827965503907272193e+01
3.827965503907272193e+01
3.827965503907272193e+01
3.827965503907272193e+01
3.828199854774862843e+01
3.828199854774862843e+01
3.828199854774862843e+01
3.828199854774862843e+01
3.828199854774862843e+01
3.828199854774862843e+01
3.828440930886345939e+01
3.828501629099465475e+01
3.828501629099465475e+01
3.828501629099465475e+01
3.828501629099465475e+01
3.828762243186952219e+01
3.828762243186952219e+01
3.828762243186952219e+01
3.828762243186952219e+01
3.828762243186952219e+01
3.828995242397519405e+01
3.828995242397519405e+01
3.828995242397519405e+01
3.828995242397519405e+01
3.829284800982335923e+01
3.829284800982335923e+01
3.829284800982335923e+01
3.829284800982335923e+01
3.829284800982335923e+01
3.829513763912900259e+01
3.829513763912900259e+01
3.829513763912900259e+01
3.829513763912900259e+01
3.829513763912900259e+01
3.829737801261084940e+01
3.829737801261084940e+01
3.829800899723043983e+01
3.829800899723043983e+01
3.830043306073298481e+01
3.830043306073298481e+01
3.830043306073298481e+01
3.830043306073298481e+01
3.830043306073298481e+01
3.830264929593342060e+01
3.830264929593342060e+01
3.830264929593342060e+01
3.830264929593342060e+01
3.830264929593342060e+01
3.830547398015527705e+01
3.830547398015527705e+01
3.830547398015527705e+01
3.830547398015527705e+01
3.830764324021267697e+01
3.830764324021267697e+01
3.830764324021267697e+01
3.830764324021267697e+01
3.830972567136124951e+01
3.830972567136124951e+01
3.830972567136124951e+01
3.830972567136124951e+01
3.831039500370848572e+01
3.831274149189881228e+01
3.831274149189881228e+01
3.831274149189881228e+01
3.831274149189881228e+01
3.831481021703244494e+01
3.831481021703244494e+01
3.831481021703244494e+01
3.831481021703244494e+01
3.831690021358440390e+01
3.831690021358440390e+01
3.831690021358440390e+01
3.831746747558482014e+01
3.831949223547209726e+01
3.831949223547209726e+01
3.831949223547209726e+01
3.831949223547209726e+01
3.832151616731734833e+01
3.832151616731734833e+01
3.832151616731734833e+01
3.832151616731734833e+01
3.832372834732586853e+01
3.832372834732586853e+01
3.832432200837715186e+01
3.832633486657611854e+01
3.832633486657611854e+01
3.832633486657611854e+01
3.832633486657611854e+01
3.832833413670989131e+01
3.832833413670989131e+01
3.832833413670989131e+01
3.832833413670989131e+01
3.833033420622071219e+01
3.833033420622071219e+01
3.833089037936022692e+01
3.833289971595279155e+01
3.833289971595279155e+01
3.833289971595279155e+01
3.833289971595279155e+01
3.833497525575924669e+01
3.833497525575924669e+01
3.833497525575924669e+01
3.833693611442028271e+01
3.833693611442028271e+01
3.833693611442028271e+01
3.833749701013984179e+01
3.833950872707298174e+01
3.833950872707298174e+01
3.833950872707298174e+01
3.834148468604989546e+01
3.834148468604989546e+01
3.834148468604989546e+01
3.834363581911391350e+01
3.834363581911391350e+01
3.834363581911391350e+01
3.834363581911391350e+01
3.834613905334516915e+01
3.834613905334516915e+01
3.834613905334516915e+01
3.834814896542698648e+01
3.834814896542698648e+01
3.834814896542698648e+01
3.835045530233272615e+01
3.835045530233272615e+01
3.835045530233272615e+01
3.835253094946790497e+01
3.835253094946790497e+01
3.835311356430013063e+01
3.835535435863643983e+01
3.835535435863643983e+01
3.835768418014426828e+01
3.835768418014426828e+01
3.835848374037151132e+01
3.835914183922312759e+01
3.836106846384053881e+01
3.836142474182426554e+01
3.836292729538239143e+01
3.836417811524314203e+01
3.836601024298204266e+01
3.836700376429608639e+01
3.836895344898601934e+01
3.837003030053266173e+01
3.837251355959581645e+01
3.837399230623775281e+01
3.837766749935811106e+01
3.837998869347418207e+01
3.838692737212232942e+01
3.840083357451887025e+01
3.841666113062630927e+01
3.843382538872576504e+01
3.843775844791433371e+01
3.844226143539646756e+01
3.844438766188478951e+01
3.844752128441506045e+01
3.845080140445185179e+01
3.845242029718934873e+01
3.845558038335775564e+01
3.845772150452779670e+01
3.846072474877206560e+01
3.846367609431182899e+01
3.846666367443156531e+01
3.846867487505260641e+01
3.847145211830572009e+01
3.847473176047826371e+01
3.847664954551493111e+01
3.847989704052226045e+01
3.848320355113925473e+01
3.848560469856249000e+01
3.848872171849248502e+01
3.849239173773300848e+01
3.849406768074096874e+01
3.849783859971043398e+01
3.849948330292448162e+01
3.850253162863404555e+01
3.850522748221293057e+01
3.850621876026617940e+01
3.850769539876007030e+01
3.850709696390999426e+01
3.850361091313639861e+01
3.850014074588308688e+01
3.848867909941410659e+01
3.848025510706056451e+01
3.845118162955100161e+01
3.839576211690645380e+01
3.836522855778891028e+01
3.835042309173646657e+01
3.839084385750312833e+01
3.839084385750312833e+01
3.844364272470535582e+01
3.849432355375859771e+01
3.849432355375859771e+01
3.853928577663940303e+01
3.853928577663940303e+01
3.858501637716844357e+01
3.862922445756564116e+01
3.862949782066307591e+01
3.867693177374225399e+01
3.867693177374225399e+01
3.872192177610482133e+01
3.872192177610482133e+01
3.877201023763327470e+01
3.877201023763327470e+01
3.886950210963191665e+01
3.886950210963191665e+01
3.886965496319732694e+01
3.892034241201557165e+01
3.897202397541796870e+01
3.897202397541796870e+01
3.902568909522456408e+01
3.902568909522456408e+01
3.908044250175170475e+01
3.908044250175170475e+01
3.915599773353035573e+01
3.922208923241764467e+01
3.922208923241764467e+01
3.919780748320998498e+01
3.919780748320998498e+01
3.929525280443773738e+01
3.939452043593787067e+01
3.755466571535765752e+01
3.755466571535765752e+01
3.755466571535765752e+01
3.755786971535765417e+01
3.755786971535765417e+01
3.755786971535765417e+01
3.755786971535765417e+01
3.755786971535765417e+01
3.755786971535765417e+01
3.755786971535765417e+01
3.755786971535765417e+01
3.755786971535765417e+01
3.756099471535765133e+01
3.756099471535765133e+01
3.756099471535765133e+01
3.756099471535765133e+01
3.756099471535765133e+01
3.756099471535765133e+01
3.756099471535765133e+01
3.756099471535765133e+01
3.756379271535764985e+01
3.756379271535764985e+01
3.756379271535764985e+01
3.756379271535764985e+01
3.756379271535764985e+01
3.756379271535764985e+01
3.756379271535764985e+01
3.756379271535764985e+01
3.756379271535764985e+01
3.756681671535764622e+01
3.756681671535764622e+01
3.756681671535764622e+01
3.756681671535764622e+01
3.756681671535764622e+01
3.756681671535764622e+01
3.756681671535764622e+01
3.756681671535764622e+01
3.756980971535764979e+01
3.756980971535764979e+01
3.756980971535764979e+01
3.756980971535764979e+01
3.756980971535764979e+01
3.756980971535764979e+01
3.756980971535764979e+01
3.756980971535764979e+01
3.757283371535764616e+01
3.757283371535764616e+01
3.757283371535764616e+01
3.757283371535764616e+01
3.757283371535764616e+01
3.757283371535764616e+01
3.757283371535764616e+01
3.757283371535764616e+01
3.757572071535765446e+01
3.757572071535765446e+01
3.757572071535765446e+01
3.757572071535765446e+01
3.757572071535765446e+01
3.757572071535765446e+01
3.757572071535765446e+01
3.757572071535765446e+01
3.757885471535765021e+01
3.757885471535765021e+01
3.757885471535765021e+01
3.757885471535765021e+01
3.757885471535765021e+01
3.757885471535765021e+01
3.757885471535765021e+01
3.757885471535765021e+01
3.758154671535764635e+01
3.758154671535764635e+01
3.758154671535764635e+01
3.758154671535764635e+01
3.758154671535764635e+01
3.758154671535764635e+01
3.758154671535764635e+01
3.758154671535764635e+01
3.758423771535764502e+01
3.758423771535764502e+01
3.758423771535764502e+01
3.758423771535764502e+01
3.758423771535764502e+01
3.758423771535764502e+01
3.758423771535764502e+01
3.758733171535764939e+01
3.758733171535764939e+01
3.758733171535764939e+01
3.758733171535764939e+01
3.758733171535764939e+01
3.758733171535764939e+01
3.758733171535764939e+01
3.758733171535764939e+01
3.758995871535765332e+01
3.758995871535765332e+01
3.758995871535765332e+01
3.758995871535765332e+01
3.758995871535765332e+01
3.758995871535765332e+01
3.758995871535765332e+01
3.759258471535764556e+01
3.759258471535764556e+01
3.759258471535764556e+01
3.759258471535764556e+01
3.759258471535764556e+01
3.759258471535764556e+01
3.759258471535764556e+01
3.759504371535764733e+01
3.759504371535764733e+01
3.759504371535764733e+01
3.759504371535764733e+01
3.759504371535764733e+01
3.759504371535764733e+01
3.759504371535764733e+01
3.759759471535764419e+01
3.759759471535764419e+01
3.759759471535764419e+01
3.759759471535764419e+01
3.759759471535764419e+01
3.759759471535764419e+01
3.759759471535764419e+01
3.760013571535765209e+01
3.760013571535765209e+01
3.760013571535765209e+01
3.760013571535765209e+01
3.760013571535765209e+01
3.760013571535765209e+01
3.760013571535765209e+01
3.760259371535764927e+01
3.760259371535764927e+01
3.760259371535764927e+01
3.760259371535764927e+01
3.760259371535764927e+01
3.760259371535764927e+01
3.760259371535764927e+01
3.760555571535765296e+01
3.760555571535765296e+01
3.760555571535765296e+01
3.760555571535765296e+01
3.760555571535765296e+01
3.760555571535765296e+01
3.760783571535765191e+01
3.760783571535765191e+01
3.760783571535765191e+01
3.760783571535765191e+01
3.760783571535765191e+01
3.760783571535765191e+01
3.760783571535765191e+01
3.761014571535765327e+01
3.761014571535765327e+01
3.761014571535765327e+01
3.761014571535765327e+01
3.761014571535765327e+01
3.761014571535765327e+01
3.761279171535764476e+01
3.761279171535764476e+01
3.761279171535764476e+01
3.761279171535764476e+01
3.761279171535764476e+01
3.761279171535764476e+01
3.761279171535764476e+01
3.761511671535764378e+01
3.761511671535764378e+01
3.761511671535764378e+01
3.761511671535764378e+01
3.761511671535764378e+01
3.761511671535764378e+01
3.761740971535765254e+01
3.761740971535765254e+01
3.761740971535765254e+01
3.761740971535765254e+01
3.761740971535765254e+01
3.761740971535765254e+01
3.761960771535764536e+01
3.761960771535764536e+01
3.761960771535764536e+01
3.761960771535764536e+01
3.761960771535764536e+01
3.761960771535764536e+01
3.762185271535765452e+01
3.762185271535765452e+01
3.762185271535765452e+01
3.762185271535765452e+01
3.762185271535765452e+01
3.762403871535764921e+01
3.762403871535764921e+01
3.762403871535764921e+01
3.762403871535764921e+01
3.762403871535764921e+01
3.762403871535764921e+01
3.762628171535764920e+01
3.762628171535764920e+01
3.762628171535764920e+01
3.762628171535764920e+01
3.762628171535764920e+01
3.762628171535764920e+01
3.762872071535764462e+01
3.762872071535764462e+01
3.762872071535764462e+01
3.762872071535764462e+01
3.762872071535764462e+01
3.763097771535764480e+01
3.763097771535764480e+01
3.763097771535764480e+01
3.763097771535764480e+01
3.763097771535764480e+01
3.763097771535764480e+01
3.763312071535764858e+01
3.763312071535764858e+01
3.763312071535764858e+01
3.763312071535764858e+01
3.763312071535764858e+01
3.763535471535764998e+01
3.763535471535764998e+01
3.763535471535764998e+01
3.763535471535764998e+01
3.763535471535764998e+01
3.763753971535764720e+01
3.763753971535764720e+01
3.763753971535764720e+01
3.763753971535764720e+01
3.763753971535764720e+01
3.763994071535765329e+01
3.763994071535765329e+01
3.763994071535765329e+01
3.763994071535765329e+01
3.763994071535765329e+01
3.764229971535765173e+01
3.764229971535765173e+01
3.764229971535765173e+01
3.764229971535765173e+01
3.764229971535765173e+01
3.764467471535765242e+01
3.764467471535765242e+01
3.764467471535765242e+01
3.764467471535765242e+01
3.764467471535765242e+01
3.764712471535764848e+01
3.764712471535764848e+01
3.764712471535764848e+01
3.764712471535764848e+01
3.764712471535764848e+01
3.764981271535765472e+01
3.764981271535765472e+01
3.764981271535765472e+01
3.764981271535765472e+01
3.765272871535765375e+01
3.765272871535765375e+01
3.765272871535765375e+01
3.765357471535764944e+01
3.765451671535764433e+01
3.765531771535765415e+01
3.765531771535765415e+01
3.765615171535765171e+01
3.765713771535764920e+01
3.765802771535764748e+01
3.765895471535765182e+01
3.766001171535764769e+01
3.766001171535764769e+01
3.766138871535764565e+01
3.766250071535765187e+01
3.766367971535764525e+01
3.766495171535764541e+01
3.766631171535765077e+01
3.766777671535765393e+01
3.766937771535765478e+01
3.766937771535765478e+01
3.767130471535764968e+01
3.767316371535764574e+01
3.767538971535765313e+01
3.767796471535765335e+01
3.768091571535764928e+01
3.768495771535765471e+01
3.769013371535765344e+01
3.769701471535765336e+01
3.770763071535765221e+01
3.770763071535765221e+01
3.772500771535764841e+01
3.774118171535764787e+01
3.774118171535764787e+01
3.774724971535765405e+01
3.775016771535764804e+01
3.775016771535764804e+01
3.775298671535765038e+01
3.775298671535765038e+01
3.775567171535764999e+01
3.775720371535765452e+01
3.775720371535765452e+01
3.775955071535764773e+01
3.775955071535764773e+01
3.776203471535765033e+01
3.776359371535765064e+01
3.776359371535765064e+01
3.776598171535765402e+01
3.776598171535765402e+01
3.776804271535765167e+01
3.776939571535764628e+01
3.777142671535764862e+01
3.777142671535764862e+01
3.777351871535765326e+01
3.777351871535765326e+01
3.777565371535764882e+01
3.777565371535764882e+01
3.777775471535765206e+01
3.777989671535765126e+01
3.777989671535765126e+01
3.778183071535764981e+01
3.778378571535765218e+01
3.778378571535765218e+01
3.778572071535765531e+01
3.778572071535765531e+01
3.778816971535765390e+01
3.779000671535764866e+01
3.779000671535764866e+01
3.779242271535764530e+01
3.779462471535764934e+01
3.779462471535764934e+01
3.779686171535765027e+01
3.779686171535765027e+01
3.779910971535765185e+01
3.780079571535765126e+01
3.780079571535765126e+01
3.780309671535765403e+01
3.780580071535764830e+01
3.780580071535764830e+01
3.780792271535764826e+01
3.780792271535764826e+01
3.781006371535764998e+01
3.781283771535765226e+01
3.781283771535765226e+01
3.781502071535765452e+01
3.781759171535765063e+01
3.781759171535765063e+01
3.782016671535765084e+01
3.782016671535765084e+01
3.782282471535764756e+01
3.782550471535765269e+01
3.782550471535765269e+01
3.782795971535765034e+01
3.783040671535765398e+01
3.783040671535765398e+01
3.783312571535765301e+01
3.783312571535765301e+01
