-2.284053797708792910e+00
-2.280617795855726104e+00
-2.277617213873718072e+00
-1.839500183947156975e+00
-2.077314041252984467e+00
-2.280389180831179807e+00
-2.444273101746135879e+00
-2.503109302455256202e+00
-2.523446941304047009e+00
-2.686981864277858900e+00
-2.658432146950016506e+00
-2.612011483515745525e+00
-2.641950482441169701e+00
-2.692276621743354692e+00
-2.644974782610149067e+00
-2.589287170507288405e+00
-2.632753017370537130e+00
-2.734288203415705887e+00
-2.702652514875964584e+00
-2.660203250801967734e+00
-2.667922703028780429e+00
-2.642127961459181495e+00
-2.606146621367481320e+00
-2.555725122930280424e+00
-2.511128523016107117e+00
-2.494011055264403698e+00
-2.499118648594494729e+00
-2.518787416355822373e+00
-2.545699578330789858e+00
-2.570640732830869357e+00
-2.528221881400125159e+00
-2.514643846005637950e+00
-2.471958383028733941e+00
-2.423293475779860540e+00
-2.421583220798677161e+00
-2.413768099375776632e+00
-2.378921518523426037e+00
-2.322276386990330010e+00
-2.310206518617705651e+00
-2.315798599126707380e+00
-1.986167398148672047e+00
-2.066122851636796209e+00
-2.171744418973940771e+00
-2.171586548775374048e+00
-2.219727009626641490e+00
-2.703987607826727313e+00
-2.705092673052598595e+00
-2.663297588096461777e+00
-2.624756617970611217e+00
-2.625173421886333180e+00
-2.625986691983834387e+00
-2.626324895338249199e+00
-2.599978195524612179e+00
-2.555071518587449297e+00
-2.555413757148062626e+00
-2.555880498706980308e+00
-2.556336542439965331e+00
-1.855331291948066008e+00
-1.561550803840066726e+00
-1.905104806157017050e+00
-1.833074512267051315e+00
-1.895182146068765672e+00
-1.962107308354447799e+00
-1.956237633010524446e+00
-1.911545061891689823e+00
-1.906332898259454733e+00
-2.444612167614288456e+00
-2.444920367404737060e+00
-2.416722145193241023e+00
-2.417411689925643703e+00
-2.418007801388564637e+00
-2.353938061476375854e+00
-2.354402663926881800e+00
-2.354634626515933693e+00
-2.356738642815293439e+00
-2.329901232839268310e+00
-9.196411298192617156e-01
-1.145115687875985833e+00
-1.482597491217951591e+00
-1.529557291930648377e+00
-1.574170323572872787e+00
-1.618193354899394754e+00
-1.713109648821896869e+00
-1.707815426513662471e+00
-1.703567998306378062e+00
-1.699544072112374904e+00
-1.694906832226493076e+00
-2.334572884270275761e+00
-2.334675667476957983e+00
-2.335022273365649603e+00
-2.335588827327733874e+00
-2.336122749707936208e+00
-2.336464964422166890e+00
-2.336962752459825765e+00
-2.337211654083774182e+00
-2.337735630600527248e+00
-2.338013462099226558e+00
-2.256801429979304441e+00
-2.257147966634791114e+00
-2.257275401374205348e+00
-2.257407645706249077e+00
-2.258066010356730935e+00
-2.258317171399061962e+00
-2.208908829534391494e+00
-2.209370404101710150e+00
-2.209445080956664587e+00
-2.209671513486711980e+00
-2.210133908558492788e+00
-2.210572294769634460e+00
-2.210789565991722494e+00
-2.211223227600027652e+00
-2.124840381369973663e+00
-2.125041514021396960e+00
-2.125192063252961727e+00
-2.125383746913523719e+00
-2.125728309054639276e+00
-2.214801143091875257e+00
-2.128127078274927531e+00
-1.616351743242606664e+00
-2.082301182296509623e+00
-2.082914697165360263e+00
-2.076055480626186611e+00
-1.434768169696580165e+00
9.912035640567719297e-02
1.140875759354627039e-01
-4.074992363743981105e-01
-5.908555756813357318e-01
-1.030451819672738356e+00
-1.231261818243648110e+00
-1.227107067696441733e+00
-1.524935844596029932e+00
-1.523811209151333612e+00
-1.310420646470929595e+00
-1.306965124232436049e+00
-1.380041794170076885e+00
-1.377077647467316091e+00
-1.375750256962547047e+00
-1.373275941326370875e+00
-1.369321409159607095e+00
-1.290260269510879132e+00
-1.183423257932809003e+00
-2.086427179514154684e+00
-2.086427179514154684e+00
-2.085750670312350064e+00
-1.997679883787887745e+00
-1.997679883787887745e+00
-1.998102121475259896e+00
-1.998102121475259896e+00
-1.998382569493855732e+00
-1.998382569493855732e+00
-1.998838444156096905e+00
-1.998838444156096905e+00
-1.998838444156096905e+00
-1.999113666435513359e+00
-1.998811809093611114e+00
-1.999242964536381395e+00
-1.999242964536381395e+00
-1.999662731988442355e+00
-1.999471056580784722e+00
-1.999867882868423541e+00
-1.999867882868423541e+00
-2.000277496947201250e+00
-2.000139466279802658e+00
-2.000551234118821409e+00
-2.000250293313369898e+00
-2.000640966334841231e+00
-2.000640966334841231e+00
-2.000915451467197848e+00
-2.000915451467197848e+00
-2.001283947660934981e+00
-2.001283947660934981e+00
-2.001545379938104219e+00
-2.001545379938104219e+00
-2.001933819445218088e+00
-2.002298375892950233e+00
-2.001990209957116296e+00
-2.002156426927466981e+00
-2.002156426927466981e+00
-2.002539850386452436e+00
-2.002539850386452436e+00
-2.002758907539577748e+00
-2.003113785144805536e+00
-2.003113785144805536e+00
-2.003477246808684775e+00
-2.003426624396835720e+00
-2.003426624396835720e+00
-2.003776460931710801e+00
-2.003776460931710801e+00
-2.003987979621934201e+00
-2.004315408492664208e+00
-2.004315408492664208e+00
-2.004658317250097799e+00
-2.004849163631053699e+00
-1.906703568651775038e+00
-1.906428783641566538e+00
-1.906567988316637319e+00
-1.906752349559150961e+00
-1.906875365148745116e+00
-1.906875365148745116e+00
-1.907007893058712211e+00
-1.865737259671037540e+00
-1.865783895645434898e+00
-1.865830432640674497e+00
-1.865830432640674497e+00
-1.865823055278964748e+00
-1.865870864111077942e+00
-1.865915195797424930e+00
-1.865958449512629347e+00
-1.866141671772813648e+00
-1.866187076344936635e+00
-1.866234373561648230e+00
-1.866279585643191075e+00
-1.866409670058454706e+00
-1.866271743673773686e+00
-1.866319550194557308e+00
-1.866515956361594064e+00
-1.866601602258191939e+00
-1.866794496373001211e+00
-1.968024392615967288e+00
-1.868108160060578671e+00
-1.868299222133969817e+00
-1.755727366502220610e+00
-1.629863659766855877e+00
-1.321451785462155470e+00
-1.841932391147775183e+00
-1.842565403219555531e+00
-1.842893458136390494e+00
-1.842899738289387246e+00
-1.842903440753610012e+00
-1.843311338001111244e+00
-1.843305163201324426e+00
-1.842796016297846062e+00
-1.842197372544151390e+00
-1.842694729876152460e+00
-1.840279006425021180e+00
-1.831921810960870811e+00
-1.754051993962304046e+00
-1.650983736928788081e+00
-1.451133281461989499e+00
-9.802378602143141384e-01
-4.181631255718813445e-01
-3.942419992397263040e-01
8.641662144457040728e-02
4.450959789012159384e-01
4.836571260774982228e-01
3.521444696653978079e-01
3.714049319406719230e-01
1.746647165025410064e-01
-7.197946292058565732e-02
-5.904879281889985343e-02
-3.062211075972425256e-01
-3.000338998165297255e-01
-4.957874414398759644e-01
-4.899762126290554409e-01
-4.836036041335014524e-01
-4.790786895021961200e-01
-6.583519456729822750e-01
-5.985407724632085813e-01
-5.962520791311174406e-01
-5.891810970448524420e-01
-5.859331877621487550e-01
-5.817672481720439492e-01
-5.757204138012768091e-01
-5.746363983990815383e-01
-5.696377006105175500e-01
-5.643426409273106792e-01
-5.636518227742300935e-01
-5.590274467942399905e-01
-5.544308577462669918e-01
-5.522483356400098575e-01
-3.318072849467672558e-01
-3.314936913914428018e-01
-7.676922718106604648e-02
2.551753739894491169e-01
6.269340056458443389e-01
9.541920855392331813e-01
-1.727731900975971735e+00
-1.728137370186103139e+00
-1.728137370186103139e+00
-1.728317619470921329e+00
-1.728317619470921329e+00
-1.728557307538619581e+00
-1.728292229658882517e+00
-1.728533209054130992e+00
-1.728533209054130992e+00
-1.728533209054130992e+00
-1.728781426776344610e+00
-1.728781426776344610e+00
-1.729014056214982498e+00
-1.729014056214982498e+00
-1.728972033410130837e+00
-1.728972033410130837e+00
-1.729221286436663618e+00
-1.729221286436663618e+00
-1.729147312850177753e+00
-1.729370490292688745e+00
-1.729370490292688745e+00
-1.729587995553551139e+00
-1.729331011253897321e+00
-1.729567673846310161e+00
-1.729567673846310161e+00
-1.729786374335810395e+00
-1.729786374335810395e+00
-1.730001230805304546e+00
-1.730001230805304546e+00
-1.730228256963980860e+00
-1.729967221245208853e+00
-1.730174829312727702e+00
-1.730174829312727702e+00
-1.730389331619067939e+00
-1.730311200225078228e+00
-1.730531902167532055e+00
-1.688695420857483365e+00
-1.688518139220503755e+00
-1.688677219817441566e+00
-1.688677219817441566e+00
-1.688833851323467528e+00
-1.688986748906209590e+00
-1.688986748906209590e+00
-1.689143495034214348e+00
-1.688976578273785334e+00
-1.689139250225052180e+00
-1.557734751104741910e+00
-1.557734751104741910e+00
-1.557693224461531134e+00
-1.557653813819375399e+00
-1.689695526106185230e+00
-1.689845741505913601e+00
-1.689846692730156308e+00
-1.690053349262751636e+00
-1.690418815876368219e+00
-1.690966184763156965e+00
-1.862207822001077817e+00
-1.694477922230367639e+00
-1.694912839522088932e+00
-1.695166943256905423e+00
-1.695517983389881911e+00
-1.556107799122998792e+00
-1.556015124912765391e+00
-1.555904040767053464e+00
-1.474440455301139874e+00
-1.378934246546574816e+00
-1.195075197659865252e+00
-7.269632080671861729e-02
-1.309174030757733309e+00
-1.581866726030236814e+00
-1.581738465792535964e+00
-1.581783231161675296e+00
-1.581864061646279351e+00
-1.581878163193169096e+00
-1.581885025010858259e+00
-1.581891812404464970e+00
-1.581895463795113033e+00
-1.581900027492678440e+00
-1.581902728398576263e+00
-1.581895554396411274e+00
-1.581893334804126416e+00
-1.581893334804126416e+00
-1.581147198277834010e+00
-1.581147198277834010e+00
-1.581147198277834010e+00
-1.581057787578044049e+00
-1.581120929906940864e+00
-1.577931776124883223e+00
-1.577931776124883223e+00
-1.577613702906168092e+00
-1.577613702906168092e+00
-1.565921342972483199e+00
-1.566090366358673380e+00
-1.531412340234294733e+00
-1.531412340234294733e+00
-1.455116677173988737e+00
-1.451875412108098562e+00
-1.214082916498263165e+00
-1.206538467073007048e+00
-9.211791691252636527e-01
-9.099184340055322950e-01
-5.985032777140893989e-01
-5.985032777140893989e-01
-2.147083643267642117e-01
-2.147083643267642117e-01
-2.127069632682297706e-01
-2.039783546752225174e-01
4.250165983705954664e-01
4.450125491650661069e-01
4.666098809928450608e-01
1.056518227275469624e+00
1.065140134373097736e+00
1.076612611549244258e+00
1.107220368644372899e+00
1.116978413830804318e+00
1.484788161984686106e+00
1.510524240685353847e+00
1.515464566995519125e+00
1.524913897848970246e+00
1.552350963232697278e+00
1.575112403896673952e+00
1.591004562929929200e+00
1.610904972967875937e+00
1.614065021232476749e+00
1.614065021232476749e+00
1.552673774057032663e+00
1.567010973120920525e+00
1.595034045107723397e+00
1.601570292177396881e+00
1.609508393247965685e+00
1.609508393247965685e+00
1.643719056616224083e+00
1.656958731161231491e+00
1.673664837717577125e+00
1.697502332136671344e+00
1.689804055726925602e+00
1.705942567124330678e+00
1.737117528522977183e+00
1.741705771982921203e+00
1.748347631493741394e+00
1.773903520190945882e+00
1.775644272926423906e+00
1.792170054054659012e+00
1.806129166969176580e+00
1.823430508484428003e+00
1.846247225016675042e+00
1.846707892632008408e+00
1.858677579462418405e+00
1.866781707883118591e+00
2.033232106378681792e+00
2.058279273809457521e+00
2.059070106226176033e+00
1.731517059436484818e+00
1.775826021415365608e+00
1.775826021415365608e+00
1.125048237300172893e+00
1.881604372556261451e-01
1.786725715678881832e-01
-2.956023475240021070e-01
-2.956023475240021070e-01
-6.945997717158814977e-01
-1.580491349730891448e+00
-1.482348380225573914e+00
-1.482523174807030886e+00
-1.482523174807030886e+00
-1.482523174807030886e+00
-1.482523174807030886e+00
-1.482470722867633706e+00
-1.482470722867633706e+00
-1.482470722867633706e+00
-1.482470722867633706e+00
-1.482470722867633706e+00
-1.482470722867633706e+00
-1.482416548294464009e+00
-1.482489168822977099e+00
-1.482489168822977099e+00
-1.482489168822977099e+00
-1.482489168822977099e+00
-1.482430134104191888e+00
-1.482430134104191888e+00
-1.482430134104191888e+00
-1.482430134104191888e+00
-1.482430134104191888e+00
-1.482378126053383038e+00
-1.482378126053383038e+00
-1.482378126053383038e+00
-1.482378126053383038e+00
-1.482408737319179437e+00
-1.482408737319179437e+00
-1.482408737319179437e+00
-1.482408737319179437e+00
-1.482408737319179437e+00
-1.482357670278191319e+00
-1.482357670278191319e+00
-1.482357670278191319e+00
-1.482357670278191319e+00
-1.482357670278191319e+00
-1.482307274700615185e+00
-1.482307274700615185e+00
-1.482384315271225272e+00
-1.482384315271225272e+00
-1.482329349819938580e+00
-1.482329349819938580e+00
-1.482329349819938580e+00
-1.482329349819938580e+00
-1.482329349819938580e+00
-1.482280367864584170e+00
-1.482280367864584170e+00
-1.482280367864584170e+00
-1.482280367864584170e+00
-1.482280367864584170e+00
-1.482301848524174126e+00
-1.482301848524174126e+00
-1.482301848524174126e+00
-1.482301848524174126e+00
-1.482253812490027522e+00
-1.482253812490027522e+00
-1.482253812490027522e+00
-1.482253812490027522e+00
-1.482207369964062993e+00
-1.482207369964062993e+00
-1.482207369964062993e+00
-1.482207369964062993e+00
-1.482288453363280745e+00
-1.482235876734404156e+00
-1.482235876734404156e+00
-1.482235876734404156e+00
-1.482235876734404156e+00
-1.482191319487100145e+00
-1.482191319487100145e+00
-1.482191319487100145e+00
-1.482191319487100145e+00
-1.482145546864169550e+00
-1.482145546864169550e+00
-1.482145546864169550e+00
-1.482213479775682075e+00
-1.482169753182557059e+00
-1.482169753182557059e+00
-1.482169753182557059e+00
-1.482169753182557059e+00
-1.482125391383131374e+00
-1.482125391383131374e+00
-1.482125391383131374e+00
-1.482125391383131374e+00
-1.482076985303142136e+00
-1.482076985303142136e+00
-1.482148515220036211e+00
-1.357793511584470147e+00
-1.357793511584470147e+00
-1.357793511584470147e+00
-1.357793511584470147e+00
-1.357639301018714439e+00
-1.357639301018714439e+00
-1.357639301018714439e+00
-1.357639301018714439e+00
-1.357487467820422067e+00
-1.357487467820422067e+00
-1.357724723036093817e+00
-1.357571535263408347e+00
-1.357571535263408347e+00
-1.357571535263408347e+00
-1.357571535263408347e+00
-1.357412986516176590e+00
-1.357412986516176590e+00
-1.357412986516176590e+00
-1.357264098423240473e+00
-1.357264098423240473e+00
-1.357264098423240473e+00
-1.357504313352218217e+00
-1.357352010757558070e+00
-1.357352010757558070e+00
-1.357352010757558070e+00
-1.357201986036262520e+00
-1.357201986036262520e+00
-1.357201986036262520e+00
-1.357039716671799789e+00
-1.357039716671799789e+00
-1.357039716671799789e+00
-1.357039716671799789e+00
-1.357118565011597111e+00
-1.357118565011597111e+00
-1.357118565011597111e+00
-1.356968189213126896e+00
-1.356968189213126896e+00
-1.356968189213126896e+00
-1.356795680566862394e+00
-1.356795680566862394e+00
-1.356795680566862394e+00
-1.356639899177286335e+00
-1.356639899177286335e+00
-1.356890657894805674e+00
-1.356723705555841875e+00
-1.356723705555841875e+00
-1.356551287832388875e+00
-1.356551287832388875e+00
-1.356491475257316726e+00
-1.356443165144975094e+00
-1.356300932174730578e+00
-1.356274300823635759e+00
-1.356163213196203365e+00
-1.356320681448085708e+00
-1.356187240986111542e+00
-1.356113809104557033e+00
-1.355970798235722530e+00
-1.355892865395431190e+00
-1.355712962361383278e+00
-1.355606018414943437e+00
-1.355341669662256665e+00
-1.355177218033270847e+00
-1.481228551227891987e+00
-1.481026402753841786e+00
-1.584068542146353398e+00
-1.480412790375503107e+00
-1.480342007784150482e+00
-1.480263620131783364e+00
-1.455761461832643100e+00
-1.455677990946224298e+00
-1.455591360342733953e+00
-1.455548293756456557e+00
-1.455466651594761185e+00
-1.455500992981929143e+00
-1.346482341873304511e+00
-1.346295614579130051e+00
-1.346107034648043044e+00
-1.345982312178460427e+00
-1.345809229088532843e+00
-1.345607070297098806e+00
-1.345489473001677316e+00
-1.345290187861209574e+00
-1.560848593280072860e+00
-1.560840182255304187e+00
-1.560867712211407854e+00
-1.560899519051783368e+00
-1.560913969171996429e+00
-1.132780530847788958e+00
-1.132553975797432999e+00
-7.404668090678865333e-01
-7.396077730653137783e-01
-7.392899706556788075e-01
-1.094001051083199894e-01
4.601106283738507496e-01
2.176968337954184207e+00
2.645666181581817433e+00
1.323984623362850277e+00
7.007249844662755134e-02
-1.376987222338952765e+00
-1.517840122690765847e+00
-1.527758082177461896e+00
-1.527856862797135395e+00
-1.529517252518404646e+00
-1.529517252518404646e+00
-1.529401291295393595e+00
-1.529398246586764598e+00
-1.529398246586764598e+00
-1.529290659126951279e+00
-1.529290659126951279e+00
-1.529169374024538008e+00
-1.529037553481341849e+00
-1.529047521654183006e+00
-1.529946158280637958e+00
-1.529946158280637958e+00
-1.529907478860772718e+00
-1.529907478860772718e+00
-1.529859773419121716e+00
-1.529859773419121716e+00
-1.529838566289609458e+00
-1.529838566289609458e+00
-1.529841116125448375e+00
-1.529785677553805456e+00
-1.529720892497070217e+00
-1.529720892497070217e+00
-1.529645755634431170e+00
-1.529645755634431170e+00
-1.530161643531192217e+00
-1.530161643531192217e+00
-1.530139649177722161e+00
-1.530118245265807309e+00
-1.530118245265807309e+00
-1.530126712562865254e+00
-1.530126712562865254e+00
-1.530143930682685616e+00
-1.530110075985980700e+00
-1.530274742745856509e+00
-1.530274742745856509e+00
-1.530274742745856509e+00
-1.530275330564524472e+00
-1.530275330564524472e+00
-1.530275330564524472e+00
-1.530275330564524472e+00
-1.530275330564524472e+00
-1.530275330564524472e+00
-1.530275330564524472e+00
-1.530275330564524472e+00
-1.530275330564524472e+00
-1.530274829838762285e+00
-1.530274829838762285e+00
-1.530274829838762285e+00
-1.530274829838762285e+00
-1.530274829838762285e+00
-1.530274829838762285e+00
-1.530274829838762285e+00
-1.530274829838762285e+00
-1.530275119534310058e+00
-1.530275119534310058e+00
-1.530275119534310058e+00
-1.530275119534310058e+00
-1.530275119534310058e+00
-1.530275119534310058e+00
-1.530275119534310058e+00
-1.530275119534310058e+00
-1.530275119534310058e+00
-1.530274747681672931e+00
-1.530274747681672931e+00
-1.530274747681672931e+00
-1.530274747681672931e+00
-1.530274747681672931e+00
-1.530274747681672931e+00
-1.530274747681672931e+00
-1.530274747681672931e+00
-1.530274833659520661e+00
-1.530274833659520661e+00
-1.530274833659520661e+00
-1.530274833659520661e+00
-1.530274833659520661e+00
-1.530274833659520661e+00
-1.530274833659520661e+00
-1.530274833659520661e+00
-1.530275941185669675e+00
-1.530275941185669675e+00
-1.530275941185669675e+00
-1.530275941185669675e+00
-1.530275941185669675e+00
-1.530275941185669675e+00
-1.530275941185669675e+00
-1.530275941185669675e+00
-1.530275720458184718e+00
-1.530275720458184718e+00
-1.530275720458184718e+00
-1.530275720458184718e+00
-1.530275720458184718e+00
-1.530275720458184718e+00
-1.530275720458184718e+00
-1.530275720458184718e+00
-1.530274837817046762e+00
-1.530274837817046762e+00
-1.530274837817046762e+00
-1.530274837817046762e+00
-1.530274837817046762e+00
-1.530274837817046762e+00
-1.530274837817046762e+00
-1.530274837817046762e+00
-1.530274797678441212e+00
-1.530274797678441212e+00
-1.530274797678441212e+00
-1.530274797678441212e+00
-1.530274797678441212e+00
-1.530274797678441212e+00
-1.530274797678441212e+00
-1.530274797678441212e+00
-1.530275593355703290e+00
-1.530275593355703290e+00
-1.530275593355703290e+00
-1.530275593355703290e+00
-1.530275593355703290e+00
-1.530275593355703290e+00
-1.530275593355703290e+00
-1.530275040322288005e+00
-1.530275040322288005e+00
-1.530275040322288005e+00
-1.530275040322288005e+00
-1.530275040322288005e+00
-1.530275040322288005e+00
-1.530275040322288005e+00
-1.530275040322288005e+00
-1.530275323409914900e+00
-1.530275323409914900e+00
-1.530275323409914900e+00
-1.530275323409914900e+00
-1.530275323409914900e+00
-1.530275323409914900e+00
-1.530275323409914900e+00
-1.530275125066740571e+00
-1.530275125066740571e+00
-1.530275125066740571e+00
-1.530275125066740571e+00
-1.530275125066740571e+00
-1.530275125066740571e+00
-1.530275125066740571e+00
-1.530275513830970047e+00
-1.530275513830970047e+00
-1.530275513830970047e+00
-1.530275513830970047e+00
-1.530275513830970047e+00
-1.530275513830970047e+00
-1.530275513830970047e+00
-1.530274225915303266e+00
-1.530274225915303266e+00
-1.530274225915303266e+00
-1.530274225915303266e+00
-1.530274225915303266e+00
-1.530274225915303266e+00
-1.530274225915303266e+00
-1.530275545525029424e+00
-1.530275545525029424e+00
-1.530275545525029424e+00
-1.530275545525029424e+00
-1.530275545525029424e+00
-1.530275545525029424e+00
-1.530275545525029424e+00
-1.530274722089822070e+00
-1.530274722089822070e+00
-1.530274722089822070e+00
-1.530274722089822070e+00
-1.530274722089822070e+00
-1.530274722089822070e+00
-1.530274722089822070e+00
-1.530274872094155247e+00
-1.530274872094155247e+00
-1.530274872094155247e+00
-1.530274872094155247e+00
-1.530274872094155247e+00
-1.530274872094155247e+00
-9.581666050201799179e-01
-9.581666050201799179e-01
-9.581666050201799179e-01
-9.581666050201799179e-01
-9.581666050201799179e-01
-9.581666050201799179e-01
-9.581666050201799179e-01
-9.581666050190654760e-01
-9.581666050190654760e-01
-9.581666050190654760e-01
-9.581666050190654760e-01
-9.581666050190654760e-01
-9.581666050190654760e-01
-9.581674739143882791e-01
-9.581674739143882791e-01
-9.581674739143882791e-01
-9.581674739143882791e-01
-9.581674739143882791e-01
-9.581674739143882791e-01
-9.581674739143882791e-01
-9.581665873489892959e-01
-9.581665873489892959e-01
-9.581665873489892959e-01
-9.581665873489892959e-01
-9.581665873489892959e-01
-9.581665873489892959e-01
-9.581673413519029570e-01
-9.581673413519029570e-01
-9.581673413519029570e-01
-9.581673413519029570e-01
-9.581673413519029570e-01
-9.581673413519029570e-01
-9.581669354551876072e-01
-9.581669354551876072e-01
-9.581669354551876072e-01
-9.581669354551876072e-01
-9.581669354551876072e-01
-9.581669354551876072e-01
-9.581667246663820858e-01
-9.581667246663820858e-01
-9.581667246663820858e-01
-9.581667246663820858e-01
-9.581667246663820858e-01
-9.581664353920315014e-01
-9.581664353920315014e-01
-9.581664353920315014e-01
-9.581664353920315014e-01
-9.581664353920315014e-01
-9.581664353920315014e-01
-9.581663284635476563e-01
-9.581663284635476563e-01
-9.581663284635476563e-01
-9.581663284635476563e-01
-9.581663284635476563e-01
-9.581663284635476563e-01
-9.581652823586304102e-01
-9.581652823586304102e-01
-9.581652823586304102e-01
-9.581652823586304102e-01
-9.581652823586304102e-01
-9.581652823585093959e-01
-9.581652823585093959e-01
-9.581652823585093959e-01
-9.581652823585093959e-01
-9.581652823585093959e-01
-9.581652823585093959e-01
-9.581654131430838994e-01
-9.581654131430838994e-01
-9.581654131430838994e-01
-9.581654131430838994e-01
-9.581654131430838994e-01
-9.581662664956472897e-01
-9.581662664956472897e-01
-9.581662664956472897e-01
-9.581662664956472897e-01
-9.581662664956472897e-01
-9.581667173002456073e-01
-9.581667173002456073e-01
-9.581667173002456073e-01
-9.581667173002456073e-01
-9.581667173002456073e-01
-9.581675677253006507e-01
-9.581675677253006507e-01
-9.581675677253006507e-01
-9.581675677253006507e-01
-9.581675677253006507e-01
-9.581667246663811977e-01
-9.581667246663811977e-01
-9.581667246663811977e-01
-9.581667246663811977e-01
-9.581667246663811977e-01
-9.581675615184450656e-01
-9.581675615184450656e-01
-9.581675615184450656e-01
-9.581675615184450656e-01
-9.581675615184450656e-01
-9.581671081950381419e-01
-9.581671081950381419e-01
-9.581671081950381419e-01
-9.581671081950381419e-01
-9.581671081950381419e-01
-9.581672367282457747e-01
-9.581672367282457747e-01
-9.581672367282457747e-01
-9.581672367282457747e-01
-9.581652823585464773e-01
-9.581652823585464773e-01
-9.581652823585464773e-01
-9.581675857910076921e-01
-9.581663827936759414e-01
-9.581675853940666565e-01
-9.581675853940666565e-01
-9.581673353314200670e-01
-9.581654898489361250e-01
-9.581673353305765195e-01
-9.581671940819928013e-01
-9.581652823585853351e-01
-9.581652823585853351e-01
-9.581661104327794387e-01
-9.581662647937563282e-01
-9.581652823584527745e-01
-9.581673205792089476e-01
-9.581654624596414038e-01
-9.581659722101041332e-01
-9.581666609231370701e-01
-9.581666609231370701e-01
-9.581654898304688972e-01
-9.581653486907610873e-01
-9.581673449369439988e-01
-9.581666918201910965e-01
-9.581671970430657437e-01
-9.581657922238018266e-01
-1.530275016028735058e+00
-1.530275170045875877e+00
-1.530275174087318613e+00
-1.530275174087318613e+00
-1.530276422197669461e+00
-1.530275031901753735e+00
-1.530275031901753735e+00
-1.530275451724635305e+00
-1.530276037595030170e+00
-1.530276037595030170e+00
-1.530276328462224944e+00
-1.530276328462224944e+00
-1.530275046530544802e+00
-1.530274986034376949e+00
-1.530274986034376949e+00
-1.530275023928174383e+00
-1.530275023928174383e+00
-1.530275067080847595e+00
-1.530274475703313319e+00
-1.530274475703313319e+00
-1.530275185246418479e+00
-1.530275185246418479e+00
-9.581652823585873335e-01
-9.581673397393740688e-01
-1.071407963892774928e+00
-1.071407963892774928e+00
-1.071407566992287341e+00
-1.071407566992287341e+00
-1.071406969794459929e+00
-1.071406969794459929e+00
-1.071407536116747883e+00
-1.071408601170408259e+00
-1.071408601170408259e+00
-1.071408273380390463e+00
-1.071406969794458153e+00
-1.071406969794458153e+00
-1.071407821778378455e+00
-1.071407821778378455e+00
-1.071407320703954502e+00
-1.071408135283728802e+00
-1.071408135283728802e+00
-1.071407683515617881e+00
-1.071407527136093440e+00
-1.071407527136093440e+00
-1.071407536116778747e+00
-1.071407536116778747e+00
-1.071406969794415076e+00
-1.071408365297009890e+00
-1.071408365297009890e+00
-1.071408098739951464e+00
-1.071408047289661658e+00
-1.071408047289661658e+00
-1.071408168725969112e+00
-1.071408168725969112e+00
-5.930256153699992039e-01
-5.930264342624477214e-01
-5.930264342624477214e-01
-5.930256786377912093e-01
-5.930264051733215025e-01
-5.930264051733215025e-01
-5.930256786377521294e-01
-5.930256786377521294e-01
-5.930256786377774425e-01
-5.930256786378496070e-01
-5.930256786378496070e-01
-5.930256786378458322e-01
-5.930256786377872125e-01
-5.930256786377872125e-01
2.568035376036066353e-01
2.568035376036066353e-01
