3.559115577468578540e+00
3.558287568314176585e+00
3.554367354700657788e+00
3.095608566756081093e+00
2.907487445037379992e+00
2.576740535307875390e+00
2.469446210975201339e+00
2.396237900441882562e+00
2.108390785961908431e+00
2.042551349427418117e+00
1.731663225128054373e+00
1.445730648307574695e+00
1.275961709317835258e+00
1.238796500502746145e+00
1.111212043334742550e+00
9.274331566736244703e-01
8.676287828853359585e-01
8.752354630270632319e-01
8.257858409294464019e-01
7.648712973409721450e-01
6.301098825489911404e-01
5.200472296798847038e-01
4.612826482901870584e-01
3.584372382858518891e-01
2.162958060909229430e-01
1.480536578943961457e-01
1.224040053209751039e-01
1.592332224485856207e-01
9.753319490463967234e-02
2.192577339641945122e-01
1.552585903519829169e-01
1.388148237186358769e-01
5.184008329237695112e-02
-3.413368499541489381e-02
-1.162973983740379358e-01
-1.232033260428905125e-01
-2.068472927688870810e-01
-3.186956962908261137e-01
-3.934117016027041114e-01
-3.852324024832955440e-01
-4.653731981488012370e-01
-8.961863613828338071e-01
-8.636675919968976878e-01
-7.370473944737555572e-01
-6.703960539154196763e-01
-5.616179109873261632e-01
-5.869082350949982319e-01
1.592992650493766371e-01
1.613784658849687637e-01
7.162680717672737472e-03
9.280881815002505961e-03
1.033803136145464499e-02
1.203523849485692472e-02
1.301512384495432696e-02
-5.403136643560453589e-02
-2.098064451506636841e-01
-2.084854163337651611e-01
-2.071845112192678418e-01
-2.054968772474051741e-01
-2.028733317820193560e-01
-1.272058148156108626e+00
-1.251815516281649332e+00
-1.283252773267502533e+00
-1.320914718455080905e+00
-1.313978655983161659e+00
-1.234962219146183093e+00
-1.216842059085383676e+00
-1.154240797974937616e+00
-1.359048372303082397e+00
-1.408478088946181206e+00
-5.299399556536689149e-01
-5.287026119667576074e-01
-5.279066749904988143e-01
-5.269922605880887900e-01
-5.254505897483728871e-01
-8.752319814565361344e-01
-8.740249949651563988e-01
-8.723582479741360807e-01
-5.861577773481845277e-01
-1.889342123481339675e+00
-2.117320306483960746e+00
-2.097422992689555787e+00
-2.088578617751234212e+00
-2.085601208495476477e+00
-2.150465006552347624e+00
-2.155740471291514915e+00
-2.113952698996394375e+00
-2.082892510229072958e+00
-2.056325787220173673e+00
-2.060318081745994512e+00
-2.045696572960464366e+00
-2.059722297765814947e+00
-2.039612290017115193e+00
-2.223181798120599684e+00
-9.975813607716617071e-01
-9.962648935583247045e-01
-9.957419818316191051e-01
-9.945154923793968482e-01
-9.932995946066196513e-01
-9.921241633391413295e-01
-9.917523513944273006e-01
-9.910041528940953803e-01
-9.898831577709195084e-01
-9.893865317409620275e-01
-1.384090425322850315e+00
-1.383218906877379251e+00
-1.382384682486900829e+00
-1.381984911924343917e+00
-1.381422334783661832e+00
-1.380637354049605747e+00
-1.379831585554036177e+00
-1.378690787060118605e+00
-1.377975662471141005e+00
-1.377447976049582135e+00
-1.376365832137428358e+00
-1.375908439049260190e+00
-1.375293384296288890e+00
-1.373886422504182248e+00
-1.373566036532918533e+00
-1.372181537376652161e+00
-1.812206481256974255e+00
-1.811996167727227158e+00
-1.811395829241080113e+00
-1.810743174038588865e+00
-1.810032074310525374e+00
-1.362742513890522922e+00
-1.800671961884848571e+00
-2.563481015018604481e+00
-3.185097912547924626e+00
-3.146672555467064480e+00
-3.129356708120888175e+00
-3.114245717814358994e+00
-3.104245706244708636e+00
-3.098700703766742226e+00
-3.091968811673392992e+00
-3.103356845233548711e+00
-3.103968861584353256e+00
-3.107458469473986185e+00
-3.127316292677257970e+00
-3.169904036261378621e+00
-3.204074505273834639e+00
-3.209983800086861461e+00
-3.203922767822776407e+00
-3.193193314971189523e+00
-3.174526523260822852e+00
-3.164735917611950278e+00
-3.157460682863397317e+00
-3.146567659448502585e+00
-3.155869669150111800e+00
-3.149512740926284859e+00
-3.157936940741524090e+00
-3.159618006322258310e+00
-3.163720412140354821e+00
-3.208280544993201033e+00
-3.318616581115647612e+00
-1.988476758151666690e+00
-1.988476758151666690e+00
-1.987256483790146078e+00
-1.987766847732587827e+00
-1.987766847732587827e+00
-1.986434861702974564e+00
-1.986434861702974564e+00
-1.985199415497775899e+00
-1.985199415497775899e+00
-2.035691606667338505e+00
-2.034139380366322136e+00
-2.034139380366322136e+00
-2.032620377621447982e+00
-2.032620377621447982e+00
-2.032620377621447982e+00
-2.521706405921341432e+00
-2.521816918373455341e+00
-2.520609964213099907e+00
-2.520609964213099907e+00
-2.520609964213099907e+00
-2.520183817514352054e+00
-2.520528595652137049e+00
-2.519472149022973007e+00
-2.519472149022973007e+00
-2.518395986712979706e+00
-2.518426857078581271e+00
-2.517849557750622136e+00
-2.517849557750622136e+00
-2.517849557750622136e+00
-2.539250634017813368e+00
-2.539317983262159295e+00
-2.538777652031193988e+00
-2.538777652031193988e+00
-2.538155334596490675e+00
-2.538155334596490675e+00
-2.537151116903497705e+00
-2.537593295479869226e+00
-2.536602993853519283e+00
-2.536602993853519283e+00
-2.535687926299520445e+00
-2.535687926299520445e+00
-2.535300501727404399e+00
-2.535398886761764281e+00
-2.534515368749451270e+00
-2.534515368749451270e+00
-2.533955232011909864e+00
-2.533466308877848849e+00
-2.533466308877848849e+00
-2.532603005065849011e+00
-2.532603005065849011e+00
-2.531765410340722333e+00
-2.532189902361245970e+00
-2.531277464943056721e+00
-2.530462476419167661e+00
-2.530462476419167661e+00
-2.529651294830181030e+00
-2.530076701330538302e+00
-2.529595902228299220e+00
-2.528792439559365945e+00
-2.528792439559365945e+00
-2.528485793592715858e+00
-3.026225500822141257e+00
-3.026241366891549767e+00
-3.026020099558916598e+00
-3.025787088519555024e+00
-3.025600271608482661e+00
-3.025436565939724431e+00
-3.025222135845801130e+00
-3.025526099932156487e+00
-3.025307346586693313e+00
-3.024869985474573308e+00
-3.024648562374622873e+00
-3.024648562374622873e+00
-3.024448737226529182e+00
-3.023995351726715075e+00
-3.023780975325793818e+00
-3.023569639774421169e+00
-3.023569639774421169e+00
-3.023110529747295327e+00
-3.022901639368872573e+00
-3.022886076737856254e+00
-3.022791549269530531e+00
-3.022529192508922602e+00
-3.022029297656887881e+00
-3.021648697609257361e+00
-3.021274314564122321e+00
-3.020594041770739757e+00
-2.507806670820779349e+00
-3.014338268273947907e+00
-3.013252824443856337e+00
-3.241049174049684733e+00
-3.481073461183258111e+00
-3.757411474862427880e+00
-3.935893218573621954e+00
-4.019460680675480013e+00
-4.160572895770462409e+00
-4.111862460248742579e+00
-4.092147841982888501e+00
-4.092147841982888501e+00
-4.072924420391134781e+00
-4.059237095176078114e+00
-4.059067210917318036e+00
-4.049002722574673641e+00
-4.046202068490520887e+00
-4.034897366119679418e+00
-4.027116357910931477e+00
-4.027116357910931477e+00
-4.018745231497095283e+00
-4.016790170796675774e+00
-4.012437507207652132e+00
-4.006114383203521534e+00
-4.004571941964781168e+00
-4.002406547357455047e+00
-4.001497775487932174e+00
-3.998158474477599089e+00
-3.998265493842983798e+00
-3.999162376876616243e+00
-4.001027000736132599e+00
-4.001644853924564593e+00
-4.002690122803962858e+00
-4.002690122803962858e+00
-4.021546991443131880e+00
-4.024429414249917514e+00
-4.038149301413855419e+00
-4.049464577722901915e+00
-4.065806121458370725e+00
-4.077855867057040840e+00
-4.088657453337164682e+00
-4.100548848428759108e+00
-4.115329004167984195e+00
-4.118775981785185891e+00
-4.126480520612003211e+00
-4.133550025492038316e+00
-4.140476188560877624e+00
-4.143821670514105548e+00
-4.389361414885337709e+00
-4.394435319435487486e+00
-4.403929457095514088e+00
-4.473617692369969312e+00
-4.475478773135066923e+00
-4.480604165970487607e+00
-4.471877223855408090e+00
-4.479381106787450051e+00
-4.483029664103038492e+00
-4.485503368690414661e+00
-4.468038814043261198e+00
-4.494300146069019064e+00
-4.494300146069019064e+00
-4.492220815101262588e+00
-4.492220815101262588e+00
-4.494645379755836778e+00
-4.494655555152125892e+00
-4.494239336525337691e+00
-4.515558451367209791e+00
-4.525798007874325180e+00
-4.538247774651663846e+00
-4.536234631005823026e+00
-4.543710665143787075e+00
-4.531615086364054079e+00
-4.494871515777222548e+00
-3.464928037059265442e+00
-3.464928037059265442e+00
-3.464369940259577341e+00
-3.464369940259577341e+00
-3.464369940259577341e+00
-3.463684418155825284e+00
-3.463684418155825284e+00
-3.463024075741542696e+00
-3.463132383617655741e+00
-3.463310114762712111e+00
-3.462613798911772012e+00
-3.462778691673779274e+00
-3.462778691673779274e+00
-3.726983057969722957e+00
-3.727255033060775435e+00
-3.726913609499763691e+00
-3.726913609499763691e+00
-3.726913609499763691e+00
-3.726553848001926017e+00
-3.726553848001926017e+00
-3.726004829319462974e+00
-3.726004829319462974e+00
-3.726004829319462974e+00
-3.725682995625341221e+00
-3.725682995625341221e+00
-3.725333474844538362e+00
-3.725333474844538362e+00
-3.725019717988224066e+00
-3.725019717988224066e+00
-3.724485455626314057e+00
-3.724485455626314057e+00
-3.724485455626314057e+00
-3.724539510857667324e+00
-3.724698042495580008e+00
-3.724393673042756703e+00
-3.724393673042756703e+00
-3.724070288736787582e+00
-3.724070288736787582e+00
-3.723546766524781670e+00
-3.723546766524781670e+00
-3.788294226451726310e+00
-3.788398257461213614e+00
-3.788145909290170810e+00
-3.788145909290170810e+00
-3.787911958971498461e+00
-3.787911958971498461e+00
-3.787305883248571536e+00
-3.787305883248571536e+00
-3.787042579134799247e+00
-3.786782491268312789e+00
-3.787071399449701392e+00
-3.786767259590044343e+00
-3.786767259590044343e+00
-3.786471352504635846e+00
-3.786298589419101468e+00
-3.785814443321051215e+00
-3.785539077813121711e+00
-3.785393792808900315e+00
-3.784989699463413348e+00
-3.784690534101808446e+00
-3.718026131351952035e+00
-3.716766582822274234e+00
-3.439473130994266992e+00
-3.708497363729251539e+00
-3.707144316805917494e+00
-3.775037596612062174e+00
-3.774505149071966770e+00
-3.774183792792306313e+00
-4.128860718946964603e+00
-4.129482667965638676e+00
-4.381180464892619142e+00
-4.546146058074062246e+00
-4.598338406495023456e+00
-4.679648788766471057e+00
-4.549981901097185144e+00
-4.700696501192958010e+00
-4.844518137002144620e+00
-4.944393824417701033e+00
-4.952635217439727455e+00
-4.864936434041850610e+00
-4.840834730234743866e+00
-4.824861849605659891e+00
-4.810381120560102808e+00
-4.810389123013139034e+00
-4.793600861141624314e+00
-4.781704042308671632e+00
-4.767542796251073689e+00
-4.755260362138751695e+00
-4.752127898483877289e+00
-4.731888873120650985e+00
-4.723893152405904239e+00
-4.712962546619235304e+00
-4.712962546619235304e+00
-4.699199337650135533e+00
-4.692749477710379757e+00
-4.678146798087404967e+00
-4.678146798087404967e+00
-4.673136294724757001e+00
-4.667509843957462046e+00
-4.661942673403522086e+00
-4.661942673403522086e+00
-4.657917230282853538e+00
-4.657588432117870880e+00
-4.654662838907318800e+00
-4.655764680574976389e+00
-4.658292009301494119e+00
-4.662362393565796737e+00
-4.668199765121103795e+00
-4.675702787759779433e+00
-4.684914240463388779e+00
-4.695811044474218932e+00
-4.704145041617571188e+00
-4.718423964742570753e+00
-4.742694390359436518e+00
-4.757166406209281106e+00
-4.763579442459369595e+00
-4.777761792432489329e+00
-4.785474150873738175e+00
-4.782594394541764160e+00
-4.782594394541764160e+00
-4.812632681341788121e+00
-4.812632681341788121e+00
-4.812632681341788121e+00
-4.812632681341788121e+00
-4.815124353133116486e+00
-4.816217545935236544e+00
-4.819031783893783505e+00
-4.822637978309034068e+00
-4.825070626079426717e+00
-4.827741928214023481e+00
-4.831360803212484178e+00
-4.834752757067666273e+00
-4.834704666589492383e+00
-4.828350478942483370e+00
-4.830529393340194488e+00
-4.834470432854027777e+00
-4.837313982302041460e+00
-4.838465547791981791e+00
-4.843237362522456735e+00
-4.843804868186825097e+00
-4.845849465150313229e+00
-4.849761408533828977e+00
-4.849771125781009218e+00
-4.861086247088772794e+00
-4.861086247088772794e+00
-4.861086247088772794e+00
-4.858321190236472020e+00
-4.869982179096317587e+00
-4.869982179096317587e+00
-4.869919841473660860e+00
-4.869962317144222119e+00
-4.876550932909312408e+00
-4.876550932909312408e+00
-4.873754112375296543e+00
-4.884167726487908645e+00
-4.884167726487908645e+00
-4.888613522231803898e+00
-4.888613522231803898e+00
-4.904757518057788701e+00
-4.904757518057788701e+00
-5.351442304717195064e+00
-5.351442304717195064e+00
-5.351448209391347355e+00
-5.351448209391347355e+00
-5.360626761225701919e+00
-5.360267314216276446e+00
-5.360767763983738554e+00
-5.360767763983738554e+00
-5.365857221240798225e+00
-5.365880618247363287e+00
-5.372872222762129724e+00
-5.372872222762129724e+00
-5.372872222762129724e+00
-5.373551299042284235e+00
-5.373551299042284235e+00
-5.374989022731020860e+00
-5.374989022731020860e+00
-5.384311634095376498e+00
-5.384311634095376498e+00
-5.379092447229009366e+00
-5.378782067972164072e+00
-5.378782067972164072e+00
-5.378874715850566091e+00
-5.378874715850566091e+00
-5.378874715850566091e+00
-5.376482846038638463e+00
-5.376482846038638463e+00
-5.370362449706417074e+00
-5.370362449706417074e+00
-5.370362449706417074e+00
-5.370384314508370061e+00
-5.350377510357654742e+00
-5.350377510357654742e+00
-5.422960037578926418e+00
-4.385225302660814783e+00
-4.385542187735082642e+00
-4.385542187735082642e+00
-4.384586444792092585e+00
-4.384586444792092585e+00
-4.384798786820324423e+00
-4.384798786820324423e+00
-4.384798786820324423e+00
-4.384798786820324423e+00
-4.383814133905803878e+00
-4.383814133905803878e+00
-4.383814133905803878e+00
-4.383892565800172392e+00
-4.383892565800172392e+00
-4.383892565800172392e+00
-4.383108778140085704e+00
-4.383108778140085704e+00
-4.383108778140085704e+00
-4.383108778140085704e+00
-4.383108778140085704e+00
-4.383108778140085704e+00
-4.382103749991925312e+00
-4.382445414524816840e+00
-4.382445414524816840e+00
-4.382445414524816840e+00
-4.382445414524816840e+00
-4.381516832446332721e+00
-4.381516832446332721e+00
-4.381516832446332721e+00
-4.381795107658672528e+00
-4.381795107658672528e+00
-4.381795107658672528e+00
-4.380785086636600489e+00
-4.380785086636600489e+00
-4.380785086636600489e+00
-4.380981081946548450e+00
-4.381322272176806365e+00
-4.471116653340705405e+00
-4.471116653340705405e+00
-4.471116653340705405e+00
-4.471135145956290025e+00
-4.471135145956290025e+00
-4.470207783366992871e+00
-4.470712292174289004e+00
-4.470712292174289004e+00
-4.470712292174289004e+00
-4.470712292174289004e+00
-4.470712292174289004e+00
-4.469865002304995727e+00
-4.469865002304995727e+00
-4.469865002304995727e+00
-4.469865002304995727e+00
-4.469865002304995727e+00
-4.469103087082077153e+00
-4.469103087082077153e+00
-4.469159381895696725e+00
-4.469159381895696725e+00
-4.469370414077835640e+00
-4.468511820457434780e+00
-4.468511820457434780e+00
-4.468511820457434780e+00
-4.468511820457434780e+00
-4.831020956798117716e+00
-4.831020956798117716e+00
-4.831020956798117716e+00
-4.831546273187688811e+00
-4.831546273187688811e+00
-4.831187538124308567e+00
-4.831187538124308567e+00
-4.831187538124308567e+00
-4.831187538124308567e+00
-4.830851450969287697e+00
-4.830665989784994174e+00
-4.830665989784994174e+00
-4.830665989784994174e+00
-4.830736274662386975e+00
-4.830736274662386975e+00
-4.830346366925009960e+00
-4.830346366925009960e+00
-4.830346366925009960e+00
-4.830346366925009960e+00
-4.830001445130866600e+00
-4.830001445130866600e+00
-4.830123087962575390e+00
-4.829787884703841350e+00
-4.829787884703841350e+00
-4.829713174115210172e+00
-4.829713174115210172e+00
-4.829713174115210172e+00
-4.829713174115210172e+00
-4.829391882875748720e+00
-4.829391882875748720e+00
-4.829391882875748720e+00
-4.829391882875748720e+00
-4.829217147047688563e+00
-4.829217147047688563e+00
-4.829217147047688563e+00
-4.828887287950163199e+00
-4.828887287950163199e+00
-4.828568059222580366e+00
-4.828568059222580366e+00
-4.828568059222580366e+00
-4.828568059222580366e+00
-4.828163632359837365e+00
-4.828163632359837365e+00
-4.828163632359837365e+00
-4.828163632359837365e+00
-4.828227585244377451e+00
-4.828401036548026326e+00
-4.926412027881832856e+00
-4.926412027881832856e+00
-4.925687458043874756e+00
-4.925687458043874756e+00
-4.925687458043874756e+00
-4.925687458043874756e+00
-4.925041745808595550e+00
-4.925041745808595550e+00
-4.925041745808595550e+00
-4.924402742108663134e+00
-4.924402742108663134e+00
-4.924402742108663134e+00
-4.924402742108663134e+00
-5.364871888842522196e+00
-5.365037099475864935e+00
-5.365037099475864935e+00
-5.365037099475864935e+00
-5.364743499348518796e+00
-5.364948402233451930e+00
-5.364948402233451930e+00
-5.364665539977612418e+00
-5.364665539977612418e+00
-5.364773301764142133e+00
-5.364773301764142133e+00
-5.364517847362286318e+00
-5.364257239207368855e+00
-5.364257239207368855e+00
-5.363913364600570333e+00
-5.363913364600570333e+00
-5.363913364600570333e+00
-5.363975176260630917e+00
-5.363657322369892455e+00
-5.363657322369892455e+00
-5.363657322369892455e+00
-5.363344216872022230e+00
-5.363344216872022230e+00
-5.363498682810869944e+00
-5.363031354985996479e+00
-5.363031354985996479e+00
-5.362927708722835085e+00
-5.362707549387558004e+00
-5.362602171063238110e+00
-5.362478277679329608e+00
-5.362391780864377289e+00
-5.362267936010800540e+00
-5.361931017389827581e+00
-5.361597455986925276e+00
-5.361375308447132504e+00
-5.360942391045139921e+00
-5.360451189814688711e+00
-4.913727644811994644e+00
-4.912789402116109372e+00
-4.910441510749023131e+00
-4.906049225757349141e+00
-4.481150965173855916e+00
-4.475139185232255734e+00
-4.890904871717472346e+00
-4.889500325446542561e+00
-4.888472913293292699e+00
-4.887554786336320234e+00
-4.886791862458826685e+00
-4.886310432766601153e+00
-4.885847274519838024e+00
-4.885155118192187729e+00
-4.884263542438850081e+00
-5.346306011520557178e+00
-5.345860098053090148e+00
-5.345595029638326778e+00
-5.345281915378317983e+00
-5.345076428742016716e+00
-5.565597531115318297e+00
-5.565742347817801416e+00
-5.728103190641429698e+00
-5.728334573762027482e+00
-5.869068531170877456e+00
-6.002194891305112634e+00
-6.051710030830192544e+00
-6.084871681698164281e+00
-6.104157396700872873e+00
-6.138848235240984330e+00
-6.162563147592890367e+00
-6.171874623646218083e+00
-6.164551362214040431e+00
-6.123688997419278301e+00
-6.063092392194035618e+00
-6.053586505784991800e+00
-6.114360932876511612e+00
-6.114360932876511612e+00
-6.188314809228149471e+00
-6.188314809228149471e+00
-6.244165248752899799e+00
-6.244165248752899799e+00
-6.311800913690199799e+00
-6.311826476534604602e+00
-6.367160007238535258e+00
-6.367081099588681958e+00
-6.421866820696445544e+00
-6.421866820696445544e+00
-6.486873907222477698e+00
-6.486873907222477698e+00
-6.527696229554355689e+00
-6.527696229554355689e+00
-6.592877975607473573e+00
-6.653523276404740727e+00
-6.653523276404740727e+00
-6.713264516802611048e+00
-6.713264516802611048e+00
-6.777548745741240666e+00
-6.777570251634443821e+00
-6.814653702510333311e+00
-6.814653702510333311e+00
-6.805736126814756481e+00
-6.805736126814756481e+00
-6.783754239023522814e+00
-6.783611394062003974e+00
-6.844414498388332824e+00
-6.841917185107686095e+00
-6.934626593499275238e+00
-6.934626593499275238e+00
-7.037618746095489541e+00
-7.037618746095489541e+00
-7.152146752355981185e+00
-7.152146752355981185e+00
-7.297566924987902048e+00
-5.547130879998475095e+00
-5.547130879998475095e+00
-5.546046834898684885e+00
-5.546046834898684885e+00
-5.546046834898684885e+00
-5.546046834898684885e+00
-5.546046834898684885e+00
-5.546046834898684885e+00
-5.546473715729827170e+00
-5.546473715729827170e+00
-5.546473715729827170e+00
-5.546473715729827170e+00
-5.545071116306758086e+00
-5.545071116306758086e+00
-5.545071116306758086e+00
-5.545071116306758086e+00
-5.545071116306758086e+00
-5.545071116306758086e+00
-5.545071116306758086e+00
-5.545432511097184936e+00
-5.545432511097184936e+00
-5.545432511097184936e+00
-5.545432511097184936e+00
-5.544003673295988754e+00
-5.544003673295988754e+00
-5.544366565607972142e+00
-5.544366565607972142e+00
-5.544837207956641478e+00
-5.545188085309667336e+00
-5.545188085309667336e+00
-5.545188085309667336e+00
-5.545188085309667336e+00
-5.543907624941554424e+00
-5.543907624941554424e+00
-5.543907624941554424e+00
-5.543907624941554424e+00
-5.543907624941554424e+00
-5.543907624941554424e+00
-5.543907624941554424e+00
-5.543907624941554424e+00
-5.543907624941554424e+00
-5.543907624941554424e+00
-5.542552840001075509e+00
-5.542552840001075509e+00
-5.542552840001075509e+00
-5.542987708325748386e+00
-5.542987708325748386e+00
-5.542987708325748386e+00
-5.542987708325748386e+00
-5.542987708325748386e+00
-5.542987708325748386e+00
-5.542987708325748386e+00
-5.541574723527669555e+00
-5.541916915149124101e+00
-5.542290011509567904e+00
-5.542290011509567904e+00
-5.542290011509567904e+00
-5.542290011509567904e+00
-5.542290011509567904e+00
-5.542290011509567904e+00
-5.542290011509567904e+00
-5.540968879000813807e+00
-5.541396374749144371e+00
-5.541396374749144371e+00
-5.541396374749144371e+00
-5.541396374749144371e+00
-5.541396374749144371e+00
-5.541396374749144371e+00
-5.541487934011009031e+00
-5.541487934011009031e+00
-5.541487934011009031e+00
-5.540232199384999667e+00
-5.540482471701870359e+00
-5.540482471701870359e+00
-5.540482471701870359e+00
-5.540482471701870359e+00
-5.540482471701870359e+00
-5.540482471701870359e+00
-5.540482471701870359e+00
-5.540482471701870359e+00
-5.539804120318260416e+00
-5.540154468525753551e+00
-5.540154468525753551e+00
-5.540154468525753551e+00
-5.540154468525753551e+00
-5.540154468525753551e+00
-5.540154468525753551e+00
-5.540512983417763770e+00
-5.540512983417763770e+00
-5.539310172665797616e+00
-5.539310172665797616e+00
-5.539310172665797616e+00
-5.539310172665797616e+00
-5.539310172665797616e+00
-5.539310172665797616e+00
-5.539310172665797616e+00
-5.539704954976162554e+00
-5.539704954976162554e+00
-5.815956672067437161e+00
-5.815956672067437161e+00
-5.815956672067437161e+00
-5.815956672067437161e+00
-5.815956672067437161e+00
-5.815956672067437161e+00
-5.815956672067437161e+00
-5.815956672067437161e+00
-5.815162348560604322e+00
-5.815162348560604322e+00
-5.815162348560604322e+00
-5.815162348560604322e+00
-5.815162348560604322e+00
-5.815162348560604322e+00
-5.815328087422392045e+00
-5.815644514321974157e+00
-5.815644514321974157e+00
-5.814576799629827875e+00
-5.814576799629827875e+00
-5.814576799629827875e+00
-5.814576799629827875e+00
-5.814576799629827875e+00
-5.814576799629827875e+00
-5.814920702557670573e+00
-5.814920702557670573e+00
-5.813906682459037967e+00
-5.813906682459037967e+00
-5.813906682459037967e+00
-5.813906682459037967e+00
-5.813906682459037967e+00
-5.813906682459037967e+00
-5.813906682459037967e+00
-5.814168603703084415e+00
-5.814507598671586841e+00
-5.813511834803289702e+00
-5.813511834803289702e+00
-5.813511834803289702e+00
-5.813511834803289702e+00
-5.813511834803289702e+00
-5.813511834803289702e+00
-5.813511834803289702e+00
-5.813511834803289702e+00
-5.812543107408439269e+00
-5.812543107408439269e+00
-5.812543107408439269e+00
-5.812686434294440652e+00
-5.812686434294440652e+00
-5.812686434294440652e+00
-5.812950915182865330e+00
-5.813038499579128882e+00
-5.861784245585623943e+00
-5.861784245585623943e+00
-5.861784245585623943e+00
-5.862023419390426149e+00
-5.862023419390426149e+00
-5.862337554776062554e+00
-5.862337554776062554e+00
-5.862337554776062554e+00
-5.861415974800471496e+00
-5.861751998845587508e+00
-5.861751998845587508e+00
-5.861751998845587508e+00
-5.861751998845587508e+00
-5.861984465480703399e+00
-5.861984465480703399e+00
-5.861050359073000315e+00
-5.861050359073000315e+00
-5.861050359073000315e+00
-5.861050359073000315e+00
-5.861050359073000315e+00
-5.861050359073000315e+00
-5.861050359073000315e+00
-5.861050359073000315e+00
-5.860274753321348840e+00
-5.860274753321348840e+00
-5.860274753321348840e+00
-5.860274753321348840e+00
-5.860274753321348840e+00
-5.860274753321348840e+00
-5.860506820187604937e+00
-6.091428773822872067e+00
-6.091428773822872067e+00
-6.091428773822872067e+00
-6.091743407803511090e+00
-6.091743407803511090e+00
-6.091743407803511090e+00
-6.091743407803511090e+00
-6.092055198199283872e+00
-6.091334533442987365e+00
-6.091334533442987365e+00
-6.091334533442987365e+00
-6.091334533442987365e+00
-6.091334533442987365e+00
-6.091492692421493160e+00
-6.091492692421493160e+00
-6.090776772022270968e+00
-6.090776772022270968e+00
-6.090776772022270968e+00
-6.090776772022270968e+00
-6.090776772022270968e+00
-6.090776772022270968e+00
-6.090776772022270968e+00
-6.090040519022886123e+00
-6.090040519022886123e+00
-6.090040519022886123e+00
-6.090040519022886123e+00
-6.090040519022886123e+00
-6.090353219644311089e+00
-6.090353219644311089e+00
-6.089844075177711424e+00
-6.089860348696405801e+00
-6.089860348696405801e+00
-6.089860348696405801e+00
-6.089860348696405801e+00
-6.089860348696405801e+00
-6.089342597087847864e+00
-6.089342597087847864e+00
-6.089342597087847864e+00
-6.089342597087847864e+00
-6.089662509874313123e+00
-6.089662509874313123e+00
-6.089729027277836160e+00
-6.088965215150530241e+00
-6.088965215150530241e+00
-6.088965215150530241e+00
-6.088984193450051485e+00
-6.088984193450051485e+00
-6.088984193450051485e+00
-6.088984193450051485e+00
-6.088290998833711498e+00
-6.088290998833711498e+00
-6.088603025349397235e+00
-6.088842315240180270e+00
-6.088842315240180270e+00
-6.088842315240180270e+00
-6.328201265120559249e+00
-6.328201265120559249e+00
-6.328201265120559249e+00
-6.328201265120559249e+00
-6.328201265120559249e+00
-6.420031006204362178e+00
-6.419370242401932103e+00
-6.419370242401932103e+00
-6.419370242401932103e+00
-6.419370242401932103e+00
-6.419370242401932103e+00
-6.419370242401932103e+00
-6.418739056359323847e+00
-6.418739056359323847e+00
-6.418739056359323847e+00
-6.418739056359323847e+00
-6.416799975040056836e+00
-6.416799975040056836e+00
-6.416042388305124078e+00
-6.416442915923363799e+00
-6.416442915923363799e+00
-6.416442915923363799e+00
-6.416442915923363799e+00
-6.416442915923363799e+00
-6.415772020643092155e+00
