9.100000000000000000e+01 -inf
9.400000000000000000e+01 -inf
9.600000000000000000e+01 -inf
9.800000000000000000e+01 -inf
1.000000000000000000e+02 -inf
1.020000000000000000e+02 -inf
1.040000000000000000e+02 -inf
1.060000000000000000e+02 -inf
1.080000000000000000e+02 -inf
1.100000000000000000e+02 -inf
1.140000000000000000e+02 -inf
1.180000000000000000e+02 -inf
1.210000000000000000e+02 -inf
1.250000000000000000e+02 -inf
1.270000000000000000e+02 -inf
1.280000000000000000e+02 -inf
1.310000000000000000e+02 -inf
1.320000000000000000e+02 -inf
1.340000000000000000e+02 -inf
1.370000000000000000e+02 -inf
1.400000000000000000e+02 -inf
1.430000000000000000e+02 -inf
1.470000000000000000e+02 -inf
1.510000000000000000e+02 -inf
1.550000000000000000e+02 -inf
1.590000000000000000e+02 -inf
1.620000000000000000e+02 -inf
1.660000000000000000e+02 -inf
1.700000000000000000e+02 -inf
1.730000000000000000e+02 -inf
1.770000000000000000e+02 -inf
1.800000000000000000e+02 -inf
1.820000000000000000e+02 -inf
1.860000000000000000e+02 -inf
1.910000000000000000e+02 -inf
1.940000000000000000e+02 -inf
1.980000000000000000e+02 -inf
2.020000000000000000e+02 -inf
2.050000000000000000e+02 -inf
2.100000000000000000e+02 -inf
2.160000000000000000e+02 -inf
2.200000000000000000e+02 -inf
2.230000000000000000e+02 -inf
2.270000000000000000e+02 -inf
2.300000000000000000e+02 2.533396732328299095e+01
2.340000000000000000e+02 2.569378327314817057e+01
2.400000000000000000e+02 2.604115953039649867e+01
2.460000000000000000e+02 2.640350281689159928e+01
2.520000000000000000e+02 2.671839920075807484e+01
2.570000000000000000e+02 2.690592790902653775e+01
2.600000000000000000e+02 2.710474507865353289e+01
2.640000000000000000e+02 2.728861545318853388e+01
2.690000000000000000e+02 2.749587102632104063e+01
2.740000000000000000e+02 2.771662561787205803e+01
2.790000000000000000e+02 2.792913477481758022e+01
2.840000000000000000e+02 2.816855086729582780e+01
2.900000000000000000e+02 2.840002889100846772e+01
2.960000000000000000e+02 2.862524558345940306e+01
3.010000000000000000e+02 2.879938972736234604e+01
3.080000000000000000e+02 2.902503299818297577e+01
3.180000000000000000e+02 2.938620815735661296e+01
3.280000000000000000e+02 2.968421273105742841e+01
3.380000000000000000e+02 2.998214227122192455e+01
3.480000000000000000e+02 3.025281859507816051e+01
3.570000000000000000e+02 3.057846779186300523e+01
3.660000000000000000e+02 3.081206560188756782e+01
3.750000000000000000e+02 3.100042622705596429e+01
3.850000000000000000e+02 3.121782152807421795e+01
3.950000000000000000e+02 3.142818405755112110e+01
4.050000000000000000e+02 3.161375201938357549e+01
4.140000000000000000e+02 3.178087705323203949e+01
4.220000000000000000e+02 3.191108944306302675e+01
4.300000000000000000e+02 3.204781537080461362e+01
4.410000000000000000e+02 3.222242068179490104e+01
4.510000000000000000e+02 3.237135608158867228e+01
4.600000000000000000e+02 3.249573624738736299e+01
4.700000000000000000e+02 3.263640926232901762e+01
4.800000000000000000e+02 3.276640282064455079e+01
4.900000000000000000e+02 3.289390712523655935e+01
5.000000000000000000e+02 3.301418188122030983e+01
5.060000000000000000e+02 3.386958230263783776e+01
5.120000000000000000e+02 3.445913951497796290e+01
5.200000000000000000e+02 3.451636073705277852e+01
5.300000000000000000e+02 3.459907479876768832e+01
5.400000000000000000e+02 3.461406990293796326e+01
5.500000000000000000e+02 3.475956292027994721e+01
5.600000000000000000e+02 3.482120951318655955e+01
5.700000000000000000e+02 3.489607939908567857e+01
5.800000000000000000e+02 3.488742286024533712e+01
5.900000000000000000e+02 3.499236930767708742e+01
6.000000000000000000e+02 3.504543030810126680e+01
6.100000000000000000e+02 3.510897657889080392e+01
6.200000000000000000e+02 3.515306057063980916e+01
6.300000000000000000e+02 3.519983890861289666e+01
6.400000000000000000e+02 3.521839197162326229e+01
6.500000000000000000e+02 3.527604339989372306e+01
6.580000000000000000e+02 3.531704118825178540e+01
6.650000000000000000e+02 3.534262489281373831e+01
6.750000000000000000e+02 3.535738820116475978e+01
6.850000000000000000e+02 3.538691297257228285e+01
6.950000000000000000e+02 3.545741407168368653e+01
7.050000000000000000e+02 3.547428119345328668e+01
7.160000000000000000e+02 3.552204114976598248e+01
7.260000000000000000e+02 3.554644868930495250e+01
7.350000000000000000e+02 3.556813534530422061e+01
7.450000000000000000e+02 3.561405687253014207e+01
7.550000000000000000e+02 3.564417575071642830e+01
7.650000000000000000e+02 3.567375447875014771e+01
7.750000000000000000e+02 3.570495084038550004e+01
7.850000000000000000e+02 3.573493920738003027e+01
7.950000000000000000e+02 3.575449553803386493e+01
8.050000000000000000e+02 3.577720200734566447e+01
8.150000000000000000e+02 3.579395084742924382e+01
8.250000000000000000e+02 3.582688598158284066e+01
8.350000000000000000e+02 3.580783739749524841e+01
8.450000000000000000e+02 3.585752100587265545e+01
8.550000000000000000e+02 3.587537651073937184e+01
8.650000000000000000e+02 3.590105060587323749e+01
8.750000000000000000e+02 3.592770915925747488e+01
8.850000000000000000e+02 3.595466529078071005e+01
8.950000000000000000e+02 3.597429376540475943e+01
9.050000000000000000e+02 3.598293995101238352e+01
9.150000000000000000e+02 3.613943371617477140e+01
9.250000000000000000e+02 3.695471781515847454e+01
9.350000000000000000e+02 3.737428896891874786e+01
9.450000000000000000e+02 3.773599992682746063e+01
9.550000000000000000e+02 3.785647269267586523e+01
9.650000000000000000e+02 3.794756156718841567e+01
9.750000000000000000e+02 3.731913829103150704e+01
9.850000000000000000e+02 3.794007632481592651e+01
9.950000000000000000e+02 3.790802907944940614e+01
1.005000000000000000e+03 3.797643083673555964e+01
1.015000000000000000e+03 3.794766841685641623e+01
1.025000000000000000e+03 3.754673461188188810e+01
1.035000000000000000e+03 3.785391188378129357e+01
1.045000000000000000e+03 3.801687100336015135e+01
1.055000000000000000e+03 3.799598386001100181e+01
1.065000000000000000e+03 3.793153485912243639e+01
1.075000000000000000e+03 3.797195914911465309e+01
1.085000000000000000e+03 3.791064116550645480e+01
1.095000000000000000e+03 3.797063433839053204e+01
1.105000000000000000e+03 3.794274959486145349e+01
1.115000000000000000e+03 3.793687240256016935e+01
1.125000000000000000e+03 3.788644987950887355e+01
1.135000000000000000e+03 3.793701023550720208e+01
1.145000000000000000e+03 3.790108830154235164e+01
1.155000000000000000e+03 3.791178290144650020e+01
1.165000000000000000e+03 3.791243135896199590e+01
1.175000000000000000e+03 3.778949348436096756e+01
1.185000000000000000e+03 3.788805781647415927e+01
1.195000000000000000e+03 3.782294198408760622e+01
1.205000000000000000e+03 3.773448490712883086e+01
1.215000000000000000e+03 3.744304087849646123e+01
1.225000000000000000e+03 3.776529896955207732e+01
1.235000000000000000e+03 3.785150357283178835e+01
1.245000000000000000e+03 3.786421949855802183e+01
1.255000000000000000e+03 3.784933620836683588e+01
1.265000000000000000e+03 3.782807329881059388e+01
1.275000000000000000e+03 3.785711297636079564e+01
1.285000000000000000e+03 3.785424619909730382e+01
1.295000000000000000e+03 3.779725353127639664e+01
1.305000000000000000e+03 3.779666086157316585e+01
1.315000000000000000e+03 3.783434689909515214e+01
1.325000000000000000e+03 3.781426938647388170e+01
1.335000000000000000e+03 3.778636322213203869e+01
1.345000000000000000e+03 3.780743139108154338e+01
1.355000000000000000e+03 3.780254022643984513e+01
1.365000000000000000e+03 3.777311520372767006e+01
1.375000000000000000e+03 3.777170601449340381e+01
1.385000000000000000e+03 3.777090845736305624e+01
1.395000000000000000e+03 3.770952811573063457e+01
1.405000000000000000e+03 3.772079708197943404e+01
1.415000000000000000e+03 3.773829124761413567e+01
1.425000000000000000e+03 3.772932529002727620e+01
1.435000000000000000e+03 3.772996943241074774e+01
1.442000000000000000e+03 3.773705598332281852e+01
1.447000000000000000e+03 3.773310818898503527e+01
1.455000000000000000e+03 3.772390031451250536e+01
1.465000000000000000e+03 3.770146469208539486e+01
1.475000000000000000e+03 3.769630789098946622e+01
1.485000000000000000e+03 3.769175787549431789e+01
1.495000000000000000e+03 3.768703575795017002e+01
1.505000000000000000e+03 3.766406139606662862e+01
1.512000000000000000e+03 3.762906341590549886e+01
1.517000000000000000e+03 3.764207601955109084e+01
1.525000000000000000e+03 3.764077344378002010e+01
1.535000000000000000e+03 3.759593579387671980e+01
1.545000000000000000e+03 3.760288218211397293e+01
1.555000000000000000e+03 3.758187386613485614e+01
1.565000000000000000e+03 3.759519820083905017e+01
1.575000000000000000e+03 3.760754573290042657e+01
1.585000000000000000e+03 3.760908616439385099e+01
1.595000000000000000e+03 3.761091986261324394e+01
1.605000000000000000e+03 3.759744295424862059e+01
1.615000000000000000e+03 3.759105508304897114e+01
1.625000000000000000e+03 3.758099924989245721e+01
1.635000000000000000e+03 3.759191010785385600e+01
1.645000000000000000e+03 3.758619566909814580e+01
1.655000000000000000e+03 3.757260874412850171e+01
1.665000000000000000e+03 3.758370477470563742e+01
1.672000000000000000e+03 3.755756616613221865e+01
1.677000000000000000e+03 3.758190548344468596e+01
1.685000000000000000e+03 3.758064649106695043e+01
1.695000000000000000e+03 3.756338457016006060e+01
1.705000000000000000e+03 3.754798944891173562e+01
1.715000000000000000e+03 3.753001350529578417e+01
1.725000000000000000e+03 3.752389224629524733e+01
1.735000000000000000e+03 3.753363623210680089e+01
1.745000000000000000e+03 3.752301845477867204e+01
1.755000000000000000e+03 3.753169668251450730e+01
1.765000000000000000e+03 3.750942308461175401e+01
1.775000000000000000e+03 3.750605275303917807e+01
1.785000000000000000e+03 3.750696769531361952e+01
1.795000000000000000e+03 3.751451462566636508e+01
1.805000000000000000e+03 3.751121767717795308e+01
1.815000000000000000e+03 3.748457251070246343e+01
1.825000000000000000e+03 3.748860183214167563e+01
1.835000000000000000e+03 3.747629435713873391e+01
1.845000000000000000e+03 3.744495488871199029e+01
1.855000000000000000e+03 3.743990859476195965e+01
1.865000000000000000e+03 3.744537812920410147e+01
1.875000000000000000e+03 3.746128179863716667e+01
1.885000000000000000e+03 3.742610194112012323e+01
1.895000000000000000e+03 3.740139502980051134e+01
1.905000000000000000e+03 3.742484579376771592e+01
1.915000000000000000e+03 3.740602121321641960e+01
1.925000000000000000e+03 3.739288397806392084e+01
1.935000000000000000e+03 3.740709336336610136e+01
1.945000000000000000e+03 3.741539324509018627e+01
1.955000000000000000e+03 3.738322809528345658e+01
1.967000000000000000e+03 3.740554415379413200e+01
1.976000000000000000e+03 3.741667162856273876e+01
1.984000000000000000e+03 3.739169037465364198e+01
1.995000000000000000e+03 3.737963612973662464e+01
2.005000000000000000e+03 3.738670308281076871e+01
2.015000000000000000e+03 3.738016690600487379e+01
2.025000000000000000e+03 3.739028369167949961e+01
2.035000000000000000e+03 3.736454556674981120e+01
2.045000000000000000e+03 3.736749313686927110e+01
2.055000000000000000e+03 3.735148842738502140e+01
2.065000000000000000e+03 3.735440123276493551e+01
2.074000000000000000e+03 3.737019683998959607e+01
2.078000000000000000e+03 3.734711544615586831e+01
2.085000000000000000e+03 3.735467770498929951e+01
2.095000000000000000e+03 3.733473387508262675e+01
2.105000000000000000e+03 3.734226464547731439e+01
2.115000000000000000e+03 3.733984421844152735e+01
2.125000000000000000e+03 3.734324202592964070e+01
2.135000000000000000e+03 3.732661655331786932e+01
2.145000000000000000e+03 3.731969650548849415e+01
2.155000000000000000e+03 3.732844466583542697e+01
2.165000000000000000e+03 3.731950355495798988e+01
2.175000000000000000e+03 3.731295468639042667e+01
2.185000000000000000e+03 3.730507030244146449e+01
2.195000000000000000e+03 3.731119938243698186e+01
2.205000000000000000e+03 3.730224819180111240e+01
2.215000000000000000e+03 3.729157548438797676e+01
2.225000000000000000e+03 3.727911188252797103e+01
2.235000000000000000e+03 3.728572301494224916e+01
2.245000000000000000e+03 3.727598641343342933e+01
2.255000000000000000e+03 3.726635043492758115e+01
2.265000000000000000e+03 3.726703599496127595e+01
2.275000000000000000e+03 3.726769371186202306e+01
2.285000000000000000e+03 3.726789072844016459e+01
2.295000000000000000e+03 3.724999360115411662e+01
2.305000000000000000e+03 3.724927816412273529e+01
2.315000000000000000e+03 3.723789873827552555e+01
2.325000000000000000e+03 3.717706354582999495e+01
2.335000000000000000e+03 3.722117127288454697e+01
2.345000000000000000e+03 3.721347091881703761e+01
2.355000000000000000e+03 3.722060173799413718e+01
2.365000000000000000e+03 3.720626281457687412e+01
2.375000000000000000e+03 3.720574302755075990e+01
2.385000000000000000e+03 3.719133270759647303e+01
2.395000000000000000e+03 3.719777194904877859e+01
2.405000000000000000e+03 3.718621523466178758e+01
2.415000000000000000e+03 3.718465843945244842e+01
2.425000000000000000e+03 3.718870511474590046e+01
2.435000000000000000e+03 3.717562525999469614e+01
2.445000000000000000e+03 3.718157168304846039e+01
2.455000000000000000e+03 3.717520183409226320e+01
2.465000000000000000e+03 3.716978797244119903e+01
2.475000000000000000e+03 3.716106362580556777e+01
2.485000000000000000e+03 3.716574421643727533e+01
2.495000000000000000e+03 3.714409720391162750e+01
2.505000000000000000e+03 3.716128748870163179e+01
2.513000000000000000e+03 3.714118850644739211e+01
2.518000000000000000e+03 3.715169699964266670e+01
2.525000000000000000e+03 3.713929709509947230e+01
2.535000000000000000e+03 3.713518902848957737e+01
2.545000000000000000e+03 3.712702143477665118e+01
2.555000000000000000e+03 3.713320483912586667e+01
2.565000000000000000e+03 3.712777073179064757e+01
2.575000000000000000e+03 3.713343493910718962e+01
2.585000000000000000e+03 3.712897015099964904e+01
2.595000000000000000e+03 3.712483418124605805e+01
2.605000000000000000e+03 3.711500233830489037e+01
2.615000000000000000e+03 3.711052515769338811e+01
2.625000000000000000e+03 3.711098630539904519e+01
2.635000000000000000e+03 3.710841406216513860e+01
2.645000000000000000e+03 3.711620009240803597e+01
2.655000000000000000e+03 3.711145474494450980e+01
2.665000000000000000e+03 3.709873222285200001e+01
2.675000000000000000e+03 3.710093686339448027e+01
2.685000000000000000e+03 3.709776624364961606e+01
2.695000000000000000e+03 3.708690716245513386e+01
2.705000000000000000e+03 3.708663641886502660e+01
2.715000000000000000e+03 3.707858875146987998e+01
2.725000000000000000e+03 3.707448177130834210e+01
2.735000000000000000e+03 3.707938904134695690e+01
2.745000000000000000e+03 3.705804204508172006e+01
2.755000000000000000e+03 3.705578134347177865e+01
2.765000000000000000e+03 3.705656225639749834e+01
2.775000000000000000e+03 3.706172431184086236e+01
2.785000000000000000e+03 3.705775629174607388e+01
2.795000000000000000e+03 3.703202715076368179e+01
2.805000000000000000e+03 3.704061757492396367e+01
2.815000000000000000e+03 3.705030624492965785e+01
2.825000000000000000e+03 3.704393276562155535e+01
2.835000000000000000e+03 3.703208666963466555e+01
2.845000000000000000e+03 3.702883120461959265e+01
2.855000000000000000e+03 3.702632367561537308e+01
2.865000000000000000e+03 3.702821865194621864e+01
2.875000000000000000e+03 3.702175068387961687e+01
2.885000000000000000e+03 3.702095575936751715e+01
2.895000000000000000e+03 3.701561224990301469e+01
2.910000000000000000e+03 3.701683494351335924e+01
2.930000000000000000e+03 3.700661939283546076e+01
2.950000000000000000e+03 3.699727464936945864e+01
2.970000000000000000e+03 3.699279804129749749e+01
2.990000000000000000e+03 3.698591311001857207e+01
3.010000000000000000e+03 3.698105788909776948e+01
3.030000000000000000e+03 3.697536598290926690e+01
3.050000000000000000e+03 3.696766053365902849e+01
3.070000000000000000e+03 3.696022111304729663e+01
3.090000000000000000e+03 3.695350140596670485e+01
3.110000000000000000e+03 3.694589335000972596e+01
3.130000000000000000e+03 3.693840665592366435e+01
3.150000000000000000e+03 3.693299088014021692e+01
3.170000000000000000e+03 3.692554865711200307e+01
3.190000000000000000e+03 3.691371682277082300e+01
3.210000000000000000e+03 3.691206220510149194e+01
3.230000000000000000e+03 3.690489173316949234e+01
3.250000000000000000e+03 3.689858601700997554e+01
3.270000000000000000e+03 3.689296266778804778e+01
3.290000000000000000e+03 3.688655575269908127e+01
3.310000000000000000e+03 3.688128368882090058e+01
3.330000000000000000e+03 3.687398917088807337e+01
3.350000000000000000e+03 3.686617859920384177e+01
3.370000000000000000e+03 3.686028640982165427e+01
3.390000000000000000e+03 3.685365643217205900e+01
3.410000000000000000e+03 3.684868018009430557e+01
3.430000000000000000e+03 3.683903005214428106e+01
3.450000000000000000e+03 3.683314229084171387e+01
3.470000000000000000e+03 3.682848283941709155e+01
3.490000000000000000e+03 3.682279851811298954e+01
3.510000000000000000e+03 3.681838674126576905e+01
3.530000000000000000e+03 3.681262195112960001e+01
3.550000000000000000e+03 3.680685998941973480e+01
3.570000000000000000e+03 3.680092212429224219e+01
3.590000000000000000e+03 3.679307605826416960e+01
3.610000000000000000e+03 3.678766684402000919e+01
3.630000000000000000e+03 3.678179358164304347e+01
3.640000000000000000e+03 3.678073934999014227e+01
3.650000000000000000e+03 3.677913131403496294e+01
3.670000000000000000e+03 3.676215843479519663e+01
3.690000000000000000e+03 3.676805112834041722e+01
3.710000000000000000e+03 3.682778336153765508e+01
3.730000000000000000e+03 3.683479012095668281e+01
3.750000000000000000e+03 3.689601034129439228e+01
3.770000000000000000e+03 3.689640674064668247e+01
3.790000000000000000e+03 3.692513600215546177e+01
3.810000000000000000e+03 3.695213577210594735e+01
3.830000000000000000e+03 3.688839011824707370e+01
3.850000000000000000e+03 3.695897391510115426e+01
3.870000000000000000e+03 3.696399292866149011e+01
3.890000000000000000e+03 3.686242507529041745e+01
3.910000000000000000e+03 3.695636619834077408e+01
3.930000000000000000e+03 3.694592867083071752e+01
3.950000000000000000e+03 3.694486320405887625e+01
3.970000000000000000e+03 3.683240576646815612e+01
3.990000000000000000e+03 3.693124020167165611e+01
4.010000000000000000e+03 3.692998410615280847e+01
4.030000000000000000e+03 3.691697876099392772e+01
4.050000000000000000e+03 3.691966803776659134e+01
4.070000000000000000e+03 3.690955029008486576e+01
4.090000000000000000e+03 3.688181623913132512e+01
4.110000000000000000e+03 3.681372858094410105e+01
4.130000000000000000e+03 3.688661413233744923e+01
4.150000000000000000e+03 3.688565776254643680e+01
4.170000000000000000e+03 3.688069550845509070e+01
4.190000000000000000e+03 3.687615076876764419e+01
4.210000000000000000e+03 3.687060225689663895e+01
4.230000000000000000e+03 3.686381810662756209e+01
4.250000000000000000e+03 3.685735901847786522e+01
4.270000000000000000e+03 3.684867283636467050e+01
4.290000000000000000e+03 3.684459631624464748e+01
4.310000000000000000e+03 3.683464098255802810e+01
4.330000000000000000e+03 3.679821814547875647e+01
4.350000000000000000e+03 3.675095983816337508e+01
4.370000000000000000e+03 3.681992598721337373e+01
4.390000000000000000e+03 3.681069864460287988e+01
4.410000000000000000e+03 3.680945312534969105e+01
4.430000000000000000e+03 3.680440452301078835e+01
4.450000000000000000e+03 3.679975770460647766e+01
4.470000000000000000e+03 3.678614663701608833e+01
4.490000000000000000e+03 3.678603973467551214e+01
4.510000000000000000e+03 3.678426892734991327e+01
4.530000000000000000e+03 3.677669951503646217e+01
4.550000000000000000e+03 3.676936207198905038e+01
4.570000000000000000e+03 3.676731567689884628e+01
4.590000000000000000e+03 3.676004745420452480e+01
4.610000000000000000e+03 3.675665921204412712e+01
4.630000000000000000e+03 3.674888219372648024e+01
4.650000000000000000e+03 3.674422287224197703e+01
4.670000000000000000e+03 3.673990764513872165e+01
4.690000000000000000e+03 3.673474565065256314e+01
4.710000000000000000e+03 3.672414278569389268e+01
4.730000000000000000e+03 3.672299772179617605e+01
4.750000000000000000e+03 3.671798712303098711e+01
4.770000000000000000e+03 3.671428034491717085e+01
4.790000000000000000e+03 3.670831962964397377e+01
4.810000000000000000e+03 3.670192063993631137e+01
4.830000000000000000e+03 3.669520335520628862e+01
4.850000000000000000e+03 3.666281592385027466e+01
4.870000000000000000e+03 3.660413783109329700e+01
4.890000000000000000e+03 3.667814315064776309e+01
4.910000000000000000e+03 3.667549058243488957e+01
4.930000000000000000e+03 3.666480198436468640e+01
4.950000000000000000e+03 3.666625421161908349e+01
4.970000000000000000e+03 3.666112995437249111e+01
4.990000000000000000e+03 3.665412538387113273e+01
5.010000000000000000e+03 3.664276918469538202e+01
5.030000000000000000e+03 3.664328831894938787e+01
5.050000000000000000e+03 3.663480338176368178e+01
5.070000000000000000e+03 3.663455500936641585e+01
5.090000000000000000e+03 3.662754357268608629e+01
5.110000000000000000e+03 3.662284367164726717e+01
5.130000000000000000e+03 3.661667981350295520e+01
5.150000000000000000e+03 3.661053822177954942e+01
5.170000000000000000e+03 3.660392784621240736e+01
5.190000000000000000e+03 3.660078986279269486e+01
5.210000000000000000e+03 3.659602507617471190e+01
5.230000000000000000e+03 3.659236626808232984e+01
5.250000000000000000e+03 3.658939835782294381e+01
5.270000000000000000e+03 3.658039486153430175e+01
5.290000000000000000e+03 3.658054245434405516e+01
5.310000000000000000e+03 3.657657954404345446e+01
5.330000000000000000e+03 3.656929298916570303e+01
5.350000000000000000e+03 3.656760426148642296e+01
5.370000000000000000e+03 3.656295011876619583e+01
5.390000000000000000e+03 3.655666163572529115e+01
5.410000000000000000e+03 3.655187532424262997e+01
5.430000000000000000e+03 3.654687632898713900e+01
5.450000000000000000e+03 3.654477433539352660e+01
5.470000000000000000e+03 3.653869941996429560e+01
5.490000000000000000e+03 3.653412858887512016e+01
5.510000000000000000e+03 3.652939622286211829e+01
5.530000000000000000e+03 3.652630081270872608e+01
5.550000000000000000e+03 3.652275964999567748e+01
5.570000000000000000e+03 3.651760853259266071e+01
5.590000000000000000e+03 3.651216715244203925e+01
5.610000000000000000e+03 3.650960841621116515e+01
5.630000000000000000e+03 3.650451808008496357e+01
5.650000000000000000e+03 3.649987549544895415e+01
5.670000000000000000e+03 3.649444712461365725e+01
5.690000000000000000e+03 3.649179083345401864e+01
5.710000000000000000e+03 3.648557458168239975e+01
5.730000000000000000e+03 3.648521518523591567e+01
5.750000000000000000e+03 3.647914338886086227e+01
5.770000000000000000e+03 3.647600455150991650e+01
5.790000000000000000e+03 3.646925627419246041e+01
5.810000000000000000e+03 3.646760414761726565e+01
5.830000000000000000e+03 3.646508616139760761e+01
5.850000000000000000e+03 3.645943008512309547e+01
5.870000000000000000e+03 3.644958187225988411e+01
5.890000000000000000e+03 3.644482949371983693e+01
5.910000000000000000e+03 3.644658501894127056e+01
5.930000000000000000e+03 3.644282432778727809e+01
5.950000000000000000e+03 3.643795231152883218e+01
5.970000000000000000e+03 3.643619510997513089e+01
5.990000000000000000e+03 3.643017752127985887e+01
6.010000000000000000e+03 3.642592413752652902e+01
6.030000000000000000e+03 3.642373950928359250e+01
6.050000000000000000e+03 3.642056833620735290e+01
6.070000000000000000e+03 3.641617774866374191e+01
6.090000000000000000e+03 3.641006900025686832e+01
6.110000000000000000e+03 3.640683431898654732e+01
6.130000000000000000e+03 3.639949388537430508e+01
6.150000000000000000e+03 3.639687994076240329e+01
6.170000000000000000e+03 3.639194689545335848e+01
6.190000000000000000e+03 3.639142365444332938e+01
6.210000000000000000e+03 3.638677011967340036e+01
6.230000000000000000e+03 3.638096461908186541e+01
6.250000000000000000e+03 3.637359842708113433e+01
6.270000000000000000e+03 3.637364920945991287e+01
6.290000000000000000e+03 3.637149180465711140e+01
6.310000000000000000e+03 3.636613770485445229e+01
6.330000000000000000e+03 3.636402112232494233e+01
6.350000000000000000e+03 3.635888702085067337e+01
6.370000000000000000e+03 3.635534555983484495e+01
6.390000000000000000e+03 3.635361942719052308e+01
6.410000000000000000e+03 3.634901457499120170e+01
6.430000000000000000e+03 3.634591482723797640e+01
6.450000000000000000e+03 3.634234582842724137e+01
6.470000000000000000e+03 3.633881654042141918e+01
6.490000000000000000e+03 3.633264368728550409e+01
6.510000000000000000e+03 3.633145762129679923e+01
6.530000000000000000e+03 3.632671412202630279e+01
6.550000000000000000e+03 3.630729341153048750e+01
6.570000000000000000e+03 3.625176420592283932e+01
6.590000000000000000e+03 3.631312504136363373e+01
6.610000000000000000e+03 3.631395706063013051e+01
6.630000000000000000e+03 3.631147796378741788e+01
6.650000000000000000e+03 3.630803253179178114e+01
6.670000000000000000e+03 3.630152471184253216e+01
6.690000000000000000e+03 3.630079684875474300e+01
6.710000000000000000e+03 3.629560741121400724e+01
6.730000000000000000e+03 3.629553914505085288e+01
6.750000000000000000e+03 3.629043365301014035e+01
6.770000000000000000e+03 3.628776749423412440e+01
6.790000000000000000e+03 3.628369828590959401e+01
6.810000000000000000e+03 3.628064263517382670e+01
6.830000000000000000e+03 3.627831231586242211e+01
6.850000000000000000e+03 3.627261557117307689e+01
6.870000000000000000e+03 3.627041329461432895e+01
6.890000000000000000e+03 3.626900024062801720e+01
6.910000000000000000e+03 3.626492426947014991e+01
6.930000000000000000e+03 3.626016845456668136e+01
6.950000000000000000e+03 3.625518865072052677e+01
6.970000000000000000e+03 3.625338920532177411e+01
6.990000000000000000e+03 3.624882028338628714e+01
7.010000000000000000e+03 3.624385033639194376e+01
7.030000000000000000e+03 3.624275338874289787e+01
7.050000000000000000e+03 3.624096512573745343e+01
7.070000000000000000e+03 3.623328598873072792e+01
7.090000000000000000e+03 3.623186053026022080e+01
7.110000000000000000e+03 3.622618182828605882e+01
7.130000000000000000e+03 3.622163937821538582e+01
7.150000000000000000e+03 3.621931041904112192e+01
7.170000000000000000e+03 3.621800191722348217e+01
7.190000000000000000e+03 3.621183655713498695e+01
7.210000000000000000e+03 3.621114065879770294e+01
7.230000000000000000e+03 3.620964741619157934e+01
7.250000000000000000e+03 3.620679074055381363e+01
7.270000000000000000e+03 3.620364320953265747e+01
7.290000000000000000e+03 3.619721919004484079e+01
7.310000000000000000e+03 3.619660519309367430e+01
7.330000000000000000e+03 3.619394756973942151e+01
7.350000000000000000e+03 3.619046559894774617e+01
7.370000000000000000e+03 3.619044285396796568e+01
7.390000000000000000e+03 3.618542896063069492e+01
7.410000000000000000e+03 3.618087697152193982e+01
7.430000000000000000e+03 3.617989565168993238e+01
7.450000000000000000e+03 3.617750769021230894e+01
7.470000000000000000e+03 3.617433329074984272e+01
7.490000000000000000e+03 3.617078262953526746e+01
7.510000000000000000e+03 3.616961508845659523e+01
7.530000000000000000e+03 3.616785442557194585e+01
7.550000000000000000e+03 3.616581737879155867e+01
7.570000000000000000e+03 3.616221218200193022e+01
7.590000000000000000e+03 3.615843865912083288e+01
7.610000000000000000e+03 3.615634574190107742e+01
7.630000000000000000e+03 3.615365549674131529e+01
7.650000000000000000e+03 3.615129147563820311e+01
7.670000000000000000e+03 3.614486550513122864e+01
7.690000000000000000e+03 3.614578001795261741e+01
7.710000000000000000e+03 3.613991805310333660e+01
7.730000000000000000e+03 3.613803325575518954e+01
7.750000000000000000e+03 3.613460167150847724e+01
7.770000000000000000e+03 3.613181678622703430e+01
7.790000000000000000e+03 3.613151387938304993e+01
7.810000000000000000e+03 3.612913854690263804e+01
7.830000000000000000e+03 3.612519821112729801e+01
7.850000000000000000e+03 3.612087844571145467e+01
7.870000000000000000e+03 3.611835074637937737e+01
7.890000000000000000e+03 3.611057527155325886e+01
7.910000000000000000e+03 3.610515914020832184e+01
7.930000000000000000e+03 3.610370589978543876e+01
7.950000000000000000e+03 3.609825043799830269e+01
7.970000000000000000e+03 3.610129661257772682e+01
7.990000000000000000e+03 3.609751583478206527e+01
8.010000000000000000e+03 3.609971412441045402e+01
8.030000000000000000e+03 3.609742011093736380e+01
8.050000000000000000e+03 3.609360738271978164e+01
8.070000000000000000e+03 3.609042552483506938e+01
8.090000000000000000e+03 3.608565421625958436e+01
8.110000000000000000e+03 3.608330371352509758e+01
8.130000000000000000e+03 3.608246341823487313e+01
8.150000000000000000e+03 3.607984834937026619e+01
8.170000000000000000e+03 3.607748623360446061e+01
8.190000000000000000e+03 3.607285225028365971e+01
8.210000000000000000e+03 3.606984616413663502e+01
8.230000000000000000e+03 3.606929501960438245e+01
8.250000000000000000e+03 3.606770281625030350e+01
8.270000000000000000e+03 3.606589130644738361e+01
8.290000000000000000e+03 3.606083926402963158e+01
8.310000000000000000e+03 3.605242478208670320e+01
8.330000000000000000e+03 3.604689479429647747e+01
8.350000000000000000e+03 3.604487963090223701e+01
8.370000000000000000e+03 3.603960940948727654e+01
8.390000000000000000e+03 3.603538988053100667e+01
8.410000000000000000e+03 3.603982230923115537e+01
8.430000000000000000e+03 3.604165160121357303e+01
8.450000000000000000e+03 3.604447619419798343e+01
8.470000000000000000e+03 3.602838159558352515e+01
8.490000000000000000e+03 3.605287418989708215e+01
8.510000000000000000e+03 3.601735177959602652e+01
8.530000000000000000e+03 3.605325859447091830e+01
8.550000000000000000e+03 3.599058249878390825e+01
8.570000000000000000e+03 3.605697227621188006e+01
8.590000000000000000e+03 3.603177258584142351e+01
8.610000000000000000e+03 3.602363127284679933e+01
8.630000000000000000e+03 3.605218144604646113e+01
8.650000000000000000e+03 3.604182599211792137e+01
8.670000000000000000e+03 3.597531115230324872e+01
8.690000000000000000e+03 3.603874310592032515e+01
8.710000000000000000e+03 3.604394405961504333e+01
8.730000000000000000e+03 3.603727560196233526e+01
8.750000000000000000e+03 3.598746006935991204e+01
8.770000000000000000e+03 3.602767513017316503e+01
8.790000000000000000e+03 3.603478848916450517e+01
8.810000000000000000e+03 3.603057537574339619e+01
8.830000000000000000e+03 3.602791511393100166e+01
8.850000000000000000e+03 3.601294414669297339e+01
8.870000000000000000e+03 3.597418443699641699e+01
8.890000000000000000e+03 3.601969227648956462e+01
8.910000000000000000e+03 3.602157212627255944e+01
8.930000000000000000e+03 3.601748248089836579e+01
8.950000000000000000e+03 3.601440645105030569e+01
8.970000000000000000e+03 3.601253200079695205e+01
8.990000000000000000e+03 3.600688114410849039e+01
9.010000000000000000e+03 3.595994888730190553e+01
9.030000000000000000e+03 3.598427549046277107e+01
9.050000000000000000e+03 3.600299150378587854e+01
9.070000000000000000e+03 3.600034181277259648e+01
9.090000000000000000e+03 3.599413919232694070e+01
9.110000000000000000e+03 3.599508883391810343e+01
9.130000000000000000e+03 3.599358411554804604e+01
9.150000000000000000e+03 3.599100271377471927e+01
9.170000000000000000e+03 3.598812932081828819e+01
9.190000000000000000e+03 3.598603871316955605e+01
9.210000000000000000e+03 3.597482075808933644e+01
9.230000000000000000e+03 3.592904638762549041e+01
9.250000000000000000e+03 3.596751264401888903e+01
9.270000000000000000e+03 3.597220332059487191e+01
9.290000000000000000e+03 3.597265739417414210e+01
9.310000000000000000e+03 3.597192843614988078e+01
9.330000000000000000e+03 3.596972070136789057e+01
9.350000000000000000e+03 3.596652124785671845e+01
9.370000000000000000e+03 3.596108404428532879e+01
9.390000000000000000e+03 3.596190299351437147e+01
9.410000000000000000e+03 3.595610220555217751e+01
9.430000000000000000e+03 3.595736758172605363e+01
9.450000000000000000e+03 3.595255359837730680e+01
9.470000000000000000e+03 3.595195163443125352e+01
9.490000000000000000e+03 3.594977108624372875e+01
9.510000000000000000e+03 3.594520414711838185e+01
9.530000000000000000e+03 3.593473873977187338e+01
9.550000000000000000e+03 3.589016575365810979e+01
9.570000000000000000e+03 3.593146712386970165e+01
9.590000000000000000e+03 3.593695194088734013e+01
9.610000000000000000e+03 3.593299282320073473e+01
9.630000000000000000e+03 3.593109432232466816e+01
9.650000000000000000e+03 3.592647009750903209e+01
9.670000000000000000e+03 3.592467203444775947e+01
9.690000000000000000e+03 3.592412707604796651e+01
9.710000000000000000e+03 3.592105175477097134e+01
9.730000000000000000e+03 3.591776518738086565e+01
9.750000000000000000e+03 3.591559966374769886e+01
9.770000000000000000e+03 3.591388539232794130e+01
9.790000000000000000e+03 3.590848192508216385e+01
9.810000000000000000e+03 3.591129277225727634e+01
9.830000000000000000e+03 3.590829663582574938e+01
9.850000000000000000e+03 3.590686478806417625e+01
9.870000000000000000e+03 3.590357348187178133e+01
9.890000000000000000e+03 3.590111171197690254e+01
9.910000000000000000e+03 3.589906735496148116e+01
9.930000000000000000e+03 3.589722342535021227e+01
9.950000000000000000e+03 3.589510881094837913e+01
9.970000000000000000e+03 3.589282018804357932e+01
9.990000000000000000e+03 3.589004542423292321e+01
1.002500000000000000e+04 3.587440834162903514e+01
1.007500000000000000e+04 3.586108068753526368e+01
1.012500000000000000e+04 3.587198501844925147e+01
1.017500000000000000e+04 3.586558381379176552e+01
1.022500000000000000e+04 3.586123931193361614e+01
1.027500000000000000e+04 3.585671550332448021e+01
1.032500000000000000e+04 3.584791666477755712e+01
1.037500000000000000e+04 3.584258514510327842e+01
1.042500000000000000e+04 3.583872754052519127e+01
1.047500000000000000e+04 3.583239255180090765e+01
1.052500000000000000e+04 3.582813375600265005e+01
1.057500000000000000e+04 3.582132608055538014e+01
1.062500000000000000e+04 3.581604933704567628e+01
1.067500000000000000e+04 3.580759740044867812e+01
1.072500000000000000e+04 3.580385550872122735e+01
1.077500000000000000e+04 3.579765805533077838e+01
1.082500000000000000e+04 3.579014331927968584e+01
1.087500000000000000e+04 3.578614804460181631e+01
1.092500000000000000e+04 3.576330020719743175e+01
1.097500000000000000e+04 3.577217660700422641e+01
1.102500000000000000e+04 3.577272001789149414e+01
1.107500000000000000e+04 3.576847287789054519e+01
1.112500000000000000e+04 3.576292881224140530e+01
1.117500000000000000e+04 3.575649579835225467e+01
1.122500000000000000e+04 3.575268937699345173e+01
1.127500000000000000e+04 3.574521781810135224e+01
1.132500000000000000e+04 3.574024397345148429e+01
1.137500000000000000e+04 3.573494146638429925e+01
1.142500000000000000e+04 3.572897717332126177e+01
1.147500000000000000e+04 3.572696071738802459e+01
1.152500000000000000e+04 3.572261231256665326e+01
1.157500000000000000e+04 3.571567831557875650e+01
1.162500000000000000e+04 3.570877112043765322e+01
1.167500000000000000e+04 3.570507799193018883e+01
1.172500000000000000e+04 3.570290895864486913e+01
1.177500000000000000e+04 3.569508455249069812e+01
1.182500000000000000e+04 3.569047861161553215e+01
1.187500000000000000e+04 3.568309733781354254e+01
1.192500000000000000e+04 3.568337652632748558e+01
1.197500000000000000e+04 3.567154938626327265e+01
1.202500000000000000e+04 3.567256015796273516e+01
1.207500000000000000e+04 3.566649613160865329e+01
1.212500000000000000e+04 3.566268058891773762e+01
1.217500000000000000e+04 3.565961971227382321e+01
1.222500000000000000e+04 3.565439427055706290e+01
1.227500000000000000e+04 3.564941482562321085e+01
1.232500000000000000e+04 3.564482233156353175e+01
1.237500000000000000e+04 3.564053951948980625e+01
1.242500000000000000e+04 3.563587638299773630e+01
1.247500000000000000e+04 3.563192930414049187e+01
1.252500000000000000e+04 3.562618068299428131e+01
1.257500000000000000e+04 3.562247380381693063e+01
1.262500000000000000e+04 3.561786587219161504e+01
1.267500000000000000e+04 3.561307850599801128e+01
1.272500000000000000e+04 3.560978033819204569e+01
1.277500000000000000e+04 3.560445673436149150e+01
1.282500000000000000e+04 3.557893772493999762e+01
1.287500000000000000e+04 3.559437373244577429e+01
1.292500000000000000e+04 3.558985609367585567e+01
1.297500000000000000e+04 3.558882989467522862e+01
1.302500000000000000e+04 3.558352295877997307e+01
1.307500000000000000e+04 3.558102768714352493e+01
1.312500000000000000e+04 3.557445182730788247e+01
1.317500000000000000e+04 3.557069038038120823e+01
1.322500000000000000e+04 3.556781787384419147e+01
1.327500000000000000e+04 3.556077354978511096e+01
1.332500000000000000e+04 3.555987330077608277e+01
1.337500000000000000e+04 3.555485187080437726e+01
1.342500000000000000e+04 3.555342617651100312e+01
1.347500000000000000e+04 3.554938275518577484e+01
1.352500000000000000e+04 3.554581652605070019e+01
1.357500000000000000e+04 3.553903623429899028e+01
1.362500000000000000e+04 3.553478388203709670e+01
1.367500000000000000e+04 3.553301027259914946e+01
1.372500000000000000e+04 3.553114500015298916e+01
1.377500000000000000e+04 3.552677556929202041e+01
1.382500000000000000e+04 3.552412902749731671e+01
1.387500000000000000e+04 3.551833523618110888e+01
1.392500000000000000e+04 3.551745768877614040e+01
1.397500000000000000e+04 3.551482733033366657e+01
1.402500000000000000e+04 3.550817827699348328e+01
1.407500000000000000e+04 3.550790907721492573e+01
1.412500000000000000e+04 3.550259143588805699e+01
1.417500000000000000e+04 3.550185430992080882e+01
1.422500000000000000e+04 3.549526404638055510e+01
1.427500000000000000e+04 3.548947009635799077e+01
1.432500000000000000e+04 3.549097222845504973e+01
1.437500000000000000e+04 3.548932356098371343e+01
1.442500000000000000e+04 3.547994303474087729e+01
1.447500000000000000e+04 3.548266342450449429e+01
1.452500000000000000e+04 3.547664165204148645e+01
1.457000000000000000e+04 3.547569970371303327e+01
1.462000000000000000e+04 3.547411474245831187e+01
1.467500000000000000e+04 3.547126942959181406e+01
1.472500000000000000e+04 3.546393460227255900e+01
1.477500000000000000e+04 3.546394032572288779e+01
1.482500000000000000e+04 3.546073209949240379e+01
1.487500000000000000e+04 3.545552693055500981e+01
1.492500000000000000e+04 3.545715028475831332e+01
1.497500000000000000e+04 3.545155643977761883e+01
1.502500000000000000e+04 3.544726224357300737e+01
1.507500000000000000e+04 3.544186135813862393e+01
1.512500000000000000e+04 3.544440354462511067e+01
1.517500000000000000e+04 3.544290473063517766e+01
1.522500000000000000e+04 3.544263179324656932e+01
1.527500000000000000e+04 3.543797752788509570e+01
1.532500000000000000e+04 3.543489522538998671e+01
1.537500000000000000e+04 3.543824636330761990e+01
1.542500000000000000e+04 3.543191418396060044e+01
1.547500000000000000e+04 3.543459988869061306e+01
1.552500000000000000e+04 3.542976099178135030e+01
1.557500000000000000e+04 3.540998816317312503e+01
1.562500000000000000e+04 3.542242962747773305e+01
1.567500000000000000e+04 3.541665489871284223e+01
1.572500000000000000e+04 3.541409845632227160e+01
1.577500000000000000e+04 3.539977345879385950e+01
1.582500000000000000e+04 3.540427109967031782e+01
1.587500000000000000e+04 3.539067223147804953e+01
1.592500000000000000e+04 3.540629789064931288e+01
1.597500000000000000e+04 3.539498870665978814e+01
1.605000000000000000e+04 3.539425835048785274e+01
1.615000000000000000e+04 3.538523420717115897e+01
1.625000000000000000e+04 3.538231517612400978e+01
1.635000000000000000e+04 3.538371565955533526e+01
1.645000000000000000e+04 3.535695108683497523e+01
1.655000000000000000e+04 3.536918596426308881e+01
1.665000000000000000e+04 3.534984240313528403e+01
1.675000000000000000e+04 3.534894064457825635e+01
1.685000000000000000e+04 3.532874252099413326e+01
1.695000000000000000e+04 3.533633425335301581e+01
1.705000000000000000e+04 3.532216928180059767e+01
1.715000000000000000e+04 3.531809847574724870e+01
1.725000000000000000e+04 3.530946766323280883e+01
1.735000000000000000e+04 3.529014914075924025e+01
1.745000000000000000e+04 3.529323238469973489e+01
1.755000000000000000e+04 3.528427332557753004e+01
1.765000000000000000e+04 3.527868794746715508e+01
1.775000000000000000e+04 3.526894097356267110e+01
1.785000000000000000e+04 3.526273250979338769e+01
1.795000000000000000e+04 3.525535377094464451e+01
1.805000000000000000e+04 3.524453764755217833e+01
1.815000000000000000e+04 3.523231966894256573e+01
1.825000000000000000e+04 3.522898538728040307e+01
1.835000000000000000e+04 3.522200883275525030e+01
1.845000000000000000e+04 3.521318075443101492e+01
1.855000000000000000e+04 3.520680032514624713e+01
1.865000000000000000e+04 3.519633648595626596e+01
1.875000000000000000e+04 3.518170493928678866e+01
1.885000000000000000e+04 3.518305278210205955e+01
1.895000000000000000e+04 3.516893030002955101e+01
1.905000000000000000e+04 3.516948649576817587e+01
1.915000000000000000e+04 3.516068971513533370e+01
1.925000000000000000e+04 3.515388927182940648e+01
1.935000000000000000e+04 3.514300990686017911e+01
1.945000000000000000e+04 3.512874312974028612e+01
1.955000000000000000e+04 3.512992897091038458e+01
1.965000000000000000e+04 3.512241810471302728e+01
1.975000000000000000e+04 3.511389280028547688e+01
1.985000000000000000e+04 3.510731475868907836e+01
1.995000000000000000e+04 3.510002065569778296e+01
2.005000000000000000e+04 3.509618923811804336e+01
2.015000000000000000e+04 3.508962153078192614e+01
2.025000000000000000e+04 3.507864465221905448e+01
2.035000000000000000e+04 3.507123810657004270e+01
2.045000000000000000e+04 3.506800893307219269e+01
2.055000000000000000e+04 3.506002705884534265e+01
2.065000000000000000e+04 3.505146615278594169e+01
2.075000000000000000e+04 3.504506618791091910e+01
2.085000000000000000e+04 3.503788049985337949e+01
2.095000000000000000e+04 3.502906377988246334e+01
2.105000000000000000e+04 3.502510775519683506e+01
2.115000000000000000e+04 3.501657316319150226e+01
2.125000000000000000e+04 3.500970017009727542e+01
2.135000000000000000e+04 3.500487595728370849e+01
2.145000000000000000e+04 3.499767811983010546e+01
2.155000000000000000e+04 3.499048932417976943e+01
2.165000000000000000e+04 3.497635622081674711e+01
2.175000000000000000e+04 3.497439569479184485e+01
2.185000000000000000e+04 3.496858505721787225e+01
2.195000000000000000e+04 3.496287128737634475e+01
2.205000000000000000e+04 3.495275267571084754e+01
2.215000000000000000e+04 3.495008627637892573e+01
2.225000000000000000e+04 3.493950462641903698e+01
2.235000000000000000e+04 3.493410676555846806e+01
2.245000000000000000e+04 3.492815127933059216e+01
2.255000000000000000e+04 3.492214427107134611e+01
2.265000000000000000e+04 3.491408889873103760e+01
2.275000000000000000e+04 3.490971107298295095e+01
2.285000000000000000e+04 3.490113396812847668e+01
2.295000000000000000e+04 3.484089717449248269e+01
2.305000000000000000e+04 3.486593213548841419e+01
2.315000000000000000e+04 3.485981886269426866e+01
2.325000000000000000e+04 3.480538878169787154e+01
2.335000000000000000e+04 3.483060126076541252e+01
2.345000000000000000e+04 3.482016694582583227e+01
2.355000000000000000e+04 3.476829219558635486e+01
2.365000000000000000e+04 3.479904651982327835e+01
2.375000000000000000e+04 3.478718714280026347e+01
2.385000000000000000e+04 3.474556627451368485e+01
2.395000000000000000e+04 3.477060571501928621e+01
2.405000000000000000e+04 3.476640732487757646e+01
2.415000000000000000e+04 3.472860724035973590e+01
2.425000000000000000e+04 3.474996907190238460e+01
2.435000000000000000e+04 3.474559731507996219e+01
2.445000000000000000e+04 3.472102386478005087e+01
2.455000000000000000e+04 3.472173349983984991e+01
2.465000000000000000e+04 3.473118827988912471e+01
2.475000000000000000e+04 3.471689615073252355e+01
2.485000000000000000e+04 3.469878816207506134e+01
2.495000000000000000e+04 3.470642751302064255e+01
2.505000000000000000e+04 3.471839694863312786e+01
2.515000000000000000e+04 3.468287300807165963e+01
2.525000000000000000e+04 3.469248661087781471e+01
2.535000000000000000e+04 3.469577185545247033e+01
2.545000000000000000e+04 3.468593044589512431e+01
2.555000000000000000e+04 3.467686158798218088e+01
2.565000000000000000e+04 3.467361139266819237e+01
2.575000000000000000e+04 3.467759083173340429e+01
2.585000000000000000e+04 3.465664673402523022e+01
2.595000000000000000e+04 3.465971209543406673e+01
2.605000000000000000e+04 3.466134515750384537e+01
2.615000000000000000e+04 3.464656742934213440e+01
2.625000000000000000e+04 3.463910415221764083e+01
2.635000000000000000e+04 3.464565644635234065e+01
2.645000000000000000e+04 3.464319071215212631e+01
2.655000000000000000e+04 3.463328939747188429e+01
2.665000000000000000e+04 3.462506457144860406e+01
2.675000000000000000e+04 3.462786222345888376e+01
2.685000000000000000e+04 3.462535402156502329e+01
2.695000000000000000e+04 3.461336596325389792e+01
2.705000000000000000e+04 3.461519054488972813e+01
2.715000000000000000e+04 3.461011836910194717e+01
2.725000000000000000e+04 3.460823408304912618e+01
2.735000000000000000e+04 3.459542512016332694e+01
2.745000000000000000e+04 3.459608687717566511e+01
2.755000000000000000e+04 3.459019795682374365e+01
2.765000000000000000e+04 3.458538305511257249e+01
2.775000000000000000e+04 3.457844110058100284e+01
2.785000000000000000e+04 3.457760131859303954e+01
2.795000000000000000e+04 3.457539791803961293e+01
2.805000000000000000e+04 3.456962850993524938e+01
2.815000000000000000e+04 3.456166805890069327e+01
2.825000000000000000e+04 3.455884313561020349e+01
2.835000000000000000e+04 3.455564278900789077e+01
2.845000000000000000e+04 3.455006097274483068e+01
2.855000000000000000e+04 3.454428571992623631e+01
2.865000000000000000e+04 3.453871117840674998e+01
2.875000000000000000e+04 3.452990480147678909e+01
2.885000000000000000e+04 3.452984557068737104e+01
2.895000000000000000e+04 3.452483434033177190e+01
2.905000000000000000e+04 3.451947436217158582e+01
2.915000000000000000e+04 3.451536095626931910e+01
2.925000000000000000e+04 3.450785813561068238e+01
2.935000000000000000e+04 3.450603453500004036e+01
2.945000000000000000e+04 3.449913257050099702e+01
2.955000000000000000e+04 3.449408412144640579e+01
2.965000000000000000e+04 3.449033331676507430e+01
2.975000000000000000e+04 3.448519282345958459e+01
2.985000000000000000e+04 3.447947991573566640e+01
2.995000000000000000e+04 3.447433841508713925e+01
3.005000000000000000e+04 3.446899638370914687e+01
3.015000000000000000e+04 3.446471705524706408e+01
3.025000000000000000e+04 3.445862992287951698e+01
3.035000000000000000e+04 3.444809780402570709e+01
3.045000000000000000e+04 3.444676329252214941e+01
3.055000000000000000e+04 3.444272129033268470e+01
3.065000000000000000e+04 3.443758256519345196e+01
3.075000000000000000e+04 3.443307785914950614e+01
3.085000000000000000e+04 3.442697273626117038e+01
3.095000000000000000e+04 3.442177907693562844e+01
3.105000000000000000e+04 3.441778844477735788e+01
3.115000000000000000e+04 3.441045223929867092e+01
3.125000000000000000e+04 3.440681955043115892e+01
3.135000000000000000e+04 3.440201313861248167e+01
3.145000000000000000e+04 3.439670060689667963e+01
3.155000000000000000e+04 3.439083636659729848e+01
3.165000000000000000e+04 3.438572856049461990e+01
3.175000000000000000e+04 3.438121782810426197e+01
3.185000000000000000e+04 3.437594895561234409e+01
3.195000000000000000e+04 3.437128786426859506e+01
3.210000000000000000e+04 3.436324608319554841e+01
3.230000000000000000e+04 3.435285621844980142e+01
3.250000000000000000e+04 3.434266438347200534e+01
3.270000000000000000e+04 3.433247685324248266e+01
3.290000000000000000e+04 3.431883043642589826e+01
3.310000000000000000e+04 3.431169602974382116e+01
3.330000000000000000e+04 3.430157283576789240e+01
3.350000000000000000e+04 3.429265421390133639e+01
3.370000000000000000e+04 3.428255888794715389e+01
3.390000000000000000e+04 3.427208252903408692e+01
3.410000000000000000e+04 3.426227355515371187e+01
3.430000000000000000e+04 3.425374474425206017e+01
3.450000000000000000e+04 3.424429089087379907e+01
3.470000000000000000e+04 3.423469858358457429e+01
3.490000000000000000e+04 3.422540719668840126e+01
3.510000000000000000e+04 3.421624195533087232e+01
3.530000000000000000e+04 3.420601433816768377e+01
3.550000000000000000e+04 3.419722766785762502e+01
3.570000000000000000e+04 3.418743928760379447e+01
3.590000000000000000e+04 3.417912627620763999e+01
3.610000000000000000e+04 3.416971457959859038e+01
3.630000000000000000e+04 3.416176281746988508e+01
3.650000000000000000e+04 3.415041291237615440e+01
3.670000000000000000e+04 3.414258940454987368e+01
3.690000000000000000e+04 3.413086290169174219e+01
3.710000000000000000e+04 3.412313421111810641e+01
3.730000000000000000e+04 3.411455467897486926e+01
3.750000000000000000e+04 3.410146700599886316e+01
3.770000000000000000e+04 3.409815558130515001e+01
3.790000000000000000e+04 3.408932515110299022e+01
3.810000000000000000e+04 3.407990468479978574e+01
3.830000000000000000e+04 3.407224959775608397e+01
3.850000000000000000e+04 3.406477047855426576e+01
3.870000000000000000e+04 3.405495015669452386e+01
3.890000000000000000e+04 3.404704978736137377e+01
3.910000000000000000e+04 3.403675991849102900e+01
3.930000000000000000e+04 3.403052214644038287e+01
3.950000000000000000e+04 3.402098956928571738e+01
3.970000000000000000e+04 3.401346958567367551e+01
3.990000000000000000e+04 3.400304101754834818e+01
4.010000000000000000e+04 3.399500876441916120e+01
4.030000000000000000e+04 3.398691975162467571e+01
4.050000000000000000e+04 3.397732534232074642e+01
4.070000000000000000e+04 3.397204626940916228e+01
4.090000000000000000e+04 3.396404286505445214e+01
4.110000000000000000e+04 3.395641649995803135e+01
4.130000000000000000e+04 3.394852275576660361e+01
4.150000000000000000e+04 3.394010284109677400e+01
4.170000000000000000e+04 3.392917035789562874e+01
4.190000000000000000e+04 3.392345277192490016e+01
4.210000000000000000e+04 3.391503850325739222e+01
4.230000000000000000e+04 3.390915011943946666e+01
4.250000000000000000e+04 3.389996511127122858e+01
4.270000000000000000e+04 3.389309084963389296e+01
4.290000000000000000e+04 3.386367400357671897e+01
4.310000000000000000e+04 3.383745655098684324e+01
4.330000000000000000e+04 3.384295773956469588e+01
4.350000000000000000e+04 3.381455762296081957e+01
4.370000000000000000e+04 3.379955502735825945e+01
4.390000000000000000e+04 3.378893601238517874e+01
4.410000000000000000e+04 3.375954577272565871e+01
4.430000000000000000e+04 3.375781594663335028e+01
4.450000000000000000e+04 3.374519262471149972e+01
4.470000000000000000e+04 3.372182060174363016e+01
4.490000000000000000e+04 3.372970725810979076e+01
4.510000000000000000e+04 3.371342305903529279e+01
4.530000000000000000e+04 3.369585056405287560e+01
4.550000000000000000e+04 3.369943936075567592e+01
4.570000000000000000e+04 3.369187640170347464e+01
4.590000000000000000e+04 3.367002684973085991e+01
4.610000000000000000e+04 3.367874127044552068e+01
4.630000000000000000e+04 3.366607558765267072e+01
4.650000000000000000e+04 3.365883757081951444e+01
4.670000000000000000e+04 3.365642354592474561e+01
4.690000000000000000e+04 3.365023937345888783e+01
4.710000000000000000e+04 3.363983305497689713e+01
4.730000000000000000e+04 3.364442056829316385e+01
4.750000000000000000e+04 3.363386358934112508e+01
4.770000000000000000e+04 3.362815237175897920e+01
4.790000000000000000e+04 3.362183727119492005e+01
4.810000000000000000e+04 3.361002707364207254e+01
4.830000000000000000e+04 3.361598914110187764e+01
4.850000000000000000e+04 3.360618975190099889e+01
4.870000000000000000e+04 3.359573263871498483e+01
4.890000000000000000e+04 3.359250486655290047e+01
4.910000000000000000e+04 3.358485277718394713e+01
4.930000000000000000e+04 3.357893031694919728e+01
4.950000000000000000e+04 3.357065523911604998e+01
4.970000000000000000e+04 3.357056779794879731e+01
4.990000000000000000e+04 3.356253120962949765e+01
5.010000000000000000e+04 3.355950927840030573e+01
5.030000000000000000e+04 3.355361468272594294e+01
5.050000000000000000e+04 3.354184015569013155e+01
5.070000000000000000e+04 3.353904534620519939e+01
5.090000000000000000e+04 3.353425048453748047e+01
5.110000000000000000e+04 3.352548817927388569e+01
5.130000000000000000e+04 3.351830073390372888e+01
5.150000000000000000e+04 3.351375516432518253e+01
5.170000000000000000e+04 3.351566715658334772e+01
5.190000000000000000e+04 3.350571787833573012e+01
5.210000000000000000e+04 3.350021372552655663e+01
5.230000000000000000e+04 3.349362148373532477e+01
5.250000000000000000e+04 3.349116486729692355e+01
5.270000000000000000e+04 3.349254062383059249e+01
5.290000000000000000e+04 3.347809023655484850e+01
5.310000000000000000e+04 3.347090803697599881e+01
5.330000000000000000e+04 3.346981964504510643e+01
5.350000000000000000e+04 3.346407064000860032e+01
5.370000000000000000e+04 3.345916917087283338e+01
5.390000000000000000e+04 3.345487395810773990e+01
5.410000000000000000e+04 3.344989920532937333e+01
5.430000000000000000e+04 3.344124771812070662e+01
5.450000000000000000e+04 3.344122657398239795e+01
5.470000000000000000e+04 3.343150250226000253e+01
5.490000000000000000e+04 3.342923725015873515e+01
5.510000000000000000e+04 3.342049841076948269e+01
5.530000000000000000e+04 3.342662353488180571e+01
5.550000000000000000e+04 3.341149494374860751e+01
5.570000000000000000e+04 3.341275459282903171e+01
5.590000000000000000e+04 3.340412159077441601e+01
5.610000000000000000e+04 3.340347436356357491e+01
5.630000000000000000e+04 3.339260823532710987e+01
5.650000000000000000e+04 3.339243880390808528e+01
5.670000000000000000e+04 3.338636461523920218e+01
5.690000000000000000e+04 3.337690987105721518e+01
5.710000000000000000e+04 3.337711353497169853e+01
5.730000000000000000e+04 3.337217179853303861e+01
5.750000000000000000e+04 3.336651544861561547e+01
5.770000000000000000e+04 3.336076781164796756e+01
5.790000000000000000e+04 3.335869836063073990e+01
5.810000000000000000e+04 3.335189170950611270e+01
5.830000000000000000e+04 3.334729215416813020e+01
5.850000000000000000e+04 3.334243312799362968e+01
5.870000000000000000e+04 3.333480306379346558e+01
5.890000000000000000e+04 3.333087715539991791e+01
5.910000000000000000e+04 3.332306652374909106e+01
5.930000000000000000e+04 3.332226783815598736e+01
5.950000000000000000e+04 3.331551535721696666e+01
5.970000000000000000e+04 3.331301294302524951e+01
5.990000000000000000e+04 3.330790471688816012e+01
6.010000000000000000e+04 3.330304725192038262e+01
6.030000000000000000e+04 3.329780994350609546e+01
6.050000000000000000e+04 3.329052271992621570e+01
6.070000000000000000e+04 3.328625635483044221e+01
6.090000000000000000e+04 3.328079528424753164e+01
6.110000000000000000e+04 3.327502060608506440e+01
6.130000000000000000e+04 3.327132697437771469e+01
6.150000000000000000e+04 3.326718699342071517e+01
6.170000000000000000e+04 3.326411520980734338e+01
6.190000000000000000e+04 3.325815522056809215e+01
6.210000000000000000e+04 3.325446529301235188e+01
6.230000000000000000e+04 3.324783541866763414e+01
6.250000000000000000e+04 3.324123008662820666e+01
6.270000000000000000e+04 3.323668887742076095e+01
6.290000000000000000e+04 3.323190760047275205e+01
6.310000000000000000e+04 3.322703935201676728e+01
6.330000000000000000e+04 3.322370445339642231e+01
6.350000000000000000e+04 3.321770378557104664e+01
6.370000000000000000e+04 3.321497423930069459e+01
6.390000000000000000e+04 3.320714593526731306e+01
6.420000000000000000e+04 3.320125063030319268e+01
6.460000000000000000e+04 3.319052476961439879e+01
6.500000000000000000e+04 3.318122114711678705e+01
6.540000000000000000e+04 3.317097702798459125e+01
6.580000000000000000e+04 3.316202643735789479e+01
6.620000000000000000e+04 3.315163374650076378e+01
6.660000000000000000e+04 3.314212621163503769e+01
6.700000000000000000e+04 3.313281324527668659e+01
6.740000000000000000e+04 3.312258751709123317e+01
6.780000000000000000e+04 3.311302569371724047e+01
6.820000000000000000e+04 3.310332286164303639e+01
6.860000000000000000e+04 3.309425544335734060e+01
6.900000000000000000e+04 3.308409288703916218e+01
6.940000000000000000e+04 3.307475568537543609e+01
6.980000000000000000e+04 3.306519586322148996e+01
7.020000000000000000e+04 3.305558832788465651e+01
7.060000000000000000e+04 3.304651437696654881e+01
7.100000000000000000e+04 3.303696127238594471e+01
7.140000000000000000e+04 3.302773893683458084e+01
7.180000000000000000e+04 3.301815777669420982e+01
7.220000000000000000e+04 3.300901097655244598e+01
7.260000000000000000e+04 3.299961824395909105e+01
7.300000000000000000e+04 3.299046209538673224e+01
7.340000000000000000e+04 3.298117154824001318e+01
7.380000000000000000e+04 3.297213080966829324e+01
7.420000000000000000e+04 3.296278800952575949e+01
7.460000000000000000e+04 3.295176680673671399e+01
7.500000000000000000e+04 3.294272175055951379e+01
7.540000000000000000e+04 3.293547651784390951e+01
7.580000000000000000e+04 3.292691843055971646e+01
7.620000000000000000e+04 3.291795700032514560e+01
7.660000000000000000e+04 3.290915885444563571e+01
7.700000000000000000e+04 3.290023253644292112e+01
7.740000000000000000e+04 3.289151449120507209e+01
7.780000000000000000e+04 3.288264515900513629e+01
7.820000000000000000e+04 3.287398814154516913e+01
7.860000000000000000e+04 3.286537209769500834e+01
7.900000000000000000e+04 3.285665425620690883e+01
7.940000000000000000e+04 3.284814152220700123e+01
7.980000000000000000e+04 3.283951172484024283e+01
8.020000000000000000e+04 3.283095318342370916e+01
8.060000000000000000e+04 3.282245674056358098e+01
8.100000000000000000e+04 3.281421690446870798e+01
8.140000000000000000e+04 3.280567321499315625e+01
8.180000000000000000e+04 3.279721920467940066e+01
8.220000000000000000e+04 3.278903641724292584e+01
8.260000000000000000e+04 3.278076048249429419e+01
8.300000000000000000e+04 3.277236268683526532e+01
8.340000000000000000e+04 3.276425394654133783e+01
8.380000000000000000e+04 3.275606246359225793e+01
8.420000000000000000e+04 3.274796752402394162e+01
8.460000000000000000e+04 3.273978081575283738e+01
8.500000000000000000e+04 3.273192946215164767e+01
8.540000000000000000e+04 3.272398112384740898e+01
8.580000000000000000e+04 3.271592380861751082e+01
8.620000000000000000e+04 3.270801388366793816e+01
8.660000000000000000e+04 3.270024282469619692e+01
8.700000000000000000e+04 3.269238210314468773e+01
8.740000000000000000e+04 3.268441754501866825e+01
8.780000000000000000e+04 3.267660893050585003e+01
8.820000000000000000e+04 3.266871198778243723e+01
8.860000000000000000e+04 3.266122190526641589e+01
8.900000000000000000e+04 3.265337743194810116e+01
8.940000000000000000e+04 3.264598194369091999e+01
8.980000000000000000e+04 3.263822873906006805e+01
9.020000000000000000e+04 3.263066669382855878e+01
9.060000000000000000e+04 3.262301111368303452e+01
9.100000000000000000e+04 3.261527182618554832e+01
9.140000000000000000e+04 3.260802354016114890e+01
9.180000000000000000e+04 3.260069323805200270e+01
9.220000000000000000e+04 3.259327939185676826e+01
9.260000000000000000e+04 3.258579066449237871e+01
9.300000000000000000e+04 3.257851948995480740e+01
9.340000000000000000e+04 3.257109318705587953e+01
9.380000000000000000e+04 3.256377297233293433e+01
9.420000000000000000e+04 3.255649216576341587e+01
9.460000000000000000e+04 3.254927764933058398e+01
9.500000000000000000e+04 3.254196053058686289e+01
9.540000000000000000e+04 3.253492517808230389e+01
9.580000000000000000e+04 3.252772526879600434e+01
9.620000000000000000e+04 3.252054670194580410e+01
9.660000000000000000e+04 3.251350257897025386e+01
9.700000000000000000e+04 3.250645551945572720e+01
9.740000000000000000e+04 3.249911083225620700e+01
9.780000000000000000e+04 3.249235907959243974e+01
9.820000000000000000e+04 3.248531396378720615e+01
9.860000000000000000e+04 3.247851741533132497e+01
9.900000000000000000e+04 3.247147687032397556e+01
9.940000000000000000e+04 3.246461264774850264e+01
9.980000000000000000e+04 3.245778097782292093e+01
1.002000000000000000e+05 3.245089759274940633e+01
2.000000000000000000e+05 3.126120926698814628e+01
4.000000000000000000e+05 3.005825765122123983e+01
6.000000000000000000e+05 2.935115711600483479e+01
8.000000000000000000e+05 2.884810047099197661e+01
1.000000000000000000e+06 2.845726566630153798e+01
1.200000000000000000e+06 -inf
1.400000000000000000e+06 -inf
1.600000000000000000e+06 -inf
