-2.293190741061235993e+00
-2.293352396265461834e+00
-2.294127600166406822e+00
-2.311599478380998107e+00
-2.118313852421890964e+00
-2.288200873474286468e+00
-2.363765091977508614e+00
-2.421903565677924863e+00
-2.440544292549099659e+00
-2.568071883488717067e+00
-2.512017694788554412e+00
-2.421527497261440232e+00
-2.487391992276552610e+00
-2.545624771172619649e+00
-2.471156693909236868e+00
-2.368719413508673988e+00
-2.393624985770875124e+00
-2.550220351706504740e+00
-2.561761238377803895e+00
-2.546871461457829611e+00
-2.506681505786192865e+00
-2.504616676822658317e+00
-2.516473545742830442e+00
-2.451478096204595225e+00
-2.418363851791550001e+00
-2.391907366562398440e+00
-2.335551187707839205e+00
-2.348938722209366503e+00
-2.401519434315863677e+00
-2.490817277942433794e+00
-2.441794392295104199e+00
-2.441161163884191687e+00
-2.405137957439274832e+00
-2.371723709896304655e+00
-2.366925632983233552e+00
-2.342374853877908780e+00
-2.328699988910371665e+00
-2.248692897882520914e+00
-2.235278605213742775e+00
-2.191790149450790093e+00
-2.188886848645429151e+00
-1.950935798869157800e+00
-1.987885827245545967e+00
-1.577656229878317440e+00
-1.749058833569888227e+00
-1.780057388648544237e+00
-1.862553511546629847e+00
-2.530068728063104011e+00
-2.531133167763181202e+00
-2.479228842648129927e+00
-2.480205376569711184e+00
-2.480787814916592282e+00
-2.481488143100471166e+00
-2.482031360903478312e+00
-2.449784812518744470e+00
-2.375533300209816012e+00
-2.376179100221499141e+00
-2.376833315249518019e+00
-2.377644199440823058e+00
-2.379018204265090475e+00
-2.323156517940801802e+00
-2.323631880678985073e+00
-2.324347661815108879e+00
-2.325286247419976693e+00
-2.069354098101277462e+00
-1.189934716679813986e+00
-1.310651578686159224e+00
-1.449286924512030561e+00
-1.397765034471316614e+00
-1.297715830073477239e+00
-2.252810483574267941e+00
-2.253436914965603499e+00
-2.253844102626468615e+00
-2.254222616191037698e+00
-2.255031374675178668e+00
-2.134310767866237413e+00
-2.134725202487157691e+00
-2.135450596096198250e+00
-2.225745972799359151e+00
-8.713112481315598012e-01
-2.078341207526125611e+00
-2.079121984347296781e+00
-2.079122357840286650e+00
-2.079887012512803057e+00
-2.080318489478729660e+00
-2.020392702660207984e+00
-1.289380105171044733e+00
-4.375806744197658915e-01
-5.709150663471656006e-01
-6.660582941030166459e-01
-8.445675644100812951e-01
-8.239422573125984028e-01
-5.767939392334460180e-01
-2.046993001469194162e+00
-2.047434474031093021e+00
-2.048130422313965138e+00
-2.048527603679641373e+00
-2.049175615993475308e+00
-2.049818174741828702e+00
-2.050440404771314729e+00
-2.050698677942146109e+00
-2.051081363357157628e+00
-2.051674716625033756e+00
-2.052059507491140078e+00
-1.943026209026856410e+00
-1.943424486242824267e+00
-1.943805319142242638e+00
-1.944113954117500320e+00
-1.944370204913262512e+00
-1.944728580940298546e+00
-1.945097086805413378e+00
-1.945745608242551494e+00
-1.946027685248663541e+00
-1.946211290314175724e+00
-1.946829682343429235e+00
-1.947037706975809357e+00
-1.947276143466640796e+00
-1.947922291437335085e+00
-1.948186084525422190e+00
-1.948819704733836256e+00
-1.828304254038287890e+00
-1.828514587023960747e+00
-1.828795612845547813e+00
-1.829100973726246693e+00
-1.829434268266333818e+00
-1.953371399482291659e+00
-1.833853438369814182e+00
-1.480683137049190412e+00
-1.744875819764228675e+00
-1.744875961193746328e+00
-1.744876248047817269e+00
-1.745774142431418818e+00
-1.745774549895324546e+00
-1.745503617864647472e+00
-1.746356253795188662e+00
-1.746313358214578448e+00
-1.746312975476316698e+00
-1.747252077577071683e+00
-1.747250569208296689e+00
-1.746780590992360604e+00
-1.747190024501918293e+00
-1.732759471426123854e+00
-1.576198152346302894e+00
-1.389268239516331382e+00
-8.607858309418983112e-01
-3.743990115817119602e-01
1.875375564714611976e-01
6.827206717924112489e-01
7.227882340384039761e-01
8.345565343765758426e-01
8.688663490453957250e-01
8.757343750542836425e-01
7.649261336892679841e-01
3.658023343203580247e-01
-1.760281151856170734e+00
-1.763457432966841543e+00
-1.763457432966841543e+00
-1.764180247555781733e+00
-1.764091394267243817e+00
-1.764091394267243817e+00
-1.764879125715497432e+00
-1.764879125715497432e+00
-1.765610461705019674e+00
-1.765610461705019674e+00
-1.720147796535256957e+00
-1.721139445882595043e+00
-1.721139445882595043e+00
-1.722110160260543754e+00
-1.722110160260543754e+00
-1.722110160260543754e+00
-1.590468409181159615e+00
-1.590260108783827064e+00
-1.590972927216248944e+00
-1.590972927216248944e+00
-1.590972927216248944e+00
-1.591236039283038917e+00
-1.591115107083205693e+00
-1.591739103729999494e+00
-1.591739103729999494e+00
-1.592388997434528441e+00
-1.592387188931792652e+00
-1.592859455969717120e+00
-1.592859455969717120e+00
-1.592859455969717120e+00
-1.561943437236971377e+00
-1.561883486153307077e+00
-1.562341329166122783e+00
-1.562341329166122783e+00
-1.562765053106809132e+00
-1.562765053106809132e+00
-1.563314698416996107e+00
-1.563218783461082007e+00
-1.563759693066686385e+00
-1.563759693066686385e+00
-1.564261045724058885e+00
-1.564261045724058885e+00
-1.564491116600982945e+00
-1.564302217593770417e+00
-1.564786266772147494e+00
-1.564786266772147494e+00
-1.565174245730816205e+00
-1.565593442740222718e+00
-1.565593442740222718e+00
-1.566065608871785697e+00
-1.566065608871785697e+00
-1.566524943196499819e+00
-1.566428611580172436e+00
-1.566928303070216355e+00
-1.567374274363247499e+00
-1.567374274363247499e+00
-1.567818517899466801e+00
-1.567720764100126063e+00
-1.568079920892256895e+00
-1.568518952292222490e+00
-1.568518952292222490e+00
-1.568834805639649721e+00
-1.423685338788205801e+00
-1.423684407647240135e+00
-1.423868510098425411e+00
-1.424060103441885605e+00
-1.424156968585682526e+00
-1.424312815481774130e+00
-1.424489950602302324e+00
-1.424295109463146858e+00
-1.424475123675452037e+00
-1.424790450863828495e+00
-1.424972969429799674e+00
-1.424972969429799674e+00
-1.425138575534632857e+00
-1.425463854851552803e+00
-1.425640415839157571e+00
-1.425815532353400306e+00
-1.425815532353400306e+00
-1.426148371230715695e+00
-1.426321098531504461e+00
-1.426511697891306829e+00
-1.426515734698167170e+00
-1.426732785873185305e+00
-1.427099545825115001e+00
-1.427413518230798539e+00
-1.427722891009268524e+00
-1.428284529623986332e+00
-1.580677706608712318e+00
-1.433401318027123672e+00
-1.434294988965407747e+00
-1.346700567101999590e+00
-1.200782168946909589e+00
-8.134346211380094616e-01
-9.395922617890761774e-01
-1.326339813163139425e+00
-1.327260614935565908e+00
-1.327241530251687340e+00
-1.327237724410743169e+00
-1.327237724410743169e+00
-1.328217649282668944e+00
-1.327515888122093424e+00
-1.327687304232220589e+00
-1.327688359912267746e+00
-1.328645363672940727e+00
-1.328640229418001528e+00
-1.328627526686308569e+00
-1.328627526686308569e+00
-1.329500622582876268e+00
-1.329501637014662174e+00
-1.329444195463636014e+00
-1.330398121068430806e+00
-1.330398473287516481e+00
-1.330586302381646657e+00
-1.330587368926385849e+00
-1.331474079996677329e+00
-1.331474351363469921e+00
-1.331474001677989571e+00
-1.331474063656371110e+00
-1.332334836732101735e+00
-1.331236435838683230e+00
-1.331236435838683230e+00
-1.332111666596975441e+00
-1.332271564529954100e+00
-1.332268251412213944e+00
-1.332264364618894525e+00
-1.333135125620872996e+00
-1.332769995557634868e+00
-1.332756697417082359e+00
-1.333547515047058374e+00
-1.333527557883975811e+00
-1.333522725047345370e+00
-1.332064089191389300e+00
-1.332849926073694791e+00
-1.332972688728430777e+00
-1.321847585371717093e+00
-1.206715489070013358e+00
-1.206405510339231268e+00
-1.205344154948534197e+00
-1.140880123236926780e+00
-1.140545097327941626e+00
-1.139613897985790603e+00
-1.042061280345177643e+00
-1.039370178625512287e+00
-1.037784772197201999e+00
-1.037117432129497141e+00
-8.507434816309349390e-01
-1.032750258706530477e+00
-1.032750258706530477e+00
-1.034047332349042447e+00
-1.034047332349042447e+00
-8.268002059471979415e-01
-8.267502983427388319e-01
-8.277985042857227693e-01
-1.024574121693001105e+00
-1.133824488499000083e+00
-1.212528961308507736e+00
-1.213164433523464147e+00
-1.214636360030089124e+00
-1.214657727790622532e+00
-1.215839526121262004e+00
-1.215837765031271722e+00
-1.215837765031271722e+00
-1.216860718483370851e+00
-1.216860718483370851e+00
-1.216860718483370851e+00
-1.217401454915499448e+00
-1.217401454915499448e+00
-1.217921379977885410e+00
-1.217727185393718825e+00
-1.217255374123225709e+00
-1.217806253962843810e+00
-1.218165374876412299e+00
-1.218165374876412299e+00
-1.114564275783628933e+00
-1.114129824653638856e+00
-1.114483385419789307e+00
-1.114483385419789307e+00
-1.114483385419789307e+00
-1.114855304489043686e+00
-1.114855304489043686e+00
-1.115773036057350343e+00
-1.115773036057350343e+00
-1.115773036057350343e+00
-1.116103935735794916e+00
-1.116103935735794916e+00
-1.116465072064229735e+00
-1.116465072064229735e+00
-1.116787291840853680e+00
-1.116787291840853680e+00
-1.117687297495865373e+00
-1.117687297495865373e+00
-1.117687297495865373e+00
-1.117518037531800790e+00
-1.117064636394968113e+00
-1.117378257233113903e+00
-1.117378257233113903e+00
-1.117711897134316068e+00
-1.117711897134316068e+00
-1.118593581017508498e+00
-1.118593581017508498e+00
-1.287865570533078596e+00
-1.287675950761093979e+00
-1.288256972653324617e+00
-1.288256972653324617e+00
-1.288795819274885623e+00
-1.288795819274885623e+00
-1.289605397508527318e+00
-1.289605397508527318e+00
-1.290213658802958463e+00
-1.290812502545567231e+00
-1.290292179771300507e+00
-1.290993501225305318e+00
-1.290993501225305318e+00
-1.291674113793500833e+00
-1.292071946211863276e+00
-1.292656197784066041e+00
-1.293290595422528444e+00
-1.293560328687515915e+00
-1.294490719036652138e+00
-1.295178554362559131e+00
-1.124430083690895366e+00
-1.125717462747992226e+00
-1.237515036584016626e+00
-1.134456016231502273e+00
-1.135826264622685322e+00
-1.316769040985611650e+00
-1.317970195745123085e+00
-1.318789264162542274e+00
-9.291273872210032980e-01
-9.291826629389601244e-01
-6.363311662302539862e-01
3.263346270460897314e-01
1.353878663615175393e+00
-7.585361188844410574e-01
-9.069344118437251412e-01
-9.072365032182876377e-01
-9.072250922778097859e-01
-9.072563009487799590e-01
-9.072562339773861950e-01
-9.072239757173501395e-01
-9.101457923086226920e-01
-9.087576569982114272e-01
-9.087589272696796616e-01
-9.087574717503259514e-01
-9.076290719123029094e-01
-9.076295221656078827e-01
-9.076310378693319691e-01
-9.075949180161488883e-01
-9.107514742232397653e-01
-9.107507570649042705e-01
-9.107518369650297041e-01
-9.107540554406908795e-01
-9.107540554406908795e-01
-9.107532085117497900e-01
-9.106631412415813198e-01
-9.134364865384552168e-01
-9.134364865384552168e-01
-9.134369498599528292e-01
-9.134386462733605772e-01
-9.134407612652986064e-01
-9.134407612652986064e-01
-9.123815153318847182e-01
-9.123815564153939794e-01
-9.151339180175350752e-01
-9.137246513241250589e-01
-9.131486973512842331e-01
-9.131462096074907109e-01
-9.131458086519079753e-01
-9.131440247954725198e-01
-9.131402675676448810e-01
-9.131371492874643669e-01
-9.155946867351846263e-01
-9.154251303742402257e-01
-9.153923378948326528e-01
-9.153733204506289134e-01
-9.139727061509564932e-01
-9.138983552563980650e-01
-9.127862539653347485e-01
-9.156519855774545302e-01
-9.156519855774545302e-01
-9.154819364129269665e-01
-9.154819364129269665e-01
-9.154819364129269665e-01
-9.154819364129269665e-01
-9.154688762049929540e-01
-9.182206860185740949e-01
-9.182025305770685764e-01
-9.170073468511361625e-01
-9.169916303588923068e-01
-9.169766333052145058e-01
-9.169552138456229518e-01
-9.169332589688767854e-01
-9.196010884659782114e-01
-9.131953874137006544e-01
-9.131511195047977703e-01
-9.130225929590940481e-01
-9.129634911410798859e-01
-9.123784130270078396e-01
-9.122780858680379357e-01
-9.147812827521397683e-01
-9.147390090812484997e-01
-9.146559064382761006e-01
-9.146544386988710862e-01
-9.144120190319741104e-01
-9.144120190319741104e-01
-9.144120190319741104e-01
-9.171303834108488484e-01
-9.168755147293148333e-01
-9.168755147293148333e-01
-9.158289640524676090e-01
-9.144609460137320678e-01
-9.141698885595193058e-01
-9.141698885595193058e-01
-9.169167807451148455e-01
-9.166778141310210071e-01
-9.166778141310210071e-01
-9.165750701513663001e-01
-9.165750701513663001e-01
-9.228176198940437613e-01
-9.228176198940437613e-01
-3.967641421138905500e-01
-3.967641421138905500e-01
-3.967646319247918885e-01
-3.967646319247918885e-01
-3.966874641279385383e-01
-3.962758264993395674e-01
-3.983575764619973758e-01
-3.983575764619973758e-01
-3.983136134694196251e-01
-3.976953490412966641e-01
-3.976366859768598050e-01
-3.976366859768598050e-01
-3.976366859768598050e-01
-3.982729607939460292e-01
-3.982729607939460292e-01
-3.982593246760206540e-01
-3.982593246760206540e-01
-4.006502376640613816e-01
-4.006502376640613816e-01
-4.028396698984737512e-01
-4.024773901705127055e-01
-4.024773901705127055e-01
-4.024385189581868860e-01
-4.024385189581868860e-01
-4.024385189581868860e-01
-4.045223717435506572e-01
-4.045223717435506572e-01
-4.052138723527254349e-01
-4.052138723527254349e-01
-4.052138723527254349e-01
-4.050486383887888509e-01
-4.069670746141618167e-01
-4.069670746141618167e-01
-4.071494766927312714e-01
-4.068166387657885519e-01
-4.055680816062078864e-01
-4.055680816062078864e-01
-4.073848562929980877e-01
-4.073848562929980877e-01
-4.067960073949687949e-01
-4.067960073949687949e-01
-4.067960073949687949e-01
-4.067960073949687949e-01
-4.086695285549706291e-01
-4.086695285549706291e-01
-4.086695285549706291e-01
-4.086570867819530051e-01
-4.086570867819530051e-01
-4.086570867819530051e-01
-4.103158905212704877e-01
-4.103158905212704877e-01
-4.103158905212704877e-01
-4.103158905212704877e-01
-4.103158905212704877e-01
-4.103158905212704877e-01
-4.122233484500112954e-01
-4.108795608713387004e-01
-4.108795608713387004e-01
-4.108795608713387004e-01
-4.108795608713387004e-01
-4.126448849371662231e-01
-4.126448849371662231e-01
-4.126448849371662231e-01
-4.122803562137928868e-01
-4.122803562137928868e-01
-4.122803562137928868e-01
-4.141980606549160449e-01
-4.141980606549160449e-01
-4.141980606549160449e-01
-4.140455550375223837e-01
-4.134255368001036324e-01
-4.963183287320016568e-01
-4.963183287320016568e-01
-4.963183287320016568e-01
-4.963182957630878356e-01
-4.963182957630878356e-01
-4.983651610796631104e-01
-4.966035624480622523e-01
-4.966035624480622523e-01
-4.966035624480622523e-01
-4.966035624480622523e-01
-4.966035624480622523e-01
-4.984758139706375046e-01
-4.984758139706375046e-01
-4.984758139706375046e-01
-4.984758139706375046e-01
-4.984758139706375046e-01
-5.001572120756552220e-01
-5.001572120756552220e-01
-5.001555883339376951e-01
-5.001555883339376951e-01
-4.996275779087266389e-01
-5.015211926265488174e-01
-5.015211926265488174e-01
-5.015211926265488174e-01
-5.015211926265488174e-01
-7.414228589486682175e-02
-7.414228589486682175e-02
-7.414228589486682175e-02
-7.191960185539802985e-02
-7.191960185539802985e-02
-7.321777234491566588e-02
-7.321777234491566588e-02
-7.321777234491566588e-02
-7.321777234491566588e-02
-7.339211558922764667e-02
-7.452289803177980509e-02
-7.452289803177980509e-02
-7.452289803177980509e-02
-7.450959974016413412e-02
-7.450959974016413412e-02
-7.591989210773375518e-02
-7.591989210773375518e-02
-7.591989210773375518e-02
-7.591989210773375518e-02
-7.716649523863505777e-02
-7.716649523863505777e-02
-7.712470252991443509e-02
-7.729264918201184109e-02
-7.729264918201184109e-02
-7.727862075577007772e-02
-7.727862075577007772e-02
-7.727862075577007772e-02
-7.727862075577007772e-02
-7.844139147108819543e-02
-7.844139147108819543e-02
-7.844139147108819543e-02
-7.844139147108819543e-02
-7.913596719371174260e-02
-7.913596719371174260e-02
-7.913596719371174260e-02
-7.930078169837394275e-02
-7.930078169837394275e-02
-8.045512173304047998e-02
-8.045512173304047998e-02
-8.045512173304047998e-02
-8.045512173304047998e-02
-8.191939283266824745e-02
-8.191939283266824745e-02
-8.191939283266824745e-02
-8.191939283266824745e-02
-8.138563179104596479e-02
-8.122320840350694127e-02
1.260935281150051823e-01
1.260935281150051823e-01
1.239770548172492992e-01
1.239770548172492992e-01
1.239770548172492992e-01
1.239770548172492992e-01
1.220882313915963996e-01
1.220882313915963996e-01
1.220882313915963996e-01
1.202243354650280871e-01
1.202243354650280871e-01
1.202243354650280871e-01
1.202243354650280871e-01
9.127285543226495435e-01
9.133949285501133941e-01
9.133949285501133941e-01
9.133949285501133941e-01
9.118909297915684942e-01
9.131480144236246987e-01
9.131480144236246987e-01
9.116938834454487717e-01
9.116938834454487717e-01
9.117407893896488646e-01
9.117407893896488646e-01
9.104327166028363116e-01
9.106832607941297564e-01
9.106832607941297564e-01
9.089167453293651722e-01
9.089167453293651722e-01
9.089167453293651722e-01
9.089296208333144111e-01
9.072999064059666940e-01
9.072999064059666940e-01
9.072999064059666940e-01
9.054912674753520241e-01
9.054912674753520241e-01
9.056697776855803239e-01
9.051364159389889696e-01
9.051364159389889696e-01
9.046058091552656721e-01
9.034745573871912905e-01
9.029348989379792911e-01
9.022992900939384997e-01
9.016738510935835560e-01
9.010390948389506161e-01
8.993131019675626447e-01
8.976055382932803806e-01
8.964690018541897620e-01
8.942544505041412073e-01
8.932277010343674384e-01
9.063565608147139407e-02
8.790853997574744894e-02
8.109763246486878518e-02
6.838098465661890391e-02
-4.311284280858349582e-01
-4.456648609554123008e-01
2.481977045678918081e-02
2.137394796990832457e-02
1.843439298677573834e-02
1.580928566287020942e-02
1.362920712271264989e-02
1.250972805851102709e-02
1.118677805688161886e-02
9.210518909837484003e-03
6.666276164714046715e-03
8.234508098577244528e-01
8.212255995445126855e-01
8.199043910715663186e-01
8.183447026920174228e-01
8.169192672998057958e-01
1.426097116812925059e+00
1.425892279206579349e+00
2.166857949506919123e+00
2.166904507050362749e+00
3.110840265788774150e+00
3.430498377542225530e+00
4.253106614781536621e+00
4.800149945221931169e+00
4.907605824295840691e+00
3.688212629695507339e+00
2.866432840935227766e+00
2.422662522216331382e+00
2.172678905692312590e+00
2.130954030882060035e+00
2.128926125551981130e+00
2.128910450375321339e+00
2.128575544430137967e+00
2.128575544430137967e+00
2.128616552905461923e+00
2.128616552905461923e+00
2.128468852328700311e+00
2.128468852328700311e+00
2.128466932544980317e+00
2.128512473224182244e+00
2.123244597154296809e+00
2.126594461432838035e+00
2.126605408112071771e+00
2.126605408112071771e+00
2.128640761719270635e+00
2.128640761719270635e+00
2.128573775649200250e+00
2.128573775649200250e+00
2.128568579011178130e+00
2.128571288258126692e+00
2.128571288258126692e+00
2.122462863226643570e+00
2.122462863226643570e+00
2.122465475094019727e+00
2.123009002862893624e+00
2.123082152562745684e+00
2.123082152562745684e+00
2.123101690875745184e+00
2.123101690875745184e+00
2.123102823300012876e+00
2.126579690418612945e+00
2.126564007465758355e+00
2.121524190972036816e+00
2.121523188401460480e+00
2.121523188401460480e+00
2.121526927051357703e+00
2.121526927051357703e+00
2.121523227267446465e+00
2.121523227267446465e+00
2.121523604663608342e+00
2.121523918141600795e+00
2.121523918141600795e+00
2.118241015961301876e+00
2.118241015961301876e+00
2.118241015961301876e+00
2.118241015961301876e+00
2.118241015961301876e+00
2.118241015961301876e+00
2.121385945756534941e+00
2.121385945756534941e+00
2.121385945756534941e+00
2.121385945756534941e+00
2.116379206764575915e+00
2.116379206764575915e+00
2.116379206764575915e+00
2.116379206764575915e+00
2.116379206764575915e+00
2.116379206764575915e+00
2.116379206764575915e+00
2.116912642591900706e+00
2.116912642591900706e+00
2.116912642591900706e+00
2.116912642591900706e+00
2.111820281282038358e+00
2.111820281282038358e+00
2.111986644706620009e+00
2.111986644706620009e+00
2.115449259650628910e+00
2.117242060087156652e+00
2.117242060087156652e+00
2.117242060087156652e+00
2.117242060087156652e+00
2.112675943374229259e+00
2.112675943374229259e+00
2.112675943374229259e+00
2.112675943374229259e+00
2.112675943374229259e+00
2.112675943374229259e+00
2.112675943374229259e+00
2.112675943374229259e+00
2.112675943374229259e+00
2.112675943374229259e+00
2.107849453012417218e+00
2.107849453012417218e+00
2.107849453012417218e+00
2.111035648911507412e+00
2.111035648911507412e+00
2.111035648911507412e+00
2.111035648911507412e+00
2.111035648911507412e+00
2.111035648911507412e+00
2.111035648911507412e+00
2.105902214317963317e+00
2.106405375801859936e+00
2.108303419891749186e+00
2.108303419891749186e+00
2.108303419891749186e+00
2.108303419891749186e+00
2.108303419891749186e+00
2.108303419891749186e+00
2.108303419891749186e+00
2.103598551973894004e+00
2.106725289183466465e+00
2.106725289183466465e+00
2.106725289183466465e+00
2.106725289183466465e+00
2.106725289183466465e+00
2.106725289183466465e+00
2.106729975063358573e+00
2.106729975063358573e+00
2.106729975063358573e+00
2.102256230959438366e+00
2.102391785947239189e+00
2.102391785947239189e+00
2.102391785947239189e+00
2.102391785947239189e+00
2.102391785947239189e+00
2.102391785947239189e+00
2.102391785947239189e+00
2.102391785947239189e+00
2.101113101439496589e+00
2.102892197737295632e+00
2.102892197737295632e+00
2.102892197737295632e+00
2.102892197737295632e+00
2.102892197737295632e+00
2.102892197737295632e+00
2.103417643784378122e+00
2.103417643784378122e+00
2.099136309733257821e+00
2.099136309733257821e+00
2.099136309733257821e+00
2.099136309733257821e+00
2.099136309733257821e+00
2.099136309733257821e+00
2.099136309733257821e+00
2.102013027478595308e+00
2.102013027478595308e+00
3.107953710003271475e+00
3.107953710003271475e+00
3.107953710003271475e+00
3.107953710003271475e+00
3.107953710003271475e+00
3.107953710003271475e+00
3.107953710003271475e+00
3.107953710003271475e+00
3.105518974357406314e+00
3.105518974357406314e+00
3.105518974357406314e+00
3.105518974357406314e+00
3.105518974357406314e+00
3.105518974357406314e+00
3.105612281131409969e+00
3.108652417565592518e+00
3.108652417565592518e+00
3.104606345488363672e+00
3.104606345488363672e+00
3.104606345488363672e+00
3.104606345488363672e+00
3.104606345488363672e+00
3.104606345488363672e+00
3.105149523103496012e+00
3.105149523103496012e+00
3.101311908023968389e+00
3.101311908023968389e+00
3.101311908023968389e+00
3.101311908023968389e+00
3.101311908023968389e+00
3.101311908023968389e+00
3.101311908023968389e+00
3.103817001427888300e+00
3.105661271451917838e+00
3.101885893321040033e+00
3.101885893321040033e+00
3.101885893321040033e+00
3.101885893321040033e+00
3.101885893321040033e+00
3.101885893321040033e+00
3.101885893321040033e+00
3.101885893321040033e+00
3.098218723369684735e+00
3.098218723369684735e+00
3.098218723369684735e+00
3.098263090576621082e+00
3.098263090576621082e+00
3.098263090576621082e+00
3.100783192693087997e+00
3.100787529354322558e+00
2.276188865643155701e+00
2.276188865643155701e+00
2.276188865643155701e+00
2.276331076391167052e+00
2.276331076391167052e+00
2.276852414667744018e+00
2.276852414667744018e+00
2.276852414667744018e+00
2.272760555431233342e+00
2.274681596682269991e+00
2.274681596682269991e+00
2.274681596682269991e+00
2.274681596682269991e+00
2.277768786423238545e+00
2.277768786423238545e+00
2.273503921055089805e+00
2.273503921055089805e+00
2.273503921055089805e+00
2.273503921055089805e+00
2.273503921055089805e+00
2.273503921055089805e+00
2.273503921055089805e+00
2.273503921055089805e+00
2.270056960383166178e+00
2.270056960383166178e+00
2.270056960383166178e+00
2.270056960383166178e+00
2.270056960383166178e+00
2.270056960383166178e+00
2.273120073962056065e+00
3.218340866551220092e+00
3.218340866551220092e+00
3.218340866551220092e+00
3.220218931215172997e+00
3.220218931215172997e+00
3.220218931215172997e+00
3.220218931215172997e+00
3.220760363378291302e+00
3.217085559269952544e+00
3.217085559269952544e+00
3.217085559269952544e+00
3.217085559269952544e+00
3.217085559269952544e+00
3.217185826412212180e+00
3.217185826412212180e+00
3.216075996850473739e+00
3.216075996850473739e+00
3.216075996850473739e+00
3.216075996850473739e+00
3.216075996850473739e+00
3.216075996850473739e+00
3.216075996850473739e+00
3.212324876714921729e+00
3.212324876714921729e+00
3.212324876714921729e+00
3.212324876714921729e+00
3.212324876714921729e+00
3.214185846221136789e+00
3.214185846221136789e+00
3.210967012790074904e+00
3.213320076740656894e+00
3.213320076740656894e+00
3.213320076740656894e+00
3.213320076740656894e+00
3.213320076740656894e+00
3.210682622388482788e+00
3.210682622388482788e+00
3.210682622388482788e+00
3.210682622388482788e+00
3.211237250856497916e+00
3.211237250856497916e+00
3.211240053420454821e+00
3.207352767858004938e+00
3.207352767858004938e+00
3.207352767858004938e+00
3.209949984239650167e+00
3.209949984239650167e+00
3.209949984239650167e+00
3.209949984239650167e+00
3.206416138676129624e+00
3.206416138676129624e+00
3.208273197247053510e+00
3.208423863807786436e+00
3.208423863807786436e+00
3.208423863807786436e+00
4.588476116973137842e+00
4.588476116973137842e+00
4.588476116973137842e+00
4.588476116973137842e+00
4.588476116973137842e+00
4.936663559375292998e+00
4.932846926469739657e+00
4.932846926469739657e+00
4.932846926469739657e+00
4.932846926469739657e+00
4.932846926469739657e+00
4.932846926469739657e+00
4.929206180995973519e+00
4.929206180995973519e+00
4.929206180995973519e+00
4.929206180995973519e+00
4.963087484857578779e+00
4.963087484857578779e+00
4.958590258189987665e+00
4.963600416939028648e+00
4.963600416939028648e+00
4.963600416939028648e+00
4.963600416939028648e+00
4.963600416939028648e+00
4.959612549264599934e+00
