2.736383603689373167e+00
2.736426415962833314e+00
2.736440489887288496e+00
2.279807554165453443e+00
2.309782653383399609e+00
2.562719186989108167e+00
2.540215669943241661e+00
2.482985896765825817e+00
2.335214908128112388e+00
2.295709336465792560e+00
2.073034272769726627e+00
1.708871267166192531e+00
1.803667990587480174e+00
1.551825238932230233e+00
1.391523834565002060e+00
1.204419821005261237e+00
1.128437800128628599e+00
1.404543883215108924e+00
1.249130086461952116e+00
1.113018698016311703e+00
6.071830316906157154e-01
9.924918015571149166e-01
8.892441276745275403e-01
8.070304191596938681e-01
6.266738418176022174e-01
-1.406448786974043574e-01
5.918461828237884248e-01
5.330452224502554293e-01
4.864020197548005187e-01
-2.821293791996923317e-01
4.706758708468832264e-01
4.489615606265388026e-01
-5.030762126774979137e-01
2.610011069186688459e-01
2.143309129277306546e-01
1.662193626984366512e-01
-2.524366843533250027e-01
-4.013022568432650372e-02
-4.901663314830844581e-02
-5.558725238668694724e-01
-5.435635575253481289e-01
-4.066914380113754723e-01
-9.306694739525053217e-01
-2.971130081402637568e-01
-1.994260057043595602e-01
3.549319059362278650e-01
3.570240897376624756e-01
2.226179430775657997e-01
2.655444819430831660e-01
2.666765627109879966e-01
2.688685096052643164e-01
2.702270383728260228e-01
2.092903087333786438e-01
6.047042434545610301e-02
6.179416722948239543e-02
6.367188699106765548e-02
6.614715715275557018e-02
-9.506587267535691055e-01
-1.227441351606759712e+00
-1.011164376874696291e+00
-9.550870311144653568e-01
-8.784338360876252638e-01
-7.887150043984991754e-01
-7.971072007987853869e-01
-8.979230581162526148e-01
-9.061403492689275030e-01
-2.002968223659003510e-01
-1.994903467649661588e-01
-2.612670719185931634e-01
-2.588624527302874068e-01
-2.570583831087520643e-01
-4.554564305608971853e-01
-4.536075156871798297e-01
-4.520878164057285931e-01
-4.393840728871684087e-01
-2.563396331291608377e+00
-2.050276642731493570e+00
-1.840795210452913055e+00
-1.715779998858328659e+00
-1.647702862514342614e+00
-1.608876432223580011e+00
-1.568482815212805859e+00
-1.460169728739332040e+00
-1.470414403088288413e+00
-1.478373506807143967e+00
-1.486272040587796939e+00
-1.495230339617167337e+00
-6.208032730771146923e-01
-6.204972686588514641e-01
-6.198772374370595806e-01
-6.187174032518510947e-01
-6.176250207088272992e-01
-6.170113911453258826e-01
-6.159927521739555489e-01
-6.154271237068454914e-01
-6.143560027022747505e-01
-6.138690670468580635e-01
-8.579916545961474572e-01
-8.572368404811321341e-01
-8.570009105417608630e-01
-8.566717456096821781e-01
-8.552391609260981964e-01
-8.547752875574263776e-01
-8.109578352981478000e-01
-8.095212707056507195e-01
-8.091544700104208454e-01
-8.087375954375828346e-01
-8.072979527302076574e-01
-8.059343986875389110e-01
-8.055649644064701853e-01
-8.042140620783537752e-01
-1.085495894370146930e+00
-1.085101102323393407e+00
-1.084384452240431562e+00
-1.083474394930364237e+00
-1.082405785697939216e+00
-7.933655750957430142e-01
-1.070760994412777833e+00
-2.133230026196105467e+00
-3.300424419111940288e+00
-3.300649986480482134e+00
-3.162548387140361239e+00
-2.935346062514011312e+00
-2.813928824705851817e+00
-2.759549387086648320e+00
-2.660781297519267952e+00
-2.636789891800459973e+00
-2.549741326326591118e+00
-2.486363958114138573e+00
-2.493697383061394213e+00
-2.391800317253010899e+00
-2.395140605456865579e+00
-2.420451549023215243e+00
-2.429250844334673420e+00
-2.364139932151011259e+00
-2.372017576148806928e+00
-2.375055479539531778e+00
-2.381752293461673275e+00
-2.393034111769299699e+00
-2.469154718687476713e+00
-2.581975471403400668e+00
-1.297568278289319643e+00
-1.297568278289319643e+00
-1.299020498419419134e+00
-1.611540989787296319e+00
-1.611540989787296319e+00
-1.610552948015075536e+00
-1.610552948015075536e+00
-1.610037048165483764e+00
-1.610037048165483764e+00
-1.608970073333671369e+00
-1.608970073333671369e+00
-1.608970073333671369e+00
-1.608457730696745802e+00
-1.609030842055007238e+00
-1.608022467212669282e+00
-1.608022467212669282e+00
-1.607039740508108494e+00
-1.607604684629365011e+00
-1.606676744501823073e+00
-1.606676744501823073e+00
-1.605718866987391191e+00
-1.606174346846162004e+00
-1.605212057758235167e+00
-1.605782552689837717e+00
-1.604870435166799281e+00
-1.604870435166799281e+00
-1.604354806157421764e+00
-1.604354806157421764e+00
-1.603493104486439114e+00
-1.603493104486439114e+00
-1.602999796260790033e+00
-1.602999796260790033e+00
-1.602091644811729942e+00
-1.601239638547165223e+00
-1.601825156943887496e+00
-1.601549964234427081e+00
-1.601549964234427081e+00
-1.600654761121015790e+00
-1.600654761121015790e+00
-1.600262541524573034e+00
-1.599433785094226623e+00
-1.599433785094226623e+00
-1.598585216833450007e+00
-1.598698319372436449e+00
-1.598698319372436449e+00
-1.597882389360095079e+00
-1.597882389360095079e+00
-1.597497678376271324e+00
-1.596733229725093794e+00
-1.596733229725093794e+00
-1.595933066920482091e+00
-1.595604494959299124e+00
-1.927987466915746628e+00
-1.928562744285895247e+00
-1.928270949248763966e+00
-1.927886565894730397e+00
-1.927629355896575580e+00
-1.927629355896575580e+00
-1.927352593834993577e+00
-1.926972411985593991e+00
-1.926715460742949748e+00
-1.926459403745605981e+00
-1.926459403745605981e+00
-1.926516219140818720e+00
-1.926254120989309371e+00
-1.926009474192621251e+00
-1.925772018464565249e+00
-1.925407018837629991e+00
-1.925156265848648074e+00
-1.924892600579809265e+00
-1.924641730229801118e+00
-1.924386245461614520e+00
-1.924543076228473870e+00
-1.924277548661536663e+00
-1.923749014051151285e+00
-1.923271516912143930e+00
-1.922191619018779551e+00
-1.550429211637828431e+00
-1.915397431944648732e+00
-1.914323702650340797e+00
-2.274607790376891980e+00
-2.569374636957551861e+00
-2.905245552312108792e+00
-3.666707249823791148e+00
-3.867825075443072969e+00
-3.795104942095115508e+00
-3.783965129850429321e+00
-3.778106505720832065e+00
-3.776934900949112439e+00
-3.787854811475049210e+00
-3.787682579983703057e+00
-3.756541553691873148e+00
-3.775892341482127268e+00
-3.749657049093452876e+00
-3.723208758552746467e+00
-3.621364207235306498e+00
-3.571305535324131863e+00
-3.534641313060404411e+00
-3.476153192526674651e+00
-3.449806853459037370e+00
-3.458026141893047356e+00
-3.428547397011467268e+00
-3.401111293859549356e+00
-3.371694776520343328e+00
-3.340589888649561523e+00
-3.346544075478505853e+00
-3.312249829231463938e+00
-3.281232396500108450e+00
-3.287953212347281440e+00
-3.258801071368838009e+00
-3.262011687500230739e+00
-3.237321632117306613e+00
-3.241783973991288370e+00
-3.246190391767959760e+00
-3.249685043275507557e+00
-3.223030877343197709e+00
-3.586386655872142448e+00
-3.589171621176776128e+00
-3.596674774818698683e+00
-3.599762415434886620e+00
-3.604223732049041562e+00
-3.610871076308534100e+00
-3.611660974876887753e+00
-3.617081822493902088e+00
-3.622859176898276079e+00
-3.623640340369949975e+00
-3.628718916622257762e+00
-3.633443304347692138e+00
-3.635863852040155386e+00
-3.677710719521118055e+00
-3.677583916479280735e+00
-3.717271227599925787e+00
-3.758016541255848608e+00
-3.800938749244940240e+00
-3.844033206725615770e+00
-4.401042156809745087e+00
-2.472966010215780219e+00
-2.472966010215780219e+00
-2.472572787724599319e+00
-2.472572787724599319e+00
-2.471969095304800135e+00
-2.472586132321513031e+00
-2.471979645561044325e+00
-2.471979645561044325e+00
-2.471979645561044325e+00
-2.471354321974565948e+00
-2.471354321974565948e+00
-2.470770147413168694e+00
-2.470770147413168694e+00
-2.470824220258736936e+00
-2.470824220258736936e+00
-2.470197956462425903e+00
-2.470197956462425903e+00
-2.470436164717953353e+00
-2.469875438841609760e+00
-2.469875438841609760e+00
-2.469329199591714818e+00
-2.469925353936605728e+00
-2.469330914424162859e+00
-2.469330914424162859e+00
-2.468783071941168306e+00
-2.468783071941168306e+00
-2.468243077858491841e+00
-2.468243077858491841e+00
-2.467674202670030681e+00
-2.468279076220568857e+00
-2.467759376686519790e+00
-2.467759376686519790e+00
-2.467222165565593262e+00
-2.467472524730254690e+00
-2.466919592923192184e+00
-2.487499306860562420e+00
-2.488055226166898670e+00
-2.487524906222737364e+00
-2.487524906222737364e+00
-2.487002753514216735e+00
-2.486493632789795516e+00
-2.486493632789795516e+00
-2.485969185207230314e+00
-2.486492061469079751e+00
-2.485951349070020466e+00
-2.931209688090858911e+00
-2.931209688090858911e+00
-2.931191032579957501e+00
-2.931333722772556882e+00
-2.484138307676243773e+00
-2.483639192828613673e+00
-2.483601857518809020e+00
-2.482913964876444890e+00
-2.481700970397172412e+00
-2.479884167801720274e+00
-2.021755756182205044e+00
-2.468296144047919416e+00
-2.466869065505437497e+00
-2.466006677283107962e+00
-2.464855797648503710e+00
-2.930392682830025297e+00
-2.930352637326797183e+00
-2.930304746573009655e+00
-3.147316405695966601e+00
-3.350402685410909243e+00
-3.660798229560774608e+00
-3.962393934871316414e+00
-4.321117196615253064e+00
-4.597353793465403626e+00
-4.745438186239873346e+00
-4.699585551574620546e+00
-4.668672040559093794e+00
-4.651705737717950484e+00
-4.642809475678943087e+00
-4.634964227075803578e+00
-4.629855510839719912e+00
-4.624136025595143806e+00
-4.621267089807547634e+00
-4.617292266283064883e+00
-4.621263051153857937e+00
-4.621263051153857937e+00
-4.576928900369962250e+00
-4.576928900369962250e+00
-4.576928900369962250e+00
-4.610873393863394121e+00
-4.607794993697881480e+00
-4.587212662035713429e+00
-4.587212662035713429e+00
-4.617327574047506822e+00
-4.617327574047506822e+00
-4.588766311809720833e+00
-4.585505958896123779e+00
-4.546799021180147449e+00
-4.546799021180147449e+00
-4.492463816715698499e+00
-4.503278005194358613e+00
-4.450953529242504203e+00
-4.459906785793690709e+00
-4.413342469464705431e+00
-4.421037590326261757e+00
-4.394777511668197079e+00
-4.394777511668197079e+00
-4.378466486682896175e+00
-4.378466486682896175e+00
-4.378852384701845679e+00
-4.381975701212550867e+00
-4.348848150767048004e+00
-4.354088255999521984e+00
-4.359706024049248896e+00
-4.327794635399548895e+00
-4.329341074308350912e+00
-4.331851307396550332e+00
-4.338515934252655804e+00
-4.340630890397447317e+00
-4.308828415478324736e+00
-4.314292932275255232e+00
-4.315000308738953905e+00
-4.316999881642321846e+00
-4.322790170785430597e+00
-4.327576081083456039e+00
-4.331313424740869777e+00
-4.335475566273037096e+00
-4.335814481954493260e+00
-4.335814481954493260e+00
-4.307458037565215392e+00
-4.310868752876053200e+00
-4.317523289262594766e+00
-4.319073200263582102e+00
-4.320650479564272395e+00
-4.320650479564272395e+00
-4.328744317361629790e+00
-4.331870886066439219e+00
-4.335811572568935901e+00
-4.341425980520122963e+00
-4.339751230645263469e+00
-4.343548893781145281e+00
-4.350872602410833956e+00
-4.351949155973802164e+00
-4.353507031259009175e+00
-4.359183629742013011e+00
-4.359591126060523791e+00
-4.363457305932246122e+00
-4.366719877395462746e+00
-4.370759712750286852e+00
-4.376080976750436058e+00
-4.375890199924413082e+00
-4.378678867600545033e+00
-4.380981269734547823e+00
-4.420646469055812489e+00
-4.425607102390767267e+00
-4.425454233939838389e+00
-4.464709071035884769e+00
-4.473190144904608090e+00
-4.473190144904608090e+00
-4.512655577176445831e+00
-4.548928602697247747e+00
-4.545802347950931299e+00
-4.592500808522668621e+00
-4.592500808522668621e+00
-4.627142501527545804e+00
-4.937463220258241137e+00
-5.297057413264937509e+00
-3.189056261747240661e+00
-3.189056261747240661e+00
-3.189056261747240661e+00
-3.189056261747240661e+00
-3.188822091194517316e+00
-3.188822091194517316e+00
-3.188822091194517316e+00
-3.188822091194517316e+00
-3.188822091194517316e+00
-3.188822091194517316e+00
-3.188582615402193454e+00
-3.188903998915008309e+00
-3.188903998915008309e+00
-3.188903998915008309e+00
-3.188903998915008309e+00
-3.188644650233364075e+00
-3.188644650233364075e+00
-3.188644650233364075e+00
-3.188644650233364075e+00
-3.188644650233364075e+00
-3.188414195793498163e+00
-3.188414195793498163e+00
-3.188414195793498163e+00
-3.188414195793498163e+00
-3.188549084581756787e+00
-3.188549084581756787e+00
-3.188549084581756787e+00
-3.188549084581756787e+00
-3.188549084581756787e+00
-3.188323151395375366e+00
-3.188323151395375366e+00
-3.188323151395375366e+00
-3.188323151395375366e+00
-3.188323151395375366e+00
-3.188103314896576723e+00
-3.188103314896576723e+00
-3.188437815712138690e+00
-3.188437815712138690e+00
-3.188199322621888321e+00
-3.188199322621888321e+00
-3.188199322621888321e+00
-3.188199322621888321e+00
-3.188199322621888321e+00
-3.187982525589311056e+00
-3.187982525589311056e+00
-3.187982525589311056e+00
-3.187982525589311056e+00
-3.187982525589311056e+00
-3.188074657499933018e+00
-3.188074657499933018e+00
-3.188074657499933018e+00
-3.188074657499933018e+00
-3.187863110759252994e+00
-3.187863110759252994e+00
-3.187863110759252994e+00
-3.187863110759252994e+00
-3.187661096792546278e+00
-3.187661096792546278e+00
-3.187661096792546278e+00
-3.187661096792546278e+00
-3.188016322331001184e+00
-3.187787880059560486e+00
-3.187787880059560486e+00
-3.187787880059560486e+00
-3.187787880059560486e+00
-3.187587576220343610e+00
-3.187587576220343610e+00
-3.187587576220343610e+00
-3.187587576220343610e+00
-3.187386250531022203e+00
-3.187386250531022203e+00
-3.187386250531022203e+00
-3.187687539906180589e+00
-3.187491983474703083e+00
-3.187491983474703083e+00
-3.187491983474703083e+00
-3.187491983474703083e+00
-3.187297482832460727e+00
-3.187297482832460727e+00
-3.187297482832460727e+00
-3.187297482832460727e+00
-3.187086001275354352e+00
-3.187086001275354352e+00
-3.187401549916573096e+00
-3.451220759533777827e+00
-3.451220759533777827e+00
-3.451220759533777827e+00
-3.451220759533777827e+00
-3.451192481897170428e+00
-3.451192481897170428e+00
-3.451192481897170428e+00
-3.451192481897170428e+00
-3.451164326620689504e+00
-3.451164326620689504e+00
-3.451208190040919721e+00
-3.451179830043038521e+00
-3.451179830043038521e+00
-3.451179830043038521e+00
-3.451179830043038521e+00
-3.451150677006041612e+00
-3.451150677006041612e+00
-3.451150677006041612e+00
-3.451123266099916709e+00
-3.451123266099916709e+00
-3.451123266099916709e+00
-3.451167546286379562e+00
-3.451139345953122106e+00
-3.451139345953122106e+00
-3.451139345953122106e+00
-3.451111777344051390e+00
-3.451111777344051390e+00
-3.451111777344051390e+00
-3.451081910973385902e+00
-3.451081910973385902e+00
-3.451081910973385902e+00
-3.451081910973385902e+00
-3.451096633539338931e+00
-3.451096633539338931e+00
-3.451096633539338931e+00
-3.451068795108841680e+00
-3.451068795108841680e+00
-3.451068795108841680e+00
-3.451037013788829988e+00
-3.451037013788829988e+00
-3.451037013788829988e+00
-3.451008559319604707e+00
-3.451008559319604707e+00
-3.451054682286257780e+00
-3.451023876402620427e+00
-3.451023876402620427e+00
-3.450992019359768292e+00
-3.450992019359768292e+00
-3.450981126912757713e+00
-3.450972177049136391e+00
-3.450946055751559882e+00
-3.450941238343552708e+00
-3.450920966197443374e+00
-3.450949835800943166e+00
-3.450925089552246749e+00
-3.450911715005719582e+00
-3.450885560001130781e+00
-3.450871165667245499e+00
-3.450838111210601244e+00
-3.450818519744589086e+00
-3.450770123861389038e+00
-3.450739773714815772e+00
-3.183366358734737833e+00
-3.182485104264360487e+00
-2.926599302661700985e+00
-3.179822068598718410e+00
-3.179518674255742638e+00
-3.179174867766595636e+00
-3.241695408550885560e+00
-3.241497269200790399e+00
-3.241291466444225389e+00
-3.241190492130067380e+00
-3.240994522643663167e+00
-3.241076377828764343e+00
-3.517252379588516664e+00
-3.517278074744127458e+00
-3.517303907128624285e+00
-3.517321196786467929e+00
-3.517344939899755385e+00
-3.517372782207060400e+00
-3.517388965426660796e+00
-3.517416206068937345e+00
-3.555862372652052183e+00
-3.555842927459638148e+00
-3.555908513813860417e+00
-3.555985145847009310e+00
-3.556019929503924537e+00
-3.997479549645537311e+00
-3.997833734801843342e+00
-4.315775648567043099e+00
-4.317024330532841070e+00
-4.317482273226809220e+00
-4.567524680639648338e+00
-4.725101376758122917e+00
-4.873552686026150660e+00
-4.910949582080820441e+00
-5.015451840566179875e+00
-5.079727923513334353e+00
-5.245438198000001329e+00
-5.282296536627159256e+00
-5.310752479356886546e+00
-5.293548804039940769e+00
-5.398659586674548372e+00
-5.398659586674548372e+00
-5.458944394717343940e+00
-5.516149813489255038e+00
-5.516149813489255038e+00
-5.566036703513637107e+00
-5.566036703513637107e+00
-5.616231080922437613e+00
-5.664292672281010077e+00
-5.661005828106328686e+00
-5.762971418640598920e+00
-5.762971418640598920e+00
-5.811135902564381617e+00
-5.811135902564381617e+00
-5.864369518357658073e+00
-5.864369518357658073e+00
-5.967529181158369944e+00
-5.967529181158369944e+00
-5.964346815271185598e+00
-6.017274724428483879e+00
-6.070976827193740100e+00
-6.070976827193740100e+00
-6.126492217121739081e+00
-6.126492217121739081e+00
-6.249211611079455331e+00
-6.249211611079455331e+00
-6.326751229415135569e+00
-6.390825669480189042e+00
-6.390825669480189042e+00
-6.366026663334440450e+00
-6.366026663334440450e+00
-6.465992262996254958e+00
-6.566804434521778866e+00
-3.488439365023934702e+00
-3.488439365023934702e+00
-3.488439365023934702e+00
-3.488439365023930705e+00
-3.488439365023930705e+00
-3.488439365023930705e+00
-3.488439365023930705e+00
-3.488439365023930705e+00
-3.488439365023930705e+00
-3.488439365023930705e+00
-3.488439365023930705e+00
-3.488439365023930705e+00
-3.488439365023930705e+00
-3.488439365023930705e+00
-3.488439365023930705e+00
-3.488439365023930705e+00
-3.488439365023930705e+00
-3.488439365023930705e+00
-3.488439365023930705e+00
-3.488439365023930705e+00
-3.488439365023934702e+00
-3.488439365023934702e+00
-3.488439365023934702e+00
-3.488439365023934702e+00
-3.488439365023934702e+00
-3.488439365023934702e+00
-3.488439365023934702e+00
-3.488439365023934702e+00
-3.488439365023934702e+00
-3.488439365023937810e+00
-3.488439365023937810e+00
-3.488439365023937810e+00
-3.488439365023937810e+00
-3.488439365023937810e+00
-3.488439365023937810e+00
-3.488439365023937810e+00
-3.488439365023937810e+00
-3.488439365023934258e+00
-3.488439365023934258e+00
-3.488439365023934258e+00
-3.488439365023934258e+00
-3.488439365023934258e+00
-3.488439365023934258e+00
-3.488439365023934258e+00
-3.488439365023934258e+00
-3.488439365023937810e+00
-3.488439365023937810e+00
-3.488439365023937810e+00
-3.488439365023937810e+00
-3.488439365023937810e+00
-3.488439365023937810e+00
-3.488439365023937810e+00
-3.488439365023937810e+00
-3.488439365023938254e+00
-3.488439365023938254e+00
-3.488439365023938254e+00
-3.488439365023938254e+00
-3.488439365023938254e+00
-3.488439365023938254e+00
-3.488439365023938254e+00
-3.488439365023938254e+00
-3.488439365023934258e+00
-3.488439365023934258e+00
-3.488439365023934258e+00
-3.488439365023934258e+00
-3.488439365023934258e+00
-3.488439365023934258e+00
-3.488439365023934258e+00
-3.488439365023934258e+00
-3.488439365023937810e+00
-3.488439365023937810e+00
-3.488439365023937810e+00
-3.488439365023937810e+00
-3.488439365023937810e+00
-3.488439365023937810e+00
-3.488439365023937810e+00
-3.488439365023937810e+00
-3.488439365023937810e+00
-3.488439365023937810e+00
-3.488439365023937810e+00
-3.488439365023937810e+00
-3.488439365023937810e+00
-3.488439365023937810e+00
-3.488439365023937810e+00
-3.488439365023934258e+00
-3.488439365023934258e+00
-3.488439365023934258e+00
-3.488439365023934258e+00
-3.488439365023934258e+00
-3.488439365023934258e+00
-3.488439365023934258e+00
-3.488439365023934258e+00
-3.488439365023931149e+00
-3.488439365023931149e+00
-3.488439365023931149e+00
-3.488439365023931149e+00
-3.488439365023931149e+00
-3.488439365023931149e+00
-3.488439365023931149e+00
-3.488439365023938254e+00
-3.488439365023938254e+00
-3.488439365023938254e+00
-3.488439365023938254e+00
-3.488439365023938254e+00
-3.488439365023938254e+00
-3.488439365023938254e+00
-3.488439365023937810e+00
-3.488439365023937810e+00
-3.488439365023937810e+00
-3.488439365023937810e+00
-3.488439365023937810e+00
-3.488439365023937810e+00
-3.488439365023937810e+00
-3.488439365023937810e+00
-3.488439365023937810e+00
-3.488439365023937810e+00
-3.488439365023937810e+00
-3.488439365023937810e+00
-3.488439365023937810e+00
-3.488439365023937810e+00
-3.488439365023931149e+00
-3.488439365023931149e+00
-3.488439365023931149e+00
-3.488439365023931149e+00
-3.488439365023931149e+00
-3.488439365023931149e+00
-3.488439365023931149e+00
-3.488439365023934258e+00
-3.488439365023934258e+00
-3.488439365023934258e+00
-3.488439365023934258e+00
-3.488439365023934258e+00
-3.488439365023934258e+00
-3.488439365023934258e+00
-3.488439365023930705e+00
-3.488439365023930705e+00
-3.488439365023930705e+00
-3.488439365023930705e+00
-3.488439365023930705e+00
-3.488439365023930705e+00
-4.041726147159526938e+00
-4.041726147159526938e+00
-4.041726147159526938e+00
-4.041726147159526938e+00
-4.041726147159526938e+00
-4.041726147159526938e+00
-4.041726147159526938e+00
-4.041726147159526938e+00
-4.041726147159526938e+00
-4.041726147159526938e+00
-4.041726147159526938e+00
-4.041726147159526938e+00
-4.041726147159526938e+00
-4.041726147159526938e+00
-4.041726147159526938e+00
-4.041726147159526938e+00
-4.041726147159526938e+00
-4.041726147159526938e+00
-4.041726147159526938e+00
-4.041726147159526938e+00
-4.041726147159526938e+00
-4.041726147159526938e+00
-4.041726147159526938e+00
-4.041726147159526938e+00
-4.041726147159526938e+00
-4.041726147159526938e+00
-4.041726147159526938e+00
-4.041726147159526938e+00
-4.041726147159526938e+00
-4.041726147159526938e+00
-4.041726147159526938e+00
-4.041726147159526938e+00
-4.041726147159526938e+00
-4.041726147159526938e+00
-4.041726147159526938e+00
-4.041726147159526938e+00
-4.041726147159526938e+00
-4.041726147159526938e+00
-4.041726147159526938e+00
-4.041726147159526938e+00
-4.041726147159526938e+00
-4.041726147159526938e+00
-4.041726147159526938e+00
-4.041726147159523386e+00
-4.041726147159523386e+00
-4.041726147159523386e+00
-4.041726147159523386e+00
-4.041726147159523386e+00
-4.041726147159523386e+00
-4.041726147159530491e+00
-4.041726147159530491e+00
-4.041726147159530491e+00
-4.041726147159530491e+00
-4.041726147159530491e+00
-4.041726147159530491e+00
-4.041726147159526938e+00
-4.041726147159526938e+00
-4.041726147159526938e+00
-4.041726147159526938e+00
-4.041726147159526938e+00
-4.041726147159526938e+00
-4.041726147159526938e+00
-4.041726147159526938e+00
-4.041726147159526938e+00
-4.041726147159526938e+00
-4.041726147159526938e+00
-4.041726147159530491e+00
-4.041726147159530491e+00
-4.041726147159530491e+00
-4.041726147159530491e+00
-4.041726147159530491e+00
-4.041726147159530491e+00
-4.041726147159530491e+00
-4.041726147159530491e+00
-4.041726147159530491e+00
-4.041726147159530491e+00
-4.041726147159526938e+00
-4.041726147159526938e+00
-4.041726147159526938e+00
-4.041726147159526938e+00
-4.041726147159526938e+00
-4.041726147159526938e+00
-4.041726147159526938e+00
-4.041726147159526938e+00
-4.041726147159526938e+00
-4.041726147159526938e+00
-4.041726147159526938e+00
-4.041726147159526938e+00
-4.041726147159526938e+00
-4.041726147159526938e+00
-4.041726147159526938e+00
-4.041726147159526938e+00
-4.041726147159526938e+00
-4.041726147159526938e+00
-4.041726147159526938e+00
-4.041726147159526938e+00
-4.041726147159530491e+00
-4.041726147159530491e+00
-4.041726147159530491e+00
-4.041726147159530491e+00
-4.041726147159530491e+00
-4.041726147159523386e+00
-4.041726147159523386e+00
-4.041726147159523386e+00
-4.041726147159523386e+00
-4.041726147159526938e+00
-4.041726147159526938e+00
-4.041726147159526938e+00
-4.041726147159530491e+00
-4.041726147159526938e+00
-4.041726147159526938e+00
-4.041726147159526938e+00
-4.041726147159526938e+00
-4.041726147159530491e+00
-4.041726147159526938e+00
-4.041726147159526938e+00
-4.041726147159523386e+00
-4.041726147159523386e+00
-4.041726147159526938e+00
-4.041726147159526938e+00
-4.041726147159526938e+00
-4.041726147159526938e+00
-4.041726147159530491e+00
-4.041726147159526938e+00
-4.041726147159523386e+00
-4.041726147159523386e+00
-4.041726147159530491e+00
-4.041726147159526938e+00
-4.041726147159526938e+00
-4.041726147159526938e+00
-4.041726147159523386e+00
-4.041726147159523386e+00
-3.488439365023937810e+00
-3.488439365023931149e+00
-3.488439365023930705e+00
-3.488439365023930705e+00
-3.488439365023934258e+00
-3.488439365023934258e+00
-3.488439365023934258e+00
-3.488439365023931149e+00
-3.488439365023934702e+00
-3.488439365023934702e+00
-3.488439365023934258e+00
-3.488439365023934258e+00
-3.488439365023934258e+00
-3.488439365023937810e+00
-3.488439365023937810e+00
-3.488439365023934258e+00
-3.488439365023934258e+00
-3.488439365023934258e+00
-3.488439365023934258e+00
-3.488439365023934258e+00
-3.488439365023930705e+00
-3.488439365023930705e+00
-4.041726147159526938e+00
-4.041726147159526938e+00
-4.099921318969102835e+00
-4.099921318969102835e+00
-4.099921318969099282e+00
-4.099921318969099282e+00
-4.099921318969102835e+00
-4.099921318969102835e+00
-4.099921318969107276e+00
-4.099921318969100170e+00
-4.099921318969100170e+00
-4.099921318969102835e+00
-4.099921318969100170e+00
-4.099921318969100170e+00
-4.099921318969103723e+00
-4.099921318969103723e+00
-4.099921318969099282e+00
-4.099921318969103723e+00
-4.099921318969103723e+00
-4.099921318969107276e+00
-4.099921318969102835e+00
-4.099921318969102835e+00
-4.099921318969103723e+00
-4.099921318969103723e+00
-4.099921318969107276e+00
-4.099921318969099282e+00
-4.099921318969099282e+00
-4.099921318969099282e+00
-4.099921318969103723e+00
-4.099921318969103723e+00
-4.099921318969102835e+00
-4.099921318969102835e+00
-4.572229098548966419e+00
-4.572229098548962867e+00
-4.572229098548962867e+00
-4.572229098548962867e+00
-4.572229098548959314e+00
-4.572229098548959314e+00
-4.572229098548962867e+00
-4.572229098548962867e+00
-4.572229098548959314e+00
-4.572229098548955761e+00
-4.572229098548955761e+00
-4.572229098548959314e+00
-4.572229098548955761e+00
-4.572229098548955761e+00
-5.125093220737679367e+00
-5.125093220737679367e+00
