5.328673260021880509e+01
5.334669830395668555e+01
5.341760961080850478e+01
5.330580971817563807e+01
5.278234814909680495e+01
5.235153963545334932e+01
5.197449252575385259e+01
5.161729061425536713e+01
5.126464373482574644e+01
5.095408942237583716e+01
5.067798605324063033e+01
5.040348991510010990e+01
5.015600645580720851e+01
4.991817688805555520e+01
4.974832223331141279e+01
4.956468930266177608e+01
4.942817423185114478e+01
4.935928361832237954e+01
4.920402345189663862e+01
4.914200470888924599e+01
4.898472689919194067e+01
4.890821175748706651e+01
4.882550226337971822e+01
4.876004815364921541e+01
4.862163631578934542e+01
4.852649955771938295e+01
4.846519161393493391e+01
4.840064191446462871e+01
4.833017107993494221e+01
4.828638447968180714e+01
4.823367775792657852e+01
4.818079261846899186e+01
4.808651357965233331e+01
4.806499745497444565e+01
4.801601533786293174e+01
4.796632422726828793e+01
4.785102034916606328e+01
4.776365668351917293e+01
4.772187445877480627e+01
4.778184022872224546e+01
4.742132558806156339e+01
4.742522822467086741e+01
4.744273782109429760e+01
4.743884728540103879e+01
4.743980337586243934e+01
4.742134445548563093e+01
4.742810462301275720e+01
4.732041814421347681e+01
4.737229433219296482e+01
4.737778132660828589e+01
4.738619301163534203e+01
4.739356614314796445e+01
4.735298935032086831e+01
4.723680137195830753e+01
4.724379148104036119e+01
4.725355710967210143e+01
4.726542031650016895e+01
4.683887506112328225e+01
4.684182783718706844e+01
4.684862293205524963e+01
4.685641623822577628e+01
4.686843795367349230e+01
4.689905615756171642e+01
4.690496297179272744e+01
4.682578931374597175e+01
4.683248431984159765e+01
4.679016589996471964e+01
4.679559392038637355e+01
4.675395801229996096e+01
4.676086803006923276e+01
4.676851484204101439e+01
4.660998186242517249e+01
4.661953703523663961e+01
4.662708648201869721e+01
4.669523492452088931e+01
4.608114725620453100e+01
4.608456134156179473e+01
4.608468363847172355e+01
4.608923410631166462e+01
4.609524652582288695e+01
4.610230580475755602e+01
4.611275282111535034e+01
4.615075311691468585e+01
4.615221127199706075e+01
4.615649551866425071e+01
4.616119517584765219e+01
4.616563972035153540e+01
4.611440207766437993e+01
4.611736998018184863e+01
4.612078888874543026e+01
4.612381644866083974e+01
4.612667990834130904e+01
4.613009619922382853e+01
4.613278312945425341e+01
4.613563304242020280e+01
4.613847570505809870e+01
4.614151512374532160e+01
4.594264296602393927e+01
4.594524937590387026e+01
4.594860728734816036e+01
4.595124363704559300e+01
4.595649910893557433e+01
4.595954399405756163e+01
4.600895941741853790e+01
4.601391585535368733e+01
4.601660708761789920e+01
4.601950210138704733e+01
4.602453237526466978e+01
4.602933550772280569e+01
4.603223154781065318e+01
4.603703841815374886e+01
4.580880192587989086e+01
4.581157962531030847e+01
4.581608561666487844e+01
4.582186498053617640e+01
4.582906507984895228e+01
4.608254350366210872e+01
4.591263930711896535e+01
4.516059476304691600e+01
4.510215404207679057e+01
4.510557360446637176e+01
4.510557360446637176e+01
4.510590370187942710e+01
4.510954854938411529e+01
4.510956995533862823e+01
4.510984491995913004e+01
4.511345370767872964e+01
4.511576982560993798e+01
4.511942105417726623e+01
4.512290027066325138e+01
4.513413006701490815e+01
4.513786676647892904e+01
4.514304342712603102e+01
4.514390098945628438e+01
4.517004086010296504e+01
4.517101893678440661e+01
4.517487693600229193e+01
4.517573095372308956e+01
4.517750156234492209e+01
4.515685789847135823e+01
4.513879545514669900e+01
4.513414115607930199e+01
4.513414115607930199e+01
4.513445585020394901e+01
4.486633413476880605e+01
4.486633413476880605e+01
4.486924260004793297e+01
4.486924260004793297e+01
4.487272968718327348e+01
4.487272968718327348e+01
4.487589239130223007e+01
4.487589239130223007e+01
4.487589239130223007e+01
4.487927337913906456e+01
4.487930635478232944e+01
4.488230863705094009e+01
4.488230863705094009e+01
4.488524789381808233e+01
4.488576160425348149e+01
4.488854197625646236e+01
4.488854197625646236e+01
4.489142455677382770e+01
4.489198495883857731e+01
4.489488759590526001e+01
4.489492016254735773e+01
4.489767615646137955e+01
4.489767615646137955e+01
4.490108287284176924e+01
4.490108287284176924e+01
4.490370367052116762e+01
4.490370367052116762e+01
4.490695061563449997e+01
4.490695061563449997e+01
4.490973072665318000e+01
4.491234991234856011e+01
4.491238301567086211e+01
4.491551255533997988e+01
4.491551255533997988e+01
4.491827196270856604e+01
4.491827196270856604e+01
4.492129561389258185e+01
4.492386568125840540e+01
4.492386568125840540e+01
4.492650791866587667e+01
4.492950100079148967e+01
4.492950100079148967e+01
4.493205054143308530e+01
4.493205054143308530e+01
4.493495930000392491e+01
4.493736180436361138e+01
4.493736180436361138e+01
4.493988630433015885e+01
4.494277268878006737e+01
4.466336827695178613e+01
4.466342878437976083e+01
4.466555444108328743e+01
4.466836835738033784e+01
4.467026012113731781e+01
4.467026012113731781e+01
4.467230367565544213e+01
4.467881610368030465e+01
4.468075374274670963e+01
4.468269212897847353e+01
4.468269212897847353e+01
4.468539967606903218e+01
4.468738988602150641e+01
4.468925475653701085e+01
4.469107149147150437e+01
4.469386650907490832e+01
4.469580305603768267e+01
4.469784746638438833e+01
4.469980048309718512e+01
4.470274638205901852e+01
4.470486100066837309e+01
4.470693971746827344e+01
4.471109414106011570e+01
4.471488602041195293e+01
4.472357002228382328e+01
4.506571585784625000e+01
4.478201032805587545e+01
4.479192108394407512e+01
4.450724801189225843e+01
4.429641057018704942e+01
4.412918729755045177e+01
4.410964951778866094e+01
4.410964951778866094e+01
4.411279248101178041e+01
4.411279248101178041e+01
4.411279248101178041e+01
4.411600250042673110e+01
4.411600250042673110e+01
4.411619859852655168e+01
4.411619859852655168e+01
4.411940419624978915e+01
4.411940419624978915e+01
4.411940419624978915e+01
4.412244612449434555e+01
4.412244612449434555e+01
4.412244612449434555e+01
4.412542662200969801e+01
4.412562150963417196e+01
4.412562150990527954e+01
4.412884332675316301e+01
4.412885444941070290e+01
4.412888059545331032e+01
4.413189767475292058e+01
4.413189918347836027e+01
4.413204849176743494e+01
4.413533195523352504e+01
4.413552698262984109e+01
4.413608399375246449e+01
4.413926268990264390e+01
4.414008946161740710e+01
4.414011163457657005e+01
4.414298938264121830e+01
4.414300708743719071e+01
4.414461423356695491e+01
4.378948308961795277e+01
4.378998438169377039e+01
4.379014650840177580e+01
4.379292067011706990e+01
4.379301914784299044e+01
4.379319622852557359e+01
4.379598640792501385e+01
4.379610960452433233e+01
4.379624264633081054e+01
4.379924378790623507e+01
4.379936246133443234e+01
4.380203023791183625e+01
4.380208794073483602e+01
4.379808763078538902e+01
4.380085872537014779e+01
4.379867568764285579e+01
4.379710706269563047e+01
4.379900798384478122e+01
4.379854999727905351e+01
4.380063679811658517e+01
4.380063679811658517e+01
4.380063679811658517e+01
4.380332390812309029e+01
4.380332390812309029e+01
4.380573975887627114e+01
4.380614662348710198e+01
4.380857345624166044e+01
4.380857345624166044e+01
4.380857345624166044e+01
4.381108636813524271e+01
4.381108636813524271e+01
4.381344383502097628e+01
4.381344383502097628e+01
4.381617316260469863e+01
4.381617316260469863e+01
4.381871026330783536e+01
4.381871026330783536e+01
4.381873553441738522e+01
4.382101281570042772e+01
4.382101281570042772e+01
4.382323995678818562e+01
4.382362909894379754e+01
4.382605232083360391e+01
4.382605232083360391e+01
4.382829466845787181e+01
4.382829466845787181e+01
4.383051349274762742e+01
4.383051349274762742e+01
4.383286030980505643e+01
4.383325267406522130e+01
4.383539568879035642e+01
4.383539568879035642e+01
4.383761937080406312e+01
4.383764573092612693e+01
4.383993937378558314e+01
4.382508769370773649e+01
4.382547690151687902e+01
4.382775147810226457e+01
4.382775147810226457e+01
4.382999999138854719e+01
4.383220103099560561e+01
4.383220103099560561e+01
4.383447733901513033e+01
4.383484120586966526e+01
4.383718828497704578e+01
4.346158779748927259e+01
4.346158779748927259e+01
4.346361829299157620e+01
4.346521496145840757e+01
4.384616035306633819e+01
4.384836656722907833e+01
4.385122083408315063e+01
4.385427669098089609e+01
4.385970621279088277e+01
4.386793854771610768e+01
4.428190001529308972e+01
4.392355031533791987e+01
4.393080822263449647e+01
4.393794460959118453e+01
4.394391899905902932e+01
4.355549435052210328e+01
4.356098195716946719e+01
4.356763632109849027e+01
4.339581699174836160e+01
4.324089577258363448e+01
4.301382328540685762e+01
4.289610005420082217e+01
4.288950856501818976e+01
4.288950856501818976e+01
4.288950856501818976e+01
4.288950856501818976e+01
4.289251397785643860e+01
4.289251397785643860e+01
4.289251397785643860e+01
4.289251397785643860e+01
4.289251397785643860e+01
4.289251397785643860e+01
4.289251397785643860e+01
4.289590670396132310e+01
4.289590670396132310e+01
4.289590670396132310e+01
4.289590670396132310e+01
4.289590670396132310e+01
4.289590670396132310e+01
4.289590670396132310e+01
4.289904266446666270e+01
4.289904266446666270e+01
4.289904266446666270e+01
4.289904266446666270e+01
4.289904266446666270e+01
4.289904266446666270e+01
4.290236723986841127e+01
4.290259434515054693e+01
4.290259434515054693e+01
4.290259434515054693e+01
4.290259434515054693e+01
4.290259434515054693e+01
4.290259434515054693e+01
4.290556013312317418e+01
4.290556013312317418e+01
4.290556014728714018e+01
4.290556014728714018e+01
4.290556016412575957e+01
4.290556016412575957e+01
4.290869554985897594e+01
4.290869555009142289e+01
4.290892427221263006e+01
4.290892427357779582e+01
4.290892427505976769e+01
4.290895200287081224e+01
4.291212498117386787e+01
4.291212515006074568e+01
4.291212560321815772e+01
4.291212574848312045e+01
4.291221566316914959e+01
4.291221723263344501e+01
4.291537270330019282e+01
4.291537328349673430e+01
4.291537497875959417e+01
4.291537639713106955e+01
4.291559097786606713e+01
4.291559223492480157e+01
4.291857414312146091e+01
4.291857414312146091e+01
4.291880153803406728e+01
4.291880445526291510e+01
4.291881021341232838e+01
4.291881156727198743e+01
4.292169176989688140e+01
4.292169176989688140e+01
4.292169894506761807e+01
4.292170175279906630e+01
4.292170532056901777e+01
4.292171045996829548e+01
4.292482622380771318e+01
4.292482972452675227e+01
4.292483656272194281e+01
4.292483757767300290e+01
4.292483905086966445e+01
4.292780247556783024e+01
4.292780286687440139e+01
4.292780659779343466e+01
4.292780977219026539e+01
4.292781373606723605e+01
4.292781901392434918e+01
4.293067469550249626e+01
4.293067748615426638e+01
4.293090160243097841e+01
4.293063439093361922e+01
4.293063623314282040e+01
4.293355130472532011e+01
4.293343308166414829e+01
4.293343386636365722e+01
4.293343386636365722e+01
4.293339463848991500e+01
4.293339450779286182e+01
4.293658837684991170e+01
4.293658836251839261e+01
4.293658836251839261e+01
4.293658834814961267e+01
4.293658834814961267e+01
4.273066092001414518e+01
4.273066092001414518e+01
4.273066092001414518e+01
4.273066092001414518e+01
4.273066092001414518e+01
4.273321109094602832e+01
4.273321109094602832e+01
4.273321109094602832e+01
4.273321109094602832e+01
4.273321109094602832e+01
4.273321109094602832e+01
4.273583318280248733e+01
4.273615654975868239e+01
4.273615654975868239e+01
4.273615654975868239e+01
4.273615654975868239e+01
4.273899156310582725e+01
4.273899156310582725e+01
4.273899156310582725e+01
4.273899156310582725e+01
4.273899156310582725e+01
4.274152491534118781e+01
4.274152491534118781e+01
4.274152491534118781e+01
4.274152491534118781e+01
4.274430147268783031e+01
4.274430147268783031e+01
4.274430147268783031e+01
4.274430147268783031e+01
4.274430147268783031e+01
4.274679046739289845e+01
4.274679046739289845e+01
4.274679046739289845e+01
4.274679046739289845e+01
4.274679046739289845e+01
4.274922481479509884e+01
4.274922481479509884e+01
4.274956064623280838e+01
4.274956064623280838e+01
4.275219515140381077e+01
4.275219515140381077e+01
4.275219515140381077e+01
4.275219515140381077e+01
4.275219515140381077e+01
4.275460267229664879e+01
4.275460267229664879e+01
4.275460267229664879e+01
4.275460267229664879e+01
4.275460267229664879e+01
4.275734606749689704e+01
4.275734606749689704e+01
4.275734606749689704e+01
4.275734606749689704e+01
4.275970197460407007e+01
4.275970197460407007e+01
4.275970197460407007e+01
4.275970197460407007e+01
4.276196263207425829e+01
4.276196263207425829e+01
4.276196263207425829e+01
4.276196263207425829e+01
4.276231856106186058e+01
4.276486659952938396e+01
4.276486659952938396e+01
4.276486659952938396e+01
4.276486659952938396e+01
4.276711203866500455e+01
4.276711203866500455e+01
4.276711203866500455e+01
4.276711203866500455e+01
4.276937964105151480e+01
4.276937964105151480e+01
4.276937964105151480e+01
4.276968110748164520e+01
4.277187838848291790e+01
4.277187838848291790e+01
4.277187838848291790e+01
4.277187838848291790e+01
4.277407390094003148e+01
4.277407390094003148e+01
4.277407390094003148e+01
4.277407390094003148e+01
4.277647263116030274e+01
4.277647263116030274e+01
4.277678793934721568e+01
4.255932973527671948e+01
4.255932973527671948e+01
4.255932973527671948e+01
4.255932973527671948e+01
4.256137183280095115e+01
4.256137183280095115e+01
4.256137183280095115e+01
4.256137183280095115e+01
4.256341454580947925e+01
4.256341454580947925e+01
4.256390428478503907e+01
4.256595657414860057e+01
4.256595657414860057e+01
4.256595657414860057e+01
4.256595657414860057e+01
4.256807626933172628e+01
4.256807626933172628e+01
4.256807626933172628e+01
4.257007864611824743e+01
4.257007864611824743e+01
4.257007864611824743e+01
4.257057247320626914e+01
4.257262690314247777e+01
4.257262690314247777e+01
4.257262690314247777e+01
4.257464461967539648e+01
4.257464461967539648e+01
4.257464461967539648e+01
4.257684099220323048e+01
4.257684099220323048e+01
4.257684099220323048e+01
4.257684099220323048e+01
4.257932192553376893e+01
4.257932192553376893e+01
4.257932192553376893e+01
4.258137400600539024e+01
4.258137400600539024e+01
4.258137400600539024e+01
4.258372848551192646e+01
4.258372848551192646e+01
4.258372848551192646e+01
4.258584723724634102e+01
4.258584723724634102e+01
4.258635998287254409e+01
4.258864744296444371e+01
4.258864744296444371e+01
4.259102552435058442e+01
4.259102552435058442e+01
4.259184158584228896e+01
4.259251324324540633e+01
4.259447944101583516e+01
4.259484301739355772e+01
4.259637628379772423e+01
4.259758336565644754e+01
4.259945298434423933e+01
4.260046676876081051e+01
4.260245608051113209e+01
4.260355474122446395e+01
4.260608808321938312e+01
4.260759651507760282e+01
4.261134504115836563e+01
4.261371222617137278e+01
4.284295103904140234e+01
4.285763370212828249e+01
4.308624564043450533e+01
4.289297073831529161e+01
4.289717087496288883e+01
4.290197648763696492e+01
4.284688645551087660e+01
4.285019558503066150e+01
4.285365799042956780e+01
4.285536631538252550e+01
4.285869996351561895e+01
4.286076859006628581e+01
4.263365831937298367e+01
4.263660520283758615e+01
4.263958829683186025e+01
4.264159649475850244e+01
4.264436961438482143e+01
4.264764442075855300e+01
4.264955939489054515e+01
4.265280215820580167e+01
4.259860722629025531e+01
4.260102647146813126e+01
4.260408244956883550e+01
4.260768114585494004e+01
4.260932471473526562e+01
4.227166327945364799e+01
4.227299727467645596e+01
4.202932330519649184e+01
4.203087967096114141e+01
4.203145298052371714e+01
4.184990307822135946e+01
4.176073257741576583e+01
4.172332214391052219e+01
4.172093826827820351e+01
4.171920422791411198e+01
4.171920359157392966e+01
4.171920348893826258e+01
4.171920348893826258e+01
4.171920348893826258e+01
4.171920348893826258e+01
4.172255048893826057e+01
4.172255048893826057e+01
4.172255048893826057e+01
4.172255048893826057e+01
4.172255048893826057e+01
4.172255048893826057e+01
4.172255048893826057e+01
4.172255048893826057e+01
4.172255048893826057e+01
4.172585948893826213e+01
4.172585948893826213e+01
4.172585948893826213e+01
4.172585948893826213e+01
4.172585948893826213e+01
4.172585948893826213e+01
4.172585948893826213e+01
4.172585948893826213e+01
4.172585948893826213e+01
4.172905248893826524e+01
4.172905248893826524e+01
4.172905248893826524e+01
4.172905248893826524e+01
4.172905248893826524e+01
4.172905248893826524e+01
4.172905248893826524e+01
4.172905248893826524e+01
4.172905248893826524e+01
4.173246748893826208e+01
4.173246748893826208e+01
4.173246748893826208e+01
4.173246748893826208e+01
4.173246748893826208e+01
4.173246748893826208e+01
4.173246748893826208e+01
4.173246748893826208e+01
4.173246748893826208e+01
4.173567148893826584e+01
4.173567148893826584e+01
4.173567148893826584e+01
4.173567148893826584e+01
4.173567148893826584e+01
4.173567148893826584e+01
4.173567148893826584e+01
4.173567148893826584e+01
4.173567148893826584e+01
4.173879648893826300e+01
4.173879648893826300e+01
4.173879648893826300e+01
4.173879648893826300e+01
4.173879648893826300e+01
4.173879648893826300e+01
4.173879648893826300e+01
4.173879648893826300e+01
4.174159448893826152e+01
4.174159448893826152e+01
4.174159448893826152e+01
4.174159448893826152e+01
4.174159448893826152e+01
4.174159448893826152e+01
4.174159448893826152e+01
4.174159448893826152e+01
4.174159448893826152e+01
4.174461848893825788e+01
4.174461848893825788e+01
4.174461848893825788e+01
4.174461848893825788e+01
4.174461848893825788e+01
4.174461848893825788e+01
4.174461848893825788e+01
4.174461848893825788e+01
4.174761148893826146e+01
4.174761148893826146e+01
4.174761148893826146e+01
4.174761148893826146e+01
4.174761148893826146e+01
4.174761148893826146e+01
4.174761148893826146e+01
4.174761148893826146e+01
4.175063548893825782e+01
4.175063548893825782e+01
4.175063548893825782e+01
4.175063548893825782e+01
4.175063548893825782e+01
4.175063548893825782e+01
4.175063548893825782e+01
4.175063548893825782e+01
4.175352248893825902e+01
4.175352248893825902e+01
4.175352248893825902e+01
4.175352248893825902e+01
4.175352248893825902e+01
4.175352248893825902e+01
4.175352248893825902e+01
4.175352248893825902e+01
4.175665648893826187e+01
4.175665648893826187e+01
4.175665648893826187e+01
4.175665648893826187e+01
4.175665648893826187e+01
4.175665648893826187e+01
4.175665648893826187e+01
4.175665648893826187e+01
4.175934848893825801e+01
4.175934848893825801e+01
4.175934848893825801e+01
4.175934848893825801e+01
4.175934848893825801e+01
4.175934848893825801e+01
4.175934848893825801e+01
4.175934848893825801e+01
4.176203948893825668e+01
4.176203948893825668e+01
4.176203948893825668e+01
4.176203948893825668e+01
4.176203948893825668e+01
4.176203948893825668e+01
4.176203948893825668e+01
4.176513348893826105e+01
4.176513348893826105e+01
4.176513348893826105e+01
4.176513348893826105e+01
4.176513348893826105e+01
4.176513348893826105e+01
4.176513348893826105e+01
4.176513348893826105e+01
4.176776048893826498e+01
4.176776048893826498e+01
4.176776048893826498e+01
4.176776048893826498e+01
4.176776048893826498e+01
4.176776048893826498e+01
4.176776048893826498e+01
4.177038648893825723e+01
4.177038648893825723e+01
4.177038648893825723e+01
4.177038648893825723e+01
4.177038648893825723e+01
4.177038648893825723e+01
4.177038648893825723e+01
4.177284548893825900e+01
4.177284548893825900e+01
4.177284548893825900e+01
4.177284548893825900e+01
4.177284548893825900e+01
4.177284548893825900e+01
4.177284548893825900e+01
4.177539648893825586e+01
4.177539648893825586e+01
4.177539648893825586e+01
4.177539648893825586e+01
4.177539648893825586e+01
4.177539648893825586e+01
4.177539648893825586e+01
4.177793748893826375e+01
4.177793748893826375e+01
4.177793748893826375e+01
4.177793748893826375e+01
4.177793748893826375e+01
4.177793748893826375e+01
4.177793748893826375e+01
4.178039548893826094e+01
4.178039548893826094e+01
4.178039548893826094e+01
4.178039548893826094e+01
4.178039548893826094e+01
4.178039548893826094e+01
4.178039548893826094e+01
4.178335748893826462e+01
4.178335748893826462e+01
4.178335748893826462e+01
4.178335748893826462e+01
4.178335748893826462e+01
4.178335748893826462e+01
4.134328711871719975e+01
4.134328711871719975e+01
4.134328711871719975e+01
4.134328711871719975e+01
4.134328711871719975e+01
4.134328711871719975e+01
4.134328711871719975e+01
4.134559711871720111e+01
4.134559711871720111e+01
4.134559711871720111e+01
4.134559711871720111e+01
4.134559711871720111e+01
4.134559711871720111e+01
4.134824311871719971e+01
4.134824311871719971e+01
4.134824311871719971e+01
4.134824311871719971e+01
4.134824311871719971e+01
4.134824311871719971e+01
4.134824311871719971e+01
4.135056811871719873e+01
4.135056811871719873e+01
4.135056811871719873e+01
4.135056811871719873e+01
4.135056811871719873e+01
4.135056811871719873e+01
4.135286111871720038e+01
4.135286111871720038e+01
4.135286111871720038e+01
4.135286111871720038e+01
4.135286111871720038e+01
4.135286111871720038e+01
4.135505911871720031e+01
4.135505911871720031e+01
4.135505911871720031e+01
4.135505911871720031e+01
4.135505911871720031e+01
4.135505911871720031e+01
4.135730411871720236e+01
4.135730411871720236e+01
4.135730411871720236e+01
4.135730411871720236e+01
4.135730411871720236e+01
4.135949011871720415e+01
4.135949011871720415e+01
4.135949011871720415e+01
4.135949011871720415e+01
4.135949011871720415e+01
4.135949011871720415e+01
4.136173311871719704e+01
4.136173311871719704e+01
4.136173311871719704e+01
4.136173311871719704e+01
4.136173311871719704e+01
4.136173311871719704e+01
4.136417211871719957e+01
4.136417211871719957e+01
4.136417211871719957e+01
4.136417211871719957e+01
4.136417211871719957e+01
4.136642911871719974e+01
4.136642911871719974e+01
4.136642911871719974e+01
4.136642911871719974e+01
4.136642911871719974e+01
4.136642911871719974e+01
4.136857211871719642e+01
4.136857211871719642e+01
4.136857211871719642e+01
4.136857211871719642e+01
4.136857211871719642e+01
4.137080611871719782e+01
4.137080611871719782e+01
4.137080611871719782e+01
4.137080611871719782e+01
4.137080611871719782e+01
4.137299111871720214e+01
4.137299111871720214e+01
4.137299111871720214e+01
4.137299111871720214e+01
4.137299111871720214e+01
4.137539211871720113e+01
4.137539211871720113e+01
4.137539211871720113e+01
4.137539211871720113e+01
4.137539211871720113e+01
4.137775111871719957e+01
4.137775111871719957e+01
4.137775111871719957e+01
4.137775111871719957e+01
4.137775111871719957e+01
4.138012611871720026e+01
4.138012611871720026e+01
4.138012611871720026e+01
4.138012611871720026e+01
4.138012611871720026e+01
4.138257611871719632e+01
4.138257611871719632e+01
4.138257611871719632e+01
4.138257611871719632e+01
4.138257611871719632e+01
4.138526411871720256e+01
4.138526411871720256e+01
4.138526411871720256e+01
4.138526411871720256e+01
4.138818011871720159e+01
4.138818011871720159e+01
4.138818011871720159e+01
4.138902611871719728e+01
4.138996811871719927e+01
4.139076911871720199e+01
4.139076911871720199e+01
4.139160311871719955e+01
4.139258911871719704e+01
4.139347911871720243e+01
4.139440611871719966e+01
4.139546311871720263e+01
4.139546311871720263e+01
4.139684011871720060e+01
4.139795211871719971e+01
4.139913111871720020e+01
4.140040311871720036e+01
4.140176311871719861e+01
4.140322811871720177e+01
4.140482911871720262e+01
4.140482911871720262e+01
4.140675611871719752e+01
4.140861511871720069e+01
4.141084111871720097e+01
4.141341611871720119e+01
4.141636711871720422e+01
4.142040911871720255e+01
4.186793548893825800e+01
4.187481648893826502e+01
4.188543248893826387e+01
4.188543248893826387e+01
4.190280948893826007e+01
4.191898348893825954e+01
4.191898348893825954e+01
4.192505148893826572e+01
4.192796948893825970e+01
4.192796948893825970e+01
4.193078848893826205e+01
4.193078848893826205e+01
4.193347348893826165e+01
4.193500548893825908e+01
4.193500548893825908e+01
4.193735248893825940e+01
4.193735248893825940e+01
4.193983648893826199e+01
4.194139548893826230e+01
4.194139548893826230e+01
4.194378348893826569e+01
4.194378348893826569e+01
4.150349411871719951e+01
4.150484711871720123e+01
4.145416268552278893e+01
4.145416268552278893e+01
4.145625468552279358e+01
4.145625468552279358e+01
4.145838968552278914e+01
4.145838968552278914e+01
4.146049068552278527e+01
4.146263268552279158e+01
4.146263268552279158e+01
4.146456668552279012e+01
4.146652168552279250e+01
4.146652168552279250e+01
4.146845668552278852e+01
4.146845668552278852e+01
4.147090568552279422e+01
4.147274268552278897e+01
4.147274268552278897e+01
4.147515868552278562e+01
4.147736068552278965e+01
4.147736068552278965e+01
4.147959768552279058e+01
4.147959768552279058e+01
4.148184568552278506e+01
4.148353168552279158e+01
4.148353168552279158e+01
4.148583268552279435e+01
4.148853668552278862e+01
4.148853668552278862e+01
4.149065868552278857e+01
4.149065868552278857e+01
4.109770055174317349e+01
4.110047455174317577e+01
4.110047455174317577e+01
4.110265755174317803e+01
4.110522855174318124e+01
4.110522855174318124e+01
4.110780355174317435e+01
4.110780355174317435e+01
4.111046155174317818e+01
4.111314155174318330e+01
4.111314155174318330e+01
4.111559655174318095e+01
4.111804355174318459e+01
4.111804355174318459e+01
4.063978054772776005e+01
4.063978054772776005e+01
