2.826816161742130795e+00
2.776838338825479369e+00
2.620599447104224655e+00
2.159608460830426235e+00
1.929354109438810916e+00
1.667690979212352875e+00
1.306570498762792409e+00
9.707232560679940336e-01
4.402543927694489434e-01
4.782447057834815496e-01
2.536646629686272192e-01
5.952507057024299109e-02
8.321227412337985074e-02
-1.502244936698086397e-01
-3.271066482218429883e-01
-4.929505154843243364e-01
-5.487125584144117996e-01
-4.685660143897457663e-01
-5.641904957725166758e-01
-5.771618062382078973e-01
-6.631428383422461881e-01
-8.216595914920027388e-01
-8.768332474565012635e-01
-9.532962456974503063e-01
-1.079404735853354724e+00
-1.168969442977948026e+00
-1.203733511155547387e+00
-1.266714016323033265e+00
-1.360322889700583460e+00
-1.390661920927824369e+00
-1.300187696802926451e+00
-1.356482931910437895e+00
-1.432604529778787716e+00
-1.585813030548133495e+00
-1.632625442254296289e+00
-1.673289050189444183e+00
-1.667635427498158185e+00
-1.751610092899909876e+00
-2.078451948190830567e+00
-2.091577191346946751e+00
-2.086530935158321665e+00
-2.145158259876332796e+00
-2.177182703932496466e+00
-2.519393135326557953e+00
-2.514882983240922520e+00
-2.465873923031476789e+00
-2.459471957531573327e+00
-2.552631379849358062e+00
-2.611488065327411068e+00
-2.592002355498454591e+00
-2.264181507219975575e+00
-1.975167770620375185e+00
-1.974366788794565286e+00
-1.972518938387566090e+00
-2.320207422514462881e+00
-2.319413760128957058e+00
-2.318642998152580681e+00
-2.317409835169349730e+00
-2.314602434885399962e+00
-2.314014908218334998e+00
-2.450329649458650394e+00
-2.448936638193226489e+00
-2.447049977809206744e+00
-2.844544911402478338e+00
-2.843772877134540966e+00
-2.843103357781094687e+00
-2.841889821414393058e+00
-2.840956156165483470e+00
-2.838802359370561135e+00
-3.203374008177854115e+00
-3.325503547121168690e+00
-3.298100550715465484e+00
-3.264374046175605226e+00
-3.223341082031778271e+00
-3.257964475580029884e+00
-3.241061633132373832e+00
-3.302110273348378477e+00
-3.616874582991871367e+00
-3.662070004306722470e+00
-4.166996363961065875e+00
-4.163451930108858612e+00
-4.129332658348242369e+00
-4.032091008028280577e+00
-3.795520724954689396e+00
-3.513712259971496721e+00
-3.513497128284568394e+00
-3.498049706309570350e+00
-3.497796829606422797e+00
-3.497180796029998096e+00
-3.496725754014654353e+00
-3.496119909825201599e+00
-3.928601875635419294e+00
-3.928770832310495731e+00
-3.931481650265041150e+00
-4.263147027686144064e+00
-3.584994282182937475e+00
-5.003303296627932717e+00
-4.771873729977964551e+00
-4.756525027537430006e+00
-4.717924166605738989e+00
-4.750097108086193565e+00
-4.712339956912817485e+00
-4.688453832223416384e+00
-4.711020889658939836e+00
-4.700771906238585984e+00
-4.709754628375492302e+00
-4.808057854381214469e+00
-5.002251440724635678e+00
-5.032734076672957357e+00
-5.013947049954620816e+00
-4.988950344018835636e+00
-4.988813972759261972e+00
-4.955918748420942599e+00
-4.918994580224322455e+00
-4.845416747001467073e+00
-4.699043311089807773e+00
-4.367598769588708407e+00
-4.366742842413041892e+00
-4.365856985409335422e+00
-4.365856985409335422e+00
-4.365003844962068946e+00
-4.364185520126645734e+00
-4.364711867899784714e+00
-4.363851177089451916e+00
-4.363851177089451916e+00
-4.363060062143454765e+00
-4.365735011296753676e+00
-4.366257073211768258e+00
-4.365422258537155820e+00
-4.770120125574629277e+00
-4.769500570926048511e+00
-4.769500570926048511e+00
-4.768931603395760277e+00
-4.768653551993343065e+00
-4.768653551993343065e+00
-4.768075500371226738e+00
-4.770474742601821916e+00
-4.769907925889396161e+00
-4.769704791780268849e+00
-4.769704791780268849e+00
-4.769186567165132118e+00
-4.768658651365662138e+00
-5.153724442685089002e+00
-5.153383818349182910e+00
-5.153474326986016152e+00
-5.153154503778036855e+00
-5.152811364209953560e+00
-5.152733597125751075e+00
-5.152426136243022370e+00
-5.152203077750773907e+00
-5.151919599244929593e+00
-5.200004744431222292e+00
-5.199760401113955766e+00
-5.386898094583524532e+00
-5.386569753716145215e+00
-5.386454186342658268e+00
-5.386331750781298666e+00
-5.386451845510552339e+00
-5.386332960959760996e+00
-5.386195189211086642e+00
-5.385699188429879491e+00
-5.385537987770065982e+00
-5.385345370740693305e+00
-5.385074683542577567e+00
-5.465129990541471194e+00
-5.462911509700701274e+00
-5.240181921190838032e+00
-5.445065155416250136e+00
-6.379614229101575162e+00
-6.791758118680966128e+00
-6.580644439666506251e+00
-6.669656653071331043e+00
-6.626453335366991659e+00
-6.603085366301448822e+00
-6.566651918601678517e+00
-6.522456406189504285e+00
-6.512440170995211552e+00
-6.474882005149183328e+00
-6.451228214746194567e+00
-6.440959145564950639e+00
-6.482913657114213635e+00
-6.483026092400551832e+00
-6.490154200830233755e+00
-6.507165883928635708e+00
-6.526048940997261738e+00
-6.573162819105342614e+00
-6.574389371538190474e+00
-6.575370319035470423e+00
-6.576606022466947366e+00
-6.581410169509863017e+00
-6.585337290323715287e+00
-6.587928412159173241e+00
-6.593407207555774363e+00
-6.596423340046639439e+00
-6.598095982291235728e+00
-6.600386978578777430e+00
-6.603298503731600988e+00
-6.602059491476047093e+00
-6.604240626816071824e+00
-6.562676150303326850e+00
-6.563556452432052879e+00
-6.562785378585411777e+00
-6.559664368966084069e+00
-6.557500219751742243e+00
-6.557500219751742243e+00
-6.557881572138434478e+00
-6.550509562473370906e+00
-6.542015744819801526e+00
-6.540818659229797660e+00
-6.541887898346137042e+00
-6.536669338267182106e+00
-6.535321292719644681e+00
-6.482511974744130434e+00
-6.482511974744130434e+00
-6.484455229968810741e+00
-6.555307643676913543e+00
-6.067496364070574799e+00
-6.067496364070574799e+00
-6.067524421982287031e+00
-6.066390080024599563e+00
-6.066390080024599563e+00
-6.066390080024599563e+00
-6.066390080024599563e+00
-6.065387498943255906e+00
-6.066028120273173840e+00
-6.066028120273173840e+00
-6.066028120273173840e+00
-6.065073988473126398e+00
-6.065073988473126398e+00
-6.065073988473126398e+00
-6.064160514553519121e+00
-6.064166850293910116e+00
-6.064769745871173789e+00
-6.064769745871173789e+00
-6.541655900144383473e+00
-6.541655900144383473e+00
-6.541655900144383473e+00
-6.541655900144383473e+00
-6.540925281299602823e+00
-6.540925281299602823e+00
-6.540925281299602823e+00
-6.541454367780302981e+00
-6.540729466433711892e+00
-6.540740007899390918e+00
-6.540757364649163463e+00
-6.540757364649163463e+00
-6.539999832831780324e+00
-6.539999832831780324e+00
-6.539999832831780324e+00
-6.539195793002710033e+00
-6.539585016143304230e+00
-6.539640547472314935e+00
-6.539640547472314935e+00
-6.539248511147810916e+00
-6.539248511147810916e+00
-6.539248511147810916e+00
-6.538587954037473615e+00
-6.538587954037473615e+00
-6.538977346666664303e+00
-6.538977346666664303e+00
-6.538338685678582785e+00
-6.538338685678582785e+00
-6.538338685678582785e+00
-6.537719180608769776e+00
-6.537719180608769776e+00
-6.537719180608769776e+00
-6.561711149477066130e+00
-6.560928121039995453e+00
-6.560928121039995453e+00
-6.560928121039995453e+00
-6.560252384318150831e+00
-6.560252384318150831e+00
-6.560277303926439707e+00
-6.559953311443113222e+00
-6.560460991687140364e+00
-6.560460991687140364e+00
-6.559647170361944113e+00
-6.559647170361944113e+00
-6.559647170361944113e+00
-7.109432684042946704e+00
-7.109432684042946704e+00
-7.109432684042946704e+00
-7.109658768093600756e+00
-7.109168564179255689e+00
-7.109168564179255689e+00
-7.109168564179255689e+00
-7.108728533872880284e+00
-7.108728533872880284e+00
-7.108728533872880284e+00
-7.108344315042971040e+00
-7.108582604386985082e+00
-7.108632858745791872e+00
-7.111564571904299470e+00
-7.111564571904299470e+00
-7.111146008682752928e+00
-7.111146008682752928e+00
-7.111146008682752928e+00
-7.110726806805295119e+00
-7.110942117014381836e+00
-7.110942117014381836e+00
-7.110602122873913800e+00
-7.110602122873913800e+00
-7.110602122873913800e+00
-7.110318908662562443e+00
-7.110318908662562443e+00
-7.390334590245002389e+00
-7.390334590245002389e+00
-7.390334590245002389e+00
-7.390194334096499063e+00
-7.390194334096499063e+00
-7.390406771941342434e+00
-7.390247960909295699e+00
-7.390247960909295699e+00
-7.390022561358465580e+00
-7.390022561358465580e+00
-7.390022561358465580e+00
-7.389854293575249145e+00
-7.389854293575249145e+00
-7.608035887807456987e+00
-7.608038498039542574e+00
-7.607529877495931458e+00
-7.607581913632802006e+00
-7.607581913632802006e+00
-7.607627465594821281e+00
-7.607627465594821281e+00
-7.677801956835306640e+00
-7.677801956835306640e+00
-7.677810117261132383e+00
-7.677248454297735947e+00
-7.677457441668057214e+00
-7.677668251220519657e+00
-7.677668251220519657e+00
-7.843924020398674202e+00
-7.843924020398674202e+00
-7.844278790542814406e+00
-7.843110264111833985e+00
-7.843489924130729207e+00
-7.843580094297236016e+00
-7.843954021843210000e+00
-7.843954021843210000e+00
-7.844407479891646773e+00
-7.844407479891646773e+00
-8.030700510997297314e+00
-8.030700510997297314e+00
-8.030962078249437752e+00
-8.030962078249437752e+00
-8.219804794879697951e+00
-8.220016850159501232e+00
-8.221027936504841094e+00
-8.219788466126551896e+00
-8.220990072266332049e+00
-8.221583661626516104e+00
-8.222683843246070268e+00
-8.223977818062145673e+00
-8.033580603344656623e+00
-8.034510069122861253e+00
-8.035098476033677883e+00
-7.537431972623395815e+00
-7.116115113357894373e+00
-7.790666837477048468e+00
-8.047841382168916979e+00
-8.267323319403670823e+00
-8.428155425067723527e+00
-8.441038633805339586e+00
-8.440623231242527780e+00
-8.265451053766190270e+00
-8.134264221551436691e+00
-8.233755276881929319e+00
-8.359704170621689912e+00
-8.471823929658695462e+00
-8.384301301613160007e+00
-8.334621279260804982e+00
-8.330795311877588816e+00
-8.278728984413437075e+00
-8.214830966782775690e+00
-8.225092826777601118e+00
-8.205473224961268741e+00
-8.179097931938494881e+00
-8.159050524882626831e+00
-8.153985259834254151e+00
-8.145358831094263508e+00
-8.143052501251007769e+00
-8.141630870148590660e+00
-8.165284580001651804e+00
-8.165284580001651804e+00
-8.165933012779669653e+00
-8.139459276608741689e+00
-8.140106604918649680e+00
-8.141308585723809443e+00
-8.140212401901203876e+00
-8.140769762786627339e+00
-8.141478210998696952e+00
-8.141833865506820089e+00
-8.142618042693440472e+00
-8.143036435091255854e+00
-8.520246150599037449e+00
-8.520650643507204691e+00
-8.521423592063555930e+00
-8.521800380072388492e+00
-8.522790652658253308e+00
-8.523392655714051358e+00
-8.524215061259559079e+00
-8.523374434292733781e+00
-8.524203640077161026e+00
-8.524827424536603360e+00
-8.525223103992832563e+00
-8.526111556427791172e+00
-8.526530772998913932e+00
-8.526108389117897701e+00
-8.526518888332804025e+00
-8.527010702022332467e+00
-8.556268882965882838e+00
-8.556268882965882838e+00
-8.529306782480501781e+00
-8.528408946433186699e+00
-8.529239163943769242e+00
-8.529640811370510889e+00
-8.530416352749588427e+00
-8.529577805848433059e+00
-8.530460027917840193e+00
-8.529234727021545837e+00
-8.530040573271653770e+00
-8.530458740407604878e+00
-8.531823208946921255e+00
-8.531823208946921255e+00
-8.532678173619803630e+00
-8.531705264248188314e+00
-8.533699702148940247e+00
-8.533699702148940247e+00
-8.534642337186053140e+00
-8.535447479516117042e+00
-8.534970746467374525e+00
-8.534970746467374525e+00
-8.534970746467374525e+00
-8.538215448500762861e+00
-8.538215448500762861e+00
-8.538764518675010962e+00
-9.023989859491976517e+00
-9.024701956214038034e+00
-9.025569135665023168e+00
-9.026002673134478016e+00
-9.026002673134478016e+00
-9.029041244926732546e+00
-9.027972108707562171e+00
-9.027972108707562171e+00
-9.027972108707562171e+00
-9.030722932688640014e+00
-9.030722932688640014e+00
-9.029867185821110809e+00
-9.030303418018577943e+00
-9.031375821561409722e+00
-9.032341143682675266e+00
-9.032341143682675266e+00
-9.034264831508977522e+00
-9.033250586610463984e+00
-9.033862081245771947e+00
-9.034370402856604088e+00
-9.035193373621579482e+00
-9.035837213891534603e+00
-9.035243949684995002e+00
-9.036530641618345072e+00
-9.037182291353943242e+00
-9.037182291353943242e+00
-9.039881530328811365e+00
-9.038772162085141559e+00
-9.038772162085141559e+00
-9.039560927078120756e+00
-9.040126647170493968e+00
-9.040923820321765447e+00
-9.040459805501258828e+00
-9.041124324651752531e+00
-9.042221759089285271e+00
-9.042892953512749799e+00
-9.043049556097207287e+00
-9.709663391186548864e+00
-9.710584226120532847e+00
-9.711331103995886949e+00
-9.711526130687143876e+00
-9.711526130687143876e+00
-9.713367253791332701e+00
-9.713367253791332701e+00
-9.713578315662743989e+00
-9.714506560803815916e+00
-9.715477318376366966e+00
-9.716085544472880642e+00
-9.716544598125567589e+00
-9.716544598125567589e+00
-9.716544598125567589e+00
-9.721118802667122694e+00
-9.720381356686386809e+00
-9.720490989019539896e+00
-9.721146256767941196e+00
-9.723248232714864159e+00
-9.725835553165858016e+00
-9.726260369609665446e+00
-9.726260369609665446e+00
-9.726260369609665446e+00
-9.726260369609665446e+00
-9.734772360343399100e+00
-9.734121254951304536e+00
-9.734121254951304536e+00
-9.734121254951304536e+00
-9.734121254951304536e+00
-1.037428436209055960e+01
-1.039283232841435911e+01
-1.041766406566119763e+01
-1.003974611853365495e+01
-1.003974611853365495e+01
-1.003959890989347770e+01
-1.003959890989347770e+01
-1.003959890989347770e+01
-1.003959890989347770e+01
-1.003953310799591669e+01
-1.012890812382859274e+01
-1.012890812382859274e+01
-1.012890812382859274e+01
-1.012861861663869512e+01
-1.012861861663869512e+01
-1.012861861663869512e+01
-1.012883172992821734e+01
-1.012883172992821734e+01
-1.012861830511468497e+01
-1.012861830511468497e+01
-1.012872728630342856e+01
-1.012872728630342856e+01
-1.012852222108636546e+01
-1.012852222108636546e+01
-1.012852222108636546e+01
-1.012884005428956335e+01
-1.061199045176799238e+01
-1.061199045176799238e+01
-1.061199045176799238e+01
-1.061199045176799238e+01
-1.061194644715787305e+01
-1.061197872347511151e+01
-1.061197872347511151e+01
-1.061197872347511151e+01
-1.061190450981205835e+01
-1.061190450981205835e+01
-1.061190450981205835e+01
-1.061190450981205835e+01
-1.061174784632093626e+01
-1.061174784632093626e+01
-1.061164448211861711e+01
-1.061164448211861711e+01
-1.069579530374499043e+01
-1.069579530374499043e+01
-1.069579530374499043e+01
-1.069599218036230859e+01
-1.069595097117005800e+01
-1.069595097117005800e+01
-1.069595097117005800e+01
-1.069595097117005800e+01
-1.069590260122801162e+01
-1.069590260122801162e+01
-1.069590260122801162e+01
-1.105934378873444679e+01
-1.105934378873444679e+01
-1.105834397520198387e+01
-1.105834397520198387e+01
-1.105859459182671145e+01
-1.105868978861042784e+01
-1.105868978861042784e+01
-1.105868978861042784e+01
-1.105902671497904954e+01
-1.105902671497904954e+01
-1.105902671497904954e+01
-1.105947596901904895e+01
-1.105947596901904895e+01
-1.105947596901904895e+01
-1.105991837855840565e+01
-1.105991837855840565e+01
-1.105897381356382603e+01
-1.105897381356382603e+01
-1.105938562544838710e+01
-1.105938562544838710e+01
-1.105938562544838710e+01
-1.106025775231486641e+01
-1.106025775231486641e+01
-1.106025775231486641e+01
-1.106114902070215500e+01
-1.106114902070215500e+01
-1.106172282691889031e+01
-1.106199604378563883e+01
-1.106254040194673216e+01
-1.106323240630534066e+01
-1.106358792957427006e+01
-1.106343344392553973e+01
-1.106439158826385061e+01
-1.106496020792723911e+01
-1.106637184058171997e+01
-1.106810362123976610e+01
-1.069285625640637072e+01
-1.069206573023289941e+01
-1.016232287830169057e+01
-8.693720923284489643e+00
-1.015135882494359088e+01
-1.068769873202979781e+01
-1.068761172816311600e+01
-1.109769568355791414e+01
-1.109770492132493658e+01
-1.109671526371734807e+01
-1.125099799910094944e+01
-1.131255249516597416e+01
-1.132691361729397883e+01
-1.132769395579360250e+01
-1.131748186636953868e+01
-1.129275459290694705e+01
-1.123975091793361436e+01
-1.115114515839723275e+01
-1.105363845171868675e+01
-1.103151712849072297e+01
-1.105861437947043058e+01
-1.111711213767498130e+01
-1.113047600811609250e+01
-1.119315222284074984e+01
-1.122701364345568642e+01
-1.129497596368530132e+01
-1.130959361536518415e+01
-1.142937829118011805e+01
-1.147172925396650101e+01
-1.146133217428382345e+01
-1.125452584228435526e+01
-1.122460363092354285e+01
-1.114654943834384682e+01
-1.117065187816268157e+01
-1.113648871442628341e+01
-1.110890967216759506e+01
-1.109166692963536427e+01
-1.108315199691694808e+01
-1.107134698950570595e+01
-1.106190916630010967e+01
-1.105900151060623671e+01
-1.105664904464890874e+01
-1.105664904464890874e+01
-1.105916690335527264e+01
-1.105916690335527264e+01
-1.105916690335527264e+01
-1.106077833419523770e+01
-1.106077833419523770e+01
-1.106097065910773658e+01
-1.106116313530206163e+01
-1.105966118593956793e+01
-1.105966118593956793e+01
-1.105966118593956793e+01
-1.106037478327982981e+01
-1.106042007294447949e+01
-1.106042007294447949e+01
-1.106198178127184661e+01
-1.106198178127184661e+01
-1.106244365943498664e+01
-1.106281948050853892e+01
-1.106281948050853892e+01
-1.106305012142839672e+01
-1.106341789148296151e+01
-1.106371311866565676e+01
-1.106234460616114745e+01
-1.106258647582312449e+01
-1.106298048598992523e+01
-1.106300680576163664e+01
-1.106333446441703572e+01
-1.106388202954914490e+01
-1.106388202954914490e+01
-1.106429118160868619e+01
-1.106447716664368563e+01
-1.106448458531620638e+01
-1.106502908844963073e+01
-1.106542156754381168e+01
-1.106542156754381168e+01
-1.162374649325949783e+01
-1.162408490105673842e+01
-1.162408490105673842e+01
-1.162454005162729231e+01
-1.162454005162729231e+01
-1.162454005162729231e+01
-1.162454005162729231e+01
-1.162454005162729231e+01
-1.162795274227316078e+01
-1.162808601696582400e+01
-1.162808601696582400e+01
-1.162808601696582400e+01
-1.162808601696582400e+01
-1.162689483007399360e+01
-1.162716152466193975e+01
-1.162754008664122019e+01
-1.162791708778371280e+01
-1.162791708778371280e+01
-1.162823632912833638e+01
-1.162885388496692585e+01
-1.162917208583259843e+01
-1.162917208583259843e+01
-1.162951748876109548e+01
-1.163001253697747117e+01
-1.163037795193801749e+01
-1.162911768089385589e+01
-1.162949259404580005e+01
-1.162993445454895891e+01
-1.163024587938889098e+01
-1.163024587938889098e+01
-1.163070693700990432e+01
-1.163122177374486022e+01
-1.163126499500716449e+01
-1.163164957300697644e+01
-1.163232709732194792e+01
-1.163249701797452929e+01
-1.163249701797452929e+01
-1.163292601661419035e+01
-1.163146768065148251e+01
-1.163219638611619011e+01
-1.163261070563169142e+01
-1.163261070563169142e+01
-1.163299488707892415e+01
-1.163342246060610385e+01
-1.163383082512607380e+01
-1.163383082512607380e+01
-1.163446551961198949e+01
-1.163488230158270120e+01
-1.163530390630459799e+01
-1.163530390630459799e+01
-1.163571467228956280e+01
-1.163489638760643885e+01
-1.163573738610080177e+01
-1.163573738610080177e+01
-1.163573738610080177e+01
-1.163722312799727554e+01
-1.163722312799727554e+01
-1.163755543051777686e+01
-1.163755543051777686e+01
-1.163793918328970101e+01
-1.163830160953745008e+01
-1.163923273726793362e+01
-1.163929332597155053e+01
-1.163873286132696450e+01
-1.163873286132696450e+01
-1.163873286132696450e+01
-1.163999297196617455e+01
-1.163999297196617455e+01
-1.163999297196617455e+01
-1.164052821244249358e+01
-1.164052821244249358e+01
-1.164186676370242601e+01
-1.164186676370242601e+01
-1.164209675066324401e+01
-1.164299993459571603e+01
-1.164176871184182183e+01
-1.164176871184182183e+01
-1.164176871184182183e+01
-1.164176871184182183e+01
-1.164176871184182183e+01
-1.164479085949255222e+01
-1.164479085949255222e+01
-1.164479085949255222e+01
-1.164479085949255222e+01
-1.164522496139268526e+01
-1.164564644266857130e+01
-1.164568565962369107e+01
-1.164530448054852663e+01
-1.164573762726588591e+01
-1.164573762726588591e+01
-1.164573762726588591e+01
-1.164799061896807153e+01
-1.164799061896807153e+01
-1.164799061896807153e+01
-1.164857677331999497e+01
-1.164857677331999497e+01
-1.164923974643999749e+01
-1.164991841680473250e+01
-1.164867923463092581e+01
-1.164884668724833716e+01
-1.165069515304164405e+01
-1.165069515304164405e+01
-1.165091333120663641e+01
-1.165116418888469596e+01
-1.165182074339763041e+01
-1.165228584980492244e+01
-1.165270444619015855e+01
-1.165270444619015855e+01
-1.165270444619015855e+01
-1.165445652171916002e+01
-1.214522400435289207e+01
-1.214549898257133442e+01
-1.214613527957446948e+01
-1.214647913570835946e+01
-1.214696544832784753e+01
-1.214724081947291090e+01
-1.214782514505082922e+01
-1.214825179024483504e+01
-1.214825179024483504e+01
-1.214825179024483504e+01
-1.214825179024483504e+01
-1.215077239364632078e+01
-1.215077239364632078e+01
-1.215077239364632078e+01
-1.215077239364632078e+01
-1.215147785484409226e+01
-1.215168986936631690e+01
-1.215229667992550588e+01
-1.215293106465371231e+01
-1.215319062695530938e+01
-1.215367624396759005e+01
-1.215436743801885555e+01
-1.215469844147360767e+01
-1.215427703126705694e+01
-1.215451890996359197e+01
-1.215527636927616406e+01
-1.215507757220319540e+01
-1.215616111038608338e+01
-1.215616111038608338e+01
-1.215781531188541109e+01
-1.215781531188541109e+01
-1.215879858784447620e+01
-1.215909965885118993e+01
-1.215953203254260373e+01
-1.215950905815013172e+01
-1.215950905815013172e+01
-1.216118782410991273e+01
-1.216118782410991273e+01
-1.216159360133636014e+01
-1.216208014578229246e+01
-1.216233306995095731e+01
-1.216331554658369285e+01
-1.216415699886593416e+01
-1.216473198672017730e+01
-1.216473198672017730e+01
-1.216629560674991062e+01
-1.216629560674991062e+01
-1.216629560674991062e+01
-1.216730716922322841e+01
-1.216854776998972731e+01
-1.216916429644688158e+01
-1.216981599363177580e+01
-1.217141014725073767e+01
-1.217215385868255417e+01
-1.217215385868255417e+01
-1.217135148577526138e+01
-1.217145806803338104e+01
-1.217619680285273631e+01
-1.217619680285273631e+01
-1.217620285664993673e+01
-1.217706332762719690e+01
-1.217816959548940403e+01
-1.217904968255282583e+01
-1.217958980457154894e+01
-1.218236278707582265e+01
-1.218236278707582265e+01
-1.220696438562895203e+01
-1.220696438562895203e+01
-1.220696438562895203e+01
-1.220696438562895203e+01
-1.220696438562895203e+01
-1.221622507742911878e+01
-1.221622507742911878e+01
-1.221622507742911878e+01
-1.221622507742911878e+01
-1.221622507742911878e+01
-1.221543776735366293e+01
-1.221543776735366293e+01
-1.221729061805153549e+01
-1.222234651635516833e+01
-1.223141154090299132e+01
-1.224371999883180528e+01
-1.226887580169107572e+01
-1.224915561961416621e+01
-1.186325584675933875e+01
-1.186325584675933875e+01
-1.186274856825419910e+01
-1.186274856825419910e+01
-1.186274856825419910e+01
-1.186274856825419910e+01
-1.186274856825419910e+01
-1.186310479478859747e+01
-1.186310479478859747e+01
-1.186333192855787466e+01
-1.186333192855787466e+01
-1.186333192855787466e+01
-1.186333192855787466e+01
-1.235711700240627842e+01
-1.235711700240627842e+01
-1.235711700240627842e+01
-1.235711700240627842e+01
-1.235711700240627842e+01
-1.235711700240627842e+01
-1.235711700240627842e+01
-1.235711700240627842e+01
-1.235711700240627842e+01
-1.235684023596042103e+01
-1.235698404714277920e+01
-1.235698404714277920e+01
-1.235698404714277920e+01
-1.235698404714277920e+01
-1.235698404714277920e+01
-1.235698404714277920e+01
-1.235698404714277920e+01
-1.235698404714277920e+01
-1.235717853594149851e+01
-1.235692849141963912e+01
-1.235692849141963912e+01
-1.235692849141963912e+01
-1.235692849141963912e+01
-1.235692849141963912e+01
-1.235692849141963912e+01
-1.235692849141963912e+01
-1.235692849141963912e+01
-1.235692849141963912e+01
-1.235692849141963912e+01
-1.235654556046353036e+01
-1.235659099271481232e+01
-1.235659099271481232e+01
-1.235680703308172390e+01
-1.235680703308172390e+01
-1.235680703308172390e+01
-1.235680703308172390e+01
-1.235680703308172390e+01
-1.235688052758809619e+01
-1.235673305010090495e+01
-1.235673305010090495e+01
-1.235673305010090495e+01
-1.235673305010090495e+01
-1.235691551719152592e+01
-1.235691551719152592e+01
-1.235691551719152592e+01
-1.235691551719152592e+01
-1.235691551719152592e+01
-1.235691551719152592e+01
-1.235669549942822343e+01
-1.235669549942822343e+01
-1.235669549942822343e+01
-1.235669549942822343e+01
-1.235669549942822343e+01
-1.235669549942822343e+01
-1.235669549942822343e+01
-1.235669549942822343e+01
-1.235669549942822343e+01
-1.235651373599728942e+01
-1.235651373599728942e+01
-1.235651373599728942e+01
-1.235651373599728942e+01
-1.235651373599728942e+01
-1.235651373599728942e+01
-1.235651373599728942e+01
-1.235651373599728942e+01
-1.235679840407361496e+01
-1.235655465682853560e+01
-1.235655465682853560e+01
-1.235655465682853560e+01
-1.235677176975820757e+01
-1.235677176975820757e+01
-1.235677176975820757e+01
-1.235679505365277286e+01
-1.235679505365277286e+01
-1.235679505365277286e+01
-1.269104661697697267e+01
-1.269104661697697267e+01
-1.269104661697697267e+01
-1.269104661697697267e+01
-1.269104661697697267e+01
-1.269104661697697267e+01
-1.269104661697697267e+01
-1.269104661697697267e+01
-1.269104661697697267e+01
-1.269096794684074503e+01
-1.269096794684074503e+01
-1.269096794684074503e+01
-1.269096794684074503e+01
-1.269096794684074503e+01
-1.269085908562462883e+01
-1.269093110080378217e+01
-1.269093110080378217e+01
-1.269087472489277246e+01
-1.269087472489277246e+01
-1.269087472489277246e+01
-1.269087472489277246e+01
-1.269087472489277246e+01
-1.269087472489277246e+01
-1.269087472489277246e+01
-1.269087472489277246e+01
-1.269087472489277246e+01
-1.269080062269884301e+01
-1.269080062269884301e+01
-1.269080062269884301e+01
-1.269080062269884301e+01
-1.269080062269884301e+01
-1.269080062269884301e+01
-1.269080062269884301e+01
-1.269080062269884301e+01
-1.269077282494305692e+01
-1.269077282494305692e+01
-1.269097567051371200e+01
-1.269112826024670326e+01
-1.269112826024670326e+01
-1.269112826024670326e+01
-1.269112826024670326e+01
-1.269112826024670326e+01
-1.269104172881664994e+01
-1.269104172881664994e+01
-1.269104172881664994e+01
-1.269104172881664994e+01
-1.269104172881664994e+01
-1.269104172881664994e+01
-1.269104172881664994e+01
