5.330305542541317720e+01
5.329406527597246424e+01
5.321891825145095822e+01
5.300076722639703775e+01
5.244254289735582830e+01
5.194041250698862200e+01
5.130616202327468045e+01
5.067859097392273782e+01
5.018795652916634253e+01
4.991622616663325118e+01
4.960990689584434676e+01
4.931021474665321591e+01
4.915836695405236156e+01
4.896866039973396312e+01
4.878688070889184303e+01
4.859462093594328991e+01
4.849792574202400175e+01
4.841285709263208759e+01
4.826586617438768201e+01
4.821006954581901027e+01
4.811202534525234142e+01
4.797623802520922709e+01
4.790246615331591329e+01
4.780498808089306806e+01
4.766116754840913927e+01
4.756912430542391235e+01
4.750546112779827013e+01
4.741635775448919787e+01
4.733108467444148459e+01
4.724258803423575159e+01
4.722966943198983358e+01
4.715963759384904819e+01
4.709821898491237846e+01
4.694729883072884746e+01
4.689183433258090616e+01
4.684616643640720213e+01
4.682999759410218132e+01
4.675254745018953884e+01
4.644531321989446582e+01
4.641269713450887480e+01
4.640495500913348792e+01
4.633779340349870779e+01
4.629569722992474823e+01
4.594523292151619387e+01
4.595098276835301476e+01
4.595445063926096907e+01
4.595790187563273577e+01
4.596404250526157398e+01
4.596682918323193690e+01
4.597277761394691709e+01
4.597609743779879921e+01
4.598192184990438136e+01
4.598502219721194706e+01
4.599008639511301055e+01
4.567100673860947069e+01
4.567402741976907521e+01
4.567901358546393453e+01
4.568376187412361134e+01
4.568846749052427469e+01
4.569309430913183689e+01
4.557608876495256567e+01
4.558077143058326897e+01
4.558759095741087464e+01
4.523173850375125937e+01
4.523752978201022756e+01
4.524163179775791122e+01
4.524763240114462803e+01
4.525421836357003258e+01
4.526486525967447960e+01
4.498836985183297799e+01
4.478922052909521767e+01
4.479200847540437991e+01
4.479492563415524842e+01
4.480011508086427341e+01
4.480291767552054694e+01
4.480552577748927945e+01
4.480791590140250946e+01
4.481312353375290058e+01
4.481536260954445083e+01
4.432249317843594838e+01
4.432416696478929907e+01
4.432703017505394882e+01
4.433032995649953989e+01
4.433367541678626367e+01
4.433630994172408180e+01
4.433948853399172663e+01
4.437109541448643313e+01
4.437268275048496236e+01
4.437677144205471080e+01
4.437994494012764335e+01
4.438401464669129837e+01
4.399462554247890722e+01
4.399846839784378716e+01
4.400134726089267190e+01
4.369222211887377227e+01
4.437630132604090960e+01
4.313114971150710630e+01
4.313442600325235077e+01
4.313442600325235077e+01
4.313745188270131337e+01
4.314070219141865437e+01
4.314070219141865437e+01
4.314366795177528502e+01
4.314366795177528502e+01
4.314678354593570475e+01
4.314678354593570475e+01
4.314983647154129898e+01
4.314983647154129898e+01
4.315270301303553424e+01
4.315270301303553424e+01
4.315578569703992429e+01
4.315578569825242283e+01
4.315866345167859208e+01
4.316141605462122044e+01
4.316141605462122044e+01
4.316438901361088654e+01
4.316446668614220528e+01
4.316714861481960241e+01
4.316992842357323923e+01
4.316992842357323923e+01
4.317261708803998488e+01
4.317520676318670780e+01
4.317528711310540501e+01
4.317801511988812990e+01
4.317801511988812990e+01
4.318053299975031223e+01
4.318264814809799645e+01
4.318272964184606622e+01
4.318535523191130210e+01
4.280255827171041005e+01
4.280481539239049482e+01
4.280481539239049482e+01
4.280722209394977540e+01
4.280956724488090259e+01
4.280956724488090259e+01
4.281169189072723213e+01
4.281391758546836002e+01
4.281597779937852977e+01
4.281825357636744656e+01
4.281825357636744656e+01
4.282032821687427315e+01
4.282226194244973527e+01
4.245914106246405595e+01
4.246090999841746338e+01
4.246134459497534408e+01
4.246300936014454663e+01
4.246480124710852522e+01
4.246638615502708802e+01
4.246799804536546219e+01
4.246999090485529393e+01
4.247148463627458170e+01
4.244304664181287023e+01
4.244451844020158404e+01
4.223945677519113673e+01
4.224151789931105583e+01
4.224277531237427752e+01
4.224411107062800852e+01
4.224540747644803673e+01
4.224675017190516257e+01
4.224825768097204559e+01
4.225215861938431772e+01
4.225394896525486388e+01
4.225609707759831224e+01
4.225913229358536682e+01
4.219354460558506759e+01
4.220277552426723844e+01
4.246097138425945161e+01
4.228396100300635396e+01
4.143344269424906656e+01
4.106042398404878213e+01
4.106042351169358540e+01
4.106042351169358540e+01
4.106042351169358540e+01
4.106042368079560845e+01
4.106330877578417216e+01
4.106330877578417216e+01
4.106330877578417216e+01
4.106339734550547149e+01
4.106339734550547149e+01
4.106659736993553622e+01
4.106659736993553622e+01
4.106659736993553622e+01
4.106659736993553622e+01
4.106659736993553622e+01
4.106914785524596567e+01
4.106914785524596567e+01
4.106924711095891212e+01
4.106924711095891212e+01
4.107192831893522111e+01
4.107192831893522111e+01
4.107192831893522111e+01
4.107192831893522111e+01
4.107192831893522111e+01
4.107487951760405309e+01
4.107487967687679742e+01
4.107487967687679742e+01
4.107496870146314905e+01
4.107757680004399958e+01
4.107757680004399958e+01
4.107757680004399958e+01
4.107757680004399958e+01
4.107757680004399958e+01
4.107999150251112042e+01
4.107999150251112042e+01
4.107999150251112042e+01
4.108007884681793342e+01
4.108291034978942236e+01
4.108291034978942236e+01
4.108291035032237914e+01
4.108291035032237914e+01
4.108542342077494425e+01
4.108542342077494425e+01
4.108542342077494425e+01
4.108542342077494425e+01
4.108786920615266069e+01
4.108795663826285249e+01
4.108795663826285249e+01
4.108795663826285249e+01
4.108795663826285249e+01
4.109076006879962506e+01
4.109076006879962506e+01
4.109076006879962506e+01
4.109076006879962506e+01
4.109324687590493852e+01
4.109333845406540320e+01
4.109333845406540320e+01
4.109333845406540320e+01
4.109570781585126298e+01
4.109570781585126298e+01
4.109570781585126298e+01
4.109798347862604828e+01
4.109798347862604828e+01
4.109806938318224923e+01
4.109806938318224923e+01
4.064381559890954065e+01
4.064381559890954065e+01
4.064381559890954065e+01
4.064381559890954065e+01
4.064595199898712963e+01
4.064595199898712963e+01
4.064595199898712963e+01
4.064619561674261661e+01
4.064831716609015899e+01
4.064831716609015899e+01
4.064831716609015899e+01
4.064831716609015899e+01
4.065054125835136745e+01
4.065054125835136745e+01
4.065054125835136745e+01
4.065291014964689964e+01
4.065314096417758094e+01
4.065314096417758094e+01
4.065314096417758094e+01
4.065494624731920936e+01
4.065494624731920936e+01
4.065494624731920936e+01
4.065689835347237135e+01
4.065689835347237135e+01
4.065712875452583575e+01
4.065712875452583575e+01
4.065901836661370794e+01
4.065901836661370794e+01
4.065901836661370794e+01
4.066085652085638458e+01
4.066085652085638458e+01
4.066085652085638458e+01
4.064099957848446820e+01
4.064310651285747156e+01
4.064310651285747156e+01
4.064310651285747156e+01
4.064492993355992212e+01
4.064492993355992212e+01
4.064492993355992212e+01
4.064670228394662388e+01
4.064680985008525482e+01
4.064680985008525482e+01
4.064901049888493390e+01
4.064901049888493390e+01
4.064901049888493390e+01
4.012020343749956908e+01
4.012020343749956908e+01
4.012020343749956908e+01
4.012057135990335155e+01
4.012234098049402320e+01
4.012234098049402320e+01
4.012234098049402320e+01
4.012393393069031333e+01
4.012393393069031333e+01
4.012393393069031333e+01
4.012532830651645099e+01
4.012571356584835769e+01
4.012571356584835769e+01
4.012686934353917678e+01
4.012686934353917678e+01
4.012836295380714802e+01
4.012836295380714802e+01
4.012836295380714802e+01
4.012986255980424488e+01
4.013021569834842239e+01
4.013021569834842239e+01
4.013143314234994108e+01
4.013143314234994108e+01
4.013143314234994108e+01
4.013250587052039009e+01
4.013250587052039009e+01
3.986351134305972721e+01
3.986351134305972721e+01
3.986351134305972721e+01
3.986442147418868132e+01
3.986442147418868132e+01
3.986442204891393715e+01
3.986545176533711299e+01
3.986545176533711299e+01
3.986691679082890261e+01
3.986691679082890261e+01
3.986691679082890261e+01
3.986801321117556540e+01
3.986801321117556540e+01
3.965449608735917764e+01
3.965449608735917764e+01
3.965553967101047306e+01
3.965615448641806040e+01
3.965615448641806040e+01
3.965669346621059077e+01
3.965669346621059077e+01
3.960833299001888719e+01
3.960833299001888719e+01
3.960833299001888719e+01
3.961007959705059989e+01
3.961008069479879623e+01
3.961085359539062267e+01
3.961085359539062267e+01
3.944818475606858499e+01
3.944818475606858499e+01
3.944854190864953125e+01
3.945020593987861446e+01
3.945058673825731432e+01
3.945058675976973461e+01
3.945096261752485844e+01
3.945096261752485844e+01
3.945141928820329724e+01
3.945141928820329724e+01
3.926773335964333000e+01
3.926773335964333000e+01
3.926861486236155940e+01
3.926861486236155940e+01
3.908644698781325388e+01
3.908645092424201550e+01
3.908707094592858766e+01
3.908875616312947443e+01
3.908949265198565115e+01
3.908985517057237757e+01
3.909053388258142547e+01
3.909133571636560589e+01
3.928014663765175385e+01
3.928338332397679267e+01
3.928910410796662234e+01
3.979779863022321251e+01
4.020217593165283176e+01
3.958909637865711062e+01
3.933719746469290612e+01
3.912331205643133103e+01
3.897314391560557567e+01
3.896773278855667400e+01
3.896733505965010380e+01
3.896733964043855281e+01
3.896733964043855281e+01
3.896733964043855281e+01
3.896733267209141616e+01
3.896951465320118757e+01
3.896951465320118757e+01
3.896951465320118757e+01
3.896951465320118757e+01
3.896951465320118757e+01
3.896951465320118757e+01
3.896951465320118757e+01
3.897168567452365551e+01
3.897168567452365551e+01
3.897168567452365551e+01
3.897168567452365551e+01
3.897168567452365551e+01
3.897168567452365551e+01
3.897376588092360805e+01
3.897377054602058877e+01
3.897377054602058877e+01
3.897377054602058877e+01
3.897377054602058877e+01
3.897377054602058877e+01
3.897377054602058877e+01
3.897606935021810415e+01
3.897606935021810415e+01
3.897606935021810415e+01
3.897606935021810415e+01
3.897606935021810415e+01
3.897606935021810415e+01
3.860235432849280812e+01
3.860235432849280812e+01
3.860235432849280812e+01
3.860235432849280812e+01
3.860235437218201326e+01
3.860236526682732006e+01
3.860236526682732006e+01
3.860430287631844237e+01
3.860430287631844237e+01
3.860430287631844237e+01
3.860430287631844237e+01
3.860430287631844237e+01
3.860430287631844237e+01
3.860636498787422966e+01
3.860636498787422966e+01
3.860636498787422966e+01
3.860636498787422966e+01
3.860636498787422966e+01
3.860636498787422966e+01
3.860830466576018694e+01
3.860830466576018694e+01
3.860830466576018694e+01
3.860831583397545330e+01
3.860831583397545330e+01
3.860831583397545330e+01
3.861071453216494831e+01
3.861071453216494831e+01
3.861071453216494831e+01
3.861071453216494831e+01
3.861071453216494831e+01
3.861071453216494831e+01
3.861212848630042060e+01
3.861212848630042060e+01
3.861212848630042060e+01
3.861212848630042060e+01
3.861212852867949863e+01
3.861384123166509141e+01
3.861384123166509141e+01
3.861384123166509141e+01
3.861385191359197222e+01
3.861385191359197222e+01
3.861385191359197222e+01
3.813320018077742901e+01
3.813320018077742901e+01
3.813320018077742901e+01
3.813320018077742901e+01
3.813320018077742901e+01
3.813320018077742901e+01
3.813475493100423819e+01
3.813475493100423819e+01
3.813475493100423819e+01
3.813475493100423819e+01
3.813475493100423819e+01
3.813652299203732809e+01
3.813652299203732809e+01
3.813655833878074475e+01
3.813655833878074475e+01
3.813655833878074475e+01
3.813655833878074475e+01
3.813802525779202313e+01
3.813802525779202313e+01
3.813802525779202313e+01
3.813802525779202313e+01
3.813802525779202313e+01
3.813964822296311041e+01
3.813964145307848952e+01
3.813964145307848952e+01
3.813964145307848952e+01
3.813964145307848952e+01
3.814123687780218575e+01
3.814123687780218575e+01
3.814126604823757560e+01
3.814126604823757560e+01
3.814126604823757560e+01
3.814256624850591493e+01
3.814256624850591493e+01
3.814256624850591493e+01
3.814256624850591493e+01
3.814256624850591493e+01
3.748018161337110143e+01
3.748018161337110143e+01
3.748018161337110143e+01
3.748018161337110143e+01
3.748018161337110143e+01
3.748148754067424449e+01
3.748148754067424449e+01
3.748148754067424449e+01
3.748163178802448670e+01
3.748163178802448670e+01
3.748272004267099078e+01
3.748272004267099078e+01
3.748272004267099078e+01
3.748272004267099078e+01
3.748272004267099078e+01
3.748379622586864457e+01
3.748379659687225285e+01
3.748379659687225285e+01
3.748379659687225285e+01
3.748379659687225285e+01
3.748490213911267688e+01
3.748490213911267688e+01
3.748490213911267688e+01
3.748490213911267688e+01
3.748503801467723662e+01
3.748597483814606335e+01
3.748597483814606335e+01
3.748597483814606335e+01
3.748597483814606335e+01
3.685749112095483326e+01
3.685749112095483326e+01
3.685749112095483326e+01
3.685749112095483326e+01
3.685749112095483326e+01
3.685836190190433115e+01
3.685836190190433115e+01
3.685836190190433115e+01
3.685836190190433115e+01
3.685875160856717514e+01
3.677337003811619809e+01
3.677337003811619809e+01
3.677337003811619809e+01
3.677426588486811454e+01
3.677426588486811454e+01
3.677426588486811454e+01
3.677426774112557695e+01
3.677426774112557695e+01
3.677492828181684104e+01
3.677492828181684104e+01
3.677492828181684104e+01
3.677492828181684104e+01
3.677556325705246820e+01
3.677556325705246820e+01
3.677556325705246820e+01
3.677576812327059486e+01
3.630360836840443994e+01
3.630360836840443994e+01
3.630360836840443994e+01
3.630360836840443994e+01
3.630418192480556172e+01
3.630418192480556172e+01
3.630418192480556172e+01
3.630418192480556172e+01
3.630464155187059561e+01
3.630464155187059561e+01
3.630464155187059561e+01
3.630464155187059561e+01
3.630561315663346988e+01
3.630561315663346988e+01
3.630625520664118255e+01
3.630625520664118255e+01
3.623371491144817469e+01
3.623371491144817469e+01
3.623371491144817469e+01
3.623372139319216956e+01
3.623416227000986112e+01
3.623416227000986112e+01
3.623416227000986112e+01
3.623416227000986112e+01
3.623468027431877658e+01
3.623468027431877658e+01
3.623468027431877658e+01
3.588155499992210196e+01
3.588155499992210196e+01
3.588298259798399670e+01
3.588298259798399670e+01
3.588325236218942393e+01
3.588325236218942393e+01
3.588325236218942393e+01
3.588325236218942393e+01
3.588361570579708371e+01
3.588361570579708371e+01
3.588361570579708371e+01
3.588410109707736950e+01
3.588410109707736950e+01
3.588410109707736950e+01
3.588458011581131046e+01
3.588458011581131046e+01
3.588592802727353615e+01
3.588592802727353615e+01
3.588637281197549100e+01
3.588637281197549100e+01
3.588637281197549100e+01
3.588711793617355283e+01
3.588711793617355283e+01
3.588711793617355283e+01
3.588808763132455226e+01
3.588808763132455226e+01
3.588871413354468132e+01
3.588896413048748002e+01
3.588956087020059016e+01
3.589032173240483559e+01
3.589071362346744110e+01
3.589300457334679351e+01
3.589406330412150936e+01
3.589469394853844619e+01
3.589622516806182517e+01
3.589816998278258353e+01
3.626845342638343084e+01
3.627763378002767070e+01
3.681430272821857841e+01
3.828376912927343767e+01
3.685638845865443614e+01
3.633182930752423800e+01
3.633297493221781593e+01
3.593415720827188409e+01
3.593416932486967141e+01
3.593508354524492177e+01
3.578979595981117257e+01
3.573784466736350396e+01
3.572298340714964127e+01
3.571150942121710159e+01
3.571150942121710159e+01
3.571150942121710159e+01
3.571150942121710159e+01
3.571150942121710159e+01
3.571150942121710159e+01
3.571150942121710159e+01
3.571150942121710159e+01
3.571150942121710159e+01
3.571150942121710159e+01
3.571393709203031364e+01
3.571393709203031364e+01
3.571393709203031364e+01
3.571393709203031364e+01
3.571393709203031364e+01
3.571393709203031364e+01
3.571393709203031364e+01
3.571393709203031364e+01
3.571393709203031364e+01
3.571393709203031364e+01
3.571393709203031364e+01
3.571393709203031364e+01
3.571393709203031364e+01
3.571393709203031364e+01
3.571611902422790763e+01
3.571611902422790763e+01
3.571611902422790763e+01
3.571611902422790763e+01
3.571613983812097359e+01
3.571613983812097359e+01
3.571613983812097359e+01
3.571613983812097359e+01
3.571613983812097359e+01
3.571613983812097359e+01
3.571613983812097359e+01
3.571613983812097359e+01
3.571613983812097359e+01
3.571828111604879297e+01
3.571828111604879297e+01
3.571828111604879297e+01
3.571828111604879297e+01
3.571828111604879297e+01
3.571828111604879297e+01
3.571828111604879297e+01
3.571828111604879297e+01
3.571828111604879297e+01
3.571828111604879297e+01
3.571828111604879297e+01
3.571828111604879297e+01
3.571828111604879297e+01
3.571828111604879297e+01
3.572022718137972674e+01
3.572022718137972674e+01
3.572022718137972674e+01
3.572022718137972674e+01
3.572022718137972674e+01
3.572024752421377514e+01
3.572024752421377514e+01
3.572024752421377514e+01
3.572024752421377514e+01
3.572024752421377514e+01
3.572024752421377514e+01
3.572024752421377514e+01
3.572024752421377514e+01
3.516929323249486572e+01
3.516929323249486572e+01
3.516929323249486572e+01
3.516929323249486572e+01
3.516929323249486572e+01
3.516929323249486572e+01
3.516929323249486572e+01
3.516929323249486572e+01
3.516929323249486572e+01
3.516929323249486572e+01
3.516929323249486572e+01
3.516929323249486572e+01
3.516929323249486572e+01
3.517111356119730203e+01
3.517111356119730203e+01
3.517111356119730203e+01
3.517111356119730203e+01
3.517111356119730203e+01
3.517111356119730203e+01
3.517118490260819641e+01
3.517118490260819641e+01
3.517118490260819641e+01
3.517118490260819641e+01
3.517118490260819641e+01
3.517118490260819641e+01
3.517300905143439138e+01
3.517300905143439138e+01
3.517300905143439138e+01
3.517300905143439138e+01
3.517300905143439138e+01
3.517300905143439138e+01
3.517300905143439138e+01
3.517300905143439138e+01
3.517300905143439138e+01
3.517300905143439138e+01
3.517300905143439138e+01
3.517300905143439138e+01
3.517300905143439138e+01
3.517511458725493867e+01
3.517511458725493867e+01
3.517511458725493867e+01
3.517511458725493867e+01
3.517511458725493867e+01
3.517511458725493867e+01
3.517511458725493867e+01
3.517511458725493867e+01
3.517518697292430829e+01
3.517518697292430829e+01
3.517518697292430829e+01
3.517518697292430829e+01
3.517518697292430829e+01
3.517689403759413835e+01
3.517689403759413835e+01
3.517689403759413835e+01
3.517689403759413835e+01
3.517689403759413835e+01
3.517689403759413835e+01
3.517689403759413835e+01
3.517689403759413835e+01
3.517689403759413835e+01
3.517689403759413835e+01
3.517689403759413835e+01
3.517689403759413835e+01
3.517862652224820152e+01
3.517862652224820152e+01
3.517862652224820152e+01
3.517862652224820152e+01
3.517862652224820152e+01
3.517862652224820152e+01
3.517862652224820152e+01
3.517862652224820152e+01
3.517862652224820152e+01
3.517862652224820152e+01
3.517870704464743170e+01
3.517870704464743170e+01
3.518046657168864044e+01
3.518046657168864044e+01
3.518046657168864044e+01
3.518046657168864044e+01
3.518046657168864044e+01
3.518046657168864044e+01
3.518046657168864044e+01
3.518046657168864044e+01
3.518046657168864044e+01
3.518046657168864044e+01
3.518046657168864044e+01
3.518046657168864044e+01
3.518203046085636032e+01
3.518203046085636032e+01
3.518203046085636032e+01
3.518203046085636032e+01
3.518203046085636032e+01
3.518203046085636032e+01
3.518203046085636032e+01
3.518203046085636032e+01
3.518203046085636032e+01
3.518203046085636032e+01
3.518203046085636032e+01
3.518378944107745809e+01
3.518385650145038568e+01
3.518385650145038568e+01
3.518385650145038568e+01
3.518385650145038568e+01
3.518385650145038568e+01
3.518385650145038568e+01
3.518385650145038568e+01
3.518385650145038568e+01
3.518385650145038568e+01
3.518385650145038568e+01
3.518385650145038568e+01
3.469873696611630010e+01
3.469873696611630010e+01
3.469873696611630010e+01
3.469873696611630010e+01
3.469873696611630010e+01
3.469873696611630010e+01
3.469873696611630010e+01
3.469873696611630010e+01
3.469873696611630010e+01
3.469873696611630010e+01
3.469873696611630010e+01
3.470009775455430656e+01
3.470009775455430656e+01
3.470009775455430656e+01
3.470009775455430656e+01
3.470030431511900559e+01
3.470030431511900559e+01
3.470030431511900559e+01
3.470030431511900559e+01
3.470030431511900559e+01
3.470030431511900559e+01
3.470030431511900559e+01
3.470030431511900559e+01
3.470185450135976168e+01
3.470185450135976168e+01
3.470185450135976168e+01
3.470185450135976168e+01
3.470185450135976168e+01
3.470185450135976168e+01
3.470185450135976168e+01
3.470185450135976168e+01
3.470185450135976168e+01
3.470185450135976168e+01
3.470185450135976168e+01
3.470309487643594082e+01
3.470309487643594082e+01
3.470309487643594082e+01
3.470309487643594082e+01
3.470309487643594082e+01
3.470309487643594082e+01
3.470309487643594082e+01
3.470329252111532981e+01
3.470329252111532981e+01
3.470329252111532981e+01
3.470329252111532981e+01
3.470463885545704841e+01
3.470463885545704841e+01
3.470463885545704841e+01
3.470463885545704841e+01
3.470463885545704841e+01
3.470463885545704841e+01
3.470463885545704841e+01
3.470463885545704841e+01
3.470463885545704841e+01
3.470463885545704841e+01
3.470579047270026507e+01
3.470579047270026507e+01
3.470579047270026507e+01
3.470579047270026507e+01
3.470579047270026507e+01
3.470579047270026507e+01
3.470579047270026507e+01
3.470579047270026507e+01
3.470579047270026507e+01
3.470579047270026507e+01
3.470579047270026507e+01
3.468204843465967713e+01
3.468204843465967713e+01
3.468204843465967713e+01
3.468204843465967713e+01
3.468204843465967713e+01
3.468204843465967713e+01
3.468204843465967713e+01
3.468204843465967713e+01
3.468204843465967713e+01
3.468204843465967713e+01
3.468313287615500684e+01
3.468313287615500684e+01
3.468313287615500684e+01
3.468313287615500684e+01
3.468313287615500684e+01
3.468313287615500684e+01
3.468313287615500684e+01
3.468313287615500684e+01
3.468313287615500684e+01
3.468313287615500684e+01
3.468445877267039634e+01
3.468445877267039634e+01
3.468445877267039634e+01
3.468445877267039634e+01
3.468445877267039634e+01
3.468453866257311802e+01
3.468453866257311802e+01
3.468453866257311802e+01
3.468453866257311802e+01
3.468453866257311802e+01
3.468453866257311802e+01
3.420287675183322307e+01
3.420287675183322307e+01
3.420287675183322307e+01
3.420287675183322307e+01
3.420287675183322307e+01
3.420287675183322307e+01
3.420287675183322307e+01
3.420287675183322307e+01
3.420287675183322307e+01
3.420375447364364163e+01
3.420375447364364163e+01
3.420375447364364163e+01
3.420375447364364163e+01
3.420375447364364163e+01
3.420375447364364163e+01
3.420375447364364163e+01
3.420375447364364163e+01
3.420375447364364163e+01
3.420401390645440642e+01
3.420480658700925858e+01
3.420480658700925858e+01
3.420480658700925858e+01
3.420480658700925858e+01
3.420480658700925858e+01
3.420480658700925858e+01
3.420480658700925858e+01
3.420480658700925858e+01
3.420480658700925858e+01
3.420480658700925858e+01
3.420602246235770139e+01
3.420602246235770139e+01
3.420602246235770139e+01
3.420602246235770139e+01
3.420602246235770139e+01
3.420602246235770139e+01
3.420602246235770139e+01
3.420602246235770139e+01
3.420602246235770139e+01
3.420649056647256003e+01
3.420649056647256003e+01
3.420649056647256003e+01
3.420649056647256003e+01
3.420673362745616686e+01
3.420673362745616686e+01
3.420673362745616686e+01
3.420673362745616686e+01
3.420673362745616686e+01
3.420673362745616686e+01
3.420743198413128283e+01
3.420743198413128283e+01
3.420743198413128283e+01
3.420743198413128283e+01
3.420743198413128283e+01
3.420743198413128283e+01
3.420743198413128283e+01
3.420743198413128283e+01
3.420743198413128283e+01
3.420800949892480247e+01
3.420800949892480247e+01
3.420800949892480247e+01
3.420800949892480247e+01
3.420800949892480247e+01
3.420800949892480247e+01
3.420800949892480247e+01
3.420800949892480247e+01
3.420824430576874420e+01
3.420901848196432127e+01
3.420901848196432127e+01
3.420901848196432127e+01
3.420901848196432127e+01
3.420901848196432127e+01
3.420901848196432127e+01
3.420901848196432127e+01
3.420901848196432127e+01
3.420901848196432127e+01
3.387733867904882601e+01
3.387733867904882601e+01
3.387733867904882601e+01
3.387733867904882601e+01
3.387733867904882601e+01
3.387733867904882601e+01
3.387733867904882601e+01
3.387733867904882601e+01
3.387733867904882601e+01
3.387775496071572690e+01
3.387775496071572690e+01
3.387775496071572690e+01
3.387775496071572690e+01
3.387775496071572690e+01
3.387833153226776517e+01
3.387833153226776517e+01
3.387833153226776517e+01
3.387864566124571297e+01
3.387864566124571297e+01
3.387864566124571297e+01
3.387864566124571297e+01
3.387864566124571297e+01
3.387864566124571297e+01
3.387864566124571297e+01
3.387864566124571297e+01
3.387864566124571297e+01
3.387903843012502847e+01
3.387903843012502847e+01
3.387903843012502847e+01
3.387903843012502847e+01
3.387903843012502847e+01
3.387903843012502847e+01
3.387903843012502847e+01
3.387903843012502847e+01
3.387918584282189016e+01
3.387918584282189016e+01
3.387969004974545584e+01
3.387969004974545584e+01
3.387969004974545584e+01
3.387969004974545584e+01
3.387969004974545584e+01
3.387969004974545584e+01
3.388014757800561938e+01
3.388014757800561938e+01
3.388014757800561938e+01
3.388014757800561938e+01
3.388014757800561938e+01
3.388014757800561938e+01
3.388014757800561938e+01
