5.294880100753966445e+01
5.300886653351059152e+01
5.307958719766575229e+01
5.284877415565899383e+01
5.227037929474624889e+01
5.175446547808434872e+01
5.117626230070637661e+01
5.047997350683925788e+01
4.967998810353699923e+01
4.905167831772337905e+01
4.855827694139684070e+01
4.813433957637371918e+01
4.768898586361262915e+01
4.729036668269505128e+01
4.701825092554916807e+01
4.677118006144615947e+01
4.650126436278920039e+01
4.642256156398312328e+01
4.607864017160785863e+01
4.599474876726274886e+01
4.566432454834080801e+01
4.554740879169983714e+01
4.541188647273595791e+01
4.534123862488991819e+01
4.505779627980893309e+01
4.491208786770515360e+01
4.481792761024527749e+01
4.469626717725876119e+01
4.454779841645203220e+01
4.448291126454329003e+01
4.438061840393679347e+01
4.429376025455390931e+01
4.406277578661101302e+01
4.405722969121570998e+01
4.398168567528428241e+01
4.390691594421026878e+01
4.364176501771439121e+01
4.344061054947181333e+01
4.339627943672196153e+01
4.366497863078345176e+01
4.300226173878019154e+01
4.300913464377138240e+01
4.301300651569646050e+01
4.301957326580654239e+01
4.302894268347932893e+01
4.303524631110779808e+01
4.304225111005116844e+01
4.271868779827299534e+01
4.278518384274050845e+01
4.279077680581429632e+01
4.279964603931792055e+01
4.280723040158638071e+01
4.271816001598179469e+01
4.234582885118281581e+01
4.235289273703165236e+01
4.236302243108147536e+01
4.237507072938720398e+01
4.193086992624837706e+01
4.193449725438451026e+01
4.194094735998359624e+01
4.194671156344243457e+01
4.195035812549923548e+01
4.195727445427695557e+01
4.196286529969721357e+01
4.155823931024008289e+01
4.156367931554092365e+01
4.156714951880650233e+01
4.157247696460172648e+01
4.148602769364890719e+01
4.149313218194110675e+01
4.150091632090546057e+01
4.117843830806313576e+01
4.118732218886211172e+01
4.119398008335097927e+01
4.125508017817362827e+01
4.076267517769995408e+01
4.076622704701934197e+01
4.076622704701934197e+01
4.076988097103311048e+01
4.077339527297830557e+01
4.077672259959630452e+01
4.078081034986279008e+01
4.078675296683002216e+01
4.078684935251169463e+01
4.079017344235530373e+01
4.079376021245469985e+01
4.079705256793416623e+01
4.079692880446565084e+01
4.080000845957013667e+01
4.080341599739561786e+01
4.080658128128878559e+01
4.080957407974612750e+01
4.081298002052268714e+01
4.081578757483414677e+01
4.081874264093411853e+01
4.082171135657000605e+01
4.082472959578878147e+01
4.048337504365935047e+01
4.048608995824760370e+01
4.048943572740185459e+01
4.049215337353620470e+01
4.049762453169687859e+01
4.050065960376041119e+01
4.034182239624232125e+01
4.034665627879401484e+01
4.034927064451512280e+01
4.035220062004373176e+01
4.035710837080273450e+01
4.036179579798244532e+01
4.036473554504186723e+01
4.036942739412332060e+01
4.004833295421634176e+01
4.005123456761360501e+01
4.005524119830255358e+01
4.006038679587331330e+01
4.006724789425091870e+01
4.041408387494243470e+01
4.014250675018125492e+01
3.951672699218630669e+01
3.950896223288703624e+01
3.951251593760009229e+01
3.951251593760009229e+01
3.951270059634564547e+01
3.951648690647070339e+01
3.951648690647070339e+01
3.951648690647070339e+01
3.952001721816161250e+01
3.952019941418396343e+01
3.952019941418396343e+01
3.952369624128098025e+01
3.952369624128098025e+01
3.952741680504652066e+01
3.952741680504652066e+01
3.952761080000654204e+01
3.953102487470100357e+01
3.953102487470100357e+01
3.953461972282961767e+01
3.953461972282961767e+01
3.953479772171931472e+01
3.953831518090092345e+01
3.953831518090092345e+01
3.954159331386867393e+01
3.954159331386867393e+01
3.954177009757321315e+01
3.915491059268143204e+01
3.915491059268143204e+01
3.915795321544794660e+01
3.915795321544794660e+01
3.916143597377815411e+01
3.916143597377815411e+01
3.916474353278260878e+01
3.916474353278260878e+01
3.916474353278260878e+01
3.916812479981881978e+01
3.916813443146488538e+01
3.917127337046466096e+01
3.917127337046466096e+01
3.917434546191445577e+01
3.917473675319899229e+01
3.917764273389558127e+01
3.917764273389558127e+01
3.918065465634469291e+01
3.918108307583506189e+01
3.918411597001276192e+01
3.918412547394051160e+01
3.918700445774353369e+01
3.918700445774353369e+01
3.919041424844164112e+01
3.919041424844164112e+01
3.919315122960613706e+01
3.919315122960613706e+01
3.919640277167595599e+01
3.919640277167595599e+01
3.919930530054180906e+01
3.920203907199876880e+01
3.920204872230593196e+01
3.920517093018169419e+01
3.920517093018169419e+01
3.920805048364969991e+01
3.920805048364969991e+01
3.921106392691785913e+01
3.921374524509771220e+01
3.921374524509771220e+01
3.921650114363137618e+01
3.921946772898728284e+01
3.921946772898728284e+01
3.922212642338185162e+01
3.922212642338185162e+01
3.922502902044968209e+01
3.922753380925611566e+01
3.922753380925611566e+01
3.923016515387151060e+01
3.923303407403641074e+01
3.883191706114625674e+01
3.883193893441141142e+01
3.883408432657587639e+01
3.883692421891664281e+01
3.883883335083332611e+01
3.883883335083332611e+01
3.884089558150808585e+01
3.872481667316222342e+01
3.872655869775994120e+01
3.872830217779065265e+01
3.872830217779065265e+01
3.873107971285953255e+01
3.873287033033924587e+01
3.873454892382848413e+01
3.873618488104953883e+01
3.873909280933602872e+01
3.874083695236790703e+01
3.874267907901710828e+01
3.874443965482650754e+01
3.874745235684693512e+01
3.874933849163444677e+01
3.875121393366026723e+01
3.875530105047198504e+01
3.875872491017070587e+01
3.876657694856331204e+01
3.916167341884736430e+01
3.882011452447859767e+01
3.882919489111894507e+01
3.851124368137777765e+01
3.833511353268050215e+01
3.826720449003085633e+01
3.826720449003085633e+01
3.826720449003085633e+01
3.827045733158765017e+01
3.827045733158765017e+01
3.827045733158765017e+01
3.827376557202882879e+01
3.827376557202882879e+01
3.827384303900784346e+01
3.827384303900784346e+01
3.827716001562982484e+01
3.827716001562982484e+01
3.827716001562982484e+01
3.828030685241827769e+01
3.828030685241827769e+01
3.828030685241827769e+01
3.828338940282634439e+01
3.828346635173697621e+01
3.828346635173697621e+01
3.828679496713926511e+01
3.828679496713926511e+01
3.828679496713926511e+01
3.828983666367746252e+01
3.828983666367746252e+01
3.828983666367746252e+01
3.829287681198834292e+01
3.829294991133738790e+01
3.829294991133738790e+01
3.829622639308257703e+01
3.829622639308257703e+01
3.829622639308257703e+01
3.829917759732757077e+01
3.829917759732757077e+01
3.829917759732757077e+01
3.775313396058326987e+01
3.775340228359669936e+01
3.775340228359669936e+01
3.775626060199015654e+01
3.775626060199015654e+01
3.775626060199015654e+01
3.775918751489101055e+01
3.775918751489101055e+01
3.775918751489101055e+01
3.776213587853702336e+01
3.776213587853702336e+01
3.776483376837373385e+01
3.776483376837373385e+01
3.776483376837373385e+01
3.776775999226006775e+01
3.776775999226006775e+01
3.776775999226006775e+01
3.777065621567123088e+01
3.777065621567123088e+01
3.777321030609719088e+01
3.777321030609719088e+01
3.777321030609719088e+01
3.777601427498665032e+01
3.777601427498665032e+01
3.777856212451033002e+01
3.777880819240124310e+01
3.778136779142307233e+01
3.778136779142307233e+01
3.778136779142307233e+01
3.778401735677203988e+01
3.778401735677203988e+01
3.778650226831867087e+01
3.778650226831867087e+01
3.778919390776464837e+01
3.778919390776464837e+01
3.779186758333561613e+01
3.779186758333561613e+01
3.779186758333561613e+01
3.779426687844794941e+01
3.779426687844794941e+01
3.779661269680158853e+01
3.779684774643780543e+01
3.779940027097790534e+01
3.779940027097790534e+01
3.780176159482553544e+01
3.780176159482553544e+01
3.780409751227330162e+01
3.780409751227330162e+01
3.780656749366117708e+01
3.780680430747369769e+01
3.780905998620907837e+01
3.780905998620907837e+01
3.781139995623401973e+01
3.781139995623401973e+01
3.781381303723432552e+01
3.767381167717995538e+01
3.767412489217899463e+01
3.767646825063187066e+01
3.767646825063187066e+01
3.767878439387260414e+01
3.768105128714556429e+01
3.768105128714556429e+01
3.768339534023353110e+01
3.768368802968859654e+01
3.768610497327213693e+01
3.713795768652349238e+01
3.713795768652349238e+01
3.713989477851755794e+01
3.714136092222212682e+01
3.769531482132084221e+01
3.769758511326001837e+01
3.770044056365789231e+01
3.770358461556126883e+01
3.770916927249548678e+01
3.771763305414495449e+01
3.844323006194591130e+01
3.777469566832343872e+01
3.778212925738206707e+01
3.778936854192622263e+01
3.779548386689913286e+01
3.722825741425684498e+01
3.723353694748437448e+01
3.723994236890540321e+01
3.661527717269914461e+01
3.661527717269914461e+01
3.661924517269914503e+01
3.661924517269914503e+01
3.661924517269914503e+01
3.661924517269914503e+01
3.661924517269914503e+01
3.661924517269914503e+01
3.662242517269914543e+01
3.662242517269914543e+01
3.662242517269914543e+01
3.662242517269914543e+01
3.662242517269914543e+01
3.662242517269914543e+01
3.662242517269914543e+01
3.662578817269914566e+01
3.662578817269914566e+01
3.662578817269914566e+01
3.662578817269914566e+01
3.662578817269914566e+01
3.662578817269914566e+01
3.662578817269914566e+01
3.662910517269914124e+01
3.662910517269914124e+01
3.662910517269914124e+01
3.662910517269914124e+01
3.662910517269914124e+01
3.662910517269914124e+01
3.663262017269914850e+01
3.663262017269914850e+01
3.663262017269914850e+01
3.663262017269914850e+01
3.663262017269914850e+01
3.663262017269914850e+01
3.663262017269914850e+01
3.663575617269914630e+01
3.663575617269914630e+01
3.663575617269914630e+01
3.663575617269914630e+01
3.663575617269914630e+01
3.663575617269914630e+01
3.663907017269914945e+01
3.663907017269914945e+01
3.663907017269914945e+01
3.663907017269914945e+01
3.663907017269914945e+01
3.663907017269914945e+01
3.664242417269915109e+01
3.664242417269915109e+01
3.664242417269915109e+01
3.664242417269915109e+01
3.664242417269915109e+01
3.664242417269915109e+01
3.664575817269914637e+01
3.664575817269914637e+01
3.664575817269914637e+01
3.664575817269914637e+01
3.664575817269914637e+01
3.664575817269914637e+01
3.664890917269914894e+01
3.664890917269914894e+01
3.664890917269914894e+01
3.664890917269914894e+01
3.664890917269914894e+01
3.664890917269914894e+01
3.665195017269914501e+01
3.665195017269914501e+01
3.665195017269914501e+01
3.665195017269914501e+01
3.665195017269914501e+01
3.665195017269914501e+01
3.665499417269914773e+01
3.665499417269914773e+01
3.665499417269914773e+01
3.665499417269914773e+01
3.665499417269914773e+01
3.665811817269914741e+01
3.665811817269914741e+01
3.665811817269914741e+01
3.665811817269914741e+01
3.665811817269914741e+01
3.665811817269914741e+01
3.666113317269914518e+01
3.666113317269914518e+01
3.666113317269914518e+01
3.666113317269914518e+01
3.666113317269914518e+01
3.666421117269914731e+01
3.666421117269914731e+01
3.666421117269914731e+01
3.666421117269914731e+01
3.666421117269914731e+01
3.666421117269914731e+01
3.666758217269914155e+01
3.666758217269914155e+01
3.666758217269914155e+01
3.666758217269914155e+01
3.666758217269914155e+01
-1.000000000000000000e+01
-1.000000000000000000e+01
-1.000000000000000000e+01
-1.000000000000000000e+01
-1.000000000000000000e+01
-1.000000000000000000e+01
-1.000000000000000000e+01
-1.000000000000000000e+01
-1.000000000000000000e+01
-1.000000000000000000e+01
-1.000000000000000000e+01
-1.000000000000000000e+01
-1.000000000000000000e+01
-1.000000000000000000e+01
-1.000000000000000000e+01
-1.000000000000000000e+01
-1.000000000000000000e+01
-1.000000000000000000e+01
-1.000000000000000000e+01
-1.000000000000000000e+01
-1.000000000000000000e+01
-1.000000000000000000e+01
-1.000000000000000000e+01
-1.000000000000000000e+01
-1.000000000000000000e+01
-1.000000000000000000e+01
-1.000000000000000000e+01
-1.000000000000000000e+01
-1.000000000000000000e+01
-1.000000000000000000e+01
-1.000000000000000000e+01
-1.000000000000000000e+01
-1.000000000000000000e+01
-1.000000000000000000e+01
-1.000000000000000000e+01
-1.000000000000000000e+01
-1.000000000000000000e+01
-1.000000000000000000e+01
-1.000000000000000000e+01
-1.000000000000000000e+01
-1.000000000000000000e+01
-1.000000000000000000e+01
-1.000000000000000000e+01
-1.000000000000000000e+01
-1.000000000000000000e+01
-1.000000000000000000e+01
-1.000000000000000000e+01
-1.000000000000000000e+01
-1.000000000000000000e+01
-1.000000000000000000e+01
-1.000000000000000000e+01
-1.000000000000000000e+01
-1.000000000000000000e+01
-1.000000000000000000e+01
-1.000000000000000000e+01
-1.000000000000000000e+01
-1.000000000000000000e+01
-1.000000000000000000e+01
-1.000000000000000000e+01
-1.000000000000000000e+01
-1.000000000000000000e+01
-1.000000000000000000e+01
-1.000000000000000000e+01
-1.000000000000000000e+01
-1.000000000000000000e+01
-1.000000000000000000e+01
-1.000000000000000000e+01
-1.000000000000000000e+01
-1.000000000000000000e+01
-1.000000000000000000e+01
-1.000000000000000000e+01
-1.000000000000000000e+01
-1.000000000000000000e+01
-1.000000000000000000e+01
-1.000000000000000000e+01
-1.000000000000000000e+01
-1.000000000000000000e+01
-1.000000000000000000e+01
-1.000000000000000000e+01
-1.000000000000000000e+01
-1.000000000000000000e+01
-1.000000000000000000e+01
-1.000000000000000000e+01
-1.000000000000000000e+01
-1.000000000000000000e+01
-1.000000000000000000e+01
-1.000000000000000000e+01
-1.000000000000000000e+01
-1.000000000000000000e+01
-1.000000000000000000e+01
-1.000000000000000000e+01
-1.000000000000000000e+01
-1.000000000000000000e+01
-1.000000000000000000e+01
-1.000000000000000000e+01
-1.000000000000000000e+01
-1.000000000000000000e+01
-1.000000000000000000e+01
-1.000000000000000000e+01
-1.000000000000000000e+01
-1.000000000000000000e+01
-1.000000000000000000e+01
-1.000000000000000000e+01
-1.000000000000000000e+01
-1.000000000000000000e+01
-1.000000000000000000e+01
-1.000000000000000000e+01
-1.000000000000000000e+01
-1.000000000000000000e+01
-1.000000000000000000e+01
-1.000000000000000000e+01
-1.000000000000000000e+01
-1.000000000000000000e+01
-1.000000000000000000e+01
-1.000000000000000000e+01
-1.000000000000000000e+01
-1.000000000000000000e+01
-1.000000000000000000e+01
-1.000000000000000000e+01
-1.000000000000000000e+01
-1.000000000000000000e+01
-1.000000000000000000e+01
-1.000000000000000000e+01
-1.000000000000000000e+01
-1.000000000000000000e+01
-1.000000000000000000e+01
-1.000000000000000000e+01
-1.000000000000000000e+01
-1.000000000000000000e+01
-1.000000000000000000e+01
-1.000000000000000000e+01
-1.000000000000000000e+01
-1.000000000000000000e+01
-1.000000000000000000e+01
-1.000000000000000000e+01
-1.000000000000000000e+01
-1.000000000000000000e+01
-1.000000000000000000e+01
-1.000000000000000000e+01
-1.000000000000000000e+01
-1.000000000000000000e+01
-1.000000000000000000e+01
-1.000000000000000000e+01
-1.000000000000000000e+01
-1.000000000000000000e+01
-1.000000000000000000e+01
-1.000000000000000000e+01
-1.000000000000000000e+01
-1.000000000000000000e+01
3.682197117269915054e+01
-1.000000000000000000e+01
-1.000000000000000000e+01
-1.000000000000000000e+01
-1.000000000000000000e+01
-1.000000000000000000e+01
-1.000000000000000000e+01
-1.000000000000000000e+01
-1.000000000000000000e+01
-1.000000000000000000e+01
-1.000000000000000000e+01
-1.000000000000000000e+01
-1.000000000000000000e+01
-1.000000000000000000e+01
-1.000000000000000000e+01
-1.000000000000000000e+01
-1.000000000000000000e+01
-1.000000000000000000e+01
-1.000000000000000000e+01
-1.000000000000000000e+01
-1.000000000000000000e+01
-1.000000000000000000e+01
-1.000000000000000000e+01
-1.000000000000000000e+01
-1.000000000000000000e+01
-1.000000000000000000e+01
-1.000000000000000000e+01
-1.000000000000000000e+01
-1.000000000000000000e+01
-1.000000000000000000e+01
-1.000000000000000000e+01
-1.000000000000000000e+01
-1.000000000000000000e+01
-1.000000000000000000e+01
-1.000000000000000000e+01
-1.000000000000000000e+01
-1.000000000000000000e+01
-1.000000000000000000e+01
-1.000000000000000000e+01
-1.000000000000000000e+01
-1.000000000000000000e+01
-1.000000000000000000e+01
-1.000000000000000000e+01
-1.000000000000000000e+01
-1.000000000000000000e+01
-1.000000000000000000e+01
-1.000000000000000000e+01
-1.000000000000000000e+01
-1.000000000000000000e+01
-1.000000000000000000e+01
-1.000000000000000000e+01
-1.000000000000000000e+01
-1.000000000000000000e+01
-1.000000000000000000e+01
-1.000000000000000000e+01
-1.000000000000000000e+01
-1.000000000000000000e+01
-1.000000000000000000e+01
-1.000000000000000000e+01
-1.000000000000000000e+01
-1.000000000000000000e+01
-1.000000000000000000e+01
-1.000000000000000000e+01
-1.000000000000000000e+01
-1.000000000000000000e+01
-1.000000000000000000e+01
-1.000000000000000000e+01
-1.000000000000000000e+01
-1.000000000000000000e+01
-1.000000000000000000e+01
-1.000000000000000000e+01
-1.000000000000000000e+01
-1.000000000000000000e+01
-1.000000000000000000e+01
-1.000000000000000000e+01
-1.000000000000000000e+01
-1.000000000000000000e+01
-1.000000000000000000e+01
-1.000000000000000000e+01
-1.000000000000000000e+01
-1.000000000000000000e+01
-1.000000000000000000e+01
-1.000000000000000000e+01
-1.000000000000000000e+01
-1.000000000000000000e+01
-1.000000000000000000e+01
-1.000000000000000000e+01
-1.000000000000000000e+01
-1.000000000000000000e+01
-1.000000000000000000e+01
-1.000000000000000000e+01
-1.000000000000000000e+01
-1.000000000000000000e+01
-1.000000000000000000e+01
-1.000000000000000000e+01
-1.000000000000000000e+01
-1.000000000000000000e+01
-1.000000000000000000e+01
-1.000000000000000000e+01
-1.000000000000000000e+01
-1.000000000000000000e+01
-1.000000000000000000e+01
-1.000000000000000000e+01
-1.000000000000000000e+01
-1.000000000000000000e+01
-1.000000000000000000e+01
-1.000000000000000000e+01
-1.000000000000000000e+01
-1.000000000000000000e+01
-1.000000000000000000e+01
-1.000000000000000000e+01
-1.000000000000000000e+01
-1.000000000000000000e+01
-1.000000000000000000e+01
-1.000000000000000000e+01
-1.000000000000000000e+01
-1.000000000000000000e+01
-1.000000000000000000e+01
-1.000000000000000000e+01
-1.000000000000000000e+01
-1.000000000000000000e+01
-1.000000000000000000e+01
-1.000000000000000000e+01
-1.000000000000000000e+01
-1.000000000000000000e+01
-1.000000000000000000e+01
-1.000000000000000000e+01
-1.000000000000000000e+01
-1.000000000000000000e+01
-1.000000000000000000e+01
-1.000000000000000000e+01
-1.000000000000000000e+01
-1.000000000000000000e+01
-1.000000000000000000e+01
-1.000000000000000000e+01
-1.000000000000000000e+01
-1.000000000000000000e+01
-1.000000000000000000e+01
-1.000000000000000000e+01
-1.000000000000000000e+01
-1.000000000000000000e+01
-1.000000000000000000e+01
-1.000000000000000000e+01
-1.000000000000000000e+01
-1.000000000000000000e+01
-1.000000000000000000e+01
-1.000000000000000000e+01
-1.000000000000000000e+01
-1.000000000000000000e+01
-1.000000000000000000e+01
-1.000000000000000000e+01
-1.000000000000000000e+01
-1.000000000000000000e+01
-1.000000000000000000e+01
-1.000000000000000000e+01
-1.000000000000000000e+01
-1.000000000000000000e+01
-1.000000000000000000e+01
-1.000000000000000000e+01
-1.000000000000000000e+01
-1.000000000000000000e+01
-1.000000000000000000e+01
-1.000000000000000000e+01
-1.000000000000000000e+01
-1.000000000000000000e+01
-1.000000000000000000e+01
-1.000000000000000000e+01
-1.000000000000000000e+01
-1.000000000000000000e+01
-1.000000000000000000e+01
-1.000000000000000000e+01
-1.000000000000000000e+01
-1.000000000000000000e+01
-1.000000000000000000e+01
-1.000000000000000000e+01
-1.000000000000000000e+01
-1.000000000000000000e+01
-1.000000000000000000e+01
-1.000000000000000000e+01
-1.000000000000000000e+01
-1.000000000000000000e+01
-1.000000000000000000e+01
-1.000000000000000000e+01
-1.000000000000000000e+01
-1.000000000000000000e+01
-1.000000000000000000e+01
-1.000000000000000000e+01
-1.000000000000000000e+01
-1.000000000000000000e+01
-1.000000000000000000e+01
-1.000000000000000000e+01
-1.000000000000000000e+01
-1.000000000000000000e+01
-1.000000000000000000e+01
-1.000000000000000000e+01
-1.000000000000000000e+01
-1.000000000000000000e+01
-1.000000000000000000e+01
-1.000000000000000000e+01
-1.000000000000000000e+01
-1.000000000000000000e+01
-1.000000000000000000e+01
-1.000000000000000000e+01
-1.000000000000000000e+01
-1.000000000000000000e+01
-1.000000000000000000e+01
-1.000000000000000000e+01
-1.000000000000000000e+01
-1.000000000000000000e+01
-1.000000000000000000e+01
-1.000000000000000000e+01
-1.000000000000000000e+01
-1.000000000000000000e+01
-1.000000000000000000e+01
-1.000000000000000000e+01
-1.000000000000000000e+01
-1.000000000000000000e+01
-1.000000000000000000e+01
-1.000000000000000000e+01
-1.000000000000000000e+01
-1.000000000000000000e+01
-1.000000000000000000e+01
-1.000000000000000000e+01
-1.000000000000000000e+01
-1.000000000000000000e+01
-1.000000000000000000e+01
-1.000000000000000000e+01
-1.000000000000000000e+01
-1.000000000000000000e+01
-1.000000000000000000e+01
-1.000000000000000000e+01
-1.000000000000000000e+01
-1.000000000000000000e+01
-1.000000000000000000e+01
-1.000000000000000000e+01
-1.000000000000000000e+01
-1.000000000000000000e+01
-1.000000000000000000e+01
-1.000000000000000000e+01
-1.000000000000000000e+01
-1.000000000000000000e+01
-1.000000000000000000e+01
-1.000000000000000000e+01
-1.000000000000000000e+01
-1.000000000000000000e+01
-1.000000000000000000e+01
-1.000000000000000000e+01
-1.000000000000000000e+01
-1.000000000000000000e+01
-1.000000000000000000e+01
-1.000000000000000000e+01
-1.000000000000000000e+01
-1.000000000000000000e+01
-1.000000000000000000e+01
-1.000000000000000000e+01
-1.000000000000000000e+01
-1.000000000000000000e+01
-1.000000000000000000e+01
-1.000000000000000000e+01
-1.000000000000000000e+01
-1.000000000000000000e+01
-1.000000000000000000e+01
-1.000000000000000000e+01
-1.000000000000000000e+01
-1.000000000000000000e+01
-1.000000000000000000e+01
-1.000000000000000000e+01
-1.000000000000000000e+01
-1.000000000000000000e+01
-1.000000000000000000e+01
-1.000000000000000000e+01
-1.000000000000000000e+01
-1.000000000000000000e+01
-1.000000000000000000e+01
-1.000000000000000000e+01
-1.000000000000000000e+01
-1.000000000000000000e+01
-1.000000000000000000e+01
-1.000000000000000000e+01
-1.000000000000000000e+01
-1.000000000000000000e+01
-1.000000000000000000e+01
-1.000000000000000000e+01
-1.000000000000000000e+01
-1.000000000000000000e+01
-1.000000000000000000e+01
-1.000000000000000000e+01
-1.000000000000000000e+01
-1.000000000000000000e+01
-1.000000000000000000e+01
-1.000000000000000000e+01
-1.000000000000000000e+01
-1.000000000000000000e+01
-1.000000000000000000e+01
-1.000000000000000000e+01
-1.000000000000000000e+01
-1.000000000000000000e+01
-1.000000000000000000e+01
-1.000000000000000000e+01
-1.000000000000000000e+01
-1.000000000000000000e+01
-1.000000000000000000e+01
-1.000000000000000000e+01
-1.000000000000000000e+01
-1.000000000000000000e+01
-1.000000000000000000e+01
-1.000000000000000000e+01
-1.000000000000000000e+01
-1.000000000000000000e+01
-1.000000000000000000e+01
-1.000000000000000000e+01
-1.000000000000000000e+01
-1.000000000000000000e+01
-1.000000000000000000e+01
-1.000000000000000000e+01
-1.000000000000000000e+01
-1.000000000000000000e+01
-1.000000000000000000e+01
-1.000000000000000000e+01
-1.000000000000000000e+01
-1.000000000000000000e+01
-1.000000000000000000e+01
-1.000000000000000000e+01
-1.000000000000000000e+01
-1.000000000000000000e+01
-1.000000000000000000e+01
-1.000000000000000000e+01
-1.000000000000000000e+01
-1.000000000000000000e+01
-1.000000000000000000e+01
-1.000000000000000000e+01
-1.000000000000000000e+01
-1.000000000000000000e+01
-1.000000000000000000e+01
-1.000000000000000000e+01
-1.000000000000000000e+01
-1.000000000000000000e+01
-1.000000000000000000e+01
-1.000000000000000000e+01
-1.000000000000000000e+01
-1.000000000000000000e+01
-1.000000000000000000e+01
-1.000000000000000000e+01
-1.000000000000000000e+01
-1.000000000000000000e+01
-1.000000000000000000e+01
-1.000000000000000000e+01
-1.000000000000000000e+01
-1.000000000000000000e+01
-1.000000000000000000e+01
-1.000000000000000000e+01
-1.000000000000000000e+01
-1.000000000000000000e+01
-1.000000000000000000e+01
-1.000000000000000000e+01
-1.000000000000000000e+01
-1.000000000000000000e+01
-1.000000000000000000e+01
-1.000000000000000000e+01
-1.000000000000000000e+01
-1.000000000000000000e+01
-1.000000000000000000e+01
-1.000000000000000000e+01
-1.000000000000000000e+01
-1.000000000000000000e+01
-1.000000000000000000e+01
-1.000000000000000000e+01
-1.000000000000000000e+01
-1.000000000000000000e+01
-1.000000000000000000e+01
-1.000000000000000000e+01
-1.000000000000000000e+01
-1.000000000000000000e+01
-1.000000000000000000e+01
-1.000000000000000000e+01
-1.000000000000000000e+01
-1.000000000000000000e+01
-1.000000000000000000e+01
-1.000000000000000000e+01
-1.000000000000000000e+01
-1.000000000000000000e+01
-1.000000000000000000e+01
-1.000000000000000000e+01
-1.000000000000000000e+01
-1.000000000000000000e+01
-1.000000000000000000e+01
-1.000000000000000000e+01
-1.000000000000000000e+01
-1.000000000000000000e+01
-1.000000000000000000e+01
-1.000000000000000000e+01
-1.000000000000000000e+01
-1.000000000000000000e+01
-1.000000000000000000e+01
-1.000000000000000000e+01
-1.000000000000000000e+01
-1.000000000000000000e+01
-1.000000000000000000e+01
-1.000000000000000000e+01
-1.000000000000000000e+01
-1.000000000000000000e+01
-1.000000000000000000e+01
-1.000000000000000000e+01
-1.000000000000000000e+01
-1.000000000000000000e+01
-1.000000000000000000e+01
-1.000000000000000000e+01
-1.000000000000000000e+01
-1.000000000000000000e+01
-1.000000000000000000e+01
-1.000000000000000000e+01
-1.000000000000000000e+01
-1.000000000000000000e+01
