3.000039310293035832e+00
3.000153701694417308e+00
3.000204158558382961e+00
2.344036545293947338e+00
2.375198057061290502e+00
2.684113857677984161e+00
2.648475520171433839e+00
2.559146004939941488e+00
2.358638395482976158e+00
2.299330378798790431e+00
2.043913588690353667e+00
1.705108829430247219e+00
1.743541023322159100e+00
1.502377713602356391e+00
1.341003942028745399e+00
1.156716384396510477e+00
1.086078918460965159e+00
1.329095761566727596e+00
1.171485209647526116e+00
1.043287533471048523e+00
6.739599904727437973e-01
9.134759475923449612e-01
8.128904808078476485e-01
7.329244591541768106e-01
5.573328989882488926e-01
3.363561605457294351e-02
5.174957430487122645e-01
4.642045696195610249e-01
4.209659899254819537e-01
-9.523512607722187107e-02
3.997947580967990411e-01
3.761034128824489731e-01
-3.130463718560379527e-01
1.947105009159809108e-01
1.514687567068281615e-01
1.068061381587690484e-01
-2.069903813570317108e-01
-1.011208961041388799e-01
-1.127808781747537265e-01
-4.460262676922495673e-01
-6.007298015886454179e-01
-4.703838136419842275e-01
-8.080363829896196615e-01
-3.604868979612075863e-01
-2.688424369058517449e-01
2.765969920570562901e-01
2.786161396695044368e-01
1.450802645241262290e-01
1.869746796108292808e-01
1.880563100163359924e-01
1.901745600879629072e-01
1.914749326494387949e-01
1.312397288998875811e-01
-1.660079123671939078e-02
-1.533182966660962508e-02
-1.352450369447433069e-02
-1.114554256049249577e-02
-9.988450261336974112e-01
-1.259349609345587151e+00
-1.060283379230855472e+00
-1.009017124793505138e+00
-9.378809933089495843e-01
-8.530113588831336191e-01
-8.613636295092090833e-01
-9.622467555825167107e-01
-9.704262542662497326e-01
-2.733480233280087823e-01
-2.725809237043596012e-01
-3.335572465654618179e-01
-3.312196494359069265e-01
-3.294717883969927597e-01
-5.263427000128977351e-01
-5.245636130429806032e-01
-5.231017626584930635e-01
-5.108890389248202935e-01
-2.413510589185653643e+00
-2.047587889143644091e+00
-1.871750010331582725e+00
-1.756617233653820387e+00
-1.693980650817443534e+00
-1.658372685457564888e+00
-1.621092730834997830e+00
-1.518257278532375132e+00
-1.528471870891716877e+00
-1.536408908513803517e+00
-1.544287021903059998e+00
-1.553221202397987000e+00
-6.864828367579780544e-01
-6.861762598315610528e-01
-6.855839535182070010e-01
-6.844538280195870961e-01
-6.833894971976370858e-01
-6.828033058851579185e-01
-6.818108777061482328e-01
-6.812597328885251491e-01
-6.802162732527288203e-01
-6.797530204506665452e-01
-9.220274144246080050e-01
-9.212917994871233640e-01
-9.210636108320607862e-01
-9.207439477855206000e-01
-9.193451493264399588e-01
-9.189005469242773616e-01
-8.766495908523754821e-01
-8.752554413584274773e-01
-8.749006531965000111e-01
-8.745028111116484038e-01
-8.731058205341217793e-01
-8.717827910549809101e-01
-8.714315454006441586e-01
-8.701208891646778909e-01
-1.149087938956389943e+00
-1.148707138503472613e+00
-1.148017735840361375e+00
-1.147142341789868514e+00
-1.146113507276128818e+00
-8.596083234487086333e-01
-1.134923415757779441e+00
-2.182829105517401835e+00
-3.148147857075307421e+00
-3.148363971078133705e+00
-3.080085917074113055e+00
-2.914310896613963031e+00
-2.810400068420077613e+00
-2.767463419456891671e+00
-2.679340636094684314e+00
-2.659480521786244722e+00
-2.582989551151661622e+00
-2.526162340637006842e+00
-2.533473023859422746e+00
-2.438563624361417048e+00
-2.441896297443996389e+00
-2.465611747361362571e+00
-2.474392336508519197e+00
-2.412516033489625844e+00
-2.420378672167498468e+00
-2.423410812193446784e+00
-2.430095170063276910e+00
-2.441357346539652973e+00
-2.514209332490279447e+00
-2.621524477932938524e+00
-1.354755944700921200e+00
-1.354755944700921200e+00
-1.356180942717083227e+00
-1.666862378721522209e+00
-1.666862378721522209e+00
-1.665894911657546329e+00
-1.665894911657546329e+00
-1.665398745566520011e+00
-1.665398745566520011e+00
-1.664354022920119913e+00
-1.664354022920119913e+00
-1.664354022920119913e+00
-1.663860772223294759e+00
-1.664416619989815382e+00
-1.663429307238425636e+00
-1.663429307238425636e+00
-1.662467153028986067e+00
-1.663024607010503919e+00
-1.662116090899360188e+00
-1.662116090899360188e+00
-1.661178306728701592e+00
-1.661632831274691968e+00
-1.660690712289943471e+00
-1.661243927819088695e+00
-1.660350967343362516e+00
-1.660350967343362516e+00
-1.659854310197271809e+00
-1.659854310197271809e+00
-1.659010730825783098e+00
-1.659010730825783098e+00
-1.658535408637483277e+00
-1.658535408637483277e+00
-1.657646382790267880e+00
-1.656812355343674437e+00
-1.657380018762577567e+00
-1.657114794740254249e+00
-1.657114794740254249e+00
-1.656238511743827191e+00
-1.656238511743827191e+00
-1.655862360637222475e+00
-1.655051138164373992e+00
-1.655051138164373992e+00
-1.654220556986088608e+00
-1.654333810992309362e+00
-1.654333810992309362e+00
-1.653535194020770094e+00
-1.653535194020770094e+00
-1.653165823819007230e+00
-1.652417611595970559e+00
-1.652417611595970559e+00
-1.651634473755907662e+00
-1.651320568309920800e+00
-1.981045310033674012e+00
-1.981603783371972627e+00
-1.981320474621244498e+00
-1.980947278756003183e+00
-1.980697560232892895e+00
-1.980697560232892895e+00
-1.980428863930579819e+00
-1.981628535203702413e+00
-1.981382399664268767e+00
-1.981137126828646178e+00
-1.981137126828646178e+00
-1.981192359853841456e+00
-1.980941301979119551e+00
-1.980706966121783541e+00
-1.980479523578705825e+00
-1.980125601646167244e+00
-1.979885453640632065e+00
-1.979632945775081421e+00
-1.979392697415800262e+00
-1.979143952109541305e+00
-1.979299138852224749e+00
-1.979044858877657243e+00
-1.978534995305713418e+00
-1.978077793431312514e+00
-1.977043873772206917e+00
-1.608389576435050650e+00
-1.970537913971731614e+00
-1.969510772401484866e+00
-2.326001701629768714e+00
-2.616015171484356028e+00
-2.942432217679995965e+00
-3.549111910341629983e+00
-3.716879566813108049e+00
-3.656060126735643401e+00
-3.645036295281874228e+00
-3.639239858975156228e+00
-3.638072180549089207e+00
-3.648876746748873412e+00
-3.648716923620125119e+00
-3.637959860888446695e+00
-3.657115057261138613e+00
-3.653527273281215848e+00
-3.640249462219042886e+00
-3.572135660306323679e+00
-3.536143234676689229e+00
-3.509075599240123466e+00
-3.459892722964857725e+00
-3.435441494385396588e+00
-3.443605631262582012e+00
-3.418319387653241836e+00
-3.395680425600741348e+00
-3.371387229954389664e+00
-3.346130961423380068e+00
-3.352050164222560191e+00
-3.324141340108077269e+00
-3.296497124817449720e+00
-3.303186918092755331e+00
-3.277662809172592784e+00
-3.280853569186406915e+00
-3.260231281730328501e+00
-3.264673541125142187e+00
-3.269057336791551194e+00
-3.272536584276541483e+00
-3.249589134768870569e+00
-3.612915162791800583e+00
-3.615690811388021064e+00
-3.623164328623393882e+00
-3.626238258059633957e+00
-3.630682333322873934e+00
-3.637304767690457297e+00
-3.638090028223950778e+00
-3.643490527783773913e+00
-3.649246472668614683e+00
-3.650024984203561917e+00
-3.655085004033705953e+00
-3.659790885705329622e+00
-3.662202767518737634e+00
-3.700303602333674391e+00
-3.700175475110765166e+00
-3.735736444667663303e+00
-3.772808987404865366e+00
-3.812309220094333817e+00
-3.848958020015105674e+00
-4.261290203116330666e+00
-2.519784249042102076e+00
-2.519784249042102076e+00
-2.519395888685056040e+00
-2.519395888685056040e+00
-2.518803284395779940e+00
-2.519410969253651267e+00
-2.518815613310899426e+00
-2.518815613310899426e+00
-2.518815613310899426e+00
-2.518201782241352493e+00
-2.518201782241352493e+00
-2.517628358624109275e+00
-2.517628358624109275e+00
-2.517683427924047646e+00
-2.517683427924047646e+00
-2.517068695234978559e+00
-2.517068695234978559e+00
-2.517300463583975301e+00
-2.516750078532080437e+00
-2.516750078532080437e+00
-2.516213925555627284e+00
-2.516800966485727375e+00
-2.516217494615280437e+00
-2.516217494615280437e+00
-2.515679773096622718e+00
-2.515679773096622718e+00
-2.515149767255840274e+00
-2.515149767255840274e+00
-2.514591427714576000e+00
-2.515187003677612942e+00
-2.514676920586297992e+00
-2.514676920586297992e+00
-2.514149661818767978e+00
-2.514393222303132891e+00
-2.513850549602272721e+00
-2.536168407842823047e+00
-2.536711749587933884e+00
-2.536194725232571834e+00
-2.536194725232571834e+00
-2.535685678826457234e+00
-2.535189352095071236e+00
-2.535189352095071236e+00
-2.534678098960132964e+00
-2.535189093717340469e+00
-2.534661979939470733e+00
-2.975924950968759752e+00
-2.975924950968759752e+00
-2.975911641876942682e+00
-2.976054108431739120e+00
-2.532893163643237244e+00
-2.532406673061277758e+00
-2.532371555203480451e+00
-2.531701079323113834e+00
-2.530518862250241252e+00
-2.528748314527961227e+00
-2.072370032318898492e+00
-2.517459793805177259e+00
-2.516070140634964591e+00
-2.515231516522077548e+00
-2.514110952715748137e+00
-2.975318405590170023e+00
-2.975290149956506092e+00
-2.975256359814001605e+00
-3.189352959313680458e+00
-3.389156336906135714e+00
-3.696881464853464472e+00
-3.978180391214795275e+00
-4.285686406639817037e+00
-4.458895435104235361e+00
-4.605519897952061292e+00
-4.560067853961815132e+00
-4.529444937947886274e+00
-4.512649274162149560e+00
-4.503845158583695607e+00
-4.496082734587515617e+00
-4.491028753872346790e+00
-4.485371308481688857e+00
-4.482533798019250781e+00
-4.478603643797910649e+00
-4.482530586433611575e+00
-4.482530586433611575e+00
-4.458679379328259529e+00
-4.458679379328259529e+00
-4.458679379328259529e+00
-4.492279380836593283e+00
-4.489226893886475445e+00
-4.491192358564761733e+00
-4.491192358564761733e+00
-4.521056499750218727e+00
-4.521056499750218727e+00
-4.505669938912546968e+00
-4.502431189181095306e+00
-4.479958689478183764e+00
-4.479958689478183764e+00
-4.443016863096938884e+00
-4.453759026806156207e+00
-4.414568686195138980e+00
-4.423466335506359925e+00
-4.386995994784961717e+00
-4.394646093444276147e+00
-4.373228433028313766e+00
-4.373228433028313766e+00
-4.360588961418242704e+00
-4.360588961418242704e+00
-4.360970535434986139e+00
-4.364076582254020842e+00
-4.333989976620466145e+00
-4.339200675178863875e+00
-4.344787306611087807e+00
-4.317066932398822665e+00
-4.318602785990771409e+00
-4.321099371449468762e+00
-4.327728142458112437e+00
-4.329831834011189429e+00
-4.302833359031645877e+00
-4.308269747739184474e+00
-4.308971569824648462e+00
-4.310960963177885574e+00
-4.316722036426135389e+00
-4.321484089444907362e+00
-4.325205214444660662e+00
-4.329346973670072707e+00
-4.329682488442481159e+00
-4.329682488442481159e+00
-4.306432885951653411e+00
-4.309827892497561486e+00
-4.316452131308095908e+00
-4.317995051792943073e+00
-4.319563729149887621e+00
-4.319563729149887621e+00
-4.327621620485047949e+00
-4.330734481037871397e+00
-4.334658029341875718e+00
-4.340248285917043702e+00
-4.338581362564597477e+00
-4.342362796896345856e+00
-4.349655604864389069e+00
-4.350727659749476395e+00
-4.352279044651405471e+00
-4.357930770433331880e+00
-4.358336596104256166e+00
-4.362187002895640653e+00
-4.365436372223161499e+00
-4.369459996500838272e+00
-4.374760135230334690e+00
-4.374568802421242353e+00
-4.377346505248635999e+00
-4.379641710283421752e+00
-4.414137701176714224e+00
-4.419078593303595426e+00
-4.418924957327326375e+00
-4.453331960947724433e+00
-4.461779535408812336e+00
-4.461779535408812336e+00
-4.497020654122379391e+00
-4.531413560749204095e+00
-4.528297386703097338e+00
-4.570950670759503787e+00
-4.570950670759503787e+00
-4.600263775284687995e+00
-4.817791243016930736e+00
-5.143919250927777576e+00
-3.227677754816971500e+00
-3.227677754816971500e+00
-3.227677754816971500e+00
-3.227677754816971500e+00
-3.227446284324464898e+00
-3.227446284324464898e+00
-3.227446284324464898e+00
-3.227446284324464898e+00
-3.227446284324464898e+00
-3.227446284324464898e+00
-3.227209571252184883e+00
-3.227527247459495818e+00
-3.227527247459495818e+00
-3.227527247459495818e+00
-3.227527247459495818e+00
-3.227270890272038173e+00
-3.227270890272038173e+00
-3.227270890272038173e+00
-3.227270890272038173e+00
-3.227270890272038173e+00
-3.227043095523723260e+00
-3.227043095523723260e+00
-3.227043095523723260e+00
-3.227043095523723260e+00
-3.227176427381313051e+00
-3.227176427381313051e+00
-3.227176427381313051e+00
-3.227176427381313051e+00
-3.227176427381313051e+00
-3.226953102260155415e+00
-3.226953102260155415e+00
-3.226953102260155415e+00
-3.226953102260155415e+00
-3.226953102260155415e+00
-3.226735804736990954e+00
-3.226735804736990954e+00
-3.227066442778986577e+00
-3.227066442778986577e+00
-3.226830703476179174e+00
-3.226830703476179174e+00
-3.226830703476179174e+00
-3.226830703476179174e+00
-3.226830703476179174e+00
-3.226616411012389385e+00
-3.226616411012389385e+00
-3.226616411012389385e+00
-3.226616411012389385e+00
-3.226616411012389385e+00
-3.226707478409163166e+00
-3.226707478409163166e+00
-3.226707478409163166e+00
-3.226707478409163166e+00
-3.226498376261665246e+00
-3.226498376261665246e+00
-3.226498376261665246e+00
-3.226498376261665246e+00
-3.226298697828172912e+00
-3.226298697828172912e+00
-3.226298697828172912e+00
-3.226298697828172912e+00
-3.226649817232616346e+00
-3.226424015197134842e+00
-3.226424015197134842e+00
-3.226424015197134842e+00
-3.226424015197134842e+00
-3.226226027511956751e+00
-3.226226027511956751e+00
-3.226226027511956751e+00
-3.226226027511956751e+00
-3.226027030856758238e+00
-3.226027030856758238e+00
-3.226027030856758238e+00
-3.226324835165376381e+00
-3.226131540496932182e+00
-3.226131540496932182e+00
-3.226131540496932182e+00
-3.226131540496932182e+00
-3.225939290405428483e+00
-3.225939290405428483e+00
-3.225939290405428483e+00
-3.225939290405428483e+00
-3.225730257014595370e+00
-3.225730257014595370e+00
-3.226042153214044195e+00
-3.486359568398059494e+00
-3.486359568398059494e+00
-3.486359568398059494e+00
-3.486359568398059494e+00
-3.486330511412672806e+00
-3.486330511412672806e+00
-3.486330511412672806e+00
-3.486330511412672806e+00
-3.486301580107923570e+00
-3.486301580107923570e+00
-3.486346652488797382e+00
-3.486317510848902401e+00
-3.486317510848902401e+00
-3.486317510848902401e+00
-3.486317510848902401e+00
-3.486287554257923471e+00
-3.486287554257923471e+00
-3.486287554257923471e+00
-3.486259387766128981e+00
-3.486259387766128981e+00
-3.486259387766128981e+00
-3.486304888518090728e+00
-3.486275910868810612e+00
-3.486275910868810612e+00
-3.486275910868810612e+00
-3.486247582306443604e+00
-3.486247582306443604e+00
-3.486247582306443604e+00
-3.486216892586706528e+00
-3.486216892586706528e+00
-3.486216892586706528e+00
-3.486216892586706528e+00
-3.486232021028168759e+00
-3.486232021028168759e+00
-3.486232021028168759e+00
-3.486203415128726224e+00
-3.486203415128726224e+00
-3.486203415128726224e+00
-3.486170757577672141e+00
-3.486170757577672141e+00
-3.486170757577672141e+00
-3.486141518544878526e+00
-3.486141518544878526e+00
-3.486188913214849361e+00
-3.486157257966184364e+00
-3.486157257966184364e+00
-3.486124522511137691e+00
-3.486124522511137691e+00
-3.486113329705371910e+00
-3.486104133043829378e+00
-3.486077291405772272e+00
-3.486072341144448750e+00
-3.486051509921387570e+00
-3.486081175699393242e+00
-3.486055746994637161e+00
-3.486042003586044657e+00
-3.486015127208232478e+00
-3.486000335849555043e+00
-3.485966369633076489e+00
-3.485946237730888964e+00
-3.485896506726043231e+00
-3.485865319216664204e+00
-3.222053867216825740e+00
-3.221182913908012591e+00
-2.968421551472518516e+00
-3.218551132833507022e+00
-3.218251311296634221e+00
-3.217911556493936676e+00
-3.283079591053660096e+00
-3.282886959913040137e+00
-3.282686880993475498e+00
-3.282588715966259674e+00
-3.282398200515676212e+00
-3.282477777294365850e+00
-3.555192976297442353e+00
-3.555220237836119512e+00
-3.555247644870078272e+00
-3.555265988387916298e+00
-3.555291178647440820e+00
-3.555320717840527944e+00
-3.555337887314537593e+00
-3.555366787996022016e+00
-3.594741426660160055e+00
-3.594721248412051651e+00
-3.594789307140863865e+00
-3.594868827441032533e+00
-3.594904921922067231e+00
-4.029692033442334065e+00
-4.030044782662860037e+00
-4.341224378794155569e+00
-4.342467637247975354e+00
-4.342923594806427090e+00
-4.586284792511577280e+00
-4.739373943181546700e+00
-4.875223740719863308e+00
-4.907057664087648874e+00
-4.999219552956707169e+00
-5.057153801007877369e+00
-5.176210215974425211e+00
-5.183652872898445452e+00
-5.189673217820366169e+00
-5.172586520561042178e+00
-5.257113907396720798e+00
-5.257113907396720798e+00
-5.317044373324244511e+00
-5.374700012944041205e+00
-5.374700012944041205e+00
-5.424361390539448102e+00
-5.424361390539448102e+00
-5.474353458878239209e+00
-5.522241989707012522e+00
-5.518966382573755602e+00
-5.608050436999982402e+00
-5.608050436999982402e+00
-5.656080310927388943e+00
-5.656080310927388943e+00
-5.709181486423974050e+00
-5.709181486423974050e+00
-5.813288224642485957e+00
-5.813288224642485957e+00
-5.810111708543699294e+00
-5.862947675939871317e+00
-5.916567251047537113e+00
-5.916567251047537113e+00
-5.972007390238112556e+00
-5.972007390238112556e+00
-6.072962917098891467e+00
-6.072962917098891467e+00
-6.150424702753507944e+00
-6.214444516807601460e+00
-6.214444516807601460e+00
-6.189665703326254764e+00
-6.189665703326254764e+00
-6.291884424926301733e+00
-6.392637539732075602e+00
-3.524560072988366599e+00
-3.524560072988366599e+00
-3.524560072988366599e+00
-3.524560072988369708e+00
-3.524560072988369708e+00
-3.524560072988369708e+00
-3.524560072988369708e+00
-3.524560072988369708e+00
-3.524560072988369708e+00
-3.524560072988369708e+00
-3.524560072988369708e+00
-3.524560072988369708e+00
-3.524560072988369708e+00
-3.524560072988369708e+00
-3.524560072988369708e+00
-3.524560072988369708e+00
-3.524560072988369708e+00
-3.524560072988369708e+00
-3.524560072988369708e+00
-3.524560072988369708e+00
-3.524560072988366599e+00
-3.524560072988366599e+00
-3.524560072988366599e+00
-3.524560072988366599e+00
-3.524560072988366599e+00
-3.524560072988366599e+00
-3.524560072988366599e+00
-3.524560072988366599e+00
-3.524560072988366599e+00
-3.524560072988363046e+00
-3.524560072988363046e+00
-3.524560072988363046e+00
-3.524560072988363046e+00
-3.524560072988363046e+00
-3.524560072988363046e+00
-3.524560072988363046e+00
-3.524560072988363046e+00
-3.524560072988366155e+00
-3.524560072988366155e+00
-3.524560072988366155e+00
-3.524560072988366155e+00
-3.524560072988366155e+00
-3.524560072988366155e+00
-3.524560072988366155e+00
-3.524560072988366155e+00
-3.524560072988362602e+00
-3.524560072988362602e+00
-3.524560072988362602e+00
-3.524560072988362602e+00
-3.524560072988362602e+00
-3.524560072988362602e+00
-3.524560072988362602e+00
-3.524560072988362602e+00
-3.524560072988363046e+00
-3.524560072988363046e+00
-3.524560072988363046e+00
-3.524560072988363046e+00
-3.524560072988363046e+00
-3.524560072988363046e+00
-3.524560072988363046e+00
-3.524560072988363046e+00
-3.524560072988366155e+00
-3.524560072988366155e+00
-3.524560072988366155e+00
-3.524560072988366155e+00
-3.524560072988366155e+00
-3.524560072988366155e+00
-3.524560072988366155e+00
-3.524560072988366155e+00
-3.524560072988363046e+00
-3.524560072988363046e+00
-3.524560072988363046e+00
-3.524560072988363046e+00
-3.524560072988363046e+00
-3.524560072988363046e+00
-3.524560072988363046e+00
-3.524560072988363046e+00
-3.524560072988362602e+00
-3.524560072988362602e+00
-3.524560072988362602e+00
-3.524560072988362602e+00
-3.524560072988362602e+00
-3.524560072988362602e+00
-3.524560072988362602e+00
-3.524560072988366155e+00
-3.524560072988366155e+00
-3.524560072988366155e+00
-3.524560072988366155e+00
-3.524560072988366155e+00
-3.524560072988366155e+00
-3.524560072988366155e+00
-3.524560072988366155e+00
-3.524560072988370152e+00
-3.524560072988370152e+00
-3.524560072988370152e+00
-3.524560072988370152e+00
-3.524560072988370152e+00
-3.524560072988370152e+00
-3.524560072988370152e+00
-3.524560072988363046e+00
-3.524560072988363046e+00
-3.524560072988363046e+00
-3.524560072988363046e+00
-3.524560072988363046e+00
-3.524560072988363046e+00
-3.524560072988363046e+00
-3.524560072988363046e+00
-3.524560072988363046e+00
-3.524560072988363046e+00
-3.524560072988363046e+00
-3.524560072988363046e+00
-3.524560072988363046e+00
-3.524560072988363046e+00
-3.524560072988362602e+00
-3.524560072988362602e+00
-3.524560072988362602e+00
-3.524560072988362602e+00
-3.524560072988362602e+00
-3.524560072988362602e+00
-3.524560072988362602e+00
-3.524560072988370152e+00
-3.524560072988370152e+00
-3.524560072988370152e+00
-3.524560072988370152e+00
-3.524560072988370152e+00
-3.524560072988370152e+00
-3.524560072988370152e+00
-3.524560072988366155e+00
-3.524560072988366155e+00
-3.524560072988366155e+00
-3.524560072988366155e+00
-3.524560072988366155e+00
-3.524560072988366155e+00
-3.524560072988366155e+00
-3.524560072988370152e+00
-3.524560072988370152e+00
-3.524560072988370152e+00
-3.524560072988370152e+00
-3.524560072988370152e+00
-3.524560072988370152e+00
-4.070078926718671219e+00
-4.070078926718671219e+00
-4.070078926718671219e+00
-4.070078926718671219e+00
-4.070078926718671219e+00
-4.070078926718671219e+00
-4.070078926718671219e+00
-4.070078926718671219e+00
-4.070078926718671219e+00
-4.070078926718671219e+00
-4.070078926718671219e+00
-4.070078926718671219e+00
-4.070078926718671219e+00
-4.070078926718671219e+00
-4.070078926718671219e+00
-4.070078926718671219e+00
-4.070078926718671219e+00
-4.070078926718671219e+00
-4.070078926718671219e+00
-4.070078926718671219e+00
-4.070078926718670331e+00
-4.070078926718670331e+00
-4.070078926718670331e+00
-4.070078926718670331e+00
-4.070078926718670331e+00
-4.070078926718670331e+00
-4.070078926718671219e+00
-4.070078926718671219e+00
-4.070078926718671219e+00
-4.070078926718671219e+00
-4.070078926718671219e+00
-4.070078926718671219e+00
-4.070078926718670331e+00
-4.070078926718670331e+00
-4.070078926718670331e+00
-4.070078926718670331e+00
-4.070078926718670331e+00
-4.070078926718670331e+00
-4.070078926718671219e+00
-4.070078926718671219e+00
-4.070078926718671219e+00
-4.070078926718671219e+00
-4.070078926718671219e+00
-4.070078926718674772e+00
-4.070078926718674772e+00
-4.070078926718674772e+00
-4.070078926718674772e+00
-4.070078926718674772e+00
-4.070078926718674772e+00
-4.070078926718667667e+00
-4.070078926718667667e+00
-4.070078926718667667e+00
-4.070078926718667667e+00
-4.070078926718667667e+00
-4.070078926718667667e+00
-4.070078926718670331e+00
-4.070078926718670331e+00
-4.070078926718670331e+00
-4.070078926718670331e+00
-4.070078926718670331e+00
-4.070078926718671219e+00
-4.070078926718671219e+00
-4.070078926718671219e+00
-4.070078926718671219e+00
-4.070078926718671219e+00
-4.070078926718671219e+00
-4.070078926718666779e+00
-4.070078926718666779e+00
-4.070078926718666779e+00
-4.070078926718666779e+00
-4.070078926718666779e+00
-4.070078926718667667e+00
-4.070078926718667667e+00
-4.070078926718667667e+00
-4.070078926718667667e+00
-4.070078926718667667e+00
-4.070078926718670331e+00
-4.070078926718670331e+00
-4.070078926718670331e+00
-4.070078926718670331e+00
-4.070078926718670331e+00
-4.070078926718670331e+00
-4.070078926718670331e+00
-4.070078926718670331e+00
-4.070078926718670331e+00
-4.070078926718670331e+00
-4.070078926718671219e+00
-4.070078926718671219e+00
-4.070078926718671219e+00
-4.070078926718671219e+00
-4.070078926718671219e+00
-4.070078926718670331e+00
-4.070078926718670331e+00
-4.070078926718670331e+00
-4.070078926718670331e+00
-4.070078926718670331e+00
-4.070078926718666779e+00
-4.070078926718666779e+00
-4.070078926718666779e+00
-4.070078926718666779e+00
-4.070078926718666779e+00
-4.070078926718674772e+00
-4.070078926718674772e+00
-4.070078926718674772e+00
-4.070078926718674772e+00
-4.070078926718671219e+00
-4.070078926718671219e+00
-4.070078926718671219e+00
-4.070078926718666779e+00
-4.070078926718671219e+00
-4.070078926718670331e+00
-4.070078926718670331e+00
-4.070078926718671219e+00
-4.070078926718666779e+00
-4.070078926718671219e+00
-4.070078926718671219e+00
-4.070078926718674772e+00
-4.070078926718674772e+00
-4.070078926718670331e+00
-4.070078926718671219e+00
-4.070078926718671219e+00
-4.070078926718670331e+00
-4.070078926718666779e+00
-4.070078926718671219e+00
-4.070078926718674772e+00
-4.070078926718674772e+00
-4.070078926718667667e+00
-4.070078926718671219e+00
-4.070078926718671219e+00
-4.070078926718671219e+00
-4.070078926718674772e+00
-4.070078926718674772e+00
-3.524560072988363046e+00
-3.524560072988370152e+00
-3.524560072988370152e+00
-3.524560072988370152e+00
-3.524560072988366599e+00
-3.524560072988366155e+00
-3.524560072988366155e+00
-3.524560072988370152e+00
-3.524560072988366599e+00
-3.524560072988366599e+00
-3.524560072988366155e+00
-3.524560072988366155e+00
-3.524560072988366599e+00
-3.524560072988363046e+00
-3.524560072988363046e+00
-3.524560072988366599e+00
-3.524560072988366599e+00
-3.524560072988366155e+00
-3.524560072988366599e+00
-3.524560072988366599e+00
-3.524560072988369708e+00
-3.524560072988369708e+00
-4.070078926718671219e+00
-4.070078926718671219e+00
-4.131763524087237904e+00
-4.131763524087237904e+00
-4.131763524087241457e+00
-4.131763524087241457e+00
-4.131763524087237904e+00
-4.131763524087237904e+00
-4.131763524087234352e+00
-4.131763524087241457e+00
-4.131763524087241457e+00
-4.131763524087237904e+00
-4.131763524087241457e+00
-4.131763524087241457e+00
-4.131763524087237904e+00
-4.131763524087237904e+00
-4.131763524087241457e+00
-4.131763524087237904e+00
-4.131763524087237904e+00
-4.131763524087234352e+00
-4.131763524087237904e+00
-4.131763524087237904e+00
-4.131763524087237904e+00
-4.131763524087237904e+00
-4.131763524087234352e+00
-4.131763524087241457e+00
-4.131763524087241457e+00
-4.131763524087241457e+00
-4.131763524087237904e+00
-4.131763524087237904e+00
-4.131763524087237904e+00
-4.131763524087237904e+00
-4.596834600304465113e+00
-4.596834600304461560e+00
-4.596834600304461560e+00
-4.596834600304461560e+00
-4.596834600304465113e+00
-4.596834600304465113e+00
-4.596834600304461560e+00
-4.596834600304461560e+00
-4.596834600304465113e+00
-4.596834600304468665e+00
-4.596834600304468665e+00
-4.596834600304465113e+00
-4.596834600304468665e+00
-4.596834600304468665e+00
-5.142687260188952614e+00
-5.142687260188952614e+00
