-2.284053917956492263e+00
-2.280617670368506378e+00
-2.277617218062109483e+00
-1.839500101762006734e+00
-2.077314109919078611e+00
-2.280389082549098667e+00
-2.444273122735972859e+00
-2.503109309439003116e+00
-2.523446905546848473e+00
-2.686981874147793548e+00
-2.658432203195265853e+00
-2.612011309953469862e+00
-2.641950376578467985e+00
-2.692276654172339523e+00
-2.644974649874678452e+00
-2.589287112171671179e+00
-2.632752954211605267e+00
-2.734287994377209596e+00
-2.702652439282663188e+00
-2.660203122106766127e+00
-2.667922696896301460e+00
-2.642127854593187219e+00
-2.606146751108515680e+00
-2.555725019778888107e+00
-2.511128449049063960e+00
-2.494011147942250872e+00
-2.499118718586136989e+00
-2.518787286697719452e+00
-2.545699492340260939e+00
-2.570640682990471770e+00
-2.528221778161143352e+00
-2.514644019440807732e+00
-2.471958432837777497e+00
-2.423293532743547640e+00
-2.421583262274726867e+00
-2.413768042158769500e+00
-2.378921366520910574e+00
-2.322276471645437823e+00
-2.310206696664653503e+00
-2.315798580035274945e+00
-1.986167639766576842e+00
-2.066123055866916580e+00
-2.171744411342434677e+00
-2.171586477081017819e+00
-2.219726944622977705e+00
-2.703987503511600554e+00
-2.705092594549320495e+00
-2.663297725475358924e+00
-2.624756727075503449e+00
-2.625173289904039198e+00
-2.625986693789799098e+00
-2.626324925991545989e+00
-2.599978168019343894e+00
-2.555071530781747313e+00
-2.555413805730780474e+00
-2.555880450381829316e+00
-2.556336489319625649e+00
-1.855331170109816963e+00
-1.561550713153789127e+00
-1.905104795643038917e+00
-1.833074645927875501e+00
-1.895182040812982915e+00
-1.962107292715036921e+00
-1.956237347702541429e+00
-1.911545013431432904e+00
-1.906332724183225968e+00
-2.444612233888659780e+00
-2.444920257822258414e+00
-2.416722083718856773e+00
-2.417411611182850084e+00
-2.418007856442843995e+00
-2.353938199344656201e+00
-2.354402642578348637e+00
-2.354634769932502536e+00
-2.356738730402380355e+00
-2.329901178106466464e+00
-9.196407080994410954e-01
-1.145115124134982842e+00
-1.482597883995748989e+00
-1.529557689270531817e+00
-1.574170395958577107e+00
-1.618193849238809934e+00
-1.713109560374067364e+00
-1.707815120009944732e+00
-1.703567538253950131e+00
-1.699543887133331932e+00
-1.694907055393653161e+00
-2.334572772911292393e+00
-2.334675721197121412e+00
-2.335022154870435518e+00
-2.335588895419563382e+00
-2.336122996585618949e+00
-2.336464925652113944e+00
-2.336962658868029674e+00
-2.337211762898347978e+00
-2.337735673167779193e+00
-2.338013446065147161e+00
-2.256801554182641834e+00
-2.257147841629346008e+00
-2.257275322127279438e+00
-2.257407582330897000e+00
-2.258066032504227216e+00
-2.258317178604655417e+00
-2.208908808336554674e+00
-2.209370472736337465e+00
-2.209445279188272604e+00
-2.209671396472044691e+00
-2.210133907575764223e+00
-2.210572246933874219e+00
-2.210789556282956703e+00
-2.211223171297180379e+00
-2.124840420895445448e+00
-2.125041460570088248e+00
-2.125192264761936567e+00
-2.125383560666963767e+00
-2.125728384098670709e+00
-2.214801061150641459e+00
-2.128127246174405407e+00
-1.616351849177690481e+00
-2.082301264990372935e+00
-2.082914777039354792e+00
-2.076055461070903441e+00
-1.434768130538283337e+00
9.911949214599968805e-02
1.140854813331756423e-01
-4.074984933373959617e-01
-5.908575849446868755e-01
-1.030451688536440313e+00
-1.231260937619115703e+00
-1.227107240697488777e+00
-1.524935881908149993e+00
-1.523811749784256930e+00
-1.310420823949568492e+00
-1.306964246434313415e+00
-1.380041735329109454e+00
-1.377077375447570251e+00
-1.375750009509087768e+00
-1.373276032102543898e+00
-1.369321080941422020e+00
-1.290259852835513588e+00
-1.183423357692505062e+00
-2.086427224384975521e+00
-2.086427224384975521e+00
-2.085750969965275647e+00
-1.997679852465180428e+00
-1.997679852465180428e+00
-1.998102065865220212e+00
-1.998102065865220212e+00
-1.998382259253381754e+00
-1.998382259253381754e+00
-1.998838642816203937e+00
-1.998838642816203937e+00
-1.998838642816203937e+00
-1.999113516782319078e+00
-1.998811953168420308e+00
-1.999242774469496498e+00
-1.999242774469496498e+00
-1.999662920151547674e+00
-1.999471225718621126e+00
-1.999867883980887218e+00
-1.999867883980887218e+00
-2.000277510106843515e+00
-2.000139923741022230e+00
-2.000551107848448140e+00
-2.000250553657556107e+00
-2.000640875885322689e+00
-2.000640875885322689e+00
-2.000915399940805806e+00
-2.000915399940805806e+00
-2.001284109579049453e+00
-2.001284109579049453e+00
-2.001545239882233762e+00
-2.001545239882233762e+00
-2.001933800007787756e+00
-2.002298609339728586e+00
-2.001990104150760619e+00
-2.002156724222033279e+00
-2.002156724222033279e+00
-2.002539983974537918e+00
-2.002539983974537918e+00
-2.002758766845028848e+00
-2.003113503084508196e+00
-2.003113503084508196e+00
-2.003476999905166700e+00
-2.003426584181630332e+00
-2.003426584181630332e+00
-2.003776465699165676e+00
-2.003776465699165676e+00
-2.003987844232300475e+00
-2.004315333081992279e+00
-2.004315333081992279e+00
-2.004658587779823087e+00
-2.004849110522362032e+00
-1.906703543883260688e+00
-1.906428683713752292e+00
-1.906568004874727995e+00
-1.906752675667710450e+00
-1.906875537801546949e+00
-1.906875537801546949e+00
-1.907007412048963957e+00
-1.865737233887811763e+00
-1.865783910184861227e+00
-1.865830482378257882e+00
-1.865830482378257882e+00
-1.865822835459408413e+00
-1.865870675830551439e+00
-1.865915002098478936e+00
-1.865958315301929238e+00
-1.866141469690211441e+00
-1.866186714999271246e+00
-1.866234689256394796e+00
-1.866279439863830270e+00
-1.866409911084585094e+00
-1.866271959573927441e+00
-1.866319798251349749e+00
-1.866515824733716133e+00
-1.866601273999185073e+00
-1.866794373788978945e+00
-1.968024381442535109e+00
-1.868108270856918551e+00
-1.868299204065204666e+00
-1.755727493831964692e+00
-1.629863564090467953e+00
-1.321450509095540626e+00
-1.841932552330166839e+00
-1.842565474198837538e+00
-1.842893442355656886e+00
-1.842900156627256925e+00
-1.842903472996781256e+00
-1.843311401661574811e+00
-1.843304737662327053e+00
-1.842795990687327912e+00
-1.842196981821540902e+00
-1.842694564857709549e+00
-1.840278899773383881e+00
-1.831921898105951962e+00
-1.754052052577631304e+00
-1.650983529764604496e+00
-1.451133524243587436e+00
-9.802382781365577280e-01
-4.181631371835419220e-01
-3.942419035741547284e-01
8.641626555534730192e-02
4.450957037275574679e-01
4.836571260775547332e-01
3.521438536875793335e-01
3.714049319406036442e-01
1.746644138713276118e-01
-7.197946292053480910e-02
-5.904879281902264410e-02
-3.062211075972756102e-01
-3.000338998164868709e-01
-4.957874414398741880e-01
-4.899762126291276054e-01
-4.836044869176517325e-01
-4.790786895022118852e-01
-6.583530516462685611e-01
-5.985404692306244279e-01
-5.962531322822535174e-01
-5.891799049695478629e-01
-5.859335003999057712e-01
-5.817680902521287223e-01
-5.757210833267114580e-01
-5.746363634269315845e-01
-5.696380889104271095e-01
-5.643430254067398621e-01
-5.636512861578687472e-01
-5.590269737992488164e-01
-5.544306538208048085e-01
-5.522475183321866599e-01
-3.318086480818180917e-01
-3.314936716266863037e-01
-7.676931321400148889e-02
2.551753739894744299e-01
6.269340056458697630e-01
9.541926272400574893e-01
-1.727731387278874875e+00
-1.728137498182675369e+00
-1.728137498182675369e+00
-1.728317664791046537e+00
-1.728317664791046537e+00
-1.728557405228339672e+00
-1.728292130486870137e+00
-1.728533426861673661e+00
-1.728533426861673661e+00
-1.728533426861673661e+00
-1.728781745260499214e+00
-1.728781745260499214e+00
-1.729013479240626650e+00
-1.729013479240626650e+00
-1.728971749722980400e+00
-1.728971749722980400e+00
-1.729221249032479868e+00
-1.729221249032479868e+00
-1.729147142077648525e+00
-1.729370618127265002e+00
-1.729370618127265002e+00
-1.729587483149639393e+00
-1.729331541686600859e+00
-1.729567903837755161e+00
-1.729567903837755161e+00
-1.729786089117991477e+00
-1.729786089117991477e+00
-1.730001222468568134e+00
-1.730001222468568134e+00
-1.730228126974348690e+00
-1.729967534619124558e+00
-1.730174543234832552e+00
-1.730174543234832552e+00
-1.730389464068222027e+00
-1.730310982701239952e+00
-1.730531783969628368e+00
-1.688695369167486193e+00
-1.688518138172837135e+00
-1.688677192088928747e+00
-1.688677192088928747e+00
-1.688833763325491288e+00
-1.688986369501354945e+00
-1.688986369501354945e+00
-1.689143811934663564e+00
-1.688976486964934409e+00
-1.689138863295632342e+00
-1.557734798222849992e+00
-1.557734798222849992e+00
-1.557693467716575908e+00
-1.557654440894847392e+00
-1.689695320081492147e+00
-1.689844934024617773e+00
-1.689846403401656927e+00
-1.690053217515493866e+00
-1.690418386762922776e+00
-1.690966187171192736e+00
-1.862207968723469165e+00
-1.694478126609298529e+00
-1.694912473093061811e+00
-1.695166717929249778e+00
-1.695518428956753754e+00
-1.556108101806570110e+00
-1.556015022840299578e+00
-1.555904033265398390e+00
-1.474440221619373492e+00
-1.378934716840164443e+00
-1.195073662075722964e+00
-7.269632080677501662e-02
-1.309173918585441854e+00
-1.581866821796902078e+00
-1.581738888525856312e+00
-1.581782869791376056e+00
-1.581863920471483720e+00
-1.581878331952821348e+00
-1.581885765441010117e+00
-1.581891767766579804e+00
-1.581896334237540946e+00
-1.581900124176126354e+00
-1.581902528619620885e+00
-1.581895999068914316e+00
-1.581893178528252397e+00
-1.581893178528252397e+00
-1.581146651623622779e+00
-1.581146651623622779e+00
-1.581146651623622779e+00
-1.581057733420643707e+00
-1.581120776404119299e+00
-1.577932279794737047e+00
-1.577932279794737047e+00
-1.577613702906151660e+00
-1.577613702906151660e+00
-1.565921582755006813e+00
-1.566090498289057109e+00
-1.531412518785161270e+00
-1.531412518785161270e+00
-1.455117194072558462e+00
-1.451875928172325247e+00
-1.214082691398723934e+00
-1.206538879060653935e+00
-9.211797774278357442e-01
-9.099193469833390946e-01
-5.985020342337989963e-01
-5.985020342337989963e-01
-2.147083643266920472e-01
-2.147083643266920472e-01
-2.127081030967636066e-01
-2.039783546754059262e-01
4.250156910410104460e-01
4.450129287879561746e-01
4.666095254252842772e-01
1.056518227275346611e+00
1.065140298170806687e+00
1.076612830447649660e+00
1.107220368644482145e+00
1.116978413830730155e+00
1.484787901512347519e+00
1.510524004224041317e+00
1.515464492126067597e+00
1.524913739647655753e+00
1.552350964472466899e+00
1.575112061682526488e+00
1.591004761813350266e+00
1.610905160692557070e+00
1.614065134547387093e+00
1.614065134547387093e+00
1.552673724826794333e+00
1.567010999123840786e+00
1.595034045107758480e+00
1.601570197973461340e+00
1.609508593115965391e+00
1.609508593115965391e+00
1.643719056616278706e+00
1.656958535578834990e+00
1.673664837717489196e+00
1.697502332136714198e+00
1.689804069530975283e+00
1.705942577235050273e+00
1.737117574264649855e+00
1.741705771982960282e+00
1.748347862374099115e+00
1.773903471365899875e+00
1.775644240079961023e+00
1.792170054054635475e+00
1.806129166969079103e+00
1.823430508484277457e+00
1.846247107493438122e+00
1.846707830808805406e+00
1.858677579462510110e+00
1.866781882344402677e+00
2.033232106378668025e+00
2.058279699318107170e+00
2.059070337853281529e+00
1.731517059436525674e+00
1.775826185713659022e+00
1.775826185713659022e+00
1.125047847956655245e+00
1.881596229623473393e-01
1.786725715680442805e-01
-2.956020426776393428e-01
-2.956020426776393428e-01
-6.945982739866761735e-01
-1.580490943675132431e+00
-1.482348721833206984e+00
-1.482523773470498130e+00
-1.482523773470498130e+00
-1.482523773470498130e+00
-1.482523773470498130e+00
-1.482470762355969196e+00
-1.482470762355969196e+00
-1.482470762355969196e+00
-1.482470762355969196e+00
-1.482470762355969196e+00
-1.482470762355969196e+00
-1.482416794972224894e+00
-1.482489206820619687e+00
-1.482489206820619687e+00
-1.482489206820619687e+00
-1.482489206820619687e+00
-1.482430162201630930e+00
-1.482430162201630930e+00
-1.482430162201630930e+00
-1.482430162201630930e+00
-1.482430162201630930e+00
-1.482378257691457479e+00
-1.482378257691457479e+00
-1.482378257691457479e+00
-1.482378257691457479e+00
-1.482408953261181939e+00
-1.482408953261181939e+00
-1.482408953261181939e+00
-1.482408953261181939e+00
-1.482408953261181939e+00
-1.482357217777942715e+00
-1.482357217777942715e+00
-1.482357217777942715e+00
-1.482357217777942715e+00
-1.482357217777942715e+00
-1.482307740887055747e+00
-1.482307740887055747e+00
-1.482383680552847194e+00
-1.482383680552847194e+00
-1.482328983480685869e+00
-1.482328983480685869e+00
-1.482328983480685869e+00
-1.482328983480685869e+00
-1.482328983480685869e+00
-1.482280522937482470e+00
-1.482280522937482470e+00
-1.482280522937482470e+00
-1.482280522937482470e+00
-1.482280522937482470e+00
-1.482300811096282089e+00
-1.482300811096282089e+00
-1.482300811096282089e+00
-1.482300811096282089e+00
-1.482253036030904747e+00
-1.482253036030904747e+00
-1.482253036030904747e+00
-1.482253036030904747e+00
-1.482207886784350448e+00
-1.482207886784350448e+00
-1.482207886784350448e+00
-1.482207886784350448e+00
-1.482287971622401335e+00
-1.482236389570499080e+00
-1.482236389570499080e+00
-1.482236389570499080e+00
-1.482236389570499080e+00
-1.482190300566399443e+00
-1.482190300566399443e+00
-1.482190300566399443e+00
-1.482190300566399443e+00
-1.482144923788102808e+00
-1.482144923788102808e+00
-1.482144923788102808e+00
-1.482213569205087289e+00
-1.482169462842992447e+00
-1.482169462842992447e+00
-1.482169462842992447e+00
-1.482169462842992447e+00
-1.482125323024514163e+00
-1.482125323024514163e+00
-1.482125323024514163e+00
-1.482125323024514163e+00
-1.482077718840112412e+00
-1.482077718840112412e+00
-1.482148356435567527e+00
-1.357793152697674977e+00
-1.357793152697674977e+00
-1.357793152697674977e+00
-1.357793152697674977e+00
-1.357638891692579008e+00
-1.357638891692579008e+00
-1.357638891692579008e+00
-1.357638891692579008e+00
-1.357486737657328080e+00
-1.357486737657328080e+00
-1.357724921248768757e+00
-1.357571246506086071e+00
-1.357571246506086071e+00
-1.357571246506086071e+00
-1.357571246506086071e+00
-1.357413369056539976e+00
-1.357413369056539976e+00
-1.357413369056539976e+00
-1.357264006559851133e+00
-1.357264006559851133e+00
-1.357264006559851133e+00
-1.357504257109898083e+00
-1.357350998802090869e+00
-1.357350998802090869e+00
-1.357350998802090869e+00
-1.357200795074237298e+00
-1.357200795074237298e+00
-1.357200795074237298e+00
-1.357038725303557625e+00
-1.357038725303557625e+00
-1.357038725303557625e+00
-1.357038725303557625e+00
-1.357118940542366703e+00
-1.357118940542366703e+00
-1.357118940542366703e+00
-1.356967174039218627e+00
-1.356967174039218627e+00
-1.356967174039218627e+00
-1.356795544074379078e+00
-1.356795544074379078e+00
-1.356795544074379078e+00
-1.356640440573685158e+00
-1.356640440573685158e+00
-1.356891947542722132e+00
-1.356723664135944585e+00
-1.356723664135944585e+00
-1.356550372751760491e+00
-1.356550372751760491e+00
-1.356491708878435398e+00
-1.356441973978084858e+00
-1.356300939025137264e+00
-1.356274299360739954e+00
-1.356163289747277956e+00
-1.356321167697638108e+00
-1.356186308255197481e+00
-1.356113969959003018e+00
-1.355971247194518448e+00
-1.355892278908613191e+00
-1.355712442502016168e+00
-1.355606230675556079e+00
-1.355341556721981311e+00
-1.355176735173002411e+00
-1.481228227298414968e+00
-1.481026252185337677e+00
-1.584069463170246106e+00
-1.480412547262903722e+00
-1.480342600035648104e+00
-1.480263184547410571e+00
-1.455761204204043757e+00
-1.455678783017738898e+00
-1.455591266031639242e+00
-1.455549488940116376e+00
-1.455465931051828976e+00
-1.455501488976940427e+00
-1.346481879828183015e+00
-1.346295442654750874e+00
-1.346108105130230603e+00
-1.345981530856186215e+00
-1.345809413207879945e+00
-1.345606542619641521e+00
-1.345488817721693264e+00
-1.345289693730981728e+00
-1.560848922782501091e+00
-1.560840520524654718e+00
-1.560867074991367121e+00
-1.560899197130138027e+00
-1.560914240484753801e+00
-1.132780413798551100e+00
-1.132554044384933345e+00
-7.404683217388120520e-01
-7.396054892996930530e-01
-7.392909434618590847e-01
-1.094001051083473008e-01
4.601106283739093694e-01
2.176968373844731630e+00
2.645666271734770980e+00
1.323985155631966837e+00
7.007249844659446669e-02
-1.376987137678236772e+00
-1.517839884360612457e+00
-1.527758955620914572e+00
-1.527857322790472816e+00
-1.529517359101168816e+00
-1.529517359101168816e+00
-1.529402383958788914e+00
-1.529397759211998942e+00
-1.529397759211998942e+00
-1.529290170578139652e+00
-1.529290170578139652e+00
-1.529167872441168363e+00
-1.529037957809223247e+00
-1.529047369935989886e+00
-1.529946859655374691e+00
-1.529946859655374691e+00
-1.529907877619437473e+00
-1.529907877619437473e+00
-1.529860150559729348e+00
-1.529860150559729348e+00
-1.529839430715002058e+00
-1.529839430715002058e+00
-1.529842635554937491e+00
-1.529785261471117597e+00
-1.529721566578150727e+00
-1.529721566578150727e+00
-1.529645709245001983e+00
-1.529645709245001983e+00
-1.530160228683320911e+00
-1.530160228683320911e+00
-1.530138264027603556e+00
-1.530117776866143142e+00
-1.530117776866143142e+00
-1.530126189566930694e+00
-1.530126189566930694e+00
-1.530144103735722627e+00
-1.530108521499302654e+00
-1.530275240734972231e+00
-1.530275240734972231e+00
-1.530275240734972231e+00
-1.530274475736652429e+00
-1.530274475736652429e+00
-1.530274475736652429e+00
-1.530274475736652429e+00
-1.530274475736652429e+00
-1.530274475736652429e+00
-1.530274475736652429e+00
-1.530274475736652429e+00
-1.530274475736652429e+00
-1.530274734486068322e+00
-1.530274734486068322e+00
-1.530274734486068322e+00
-1.530274734486068322e+00
-1.530274734486068322e+00
-1.530274734486068322e+00
-1.530274734486068322e+00
-1.530274734486068322e+00
-1.530275074800812929e+00
-1.530275074800812929e+00
-1.530275074800812929e+00
-1.530275074800812929e+00
-1.530275074800812929e+00
-1.530275074800812929e+00
-1.530275074800812929e+00
-1.530275074800812929e+00
-1.530275074800812929e+00
-1.530275023928208578e+00
-1.530275023928208578e+00
-1.530275023928208578e+00
-1.530275023928208578e+00
-1.530275023928208578e+00
-1.530275023928208578e+00
-1.530275023928208578e+00
-1.530275023928208578e+00
-1.530274742645990393e+00
-1.530274742645990393e+00
-1.530274742645990393e+00
-1.530274742645990393e+00
-1.530274742645990393e+00
-1.530274742645990393e+00
-1.530274742645990393e+00
-1.530274742645990393e+00
-1.530275451724984581e+00
-1.530275451724984581e+00
-1.530275451724984581e+00
-1.530275451724984581e+00
-1.530275451724984581e+00
-1.530275451724984581e+00
-1.530275451724984581e+00
-1.530275451724984581e+00
-1.530275155101890050e+00
-1.530275155101890050e+00
-1.530275155101890050e+00
-1.530275155101890050e+00
-1.530275155101890050e+00
-1.530275155101890050e+00
-1.530275155101890050e+00
-1.530275155101890050e+00
-1.530275240735001763e+00
-1.530275240735001763e+00
-1.530275240735001763e+00
-1.530275240735001763e+00
-1.530275240735001763e+00
-1.530275240735001763e+00
-1.530275240735001763e+00
-1.530275240735001763e+00
-1.530274697979265186e+00
-1.530274697979265186e+00
-1.530274697979265186e+00
-1.530274697979265186e+00
-1.530274697979265186e+00
-1.530274697979265186e+00
-1.530274697979265186e+00
-1.530274697979265186e+00
-1.530276318602937335e+00
-1.530276318602937335e+00
-1.530276318602937335e+00
-1.530276318602937335e+00
-1.530276318602937335e+00
-1.530276318602937335e+00
-1.530276318602937335e+00
-1.530275046283890994e+00
-1.530275046283890994e+00
-1.530275046283890994e+00
-1.530275046283890994e+00
-1.530275046283890994e+00
-1.530275046283890994e+00
-1.530275046283890994e+00
-1.530275046283890994e+00
-1.530274888982464221e+00
-1.530274888982464221e+00
-1.530274888982464221e+00
-1.530274888982464221e+00
-1.530274888982464221e+00
-1.530274888982464221e+00
-1.530274888982464221e+00
-1.530274436711501540e+00
-1.530274436711501540e+00
-1.530274436711501540e+00
-1.530274436711501540e+00
-1.530274436711501540e+00
-1.530274436711501540e+00
-1.530274436711501540e+00
-1.530275035165152175e+00
-1.530275035165152175e+00
-1.530275035165152175e+00
-1.530275035165152175e+00
-1.530275035165152175e+00
-1.530275035165152175e+00
-1.530275035165152175e+00
-1.530274681024419881e+00
-1.530274681024419881e+00
-1.530274681024419881e+00
-1.530274681024419881e+00
-1.530274681024419881e+00
-1.530274681024419881e+00
-1.530274681024419881e+00
-1.530274772669381056e+00
-1.530274772669381056e+00
-1.530274772669381056e+00
-1.530274772669381056e+00
-1.530274772669381056e+00
-1.530274772669381056e+00
-1.530274772669381056e+00
-1.530275380235122773e+00
-1.530275380235122773e+00
-1.530275380235122773e+00
-1.530275380235122773e+00
-1.530275380235122773e+00
-1.530275380235122773e+00
-1.530275380235122773e+00
-1.530274501630685569e+00
-1.530274501630685569e+00
-1.530274501630685569e+00
-1.530274501630685569e+00
-1.530274501630685569e+00
-1.530274501630685569e+00
-9.581659207173457427e-01
-9.581659207173457427e-01
-9.581659207173457427e-01
-9.581659207173457427e-01
-9.581659207173457427e-01
-9.581659207173457427e-01
-9.581659207173457427e-01
-9.581654061920850118e-01
-9.581654061920850118e-01
-9.581654061920850118e-01
-9.581654061920850118e-01
-9.581654061920850118e-01
-9.581654061920850118e-01
-9.581663281020010858e-01
-9.581663281020010858e-01
-9.581663281020010858e-01
-9.581663281020010858e-01
-9.581663281020010858e-01
-9.581663281020010858e-01
-9.581663281020010858e-01
-9.581672529430934615e-01
-9.581672529430934615e-01
-9.581672529430934615e-01
-9.581672529430934615e-01
-9.581672529430934615e-01
-9.581672529430934615e-01
-9.581675857909649485e-01
-9.581675857909649485e-01
-9.581675857909649485e-01
-9.581675857909649485e-01
-9.581675857909649485e-01
-9.581675857909649485e-01
-9.581673352694285439e-01
-9.581673352694285439e-01
-9.581673352694285439e-01
-9.581673352694285439e-01
-9.581673352694285439e-01
-9.581673352694285439e-01
-9.581673328492992248e-01
-9.581673328492992248e-01
-9.581673328492992248e-01
-9.581673328492992248e-01
-9.581673328492992248e-01
-9.581652823586517265e-01
-9.581652823586517265e-01
-9.581652823586517265e-01
-9.581652823586517265e-01
-9.581652823586517265e-01
-9.581652823586517265e-01
-9.581671941786191748e-01
-9.581671941786191748e-01
-9.581671941786191748e-01
-9.581671941786191748e-01
-9.581671941786191748e-01
-9.581671941786191748e-01
-9.581672004701341505e-01
-9.581672004701341505e-01
-9.581672004701341505e-01
-9.581672004701341505e-01
-9.581672004701341505e-01
-9.581664356885860601e-01
-9.581664356885860601e-01
-9.581664356885860601e-01
-9.581664356885860601e-01
-9.581664356885860601e-01
-9.581664356885860601e-01
-9.581652823586108703e-01
-9.581652823586108703e-01
-9.581652823586108703e-01
-9.581652823586108703e-01
-9.581652823586108703e-01
-9.581661914018835269e-01
-9.581661914018835269e-01
-9.581661914018835269e-01
-9.581661914018835269e-01
-9.581661914018835269e-01
-9.581672656638146046e-01
-9.581672656638146046e-01
-9.581672656638146046e-01
-9.581672656638146046e-01
-9.581672656638146046e-01
-9.581652823585737888e-01
-9.581652823585737888e-01
-9.581652823585737888e-01
-9.581652823585737888e-01
-9.581652823585737888e-01
-9.581673189322130746e-01
-9.581673189322130746e-01
-9.581673189322130746e-01
-9.581673189322130746e-01
-9.581673189322130746e-01
-9.581664221515711066e-01
-9.581664221515711066e-01
-9.581664221515711066e-01
-9.581664221515711066e-01
-9.581664221515711066e-01
-9.581675245161782595e-01
-9.581675245161782595e-01
-9.581675245161782595e-01
-9.581675245161782595e-01
-9.581675245161782595e-01
-9.581652823585580236e-01
-9.581652823585580236e-01
-9.581652823585580236e-01
-9.581652823585580236e-01
-9.581669352703632292e-01
-9.581669352703632292e-01
-9.581669352703632292e-01
-9.581675338016361065e-01
-9.581667246664135051e-01
-9.581663827936960365e-01
-9.581663827936960365e-01
-9.581663280052308274e-01
-9.581675561271038033e-01
-9.581673065246362198e-01
-9.581669021545156095e-01
-9.581667680478216376e-01
-9.581667680478216376e-01
-9.581662664956058784e-01
-9.581652823585502521e-01
-9.581660767367620180e-01
-9.581675743822315461e-01
-9.581661660391358470e-01
-9.581659722101059096e-01
-9.581654413299021122e-01
-9.581654413299021122e-01
-9.581663569523120039e-01
-9.581671414383877705e-01
-9.581668030234163913e-01
-9.581671942136287257e-01
-9.581651890489815138e-01
-9.581671811949590278e-01
-1.530275354969233170e+00
-1.530274834746608859e+00
-1.530275046596619504e+00
-1.530275046596619504e+00
-1.530275020719279677e+00
-1.530275549771990429e+00
-1.530275549771990429e+00
-1.530275450202065013e+00
-1.530274881295052847e+00
-1.530274881295052847e+00
-1.530275469757599982e+00
-1.530275469757599982e+00
-1.530274905469369395e+00
-1.530275011905988469e+00
-1.530275011905988469e+00
-1.530274977944668935e+00
-1.530274977944668935e+00
-1.530274726863488866e+00
-1.530274742545010946e+00
-1.530274742545010946e+00
-1.530275305443780987e+00
-1.530275305443780987e+00
-9.581652823585600220e-01
-9.581652823586304102e-01
-1.071408772276803312e+00
-1.071408772276803312e+00
-1.071407536116760761e+00
-1.071407536116760761e+00
-1.071408480651790729e+00
-1.071408480651790729e+00
-1.071407913360641562e+00
-1.071408784448795171e+00
-1.071408784448795171e+00
-1.071408258493601329e+00
-1.071407353755442493e+00
-1.071407353755442493e+00
-1.071408437396227598e+00
-1.071408437396227598e+00
-1.071408378165478181e+00
-1.071407520266976610e+00
-1.071407520266976610e+00
-1.071408089001386843e+00
-1.071408095571332542e+00
-1.071408095571332542e+00
-1.071408295527807253e+00
-1.071408295527807253e+00
-1.071407625237574157e+00
-1.071408077312608453e+00
-1.071408077312608453e+00
-1.071408135283712815e+00
-1.071407536116762760e+00
-1.071407536116762760e+00
-1.071407522847322102e+00
-1.071407522847322102e+00
-5.930256786377403611e-01
-5.930256786377110512e-01
-5.930256786377110512e-01
-5.930255991694874940e-01
-5.930256786377716693e-01
-5.930256786377716693e-01
-5.930264571934382722e-01
-5.930264571934382722e-01
-5.930256786377814393e-01
-5.930263758056467660e-01
-5.930263758056467660e-01
-5.930256447522374019e-01
-5.930256786378731437e-01
-5.930256786378731437e-01
2.568035376036047479e-01
2.568035376036047479e-01
