3.553436979655102412e+00
3.549224838746811272e+00
3.515113657719282525e+00
2.992107562668726572e+00
2.895243134841146482e+00
2.427177902094200590e+00
2.007774888626137066e+00
1.967568649613407716e+00
1.473887708472447766e+00
1.464256445428560260e+00
1.200709772944771325e+00
9.264245054793920353e-01
8.095306547399312436e-01
7.699315316204704551e-01
5.387037723407944734e-01
3.690144375022594292e-01
3.266153519703606234e-01
4.517007193511103358e-01
4.890109800052766520e-01
3.468796528019839065e-01
2.994307039907767032e-01
1.963510717711814679e-01
9.559873208362115737e-02
3.866471088592456778e-02
-5.315979424322138380e-02
-1.352311134629871348e-01
-2.236905583768544481e-01
-2.330181455477771113e-01
-2.305702251982185980e-01
-2.233380878016579807e-01
-2.274588888996604830e-01
-2.739983672782459467e-01
-3.481723178434713017e-01
-3.505990938919395505e-01
-4.259263681170459281e-01
-5.686729919199116079e-01
-5.648727203338574920e-01
-6.347595002443938705e-01
-7.062550717965919711e-01
-7.865470927740395579e-01
-8.255595686597475558e-01
-8.689327071861174812e-01
-1.273801402508299763e+00
-1.370123813642734278e+00
-1.322314632004923940e+00
-1.244920592538102833e+00
-1.202136616890219001e+00
-1.234149565306811747e+00
-1.167381056704661191e+00
-3.395668787105767805e-01
-3.374827822723325821e-01
-3.360742431631563720e-01
-3.340906486979855483e-01
-5.353135754505555788e-01
-5.342111263095412621e-01
-5.330266082355051838e-01
-5.312039158395707172e-01
-5.312465395959731218e-01
-5.300137537535718479e-01
-7.329509659148942813e-01
-7.327590182463468160e-01
-8.807285392193426876e-01
-8.793438967107205517e-01
-8.279669411399986911e-01
-1.928782294884230364e+00
-1.902276011596350624e+00
-1.886663419288403976e+00
-1.865398706028688736e+00
-1.847827881681253892e+00
-1.841508057427727829e+00
-1.838796206858890558e+00
-1.844498244915695251e+00
-1.946513587778889720e+00
-2.288640518335045115e+00
-2.283888921489420909e+00
-2.379145153849524963e+00
-1.343263131812782563e+00
-1.342397194704777252e+00
-1.341721545940030458e+00
-1.340533855958504716e+00
-1.340233333805755489e+00
-1.339040792432021787e+00
-1.338112888557304148e+00
-1.336886733716543540e+00
-9.659949072141189585e-01
-2.332056343481469174e+00
-2.501432154767809113e+00
-2.487660025877767467e+00
-2.465855362060243028e+00
-2.453708146283664071e+00
-2.438233813035694642e+00
-2.427936609426584180e+00
-2.900544691351611526e+00
-2.893724942763427510e+00
-2.893303561864776441e+00
-2.895924765352702934e+00
-2.937601079941505322e+00
-2.952530187322149224e+00
-2.973598888291083764e+00
-3.033358428266845319e+00
-2.982005077898003176e+00
-2.958578532761939606e+00
-2.000605456096769874e+00
-1.999656522920439938e+00
-2.034433775521453658e+00
-2.034433775521453658e+00
-2.033317099292264007e+00
-2.032229487471024498e+00
-2.031046962829319291e+00
-2.030986736635798540e+00
-2.029916278790795392e+00
-2.028826589729125551e+00
-2.028826589729125551e+00
-2.028517099544419722e+00
-2.027445704420745898e+00
-2.026466270695369332e+00
-2.025616237143851084e+00
-2.025575016967789299e+00
-2.024617120018213257e+00
-2.613815995740857989e+00
-2.613081710355924070e+00
-2.612770077733412855e+00
-2.612035790344302999e+00
-2.610694064929134139e+00
-2.609981931022824497e+00
-2.609635706357917861e+00
-2.609459897821420959e+00
-2.608821479047053860e+00
-2.607550487507374282e+00
-2.606950362426517120e+00
-2.606774771082143172e+00
-2.605541910135072303e+00
-2.605077442020692136e+00
-2.604702198186526818e+00
-2.603829945064313645e+00
-2.603127284448056855e+00
-3.196234245483594361e+00
-2.600206711521630965e+00
-2.597534119929850949e+00
-1.985708550863638289e+00
-3.210624440978547600e+00
-4.127163924019413344e+00
-4.438900061238133077e+00
-4.394126038769519127e+00
-4.371368184473350738e+00
-4.368124186447315260e+00
-4.349687296792642321e+00
-4.334304508286854762e+00
-4.334073431241213470e+00
-4.317391255921418036e+00
-4.310675437970213686e+00
-4.294802270641971731e+00
-4.305450280804834051e+00
-4.295284355808774102e+00
-4.287423750423087654e+00
-4.283615995888071737e+00
-4.315348780792817251e+00
-4.311479798273941455e+00
-4.312887915314328247e+00
-4.312394481869754159e+00
-4.317821687627135141e+00
-4.332409350237268697e+00
-4.365110201578694671e+00
-4.379509600804105673e+00
-4.399889887374251352e+00
-4.431934923641893675e+00
-4.446505691093282309e+00
-4.464154094486016078e+00
-4.465949446414154700e+00
-4.463298725547608647e+00
-4.500802340153463810e+00
-4.500802340153463810e+00
-4.498019753934670462e+00
-4.508450373745990447e+00
-4.462026949695121480e+00
-4.396906034630586824e+00
-3.373174205079790600e+00
-3.373696223722161047e+00
-3.374089881728177254e+00
-3.372995323099711396e+00
-3.372995323099711396e+00
-3.373168494936928052e+00
-3.371955129594135681e+00
-3.371955129594135681e+00
-3.372398736113741080e+00
-3.371292531373214718e+00
-3.371292531373214718e+00
-3.371292531373214718e+00
-3.370225979674412731e+00
-3.370260885584106525e+00
-3.370764798330403877e+00
-3.369650759539389195e+00
-3.369650759539389195e+00
-3.368912817039539931e+00
-3.369013319719502242e+00
-3.369013319719502242e+00
-3.675966512889900173e+00
-3.676123364417086314e+00
-3.676123364417086314e+00
-3.675354421035773367e+00
-3.675354421035773367e+00
-3.675354421035773367e+00
-3.674649520558169957e+00
-3.674853193301356846e+00
-3.674125415057475141e+00
-3.674296204941986055e+00
-3.674296204941986055e+00
-3.673901714632763493e+00
-3.673901714632763493e+00
-3.673225943491112755e+00
-3.673438704381054798e+00
-3.673438704381054798e+00
-3.672714031578010907e+00
-3.672714031578010907e+00
-3.672069750350796191e+00
-3.672069750350796191e+00
-3.672243235007730089e+00
-3.671588251452352125e+00
-3.671588251452352125e+00
-3.670911892945952104e+00
-3.670911892945952104e+00
-3.670603109401798125e+00
-3.670755113935977310e+00
-3.670755113935977310e+00
-3.670154691147500259e+00
-3.670244578552642079e+00
-3.957354497395185966e+00
-3.957354497395185966e+00
-3.956833057764179262e+00
-3.956833057764179262e+00
-3.956790092456691443e+00
-3.956790092456691443e+00
-3.956563806561727237e+00
-3.956563806561727237e+00
-3.986585415019703316e+00
-3.986863320842986447e+00
-3.986536957339589904e+00
-3.986536957339589904e+00
-3.986231208120473379e+00
-3.986088893438850977e+00
-3.985802514097908311e+00
-3.985802514097908311e+00
-3.985501642524159394e+00
-3.985501642524159394e+00
-3.985223294993399001e+00
-3.985086389218639003e+00
-3.984824072037189691e+00
-3.984824072037189691e+00
-4.075689859660812431e+00
-4.075967405855061010e+00
-4.075862747123298213e+00
-4.075371277703370154e+00
-4.075399505472966588e+00
-4.075248845843324474e+00
-4.075425359020849569e+00
-4.075279663733431867e+00
-4.106532970046310460e+00
-4.106532970046310460e+00
-4.106311563490091743e+00
-4.106311563490091743e+00
-4.106087942026272586e+00
-4.105704118852112394e+00
-4.105704118852112394e+00
-4.105731989660404757e+00
-4.105475433428305010e+00
-4.105475433428305010e+00
-4.460998639451876357e+00
-4.460303913482371208e+00
-4.460662040341373924e+00
-4.460662040341373924e+00
-4.461025829613913807e+00
-4.461467510975466233e+00
-4.460976995104034337e+00
-4.461253951835726816e+00
-4.461801040181775591e+00
-4.462485199775450440e+00
-4.463618512393508375e+00
-4.100515297772947321e+00
-4.098268828310991374e+00
-4.092696360909374498e+00
-4.090415747368157717e+00
-4.551920462542709878e+00
-4.743074807596468823e+00
-4.883713650382110139e+00
-4.946812751769658512e+00
-4.946149890399100357e+00
-5.058809193440565899e+00
-5.259053567282140129e+00
-5.287694537547596774e+00
-5.223960873862939280e+00
-5.224402692934628334e+00
-5.200981429304909476e+00
-5.174070732782390714e+00
-5.148578099018478405e+00
-5.113314563198747997e+00
-5.090223831085333828e+00
-5.052196330942991587e+00
-5.049987977873811040e+00
-5.009418625256738977e+00
-5.009480978965014764e+00
-4.992940096658668558e+00
-4.970014709615408144e+00
-4.965554323025964223e+00
-4.957370030273358985e+00
-4.951778152708592451e+00
-4.948986817455358178e+00
-4.947202728253341064e+00
-4.951149506227602082e+00
-4.958637680440903139e+00
-4.976326857403402748e+00
-4.992212335282609992e+00
-5.014302064730533637e+00
-5.037790234786081456e+00
-5.045149217873650116e+00
-5.047413190097070235e+00
-5.558743482232311628e+00
-5.559778401625189659e+00
-5.563059138137924187e+00
-5.566010814796732653e+00
-5.567820626182170329e+00
-5.571512698934023788e+00
-5.572329301462802142e+00
-5.579397390806552615e+00
-5.580031862019754207e+00
-5.583279825522341255e+00
-5.585952645688494478e+00
-5.588917607191195458e+00
-5.592946857655760162e+00
-5.595871801074435048e+00
-5.597694284544274090e+00
-5.597694284544274090e+00
-5.607320884901286995e+00
-5.606119198044086538e+00
-5.609147382243209634e+00
-5.609147382243209634e+00
-5.609147382243209634e+00
-5.621505866191993661e+00
-5.621505866191993661e+00
-5.623624478101561408e+00
-5.625011812608502915e+00
-5.628133518123581425e+00
-5.628571630565582851e+00
-5.632213457514937183e+00
-5.635326207818912359e+00
-5.634934002978241985e+00
-5.636668193878632493e+00
-5.639638740068236622e+00
-5.641273924682693952e+00
-5.641946900062912107e+00
-5.642349794616108305e+00
-5.645770348760594359e+00
-5.643667803269588390e+00
-5.644288893536413276e+00
-5.644983337190529582e+00
-5.646832453367450988e+00
-5.644300934190256136e+00
-5.644732392637048513e+00
-5.641541935712574229e+00
-5.638430968771616314e+00
-5.631592940823077598e+00
-5.632736827139571467e+00
-5.630957971060716716e+00
-5.622986749553293251e+00
-5.609652747698917530e+00
-5.603478921101038068e+00
-5.603478921101038068e+00
-5.602366513429527295e+00
-5.607171948914580817e+00
-5.607171948914580817e+00
-6.023897753474101613e+00
-6.022107560048333141e+00
-6.022107560048333141e+00
-6.022107560048333141e+00
-6.020535144983377940e+00
-6.020535144983377940e+00
-6.026490322814422207e+00
-6.025029575771885249e+00
-6.025029575771885249e+00
-6.025029575771885249e+00
-6.049131326990554669e+00
-5.268728312740591946e+00
-5.268728312740591946e+00
-5.267927895894510826e+00
-5.267955675775819024e+00
-5.267955675775819024e+00
-5.267955675775819024e+00
-5.267811725488171781e+00
-5.267811725488171781e+00
-5.268076354565568664e+00
-5.267557380133236933e+00
-5.267557380133236933e+00
-5.267557380133236933e+00
-5.266975727113539563e+00
-5.266975727113539563e+00
-5.266975727113539563e+00
-5.266462805543078218e+00
-5.266462805543078218e+00
-5.266299177560671119e+00
-5.266299177560671119e+00
-5.266299177560671119e+00
-5.265777334110727459e+00
-5.265853658652563496e+00
-5.265853658652563496e+00
-5.265385422694695450e+00
-5.265532083781105044e+00
-5.265532083781105044e+00
-5.723566084498430406e+00
-5.723566084498430406e+00
-5.723132760772595695e+00
-5.723222981193891279e+00
-5.723474341876137572e+00
-5.723315354911203912e+00
-5.723315354911203912e+00
-5.723315354911203912e+00
-5.723153997637167478e+00
-5.723153997637167478e+00
-5.722988473483373362e+00
-5.722988473483373362e+00
-5.723007043861677801e+00
-5.722588336716859736e+00
-5.722588336716859736e+00
-5.722414465484398249e+00
-5.722414465484398249e+00
-5.722248715349962822e+00
-5.722248715349962822e+00
-5.722248715349962822e+00
-5.722069076346292249e+00
-5.722069076346292249e+00
-5.929989955775498700e+00
-5.929276402289811010e+00
-5.929401271938678164e+00
-5.929624974878146659e+00
-5.929780351806996919e+00
-5.929908178622487647e+00
-5.929951409719278921e+00
-5.930119980930609991e+00
-5.930209607444044906e+00
-5.930363836974492209e+00
-5.930481813690309245e+00
-5.930680180715843797e+00
-5.719823383416300366e+00
-5.719483153816023346e+00
-5.718857986432644758e+00
-5.717828645993177972e+00
-5.245395655224760034e+00
-5.242021152416887375e+00
-5.232065453522110943e+00
-5.710744409726728144e+00
-5.710376793218163272e+00
-6.000918732184996607e+00
-6.000311475560947905e+00
-6.149588130424500143e+00
-6.270229746550817218e+00
-6.382026373026147503e+00
-6.440965928449968736e+00
-6.484367239370104841e+00
-6.494243165573817755e+00
-6.383728615118243965e+00
-6.405700361746661464e+00
-6.507701630442566554e+00
-6.590426469836310197e+00
-6.685201476161423351e+00
-6.788776377382855109e+00
-6.885425181692567342e+00
-6.861064705945890907e+00
-6.739408047292466897e+00
-6.721321225880453554e+00
-6.657714786857474643e+00
-6.629809171913681354e+00
-6.599987413829689231e+00
-6.565496612416188427e+00
-6.538731633161527945e+00
-6.510018150704336648e+00
-6.491103704909091832e+00
-6.465796532700696986e+00
-6.439923602732628538e+00
-6.423736927734439384e+00
-6.416739048567368542e+00
-6.409662379296653612e+00
-6.400695555651024549e+00
-6.398051020654792254e+00
-6.398051020654792254e+00
-6.395221476224089763e+00
-6.396337759929172861e+00
-6.396337759929172861e+00
-6.398680795226980855e+00
-6.401960289484702749e+00
-6.401960289484702749e+00
-6.402696930841623058e+00
-6.480998526319683428e+00
-6.481317105066005446e+00
-6.483059447248153973e+00
-6.484796673565504932e+00
-6.485780315738034041e+00
-6.487580412716854816e+00
-6.488361072082954095e+00
-6.489374646913477207e+00
-6.491085778178314669e+00
-6.489497813287511185e+00
-6.491291750337469857e+00
-6.492208852399189212e+00
-6.493661824123311277e+00
-6.494509607968545595e+00
-6.496240997282310303e+00
-6.497172282430907941e+00
-6.498049447803147416e+00
-6.500659695522574388e+00
-6.498416881707461457e+00
-6.499932419222826496e+00
-6.500874312132691735e+00
-6.501827137219668096e+00
-6.503851429889838442e+00
-6.504930252943266211e+00
-6.506040953182553821e+00
-6.508336269610351721e+00
-6.509284558888025707e+00
-6.805251898652918463e+00
-6.806433143315981482e+00
-6.808808729699310724e+00
-6.810014009687566983e+00
-6.811418103690598969e+00
-6.813761883747355697e+00
-6.814890517657863356e+00
-6.814890517657863356e+00
-6.817069080326988662e+00
-6.816665290944590616e+00
-6.817399413675014230e+00
-6.819001231182391543e+00
-6.820667711455363325e+00
-6.821677392130168549e+00
-6.823281028517943270e+00
-6.824317920066139465e+00
-6.825450842129433759e+00
-6.826574061992926268e+00
-6.825526121857139472e+00
-6.828192713435099037e+00
-6.829159430979146350e+00
-6.831363092347017663e+00
-6.832793729891950107e+00
-6.834070496146726015e+00
-6.835282275964312149e+00
-6.837841383661512396e+00
-6.835532418767032325e+00
-6.838673911174636189e+00
-6.839513401540373572e+00
-6.841303348265443951e+00
-6.841303348265443951e+00
-6.841303348265443951e+00
-6.848143795742084095e+00
-6.848143795742084095e+00
-6.848245082581562393e+00
-6.847284176886381246e+00
-6.848397397065225434e+00
-6.850174917517140472e+00
-6.850174917517140472e+00
-6.850174917517140472e+00
-6.860166164898044983e+00
-6.860166164898044983e+00
-6.860166164898044983e+00
-6.860179398730930522e+00
-6.861227160155610960e+00
-6.863559721578945449e+00
-6.864555908261008810e+00
-6.866298467339319700e+00
-6.867211811565033130e+00
-6.870258536018057249e+00
-6.871250288538163886e+00
-6.869334504979941691e+00
-6.874524027937131798e+00
-6.874524027937131798e+00
-6.874560004473881492e+00
-6.876486234304131528e+00
-6.877535748608275767e+00
-6.879436652251463613e+00
-6.881567710941292937e+00
-6.879385101977379513e+00
-6.879385101977379513e+00
-6.883709548236306652e+00
-6.884634051497728002e+00
-6.885382585406458311e+00
-6.886990067807044369e+00
-6.886990067807044369e+00
-6.886990067807044369e+00
-6.890972665761858629e+00
-6.890972665761858629e+00
-6.891605064579902518e+00
-6.892587242362173683e+00
-6.894382008609861501e+00
-6.895592096381991887e+00
-6.896632593185424653e+00
-6.897738598028213097e+00
-7.174034603280189160e+00
-7.174594260216702324e+00
-7.176586245540731213e+00
-7.178443447676681188e+00
-7.178683154540392408e+00
-7.180834936430898985e+00
-7.180834936430898985e+00
-7.180834936430898985e+00
-7.182121428675737107e+00
-7.182512022673186891e+00
-7.182861213224604136e+00
-7.184208009540093975e+00
-7.184275406604283987e+00
-7.184390593059514885e+00
-7.187007689230206608e+00
-7.185745040407730322e+00
-7.186225155918635643e+00
-7.185982585057756999e+00
-7.185982585057756999e+00
-7.189817901974860703e+00
-7.189817901974860703e+00
-7.189748701229888184e+00
-7.186715660589606536e+00
-7.187712604750325696e+00
-7.187633234867389476e+00
-7.187641878920243421e+00
-7.187641878920243421e+00
-7.187641878920243421e+00
-7.187641878920243421e+00
-7.193801206532938863e+00
-7.192093140826494313e+00
-7.192093140826494313e+00
-7.192093140826494313e+00
-7.192024088323807796e+00
-7.192024088323807796e+00
-7.192024088323807796e+00
-7.192024088323807796e+00
-7.190308185570684962e+00
-7.203525366855287437e+00
-7.203525366855287437e+00
-7.204367853358729867e+00
-7.204367853358729867e+00
-7.204399566061645999e+00
-7.204399566061645999e+00
-7.203444185613244954e+00
-7.207235178095808159e+00
-7.212580728461197133e+00
-7.230042020795665714e+00
-7.312283596867356295e+00
-6.520411900079432499e+00
-6.520765121499348282e+00
-6.519909624584309782e+00
-6.519909624584309782e+00
-6.519909624584309782e+00
-6.519909624584309782e+00
-6.519909624584309782e+00
-6.519909624584309782e+00
-6.519909624584309782e+00
-6.834549834284597836e+00
-6.834549834284597836e+00
-6.834549834284597836e+00
-6.834549834284597836e+00
-6.834549834284597836e+00
-6.834549834284597836e+00
-6.834139133448755565e+00
-6.834139133448755565e+00
-6.834139133448755565e+00
-6.834332045724329951e+00
-6.834332045724329951e+00
-6.834680127506524983e+00
-6.834774161560452477e+00
-6.834082163062952020e+00
-6.834082163062952020e+00
-6.834082163062952020e+00
-6.834082163062952020e+00
-6.834261353046534815e+00
-6.834261353046534815e+00
-6.833634951472720154e+00
-6.833634951472720154e+00
-6.833634951472720154e+00
-6.833634951472720154e+00
-6.833634951472720154e+00
-6.833634951472720154e+00
-6.833687262946887664e+00
-6.833266865591810735e+00
-6.833266865591810735e+00
-6.833412743274124956e+00
-6.833412743274124956e+00
-6.833412743274124956e+00
-6.833412743274124956e+00
-6.832888051507336691e+00
-6.832888051507336691e+00
-6.832888051507336691e+00
-6.832888051507336691e+00
-6.832888051507336691e+00
-6.832888051507336691e+00
-6.832325689182766837e+00
-6.832597466199492153e+00
-6.832597466199492153e+00
-6.832597466199492153e+00
-6.832747256738589847e+00
-6.832747256738589847e+00
-7.198305651742936462e+00
-7.198305651742936462e+00
-7.198305651742936462e+00
-7.198305651742936462e+00
-7.198305651742936462e+00
-7.198305651742936462e+00
-7.198149236690974284e+00
-7.198149236690974284e+00
-7.198321034569345578e+00
-7.198321034569345578e+00
-7.198321034569345578e+00
-7.198321034569345578e+00
-7.198060039263928900e+00
-7.198060039263928900e+00
-7.198060039263928900e+00
-7.197738969449519075e+00
-7.197738969449519075e+00
-7.197508056650137931e+00
-7.197508056650137931e+00
-7.197508056650137931e+00
-7.197508056650137931e+00
-7.197771602808034963e+00
-7.197771602808034963e+00
-7.197605115370245166e+00
-7.197605115370245166e+00
-7.197605115370245166e+00
-7.197605115370245166e+00
-7.197743995049709298e+00
-7.197743995049709298e+00
-7.197523127513387742e+00
-7.197523127513387742e+00
-7.197227645345314784e+00
-7.197227645345314784e+00
-7.197227645345314784e+00
-7.197033875326957819e+00
-7.197033875326957819e+00
-7.197033875326957819e+00
-7.197033875326957819e+00
-7.197033875326957819e+00
-7.598751720888591521e+00
-7.598751720888591521e+00
-7.598787264749072179e+00
-7.598947663530595698e+00
-7.598947663530595698e+00
-7.599350289652610613e+00
-7.599350289652610613e+00
-7.598210044788582529e+00
-7.598210044788582529e+00
-7.598210044788582529e+00
-7.598210044788582529e+00
-7.598564465123277323e+00
-7.598564465123277323e+00
-7.598611907478066030e+00
-7.598611907478066030e+00
-7.598611907478066030e+00
-7.598949704692500973e+00
-7.598949704692500973e+00
-7.598949704692500973e+00
-7.598949704692500973e+00
-7.599353181255669831e+00
-7.599353181255669831e+00
-7.599353181255669831e+00
-8.068366226481304082e+00
-8.068366226481304082e+00
-8.067956284896487418e+00
-8.067956284896487418e+00
-8.067956284896487418e+00
-8.067956284896487418e+00
-8.067956284896487418e+00
-8.067687938231433264e+00
-8.067687938231433264e+00
-8.067928716746019191e+00
-8.067940227800898256e+00
-8.784546018742165785e+00
-8.784546018742165785e+00
-8.784546018742165785e+00
-8.784546018742165785e+00
-8.783709394601350695e+00
-8.783859466022313711e+00
-8.783859466022313711e+00
-8.783859466022313711e+00
-8.783859466022313711e+00
-8.784011496195647695e+00
-8.784011496195647695e+00
-8.784011496195647695e+00
-8.784011496195647695e+00
-8.784011496195647695e+00
-8.784182046501666008e+00
-8.784182046501666008e+00
-8.784182046501666008e+00
-8.784182046501666008e+00
-8.784387058556848871e+00
-8.783596350616486248e+00
-8.783596350616486248e+00
-8.783596350616486248e+00
-8.783820902123146368e+00
-8.784035040800288741e+00
-8.784035040800288741e+00
-8.784035040800288741e+00
-8.784294397647601116e+00
-8.784294397647601116e+00
-8.784378118544447389e+00
-8.784449911681621259e+00
-8.784523296722223762e+00
-8.784601676086325028e+00
-8.784760600138657338e+00
-8.495260583620044770e+00
-8.495499830223243620e+00
-8.495892379944017136e+00
-8.496678981864793201e+00
-8.497306678908293165e+00
-8.497835802605674616e+00
-8.498585498017510176e+00
-8.499898324701945285e+00
-7.988721338948686856e+00
-7.987528977058360624e+00
-7.986810480139765467e+00
-7.301468205855186078e+00
-7.298248493805548520e+00
-6.500508656550228359e+00
-6.848570289752424323e+00
-7.282623061230580674e+00
-7.281162146019124926e+00
-7.280301859706808543e+00
-7.279943179482633475e+00
-7.973478142352642628e+00
-7.973163282720896028e+00
-7.972851958345605894e+00
-7.972661734724089122e+00
-7.972485476188146514e+00
-7.972385084028148938e+00
-8.533519553732835661e+00
-8.533956234108293515e+00
-8.534301862898930224e+00
-8.667456671904927745e+00
-8.665889525061558629e+00
-8.665985838761825377e+00
-8.715526706848025995e+00
-8.715081920478334965e+00
-8.714631440907467663e+00
-8.740636798322837464e+00
-8.738938789753978753e+00
-8.756395513169531242e+00
-8.766863805674153909e+00
-8.772030935941709018e+00
-8.775706354177792434e+00
-8.770022942656162002e+00
-8.766205921191899009e+00
-8.747696577099798532e+00
-8.710189837893715037e+00
-8.668514839233777636e+00
-8.627512042203749232e+00
-8.624533459012335257e+00
-8.681478178548415414e+00
-8.681585293572144479e+00
-8.681585293572144479e+00
-8.756560936380058280e+00
-8.756560936380058280e+00
-8.756560936380058280e+00
-8.838696594382435379e+00
-8.838696594382435379e+00
-8.908918632817746541e+00
-8.908918632817746541e+00
-8.906732826175462137e+00
-8.961805859882286285e+00
-8.961805859882286285e+00
-9.025752277739446328e+00
-9.025827037159491084e+00
-9.025827037159491084e+00
-9.097615410731080487e+00
-9.097615410731080487e+00
-9.097615410731080487e+00
-9.167775493091022909e+00
-9.167775493091022909e+00
-9.219191374373959746e+00
-9.219191374373959746e+00
-9.216737762202232176e+00
-9.291754558664727881e+00
-9.291754558664727881e+00
-9.358084473932835934e+00
-9.358084473932835934e+00
-9.358084473932835934e+00
-9.286233941000368475e+00
-9.286233941000368475e+00
-9.238740086957674791e+00
-9.238740086957674791e+00
-9.238740086957674791e+00
-9.322852307281559447e+00
-9.322852307281559447e+00
-9.410349766291018270e+00
-9.410372401502041129e+00
-9.410372401502041129e+00
-9.509756843788213843e+00
-9.509756843788213843e+00
-9.509756843788213843e+00
-9.630918780306441107e+00
-9.630918780306441107e+00
-9.771949311346089573e+00
-9.771949311346089573e+00
-9.771949311346089573e+00
-9.877319004013825676e+00
-9.877319004013825676e+00
-9.962541878671265394e+00
-9.962541878671265394e+00
-8.228187145781630463e+00
-8.228187145781630463e+00
-8.228187145781630463e+00
-8.228187145781630463e+00
-8.228187145781630463e+00
-8.228528799246676684e+00
-8.228528799246676684e+00
-8.228528799246676684e+00
-8.228528799246676684e+00
-8.229044906903819623e+00
-8.229044906903819623e+00
-8.227885400698289331e+00
-8.227885400698289331e+00
-8.227885400698289331e+00
-8.227885400698289331e+00
-8.227885400698289331e+00
-8.227885400698289331e+00
-8.227885400698289331e+00
-8.227885400698289331e+00
-8.227885400698289331e+00
-8.227885400698289331e+00
-8.227885400698289331e+00
-8.227885400698289331e+00
-8.227885400698289331e+00
-9.189252589900764434e+00
-9.189277726847484118e+00
-9.189277726847484118e+00
-9.189277726847484118e+00
-9.189277726847484118e+00
-9.189277726847484118e+00
-9.189457650009387635e+00
-9.189742837780736195e+00
-9.190146034889060900e+00
-9.190146034889060900e+00
-9.190146034889060900e+00
-9.190146034889060900e+00
-9.190146034889060900e+00
-9.189407571789622864e+00
-9.189407571789622864e+00
-9.189407571789622864e+00
-9.189407571789622864e+00
-9.189407571789622864e+00
-9.189407571789622864e+00
-9.189407571789622864e+00
-9.189407571789622864e+00
-9.189407571789622864e+00
-9.189407571789622864e+00
-9.189483804562961211e+00
-9.189483804562961211e+00
-9.188239745589530827e+00
-9.188239745589530827e+00
-9.188239745589530827e+00
-9.188239745589530827e+00
-9.188239745589530827e+00
-9.188639072635242044e+00
-9.188639072635242044e+00
-9.188639072635242044e+00
-9.188639072635242044e+00
-9.188639072635242044e+00
-9.188639072635242044e+00
-9.188639072635242044e+00
-9.187590466353810825e+00
-9.187694694237931614e+00
-9.187694694237931614e+00
-9.187694694237931614e+00
-9.187694694237931614e+00
-9.187694694237931614e+00
-9.187694694237931614e+00
-9.187694694237931614e+00
-9.188022408019719478e+00
-9.188022408019719478e+00
-9.188309529120026298e+00
-9.188309529120026298e+00
-9.187336820198639842e+00
-9.187336820198639842e+00
-9.187336820198639842e+00
-9.187739942859797893e+00
-9.187739942859797893e+00
-9.187739942859797893e+00
-9.187739942859797893e+00
-9.187739942859797893e+00
-9.187917838468880660e+00
-9.187917838468880660e+00
-9.187917838468880660e+00
-9.186946462600708685e+00
-9.186946462600708685e+00
-9.186946462600708685e+00
-9.186946462600708685e+00
-9.186946462600708685e+00
-9.186946462600708685e+00
-9.186946462600708685e+00
-9.186946462600708685e+00
-9.186946462600708685e+00
-9.186946462600708685e+00
-9.186946462600708685e+00
-9.186946462600708685e+00
-9.186026664502458416e+00
-9.186426582324644485e+00
-9.186426582324644485e+00
-9.186426582324644485e+00
-9.186426582324644485e+00
-9.186759776347845019e+00
-9.186759776347845019e+00
