-2.301834420662522085e+00
-2.309987045711914266e+00
-2.338738704638150701e+00
-2.230874649759082118e+00
-2.275258562462107115e+00
-2.231512337773458921e+00
-2.345562556251702624e+00
-2.506505169860318016e+00
-2.422374975938072605e+00
-2.581503495655342650e+00
-2.516194143284886664e+00
-2.448180138650343896e+00
-2.629977046712687727e+00
-2.751276693049070410e+00
-2.898061165463474254e+00
-2.893552664180007561e+00
-2.907235415752018159e+00
-2.868219449340514426e+00
-2.869301554811486632e+00
-2.807680061979540564e+00
-2.825663378121118896e+00
-2.770976578155471159e+00
-2.766176400522137424e+00
-2.734110055510257986e+00
-2.732087799649181914e+00
-2.687852642048353502e+00
-2.685732358463090108e+00
-2.641199961406404562e+00
-2.647264659282133170e+00
-2.625453048494663211e+00
-2.594328737460237733e+00
-2.546329998464856637e+00
-2.535273721557833593e+00
-2.540957964750860665e+00
-2.529477376985389103e+00
-2.493793859020893677e+00
-2.459099503677283138e+00
-2.446934679026838921e+00
-2.443225413869189122e+00
-2.410049043857611206e+00
-2.416628126127541965e+00
-2.384430651649922073e+00
-2.006829589682888937e+00
-2.303120669332659354e+00
-2.304187205785980908e+00
-2.304432343914816883e+00
-2.301803459355952874e+00
-2.297924635217571065e+00
-2.306917221482448710e+00
-2.308886980117352383e+00
-2.310111456334050128e+00
-2.310962429044073119e+00
-2.312129418404933912e+00
-2.243935084502597377e+00
-2.244531454902359169e+00
-2.245307310583756433e+00
-2.246382968095128607e+00
-2.245894764493066909e+00
-2.246706666030571675e+00
-2.171317481215008449e+00
-2.171711898516977435e+00
-2.131098843558883793e+00
-2.131915822327413945e+00
-2.089932935882592879e+00
-2.068611421403965700e+00
-2.069127754142257913e+00
-2.069471495711501685e+00
-2.070521688549602057e+00
-2.070916827774819335e+00
-2.071920635024523172e+00
-2.072131995624945322e+00
-2.073102209212040137e+00
-2.073918836528221732e+00
-1.973144631200464794e+00
-1.962610203548610599e+00
-1.963028104666891371e+00
-1.963512748611941028e+00
-1.964115951599497922e+00
-1.964586836406603920e+00
-1.965415059414955534e+00
-1.965653166042556244e+00
-1.966484033117779084e+00
-1.967130001624895375e+00
-1.967969392478508661e+00
-2.078717201928949265e+00
-1.841472217915917087e+00
-1.858597771318836633e+00
-1.859612058497328579e+00
-1.859612082057224614e+00
-1.860566508721136048e+00
-1.861240719790532738e+00
-1.861240648846481438e+00
-1.727487130500074963e+00
-1.728164759709875042e+00
-1.728164332709322570e+00
-1.728804141925839533e+00
-1.729455717483338040e+00
-1.729419147587676120e+00
-1.730104894061279541e+00
-1.730665240301039409e+00
-1.731094954550280507e+00
-1.730799655521130020e+00
-1.731476722941403201e+00
-1.732076064604956445e+00
-1.693208901696453994e+00
-1.693208901696453994e+00
-1.693925194352005947e+00
-1.694694011509034759e+00
-1.695530901828078640e+00
-1.695693442738576140e+00
-1.696451005432751735e+00
-1.697220925463799768e+00
-1.697220925463799768e+00
-1.697593237820471002e+00
-1.698350201408540316e+00
-1.699043009463019338e+00
-1.699566290858037121e+00
-1.699708140361452902e+00
-1.700385342655968524e+00
-1.545234710758254248e+00
-1.545714293152770979e+00
-1.546060236827684120e+00
-1.546538659455984011e+00
-1.547414659748931776e+00
-1.547878844267516651e+00
-1.548100204535647562e+00
-1.548394234863320174e+00
-1.548810664059400377e+00
-1.549639001592828302e+00
-1.550030645491246251e+00
-1.550286877139547048e+00
-1.551090960181031431e+00
-1.551231178277008516e+00
-1.551464550771615380e+00
-1.552191860488158381e+00
-1.552649677785242543e+00
-1.375897964379168226e+00
-1.554692505333815200e+00
-1.556440737803162611e+00
-1.728485199411606166e+00
-1.328351927824154899e+00
1.195202267434701815e-01
-1.225074030100885558e+00
-1.225074398290709965e+00
-1.225073257378001435e+00
-1.226455291603917974e+00
-1.226455983984378051e+00
-1.225946013286730363e+00
-1.225776744509528449e+00
-1.226976894962344078e+00
-1.226976326113208504e+00
-1.226968671639553587e+00
-1.228168919553007443e+00
-1.228169779891105762e+00
-1.228168087518913154e+00
-1.228168375518539968e+00
-1.206303111591619404e+00
-1.205861395861329788e+00
-1.205860749134137766e+00
-1.206992962933608693e+00
-1.206992970215021721e+00
-1.206992801694760420e+00
-1.208077312095511280e+00
-1.207428655107180226e+00
-1.207428421499010973e+00
-1.207362207294261136e+00
-1.208532185874716003e+00
-1.208528564997283450e+00
-1.208223861832748547e+00
-1.209300219632848838e+00
-1.149741751806780732e+00
-1.149741751806780732e+00
-1.151154940371793334e+00
-1.206239898792057064e+00
-1.210657843472926265e+00
-1.210670214904997488e+00
-1.211832880114922517e+00
-1.211697643080576592e+00
-1.211109545779595287e+00
-1.212143289684632030e+00
-1.212143289684632030e+00
-1.211710530346686854e+00
-1.212857731787356119e+00
-1.212857731787356119e+00
-1.212743152673934732e+00
-1.213787857467622189e+00
-1.213787857467622189e+00
-1.213787857467622189e+00
-1.214794077876989453e+00
-1.214793053827486702e+00
-1.214658591584678593e+00
-1.215708448418387544e+00
-1.215708448418387544e+00
-1.216223414213323473e+00
-1.216115318615372809e+00
-1.216115318615372809e+00
-1.116340462568429004e+00
-1.116390824399154491e+00
-1.116390824399154491e+00
-1.117237472793543018e+00
-1.117237472793543018e+00
-1.117237472793543018e+00
-1.118013872307519474e+00
-1.118053747840321410e+00
-1.118854602170212598e+00
-1.118436819590237441e+00
-1.118436819590237441e+00
-1.118737866273141535e+00
-1.118737866273141535e+00
-1.119483756922237561e+00
-1.119513383371413484e+00
-1.119513383371413484e+00
-1.120311143527463749e+00
-1.120311143527463749e+00
-1.121019568321827586e+00
-1.121019568321827586e+00
-1.121065242820047159e+00
-1.121783110269484851e+00
-1.121783110269484851e+00
-1.122526033471822338e+00
-1.122526033471822338e+00
-1.122738871747552603e+00
-1.122775324145428577e+00
-1.122775324145428577e+00
-1.123433423225051353e+00
-1.123330059610487819e+00
-1.009817366983087439e+00
-1.009817366983087439e+00
-1.010536582468363420e+00
-1.010536582468363420e+00
-1.010579290399849839e+00
-1.010579290399849839e+00
-1.011088634253224816e+00
-1.011088634253224816e+00
-1.061165660283825307e+00
-1.060708620214706688e+00
-1.061001657309722734e+00
-1.061001657309722734e+00
-1.061274903325826413e+00
-1.061764921966438235e+00
-1.062018162718080694e+00
-1.062018162718080694e+00
-1.062287166638176794e+00
-1.062287166638176794e+00
-1.062535176837203332e+00
-1.063007406244318886e+00
-1.063240383436918624e+00
-1.063240383436918624e+00
-1.219872432738679624e+00
-1.219368856494288167e+00
-1.219772069735745479e+00
-1.220376703377540784e+00
-1.220376632256998439e+00
-1.220768081868529364e+00
-1.220409204447827856e+00
-1.220787369107473985e+00
-1.229555902663322708e+00
-1.229555902663322708e+00
-1.229899077125154561e+00
-1.229899077125154561e+00
-1.230246887766584862e+00
-1.230841353437212682e+00
-1.230841353437212682e+00
-1.230717157737009959e+00
-1.231116383197244035e+00
-1.231116383197244035e+00
-8.661776605856384981e-01
-8.670856092683572047e-01
-8.669986004502255872e-01
-8.669986004502255872e-01
-8.669094808784411077e-01
-8.667989365637898125e-01
-8.676049555595930496e-01
-8.675354427712973493e-01
-8.673977479431479454e-01
-8.672251727177947567e-01
-8.666038984180883809e-01
-1.238568965822141932e+00
-1.242038004365999759e+00
-1.250610875620536078e+00
-1.254105599163759077e+00
-8.621288465863733430e-01
-5.752698313205046876e-01
8.265696828439339505e-02
1.216021600145210879e+00
-9.233349141747766442e-01
-9.237836488876558505e-01
-9.262074921143554906e-01
-9.262067302004162173e-01
-9.262079220049312944e-01
-9.250013983174941723e-01
-9.249689229344557617e-01
-9.273265169147473230e-01
-9.273255567423994705e-01
-9.273252044653219617e-01
-9.273261535075097983e-01
-9.273265208064868093e-01
-9.293352425835911257e-01
-9.293359522680578744e-01
-9.282067639760531730e-01
-9.281999441731471068e-01
-9.305257070497973126e-01
-9.305260170883031812e-01
-9.293771337612930505e-01
-9.293622587470983243e-01
-9.293606875117814692e-01
-9.314695155577996655e-01
-9.314709175020091658e-01
-9.314688948599683105e-01
-9.314312875592553054e-01
-9.335029544145149183e-01
-9.334981430487072629e-01
-9.334946209713874676e-01
-9.333120695268452005e-01
-9.333105271745866238e-01
-2.936249992321995350e-01
-2.933005664085446274e-01
-2.932999581047874837e-01
-2.932994068735925719e-01
-2.960436719581112097e-01
-2.960429732885825338e-01
-2.960428832305503355e-01
-2.948676745604507099e-01
-2.969562157697254179e-01
-2.967297145145730841e-01
-2.967281497302572402e-01
-2.967250172516671114e-01
-2.948360724241876341e-01
-2.977587209076044683e-01
-2.977571643319791850e-01
-2.977571643319791850e-01
-2.977121930233992408e-01
-3.001159658093726090e-01
-3.001133108176075037e-01
-3.001133108176075037e-01
-3.001133108176075037e-01
-3.025293921118541451e-01
-3.025293921118541451e-01
-3.027801803820335813e-01
-3.027798816608269217e-01
-3.034018769152466710e-01
-3.034017816983645144e-01
-3.034009864755513597e-01
-3.034003014752899574e-01
-3.048009945021297185e-01
-3.048006107364256145e-01
-3.044894081134870145e-01
-3.044905423863255578e-01
-3.067126298510907123e-01
-3.067125392856404620e-01
-3.067133962367296629e-01
-3.089005332955059302e-01
-3.072667504567902497e-01
-3.072460946923152303e-01
-3.072477679303151077e-01
-3.094516648147918048e-01
-3.094515671892079656e-01
-3.094522868025533224e-01
-3.094529834148735947e-01
-3.115495021252530083e-01
-3.115492502896766158e-01
-3.115496416327847573e-01
-3.137249918081503886e-01
-3.120606873406974735e-01
-3.120609198151613750e-01
-3.120609198151613750e-01
-3.076736153248582628e-01
-3.076734338807955993e-01
-3.076734338807955993e-01
1.987460305606451039e-01
1.987851424844808701e-01
1.987851424844808701e-01
1.987851424844808701e-01
1.969523527904909477e-01
1.969523527904909477e-01
1.985877570895503430e-01
1.968879808023143996e-01
1.968879808023143996e-01
1.968879808023143996e-01
1.951716471534691300e-01
1.951708758386887510e-01
1.951708758386887510e-01
1.928068129433200828e-01
1.928075377599939300e-01
1.928075377599939300e-01
1.928075377599939300e-01
1.927338658352891754e-01
1.927338658352891754e-01
1.939575879800443658e-01
1.924237431186849312e-01
1.924237431186849312e-01
1.924237431186849312e-01
1.907052870674426082e-01
1.907052870674426082e-01
1.907052870674426082e-01
1.891904531310908411e-01
1.891904531310908411e-01
1.891128206281820212e-01
1.891128206281820212e-01
1.891128206281820212e-01
1.875715541967867273e-01
1.875907669596497129e-01
1.875907669596497129e-01
1.862087077945946412e-01
1.865267962893134568e-01
1.865267962893134568e-01
1.019526558067793465e+00
1.019526558067793465e+00
1.018862731644264663e+00
1.018904252594229343e+00
1.020293415824689687e+00
1.019302977247335651e+00
1.019302977247335651e+00
1.019302977247335651e+00
1.018298505580939706e+00
1.018298505580939706e+00
1.017270441709022366e+00
1.017270441709022366e+00
1.017268864860128019e+00
1.016672622787223368e+00
1.016672622787223368e+00
1.015584262899471790e+00
1.015584262899471790e+00
1.014550890850837384e+00
1.014550890850837384e+00
1.014550890850837384e+00
1.013428904046627776e+00
1.013428904046627776e+00
1.614223060020097744e+00
1.613632599328373773e+00
1.612932134658863648e+00
1.614301665165536415e+00
1.613422314619935349e+00
1.613783031401110568e+00
1.613785559703956762e+00
1.612823896247084443e+00
1.612315601600001091e+00
1.611438872393408994e+00
1.610770778330844033e+00
1.609645513218300961e+00
1.002242577022902204e+00
1.000119025043368248e+00
9.962218838251382103e-01
9.898246615817674066e-01
1.291105547110605878e-01
1.192740413025603630e-01
9.039128026299858565e-02
9.459242345562427490e-01
9.436969589456946084e-01
1.219418640059245940e+00
1.218408302462540727e+00
1.831519664023254723e+00
2.676700820553512106e+00
4.517392866200368395e+00
4.996860670792652392e+00
3.045837746679726621e+00
2.199037311930977179e+00
2.132319257658150669e+00
2.132048135774444741e+00
2.132048116586492625e+00
2.127161758554444670e+00
2.127163988872688982e+00
2.128293981439758120e+00
2.128293195763748091e+00
2.128293481068018966e+00
2.128295951802520403e+00
2.128295015282088087e+00
2.128297205460776720e+00
2.128294989688562566e+00
2.123629482434898907e+00
2.123647423959164726e+00
2.123647244581931215e+00
2.127886396062190322e+00
2.127884645388355089e+00
2.127883447529909766e+00
2.127887021051844574e+00
2.127885806504482336e+00
2.127884961526143925e+00
2.127885559345459310e+00
2.123303357261876911e+00
2.123304803049038458e+00
2.123304803049038458e+00
2.123364591838233117e+00
2.123364355513618573e+00
2.123364355513618573e+00
2.123493032754375509e+00
2.123494222485481586e+00
2.123494222485481586e+00
2.123497233076601542e+00
1.526018924853596026e+00
1.526017223818481483e+00
1.527178747444204232e+00
1.527185765425870700e+00
1.531995069161212975e+00
1.531995175836021961e+00
1.531995969914361488e+00
1.532065203091097505e+00
1.532068006543394256e+00
1.526765457604461362e+00
1.526765929094314966e+00
1.526764775203262703e+00
1.526764200239755676e+00
1.526766138439541898e+00
1.526765081115163625e+00
1.526767488366762127e+00
1.526766759542171448e+00
1.526768423105922423e+00
1.522047990883507396e+00
1.522050814625211634e+00
1.522051068282316288e+00
1.522049828816318673e+00
1.522051841886615575e+00
1.526317082164654559e+00
1.526317955842804164e+00
1.526317582497996650e+00
1.526320655298931683e+00
2.336516517724369635e+00
2.336516843095647555e+00
2.336518180898066621e+00
2.336518693701415739e+00
2.336518294404414942e+00
2.337879011356768899e+00
2.344252503061612369e+00
2.344252503061612369e+00
2.344251242432610294e+00
2.339540378053824199e+00
2.339542060418358105e+00
2.339539266712052701e+00
2.339541809739155376e+00
2.339541793651368273e+00
2.339545154735893639e+00
2.339543618177719164e+00
2.344309207038807852e+00
2.344310021939769673e+00
2.339394687361901592e+00
2.339395591968085775e+00
2.339395201742993091e+00
2.339398474289874574e+00
2.339397134537873679e+00
2.339396088383878691e+00
2.339396139131265873e+00
2.339398714228773990e+00
2.334296520343123849e+00
2.334371064715532018e+00
2.334371352198933547e+00
2.334369888096090140e+00
2.334369888096090140e+00
2.334369888096090140e+00
2.334373995503463917e+00
2.334373995503463917e+00
2.335530807232065964e+00
2.335090829102575594e+00
2.335092816521254555e+00
2.335093276463123146e+00
2.335093276463123146e+00
2.335093276463123146e+00
2.335083013699802645e+00
2.335083013699802645e+00
2.335083013699802645e+00
2.331062432381084459e+00
2.331063787110050800e+00
2.331062535515243006e+00
2.331063883989049401e+00
2.331066483175675330e+00
2.331066752508299977e+00
2.331065795068868240e+00
2.331066408258053002e+00
2.326913879297415555e+00
2.326913788455064136e+00
2.326913788455064136e+00
2.331301893086019650e+00
2.331301696572894322e+00
2.331301649154450484e+00
2.331302625402052797e+00
2.331303999953894035e+00
2.326589567474936171e+00
2.326589567474936171e+00
2.327724564708430588e+00
2.327723844247809204e+00
2.327724460083335334e+00
2.327724613310011570e+00
2.327724613310011570e+00
2.327724613310011570e+00
2.323381568475616277e+00
2.323381568475616277e+00
2.323381883861645569e+00
2.323381260285039218e+00
2.323384121499861621e+00
2.327588979183251805e+00
2.327589473934979392e+00
2.327590090362759767e+00
3.389989738440827960e+00
3.389988839412145794e+00
3.389991211680592365e+00
3.389991507015112315e+00
3.390179265470549819e+00
3.390178761052984324e+00
3.390178761052984324e+00
3.390178761052984324e+00
3.386376380994946533e+00
3.386376473817951815e+00
3.386377733421826797e+00
3.386378312861304085e+00
3.386377727833930429e+00
3.387539367717499417e+00
3.387539541352022621e+00
3.388573762604893069e+00
3.388573501300160995e+00
3.388573419808372122e+00
3.388573419808372122e+00
3.388572963653113668e+00
3.388572963653113668e+00
3.388574098854040262e+00
3.383815610015762587e+00
3.383816150864907613e+00
3.383815469813101551e+00
3.383816489387399429e+00
3.383816489387399429e+00
3.383816489387399429e+00
3.383816489387399429e+00
3.383815962324318249e+00
3.380085282415212333e+00
3.380085282415212333e+00
3.380085282415212333e+00
3.384115332586083991e+00
3.384115332586083991e+00
3.384115332586083991e+00
3.384115332586083991e+00
3.380363075489971170e+00
3.380362752221412581e+00
3.380362752221412581e+00
3.322007801714308428e+00
3.322007801714308428e+00
3.322079269515464173e+00
3.322079269515464173e+00
3.318758299013495172e+00
3.318756259278791809e+00
3.318759217237477355e+00
3.318758238423921814e+00
3.318738142078462960e+00
3.318735401735457557e+00
3.322516993334182267e+00
3.318906556383522055e+00
3.318906556383522055e+00
3.318906556383522055e+00
3.318906556383522055e+00
3.318906556383522055e+00
3.318906556383522055e+00
3.318906556383522055e+00
4.917163631826630521e+00
4.917163631826630521e+00
4.917163631826630521e+00
4.917163631826630521e+00
4.917163631826630521e+00
4.917163631826630521e+00
4.915166978904003336e+00
4.915166978904003336e+00
4.915166978904003336e+00
4.919227619037107146e+00
4.919227619037107146e+00
4.920152030385800401e+00
4.920158609297889285e+00
4.916784754203447960e+00
4.916784754203447960e+00
4.916784754203447960e+00
4.916784754203447960e+00
4.916975700450657349e+00
4.916975700450657349e+00
4.913927274407280166e+00
4.913927274407280166e+00
4.913927274407280166e+00
4.913927274407280166e+00
4.913927274407280166e+00
4.913927274407280166e+00
4.913928459110718627e+00
4.914714888582603969e+00
4.914714888582603969e+00
4.914790748950614407e+00
4.914790748950614407e+00
4.914790748950614407e+00
4.914790748950614407e+00
4.912232435247455342e+00
4.912232435247455342e+00
4.912232435247455342e+00
4.912232435247455342e+00
4.912232435247455342e+00
4.912232435247455342e+00
4.909495065716273920e+00
4.910214202060406485e+00
4.910214202060406485e+00
4.910214202060406485e+00
4.913336965211626328e+00
4.913336965211626328e+00
7.292297612951859520e+00
7.292297612951859520e+00
7.292297612951859520e+00
7.292297612951859520e+00
7.292297612951859520e+00
7.292297612951859520e+00
7.291091747432332681e+00
7.291091747432332681e+00
7.291301663142821354e+00
7.291301663142821354e+00
7.291301663142821354e+00
7.291301663142821354e+00
7.289293295858383814e+00
7.289293295858383814e+00
7.289293295858383814e+00
7.291682712700345625e+00
7.291682712700345625e+00
7.289895402118561130e+00
7.289895402118561130e+00
7.289895402118561130e+00
7.289895402118561130e+00
7.290684975371552135e+00
7.290684975371552135e+00
7.288731576711112048e+00
7.288731576711112048e+00
7.288731576711112048e+00
7.288731576711112048e+00
7.288810151621831324e+00
7.288810151621831324e+00
7.287107504668527191e+00
7.287107504668527191e+00
7.289314982050032476e+00
7.289314982050032476e+00
7.289314982050032476e+00
7.287809690748804137e+00
7.287809690748804137e+00
7.287809690748804137e+00
7.287809690748804137e+00
7.287809690748804137e+00
1.001418020889616578e+01
1.001418020889616578e+01
1.001417682505183038e+01
1.001439712259050907e+01
1.001439712259050907e+01
1.001476196899660387e+01
1.001476196899660387e+01
1.001382532336715059e+01
1.001382532336715059e+01
1.001382532336715059e+01
1.001382532336715059e+01
1.001414148955528560e+01
1.001414148955528560e+01
1.001414748674153010e+01
1.001414748674153010e+01
1.001414748674153010e+01
1.001445271005330717e+01
1.001445271005330717e+01
1.001445271005330717e+01
1.001445271005330717e+01
1.001481677410300009e+01
1.001481677410300009e+01
1.001481677410300009e+01
1.087718179881704295e+01
1.087718179881704295e+01
1.087558888280443270e+01
1.087558888280443270e+01
1.087558888280443270e+01
1.087558888280443270e+01
1.087558888280443270e+01
1.087412759358137038e+01
1.087412759358137038e+01
1.087496749545802999e+01
1.087497076462054224e+01
1.411686574299055863e+01
1.411686574299055863e+01
1.411686574299055863e+01
1.411686574299055863e+01
1.411391103078041809e+01
1.411473385163147931e+01
1.411473385163147931e+01
1.411473385163147931e+01
1.411473385163147931e+01
1.411556493983927218e+01
1.411556493983927218e+01
1.411556493983927218e+01
1.411556493983927218e+01
1.411556493983927218e+01
1.411650069881700098e+01
1.411650069881700098e+01
1.411650069881700098e+01
1.411650069881700098e+01
1.411762205103664236e+01
1.411525154312780828e+01
1.411525154312780828e+01
1.411525154312780828e+01
1.411647494452821405e+01
1.411730957952048549e+01
1.411730957952048549e+01
1.411730957952048549e+01
1.411872250562117692e+01
1.411872250562117692e+01
1.411917786741268266e+01
1.411956739724202770e+01
1.411996682745794551e+01
1.412039207076376890e+01
1.412125366333718013e+01
1.300931857057803853e+01
1.301070001491009265e+01
1.301296243219854709e+01
1.301749219811573433e+01
1.302050453889713033e+01
1.302354422017041813e+01
1.302723962840217276e+01
1.303475815118617831e+01
1.035881806091237856e+01
1.035668708271384908e+01
1.035540452603811445e+01
7.273883867221585753e+00
7.262939618859829416e+00
3.087257743733087700e+00
4.737666523605063240e+00
7.211174682101265887e+00
7.206282141269544361e+00
7.203400349847701278e+00
7.202068194840656190e+00
1.033217562104377762e+01
1.033162817198229355e+01
1.033108577001031492e+01
1.033075379840317787e+01
1.033044807508288088e+01
1.033016347009307090e+01
1.322091021856671844e+01
1.322322443252044799e+01
1.322505737975790829e+01
1.412908985377804250e+01
1.412107105687841546e+01
1.412166808826817821e+01
1.427677321802177168e+01
1.427344968157944471e+01
1.427008102191424221e+01
1.336442598609015064e+01
1.335415356574080015e+01
1.255831661677963496e+01
1.207974916434829282e+01
1.169232009932980176e+01
1.131426216833400566e+01
1.107527087996841431e+01
1.095686678879289921e+01
1.091824202986632919e+01
1.090518933371387433e+01
1.090300455392820567e+01
1.090291339825978945e+01
1.090249868439336289e+01
1.090237964144758109e+01
1.090269684025542318e+01
1.090269684025542318e+01
1.090270696003872430e+01
1.090270696003872430e+01
1.090270696003872430e+01
1.090271827360648871e+01
1.090271827360648871e+01
1.090271509957707607e+01
1.090271509957707607e+01
1.089904902643087325e+01
1.089899978167831662e+01
1.089899978167831662e+01
1.089900242215505344e+01
1.090188833841571814e+01
1.090188833841571814e+01
1.090188327714785288e+01
1.090188327714785288e+01
1.090188327714785288e+01
1.090188571643811599e+01
1.090188571643811599e+01
1.090187383746028260e+01
1.090187383746028260e+01
1.089867602350105180e+01
1.089867657101202347e+01
1.089867657101202347e+01
1.089867283853373969e+01
1.089867283853373969e+01
1.089867283853373969e+01
1.089871011267262269e+01
1.089871011267262269e+01
1.089870927225710417e+01
1.089870927225710417e+01
1.089870927225710417e+01
1.089870954879024012e+01
1.089870954879024012e+01
1.089525464851935332e+01
1.089805823731836831e+01
1.089805823731836831e+01
1.089805888176239179e+01
1.089805888176239179e+01
1.089805888176239179e+01
1.089837071888728381e+01
1.089837071888728381e+01
1.089836976905355215e+01
1.089836976905355215e+01
1.089836976905355215e+01
1.089837146689181679e+01
1.089837146689181679e+01
1.089460215476440474e+01
1.089460215476440474e+01
1.089459986433008076e+01
1.089459986433008076e+01
1.089459986433008076e+01
1.089459986433008076e+01
1.089459986433008076e+01
1.089534911480957469e+01
1.089534911480957469e+01
1.089534911480957469e+01
1.089534911480957469e+01
1.089813037049047573e+01
1.089813037049047573e+01
1.089497714979188103e+01
1.089497714979188103e+01
1.089497714979188103e+01
1.089497714979188103e+01
1.089497714979188103e+01
1.089497714979188103e+01
1.089497714979188103e+01
1.089497714979188103e+01
1.089497714979188103e+01
1.089497714979188103e+01
1.089497714979188103e+01
1.089497714979188103e+01
1.089497714979188103e+01
1.522071319207514328e+01
1.522071417615166489e+01
1.522071417615166489e+01
1.522071417615166489e+01
1.522071417615166489e+01
1.522071417615166489e+01
1.522075048624131455e+01
1.522108190715082898e+01
1.522378056925166234e+01
1.522378056925166234e+01
1.522378056925166234e+01
1.522378056925166234e+01
1.522378056925166234e+01
1.522135460414202690e+01
1.522135460414202690e+01
1.522135460414202690e+01
1.522135460414202690e+01
1.522135460414202690e+01
1.522135460414202690e+01
1.522135460414202690e+01
1.522135460414202690e+01
1.522135460414202690e+01
1.522135460414202690e+01
1.522135577190404732e+01
1.522135577190404732e+01
1.521760736965717520e+01
1.521760736965717520e+01
1.521760736965717520e+01
1.521760736965717520e+01
1.521760736965717520e+01
1.522027355486343581e+01
1.522027355486343581e+01
1.522027355486343581e+01
1.522027355486343581e+01
1.522027355486343581e+01
1.522027355486343581e+01
1.522027355486343581e+01
1.521711438120341775e+01
1.521711949864235613e+01
1.521711949864235613e+01
1.521711949864235613e+01
1.521711949864235613e+01
1.521711949864235613e+01
1.521711949864235613e+01
1.521711949864235613e+01
1.521790709619287085e+01
1.521790709619287085e+01
1.521823700975954097e+01
1.521823700975954097e+01
1.521531161923778797e+01
1.521531161923778797e+01
1.521531161923778797e+01
1.521799582167991005e+01
1.521799582167991005e+01
1.521799582167991005e+01
1.521799582167991005e+01
1.521799582167991005e+01
1.521803408911197941e+01
1.521803408911197941e+01
1.521803408911197941e+01
1.521510999297272981e+01
1.521510999297272981e+01
1.521510999297272981e+01
1.521510999297272981e+01
1.521510999297272981e+01
1.521510999297272981e+01
1.521510999297272981e+01
1.521510999297272981e+01
1.521510999297272981e+01
1.521510999297272981e+01
1.521510999297272981e+01
1.521510999297272981e+01
1.521234577242160668e+01
1.521500204692088865e+01
1.521500204692088865e+01
1.521500204692088865e+01
1.521500204692088865e+01
1.521580078588852913e+01
1.521580078588852913e+01
