2.994189915794046364e+00
2.986905792027131135e+00
2.956414425479123587e+00
2.578821247353027868e+00
2.324536477404263835e+00
2.138484292993192426e+00
1.225504265523887915e+00
5.532210434976492230e-01
3.048511499065484909e-01
1.841435923809423003e-01
-4.743987716930051640e-02
-1.689278808219903949e-01
-4.317372507695969031e-01
-4.588061716643355159e-01
-5.279893968436013552e-01
-6.529846263011944707e-01
-7.897384729127816527e-01
-8.250008245495303871e-01
-7.788375301287620012e-01
-7.738203799723235576e-01
-8.332187961344814653e-01
-9.327536445558618494e-01
-9.042040035888062599e-01
-1.006590127864875672e+00
-1.046537879177899422e+00
-1.017949926777529379e+00
-1.097418934236768839e+00
-1.272308847543768495e+00
-1.238274833958397547e+00
-1.338946405526467265e+00
-1.361495849175126560e+00
-1.449646855067913132e+00
-1.658127030484261022e+00
-1.626400820631363375e+00
-1.631349429366850456e+00
-1.727422435161806380e+00
-1.731887763346424691e+00
-1.809303893050744572e+00
-1.877608027703767224e+00
-1.830949742604562447e+00
-1.997203340222246215e+00
-2.057732667595357334e+00
-1.916415136740105662e+00
-2.549935948008879905e+00
-2.409407963156467769e+00
-2.383728950875297681e+00
-2.281945227541617882e+00
-2.319260069204323482e+00
-2.280460267704411237e+00
-2.372614916662558304e+00
-1.366584802574848601e+00
-1.364411648592896542e+00
-1.362575412743871617e+00
-1.360967396155827069e+00
-1.360190013728712843e+00
-1.358670454534560701e+00
-1.355754721490928683e+00
-1.703104688036724434e+00
-1.702475790572708148e+00
-1.701342061034336384e+00
-1.700143348928026876e+00
-1.698678468837431899e+00
-1.659907961994913972e+00
-1.684106755807474043e+00
-1.682004496827933959e+00
-1.678502340581193186e+00
-2.359109714478086151e+00
-3.386677423551390120e+00
-3.339027785983220031e+00
-3.797046638600370283e+00
-3.710985059965132393e+00
-3.657547341322143986e+00
-3.626032286113520353e+00
-3.613501731638725900e+00
-3.633150043486920389e+00
-3.496287619154468729e+00
-3.360580368179480804e+00
-3.413698122450581796e+00
-3.455051919847536013e+00
-3.613182874683780188e+00
-3.856788863138097767e+00
-2.427028846349386981e+00
-2.968697538081627396e+00
-2.968054334877872957e+00
-2.945130946961393104e+00
-2.944391174149739498e+00
-2.943015100717831789e+00
-2.942507763867373338e+00
-2.940602508867178333e+00
-2.389825385636199506e+00
-3.846022089542536992e+00
-4.628449623109055722e+00
-4.600948372757208915e+00
-4.577612139406584291e+00
-4.532271518815714550e+00
-4.496080165960626651e+00
-4.451936494326576010e+00
-4.411491800905100291e+00
-4.379975130478308110e+00
-4.368036503339170373e+00
-4.372409021073438318e+00
-4.397208670324445734e+00
-4.411902492008222154e+00
-4.323648633732695146e+00
-4.224607949001119245e+00
-4.301455223890259916e+00
-4.343658766181895281e+00
-4.382331201756168859e+00
-4.484723242398336751e+00
-4.510890995770687972e+00
-4.518037766014699308e+00
-3.130278146337513778e+00
-3.130278146337513778e+00
-3.129626613557852544e+00
-3.861524187120818130e+00
-3.861524187120818130e+00
-3.860538022813571057e+00
-3.859565443165758669e+00
-3.860397782647468023e+00
-3.859470430962580689e+00
-3.858576395523872105e+00
-3.857812827547505208e+00
-3.856955756462793872e+00
-3.857402167405586280e+00
-3.856473667606859390e+00
-3.855616786074429481e+00
-3.854803538077010483e+00
-3.854200866076294307e+00
-3.854671241140467774e+00
-3.855164716616678255e+00
-3.854406167872973299e+00
-3.853575465869247374e+00
-3.852830883708767473e+00
-3.852635925017712459e+00
-4.254753964793457577e+00
-4.254243755382663750e+00
-4.253703288294091500e+00
-4.261103703616841543e+00
-4.260822089764333853e+00
-4.260258494971825627e+00
-4.259854278330340804e+00
-4.259329230476383898e+00
-4.259049048698082096e+00
-4.634293762388999482e+00
-4.634000086052849632e+00
-4.668459542586389510e+00
-4.668192203024481124e+00
-4.668010285068282528e+00
-4.667704096418429316e+00
-4.667032348173266953e+00
-4.666565509084792396e+00
-4.665881109632254109e+00
-4.664544564394778270e+00
-4.251512810446033797e+00
-4.653562636937595087e+00
-5.448004466924709632e+00
-5.889303106903400753e+00
-6.461145756021549502e+00
-6.415151571739568404e+00
-6.387599769129101546e+00
-6.552453971788288811e+00
-6.516732857561970960e+00
-6.469121876686514838e+00
-6.430398506322011265e+00
-6.387110773532788777e+00
-6.328007563343497566e+00
-6.302364237951757708e+00
-6.283950244754033854e+00
-6.242221898004798319e+00
-6.234242719086292794e+00
-6.238249574523268670e+00
-6.253478222983288148e+00
-6.283555397488413519e+00
-6.290842974739649485e+00
-6.305229153333374192e+00
-6.317987740955886444e+00
-6.316849584500728199e+00
-6.316104183924828419e+00
-6.323942597537133281e+00
-6.328012675928547104e+00
-6.334208571702919954e+00
-6.334006016627547808e+00
-6.337604636490586252e+00
-6.344327726471242990e+00
-6.346085049583797932e+00
-6.378707853744592704e+00
-6.378274231150857787e+00
-6.378052673847921739e+00
-6.373430784492891910e+00
-6.360558898304669029e+00
-6.383049266583918246e+00
-6.383049266583918246e+00
-6.377083606141480843e+00
-6.357049732009197207e+00
-6.337852438408752676e+00
-6.479168932115761947e+00
-5.067840325249951761e+00
-5.066416679808939172e+00
-5.066416679808939172e+00
-5.066416679808939172e+00
-5.067067911409281145e+00
-5.065477815364349823e+00
-5.065477815364349823e+00
-5.065477815364349823e+00
-5.064139015548645872e+00
-5.064139015548645872e+00
-5.064139015548645872e+00
-5.064139015548645872e+00
-5.062866872709223642e+00
-5.063500906756449815e+00
-5.063500906756449815e+00
-5.062129699611126910e+00
-5.062129699611126910e+00
-5.062167998153724646e+00
-5.062506353785222402e+00
-5.061231543759303619e+00
-5.061231543759303619e+00
-5.061857715514230804e+00
-5.615219673693611746e+00
-5.615219673693611746e+00
-5.615219673693611746e+00
-5.615415330695704199e+00
-5.614390614732042373e+00
-5.614390614732042373e+00
-5.614390614732042373e+00
-5.613743166008283048e+00
-5.613743166008283048e+00
-5.613743166008283048e+00
-5.612850274183808885e+00
-5.612850274183808885e+00
-5.612850274183808885e+00
-5.612208411327250346e+00
-5.612497911094293634e+00
-5.612847178061400655e+00
-5.612847178061400655e+00
-5.611862952283596329e+00
-5.611862952283596329e+00
-5.611862952283596329e+00
-5.611051448758927584e+00
-5.611051448758927584e+00
-5.611405974537484909e+00
-5.610509006485133732e+00
-5.610572108341868258e+00
-5.610572108341868258e+00
-5.609765060747545107e+00
-5.609765060747545107e+00
-5.609765060747545107e+00
-5.608937283615253122e+00
-5.609247837679435023e+00
-5.609557788609891738e+00
-5.608708354576072530e+00
-5.608893926487573012e+00
-5.608178531614066209e+00
-5.608178531614066209e+00
-5.608178531614066209e+00
-5.607841106350563543e+00
-5.607841106350563543e+00
-5.607841106350563543e+00
-6.042996233787651938e+00
-6.042996233787651938e+00
-6.042996233787651938e+00
-6.042659057020702384e+00
-6.042659057020702384e+00
-6.042110052221734584e+00
-6.042110052221734584e+00
-6.042110052221734584e+00
-6.041772086086947269e+00
-6.046712302469243738e+00
-6.046811213261011453e+00
-6.046495938110498791e+00
-6.046311731228534825e+00
-6.046013589278085298e+00
-6.046013589278085298e+00
-6.045733306478387803e+00
-6.045733306478387803e+00
-6.045733306478387803e+00
-6.045445217233668345e+00
-6.045278499788831361e+00
-6.044957153388234694e+00
-6.044957153388234694e+00
-6.045129918750683728e+00
-6.044851726618155396e+00
-6.044851726618155396e+00
-6.044600815147545880e+00
-6.044741870007560358e+00
-6.426773661576063112e+00
-6.426773661576063112e+00
-6.426970894648585286e+00
-6.427000919380303046e+00
-6.427000919380303046e+00
-6.427238139177766207e+00
-6.426099002680682126e+00
-6.426313279247738208e+00
-6.426313279247738208e+00
-6.426497731718296080e+00
-6.426497731718296080e+00
-6.426676362641224216e+00
-6.666525135026465598e+00
-6.666310894974142087e+00
-6.666310894974142087e+00
-6.666161091848489484e+00
-6.666411657018930903e+00
-6.666213364779541628e+00
-6.666213364779541628e+00
-6.907499077100870188e+00
-6.907499077100870188e+00
-6.961376312530986432e+00
-6.961491920104578845e+00
-6.961491920104578845e+00
-6.961604079565075764e+00
-6.961738685132313975e+00
-6.961161566785949439e+00
-6.961161566785949439e+00
-6.961311021652769604e+00
-6.961497555520946179e+00
-6.961497555520946179e+00
-6.961717987238684735e+00
-6.961335851065832081e+00
-6.961556975336654851e+00
-6.961915708949922177e+00
-6.962309893426038343e+00
-6.963043121625942078e+00
-6.737417597663164059e+00
-6.114161938103368499e+00
-6.729752663226641118e+00
-6.969321130687610832e+00
-7.148759451579545399e+00
-7.292041540340062689e+00
-7.363616438337578174e+00
-7.533756606584677051e+00
-7.640819490531903568e+00
-7.589350592711301857e+00
-7.876880168470735910e+00
-8.142312424312441621e+00
-8.263047751790761453e+00
-8.187312453323393413e+00
-8.127478616284712132e+00
-8.063463404286940417e+00
-8.023655874264719046e+00
-7.938052842073530790e+00
-7.874544056487595256e+00
-7.804198428920581243e+00
-7.766961124343542799e+00
-7.728623580254329717e+00
-7.711651723240126266e+00
-7.696442773480747235e+00
-7.648320156555785232e+00
-7.648320156555785232e+00
-7.638833650151289234e+00
-7.637709626346832259e+00
-7.639579566578715841e+00
-7.641146310541134135e+00
-7.641618550968287238e+00
-7.642947192904133047e+00
-7.641849445573984489e+00
-7.642893638861391281e+00
-7.644615734253663142e+00
-7.646270260330879864e+00
-7.647830443852581261e+00
-7.647239314752909856e+00
-7.648796029913706107e+00
-7.651308737179671304e+00
-7.653323729883747539e+00
-7.654102881518391577e+00
-7.655797283557685518e+00
-7.656841164441258840e+00
-7.658441262222493329e+00
-7.660171624957198944e+00
-7.661870934970856695e+00
-7.663564846831330435e+00
-7.665008698728104974e+00
-7.996207886340306104e+00
-7.997882115010936488e+00
-7.999173876142582351e+00
-8.000699287330899523e+00
-8.002305143739173232e+00
-8.003924718451395748e+00
-8.003924718451395748e+00
-8.005428893735956564e+00
-8.006938272414897639e+00
-8.008585267594510171e+00
-8.010164007009183962e+00
-8.010258465826787244e+00
-8.012011516493032559e+00
-8.013208967453200771e+00
-8.014545716258728802e+00
-8.017456060103912208e+00
-8.015660939783614936e+00
-8.019163659235195141e+00
-8.019718890107252918e+00
-8.021204931619799083e+00
-8.021204931619799083e+00
-8.019442454469972503e+00
-8.019442454469972503e+00
-8.031444332822651688e+00
-8.031490032250674815e+00
-8.031521525729857558e+00
-8.030803473906241052e+00
-8.028532129008848273e+00
-8.034324948842360925e+00
-8.034324948842360925e+00
-8.034324948842360925e+00
-8.034324948842360925e+00
-8.040595264921080343e+00
-8.040596191709406426e+00
-8.040596191709406426e+00
-8.040596191709406426e+00
-8.043658234538844098e+00
-8.353553260124334301e+00
-8.356193462186791265e+00
-8.356193462186791265e+00
-8.356161024517012592e+00
-8.362546556005874265e+00
-8.360848735913679164e+00
-8.360848735913679164e+00
-8.363086234008379805e+00
-8.365307883713599679e+00
-8.363746696373901557e+00
-8.363758806822405134e+00
-8.369045314381848399e+00
-8.369045314381848399e+00
-8.369045314381848399e+00
-8.369015466043665086e+00
-8.369015466043665086e+00
-8.371836734850651496e+00
-8.371800849296645808e+00
-8.371800849296645808e+00
-8.374232655655616142e+00
-8.374232655655616142e+00
-8.374232655655616142e+00
-8.375836706549598887e+00
-8.375845548282295994e+00
-8.374413611262294665e+00
-8.377591213946896431e+00
-8.377609676614143908e+00
-8.377588275061333078e+00
-8.377285623741514087e+00
-8.377285623741514087e+00
-8.377285623741514087e+00
-8.377285623741514087e+00
-8.377247288134080705e+00
-8.737612767860753138e+00
-8.737612767860753138e+00
-8.737612767860753138e+00
-8.737612767860753138e+00
-8.736551862736968488e+00
-8.775618077716851317e+00
-8.775618077716851317e+00
-8.780267762161967582e+00
-8.791693349388969736e+00
-8.791693349388969736e+00
-8.929993093980108654e+00
-7.905272306135810112e+00
-7.905272306135810112e+00
-7.905007654416122520e+00
-7.905007654416122520e+00
-7.905007654416122520e+00
-7.905007654416122520e+00
-7.904548722753247603e+00
-7.904548722753247603e+00
-7.904548722753247603e+00
-7.904548722753247603e+00
-7.904117034215451199e+00
-7.904117034215451199e+00
-7.904117034215451199e+00
-7.904117034215451199e+00
-8.331367834283970097e+00
-8.331367834283970097e+00
-8.433471336088118164e+00
-8.433471336088118164e+00
-8.432938287250369314e+00
-8.432938287250369314e+00
-8.432938287250369314e+00
-8.432938287250369314e+00
-8.432653495814351530e+00
-8.432653495814351530e+00
-8.432962101208840267e+00
-8.432962101208840267e+00
-8.432586258464185747e+00
-8.432729801175018025e+00
-8.432729801175018025e+00
-8.432360304338327950e+00
-8.432722008394065938e+00
-8.432722008394065938e+00
-8.432722008394065938e+00
-8.432358238300304620e+00
-8.432358238300304620e+00
-8.432358238300304620e+00
-8.432358238300304620e+00
-9.043245514074351732e+00
-9.043245514074351732e+00
-9.043245514074351732e+00
-9.043085601462026446e+00
-9.043085601462026446e+00
-9.043085601462026446e+00
-9.042943647318226752e+00
-9.042746629592787855e+00
-9.042746629592787855e+00
-9.042746629592787855e+00
-9.042571202526506369e+00
-9.042571202526506369e+00
-9.042571202526506369e+00
-9.042502965500499812e+00
-9.042778174847018846e+00
-9.042778174847018846e+00
-9.042778174847018846e+00
-9.042628368298448294e+00
-9.042628368298448294e+00
-9.042495563432844108e+00
-9.474523108795562365e+00
-9.474523108795562365e+00
-9.474523108795562365e+00
-9.475018117539960372e+00
-9.475018117539960372e+00
-9.475018117539960372e+00
-9.492595326982238291e+00
-9.492595326982238291e+00
-9.492620526611306175e+00
-9.492967956303985488e+00
-9.492967956303985488e+00
-9.493040826051901249e+00
-9.492338285430163225e+00
-9.492338285430163225e+00
-9.492338285430163225e+00
-9.492819965782759439e+00
-9.492819965782759439e+00
-9.492819965782759439e+00
-9.493392150264545748e+00
-9.493392150264545748e+00
-9.493586174993327020e+00
-9.494366459213170018e+00
-9.494552464223545485e+00
-9.494935938992782098e+00
-9.495439692799818587e+00
-9.494645498389317595e+00
-9.495245236876353800e+00
-9.495962135418182015e+00
-9.496858661345930486e+00
-9.497980000239550691e+00
-9.499382577816898987e+00
-8.170781115436470898e+00
-8.409042811222759539e+00
-7.906337192671323955e+00
-7.901499509268475663e+00
-8.477080427400663254e+00
-8.143050295580485098e+00
-9.523762288323155190e+00
-9.522924773281781441e+00
-9.522971804663159290e+00
-9.704522564443442079e+00
-9.777800239122614201e+00
-9.810007496013071204e+00
-9.834375913295941629e+00
-9.849845763113664887e+00
-9.914131982455886671e+00
-9.931286113582501685e+00
-9.875988076420805228e+00
-9.820362507628981774e+00
-9.918343617106286203e+00
-1.003971169197755486e+01
-1.017814402543689845e+01
-1.029061714947538597e+01
-1.037792897670794900e+01
-1.046734034256890311e+01
-1.059765248864073683e+01
-1.064338129950911771e+01
-1.067462835414856137e+01
-1.038380152400095113e+01
-1.034806023005255682e+01
-1.026135746644620994e+01
-1.021282701501509926e+01
-1.014345805870508066e+01
-1.011272456289745492e+01
-1.006499040308261606e+01
-1.004795463039458348e+01
-1.001321432321878646e+01
-9.969366802077310297e+00
-9.950852962681022262e+00
-9.943573112665092140e+00
-9.932425048935751732e+00
-9.932527549434174929e+00
-9.930014724885879218e+00
-9.930073508296690221e+00
-9.930073508296690221e+00
-9.928051866088056343e+00
-9.928051866088056343e+00
-9.928051866088056343e+00
-9.928051866088056343e+00
-9.928051866088056343e+00
-9.928051866088056343e+00
-9.941778102847468546e+00
-9.941778102847468546e+00
-9.941778102847468546e+00
-9.941778102847468546e+00
-9.941778102847468546e+00
-9.941778102847468546e+00
-9.939445110603257305e+00
-9.939445110603257305e+00
-9.939445110603257305e+00
-9.939445110603257305e+00
-9.939445110603257305e+00
-9.943222026536098213e+00
-9.943222026536098213e+00
-9.943222026536098213e+00
-9.944404025370950251e+00
-9.944404025370950251e+00
-9.944404025370950251e+00
-9.944404025370950251e+00
-1.066844783281286624e+01
-1.066844783281286624e+01
-1.066848590045022682e+01
-1.066848590045022682e+01
-1.066848590045022682e+01
-1.066848590045022682e+01
-1.066848590045022682e+01
-1.066848590045022682e+01
-1.067291924397685499e+01
-1.067291924397685499e+01
-1.067291924397685499e+01
-1.067081147229386673e+01
-1.067081147229386673e+01
-1.067082709034091437e+01
-1.067082709034091437e+01
-1.067565518768918409e+01
-1.067565518768918409e+01
-1.067565518768918409e+01
-1.067565518768918409e+01
-1.067565518768918409e+01
-1.067565518768918409e+01
-1.067569719903253755e+01
-1.067952733198772641e+01
-1.067772651510193604e+01
-1.067772651510193604e+01
-1.067772651510193604e+01
-1.067772651510193604e+01
-1.067772651510193604e+01
-1.067772651510193604e+01
-1.068307690236961172e+01
-1.068307690236961172e+01
-1.068307690236961172e+01
-1.068307690236961172e+01
-1.068307690236961172e+01
-1.068140172531988163e+01
-1.068140172531988163e+01
-1.068142073547582171e+01
-1.068142073547582171e+01
-1.068145198620964287e+01
-1.068145198620964287e+01
-1.068145198620964287e+01
-1.069362782506919984e+01
-1.069362782506919984e+01
-1.069362782506919984e+01
-1.069369497243125977e+01
-1.069200948524427730e+01
-1.069200948524427730e+01
-1.069200948524427730e+01
-1.069200948524427730e+01
-1.069200948524427730e+01
-1.069200948524427730e+01
-1.069200948524427730e+01
-1.069200948524427730e+01
-1.069726710227722499e+01
-1.069726710227722499e+01
-1.069726710227722499e+01
-1.069523568465640295e+01
-1.069523568465640295e+01
-1.069523568465640295e+01
-1.069523568465640295e+01
-1.069523568465640295e+01
-1.069523568465640295e+01
-1.069523568465640295e+01
-1.070483530647021908e+01
-1.070483530647021908e+01
-1.070483530647021908e+01
-1.070483530647021908e+01
-1.070304226558548422e+01
-1.070304226558548422e+01
-1.070307516566317041e+01
-1.070307516566317041e+01
-1.070307516566317041e+01
-1.070307516566317041e+01
-1.070307516566317041e+01
-1.070307516566317041e+01
-1.070307516566317041e+01
-1.070307516566317041e+01
-1.070139978131261849e+01
-1.071576829747267290e+01
-1.071576829747267290e+01
-1.071576829747267290e+01
-1.071576829747267290e+01
-1.071576829747267290e+01
-1.071576829747267290e+01
-1.071576829747267290e+01
-1.071576829747267290e+01
-1.071576829747267290e+01
-1.071417735541570515e+01
-1.071417735541570515e+01
-1.071421230132066427e+01
-1.071421230132066427e+01
-1.072039260764201707e+01
-1.072042392653714948e+01
-1.072045070955296353e+01
-1.072045070955296353e+01
-1.072045070955296353e+01
-1.072045070955296353e+01
-1.072045070955296353e+01
-1.071887656549963275e+01
-1.071887656549963275e+01
-1.071887656549963275e+01
-1.073002703758893261e+01
-1.073002703758893261e+01
-1.073002703758893261e+01
-1.073002703758893261e+01
-1.073002703758893261e+01
-1.073002703758893261e+01
-1.073002703758893261e+01
-1.126281982132581660e+01
-1.126281982132581660e+01
-1.126286858733679530e+01
-1.126286858733679530e+01
-1.127175940742723803e+01
-1.127175940742723803e+01
-1.127175940742723803e+01
-1.129937314490746125e+01
-1.129937314490746125e+01
-1.129937314490746125e+01
-1.129789868953218246e+01
-1.129789868953218246e+01
-1.129789868953218246e+01
-1.129789868953218246e+01
-1.130571014257662910e+01
-1.130571014257662910e+01
-1.130571014257662910e+01
-1.130571771693226957e+01
-1.130571771693226957e+01
-1.130571771693226957e+01
-1.130429670856497459e+01
-1.130432473973496244e+01
-1.130432473973496244e+01
-1.130432473973496244e+01
-1.131305312239398830e+01
-1.131305312239398830e+01
-1.131305312239398830e+01
-1.131305312239398830e+01
-1.131305312239398830e+01
-1.131169181313565097e+01
-1.131171691470581919e+01
-1.131171691470581919e+01
-1.131171691470581919e+01
-1.131171691470581919e+01
-1.132241384811359275e+01
-1.132241384811359275e+01
-1.132241384811359275e+01
-1.132241384811359275e+01
-1.132241384811359275e+01
-1.132047895383054836e+01
-1.132050373183207093e+01
-1.132050373183207093e+01
-1.132056571106349629e+01
-1.132056571106349629e+01
-1.132056571106349629e+01
-1.133701745290652418e+01
-1.133701745290652418e+01
-1.133701745290652418e+01
-1.133606731026557313e+01
-1.133606731026557313e+01
-1.133606731026557313e+01
-1.133606731026557313e+01
-1.133606731026557313e+01
-1.133608654875096988e+01
-1.133608654875096988e+01
-1.133608654875096988e+01
-1.133608654875096988e+01
-1.133477268416715766e+01
-1.139526297190389670e+01
-1.139526297190389670e+01
-1.139526297190389670e+01
-1.139528857869110290e+01
-1.139528857869110290e+01
-1.139528857869110290e+01
-1.139528857869110290e+01
-1.139528857869110290e+01
-1.139528857869110290e+01
-1.139410301362095446e+01
-1.139410301362095446e+01
-1.139410301362095446e+01
-1.139410301362095446e+01
-1.139411606838116953e+01
-1.139411606838116953e+01
-1.139411606838116953e+01
-1.139411606838116953e+01
-1.139412453381031121e+01
-1.215022765407982597e+01
-1.215022765407982597e+01
-1.215022765407982597e+01
-1.215022765407982597e+01
-1.215022765407982597e+01
-1.215023287174436817e+01
-1.215023287174436817e+01
-1.215023287174436817e+01
-1.215023287174436817e+01
-1.214881593642348356e+01
-1.214881593642348356e+01
-1.112051760158259839e+01
-1.112051760158259839e+01
-1.112051760158259839e+01
-1.112051760158259839e+01
-1.112051760158259839e+01
-1.112051760158259839e+01
-1.112007511984165653e+01
-1.112007511984165653e+01
-1.112020328438647176e+01
-1.112042728931253599e+01
-1.112042728931253599e+01
-1.112042728931253599e+01
-1.112042728931253599e+01
-1.112042728931253599e+01
-1.112042728931253599e+01
-1.112000991206023848e+01
-1.112000991206023848e+01
-1.112017366226674930e+01
-1.112017366226674930e+01
-1.112017366226674930e+01
-1.112017366226674930e+01
-1.112017366226674930e+01
-1.112017366226674930e+01
-1.111985343221184941e+01
-1.111985343221184941e+01
-1.112119431400005354e+01
-1.112119431400005354e+01
-1.112119431400005354e+01
-1.112124843922843809e+01
-1.112124843922843809e+01
-1.112148974809077906e+01
-1.112101622982189930e+01
-1.112101622982189930e+01
-1.112101622982189930e+01
-1.112101622982189930e+01
-1.112101622982189930e+01
-1.112101622982189930e+01
-1.112101622982189930e+01
-1.112101622982189930e+01
-1.112057128706373277e+01
-1.112057128706373277e+01
-1.112057128706373277e+01
-1.112057128706373277e+01
-1.112058311375304598e+01
-1.112058311375304598e+01
-1.112058311375304598e+01
-1.112058311375304598e+01
-1.112025868692825981e+01
-1.112025868692825981e+01
-1.112025868692825981e+01
-1.112025868692825981e+01
-1.112046515297836180e+01
-1.112046515297836180e+01
-1.112046515297836180e+01
-1.112046515297836180e+01
-1.157034178220517262e+01
-1.157052960332428349e+01
-1.157052960332428349e+01
-1.157066572162819362e+01
-1.157066572162819362e+01
-1.157066572162819362e+01
-1.157079385719263520e+01
-1.157079385719263520e+01
-1.157059400780293856e+01
-1.157059400780293856e+01
-1.157059400780293856e+01
-1.157059400780293856e+01
-1.157059400780293856e+01
-1.157059400780293856e+01
-1.157059400780293856e+01
-1.157045577792781543e+01
-1.157045577792781543e+01
-1.157031234859064206e+01
-1.157031234859064206e+01
-1.157031234859064206e+01
-1.157031234859064206e+01
-1.157031234859064206e+01
-1.157031234859064206e+01
-1.157018912676835498e+01
-1.157018912676835498e+01
-1.157022603326922194e+01
-1.157022603326922194e+01
-1.157022603326922194e+01
-1.157022603326922194e+01
-1.157022603326922194e+01
-1.157011427144785642e+01
-1.157011427144785642e+01
-1.157030769115943691e+01
-1.157030769115943691e+01
-1.157030769115943691e+01
-1.157030769115943691e+01
-1.157030769115943691e+01
-1.157001080550608307e+01
-1.157001080550608307e+01
-1.157001080550608307e+01
-1.157014508740387093e+01
-1.157014508740387093e+01
-1.157014508740387093e+01
-1.157014508740387093e+01
-1.157003812708630974e+01
-1.157003812708630974e+01
-1.157003812708630974e+01
-1.157003812708630974e+01
-1.157003812708630974e+01
-1.157003812708630974e+01
-1.157003812708630974e+01
-1.190742311074985516e+01
-1.190742311074985516e+01
-1.190742311074985516e+01
-1.190742311074985516e+01
-1.190742311074985516e+01
-1.190742311074985516e+01
-1.190671460965539197e+01
-1.190676772376650661e+01
-1.190676772376650661e+01
-1.190688111727152965e+01
-1.190688111727152965e+01
-1.190688111727152965e+01
-1.190688111727152965e+01
-1.190703578863363532e+01
-1.190711530489480729e+01
-1.190711530489480729e+01
-1.190711530489480729e+01
-1.190711530489480729e+01
-1.190711530489480729e+01
-1.190711530489480729e+01
-1.190711530489480729e+01
-1.190724852718294180e+01
-1.190724852718294180e+01
-1.190724852718294180e+01
-1.190724852718294180e+01
-1.190724852718294180e+01
-1.190653584529404085e+01
-1.190659049760387589e+01
-1.190659049760387589e+01
-1.190674044938161735e+01
-1.190674044938161735e+01
-1.190674044938161735e+01
-1.190674044938161735e+01
-1.190674044938161735e+01
-1.190679635299870931e+01
-1.190679635299870931e+01
-1.190679635299870931e+01
-1.190679635299870931e+01
-1.190679635299870931e+01
-1.190679635299870931e+01
-1.190688622123448859e+01
-1.190688622123448859e+01
-1.190688622123448859e+01
-1.190688622123448859e+01
-1.190688622123448859e+01
-1.190631493679912012e+01
-1.206602781922427070e+01
-1.206602781922427070e+01
-1.206602781922427070e+01
-1.206602781922427070e+01
-1.206602781922427070e+01
-1.206602781922427070e+01
-1.206628466127678578e+01
-1.206628466127678578e+01
-1.206628466127678578e+01
-1.206628466127678578e+01
-1.206628466127678578e+01
-1.206628466127678578e+01
-1.206664212247646972e+01
-1.206664212247646972e+01
-1.206674718006743241e+01
-1.206674718006743241e+01
-1.206674718006743241e+01
-1.206674718006743241e+01
-1.206598565821706437e+01
-1.206598565821706437e+01
-1.206598565821706437e+01
-1.206598565821706437e+01
-1.206598565821706437e+01
-1.206598565821706437e+01
-1.206654039962795721e+01
-1.206666793130838577e+01
-1.206666793130838577e+01
-1.206666793130838577e+01
-1.206666793130838577e+01
-1.206666793130838577e+01
-1.206737298507177591e+01
-1.206748935904454356e+01
-1.206748935904454356e+01
-1.206748935904454356e+01
-1.206748935904454356e+01
-1.206843128842884205e+01
-1.206843128842884205e+01
-1.206728470645393791e+01
-1.206760251822036878e+01
-1.206786720741011720e+01
-1.206812516874287056e+01
-1.206838761665449056e+01
-1.206838761665449056e+01
-1.206872869724145936e+01
-1.206903076679863851e+01
