-2.305287113609769456e+00
-2.328315465692702091e+00
-2.325606522634580120e+00
-2.331117696857023081e+00
-2.351255719000732380e+00
-2.474860627545875769e+00
-2.632947963163794203e+00
-2.740276720780586484e+00
-2.767348942694744629e+00
-2.743569403313689037e+00
-2.763574730470310215e+00
-2.778492208798162721e+00
-2.906408923819843615e+00
-2.876874201467956471e+00
-2.859172549327748225e+00
-2.837737309387387441e+00
-2.798108620642025812e+00
-2.761619218417549426e+00
-2.703844624842987709e+00
-2.516074172308427226e+00
-2.461764953030909364e+00
-2.457489108235851205e+00
-2.446172362355089280e+00
-2.383749877352778768e+00
-2.472134435289764731e+00
-2.469752070361496799e+00
-2.415276886362456743e+00
-2.401835921590608880e+00
-2.352213435684553655e+00
-2.344149798179519628e+00
-2.327514774016482324e+00
-2.284591973854249947e+00
-2.283702947134494732e+00
-2.245212628325013782e+00
-2.243997929737599595e+00
-2.232247342772831988e+00
-2.179762766695277243e+00
-2.135732037169228992e+00
-2.161115731296675779e+00
-2.174357111807848408e+00
-2.084076060170175104e+00
-2.063324073702865302e+00
-2.114710905545905462e+00
-2.023985140849080100e+00
-2.027358951207149484e+00
-2.048226940033079480e+00
-1.992559762084129327e+00
-1.998191858248455022e+00
-1.716301704713887544e+00
-1.530051617238519235e+00
-2.052202148529681303e+00
-2.053367415306905031e+00
-2.054282656998628109e+00
-2.055169598706242606e+00
-2.055681281168996399e+00
-2.056522292756065795e+00
-2.057992075909217622e+00
-1.962247188454313340e+00
-1.962609911209719948e+00
-1.963259942807232372e+00
-1.964003214648035511e+00
-1.964842259464648633e+00
-1.930093705348704614e+00
-1.905033963949997577e+00
-1.906156195424385302e+00
-1.907641037785304361e+00
-1.538611547496063103e+00
-1.823915374443638937e+00
-1.824906815845942276e+00
-1.692077154561694829e+00
-1.682917898672172674e+00
-1.683567366761143491e+00
-1.684730442808533235e+00
-1.685354480480039108e+00
-1.686453145183404612e+00
-1.681647213343471670e+00
-1.116839019108374575e+00
-1.492424028395122226e+00
-1.647345302349911389e+00
-1.690102410527494659e+00
-1.690692096675328937e+00
-1.691453197790857121e+00
-1.537365575846066701e+00
-1.537886380694025723e+00
-1.501546585278105805e+00
-1.501949864407689406e+00
-1.502857124978560499e+00
-1.503002378588173649e+00
-1.504183080122149407e+00
-1.713492610640530822e+00
-3.716364113898993349e-01
-1.396223771225453714e+00
-1.397012589760211920e+00
-1.397013468795590629e+00
-1.398256339961951866e+00
-1.399478271678918251e+00
-1.399478255330132370e+00
-1.400693304208390000e+00
-1.399758042041235662e+00
-1.400943114354576746e+00
-1.402156610650293400e+00
-1.402156886857727880e+00
-1.402991052392803972e+00
-1.403940970204434313e+00
-1.313285468973835579e+00
-1.399448552639946497e+00
-1.406022623586782316e+00
-1.409140255325125324e+00
-1.410542702920708491e+00
-1.410545021331294002e+00
-1.411560522280888907e+00
-1.412539325605734808e+00
-1.412539325605734808e+00
-1.413136224233622285e+00
-1.193049335659218002e+00
-1.193049335659218002e+00
-1.193798509015813858e+00
-1.194535336061596897e+00
-1.194009870769263681e+00
-1.194713279016445862e+00
-1.195413619930070892e+00
-1.195822843989043482e+00
-1.196473995274305757e+00
-1.196265129379415759e+00
-1.196969100592077506e+00
-1.197619013793557619e+00
-1.198236278562623047e+00
-1.198609280412076039e+00
-1.198389077794380198e+00
-1.201637574843002154e+00
-1.202200014329616096e+00
-1.202815678368473806e+00
-1.203366578602637071e+00
-1.203646130984939333e+00
-1.077387483933864853e+00
-1.077774848618006320e+00
-1.078184997561150382e+00
-1.051851496380854956e+00
-1.052282495229992954e+00
-1.052789216611150991e+00
-1.053001894043710251e+00
-1.053474382708923462e+00
-1.053899104558832622e+00
-9.075536365171491537e-01
-9.079261905945014144e-01
-8.773989771593120324e-01
-8.777568642248375630e-01
-8.779172292557151369e-01
-8.783255873898309085e-01
-8.792236723055243397e-01
-8.799012489511056634e-01
-8.808125270882698477e-01
-8.825675946409210493e-01
-1.029521588560327050e+00
-8.970812709217086400e-01
-2.485579602201947180e-01
-5.533737124950287578e-01
-5.578472380388854734e-01
-5.578472381465298113e-01
-5.567601596135154374e-01
-7.283803222385072385e-01
-7.283789942377971727e-01
-7.283789945238057228e-01
-7.283806445681263453e-01
-7.283789948038137396e-01
-7.296987175670093251e-01
-7.296987176344682524e-01
-7.296987176804201614e-01
-7.296986946456547329e-01
-7.323692133514119185e-01
-7.323692131166363861e-01
-7.323692122040215136e-01
-7.323692103046881563e-01
-7.348860011338406162e-01
-7.334310442788783968e-01
-7.334313525249533949e-01
-7.334321469309151853e-01
-7.359104018301900751e-01
-7.348893080771377040e-01
-7.348890677341406441e-01
-7.348579882345522840e-01
-7.370856032225581167e-01
-7.370871994212973011e-01
-7.889593783653499059e-01
-7.889592700404810532e-01
-7.911187629751621486e-01
-7.911202822514834532e-01
-7.911186421881089004e-01
-7.911187963155474900e-01
-7.933187661164737836e-01
-7.932005723497184135e-01
-7.932005723497184135e-01
-7.921887787318413476e-01
-7.941370082720070611e-01
-7.941229415334394304e-01
-7.941210834904910421e-01
-7.930699955913806942e-01
-7.950830627464252620e-01
-7.950830627464252620e-01
-7.950830627464252620e-01
-7.940601110872307355e-01
-7.963074382678676510e-01
-7.963074382678676510e-01
-7.963074382678676510e-01
-7.981976032680220268e-01
-7.981976032680220268e-01
-7.981976032680220268e-01
-7.981976032680220268e-01
-7.999923403157334079e-01
-7.989970931829124545e-01
-7.989970931829124545e-01
-8.009298596050513641e-01
-8.009298596050513641e-01
-8.009310314242328310e-01
-7.999223413532643434e-01
-8.017205108400089486e-01
-8.017205108400089486e-01
-8.007763737969861850e-01
-2.889740607976412079e-01
-2.889740607976412079e-01
-2.889740607976412079e-01
-2.888482480747787129e-01
-2.903890684929751886e-01
-2.903890684929751886e-01
-2.903890684929751886e-01
-2.914448277087096084e-01
-2.914448277087096084e-01
-2.914448277087096084e-01
-2.927847274608239569e-01
-2.927847274608239569e-01
-2.927847274608239569e-01
-2.939010111235400569e-01
-2.928474133623402142e-01
-2.924120965861860544e-01
-2.924120965861860544e-01
-2.938893547891152647e-01
-2.938893547891152647e-01
-2.938893547891152647e-01
-2.951067112119878377e-01
-2.951067112119878377e-01
-2.947260985083601792e-01
-2.960718278624077104e-01
-2.960685983110435959e-01
-2.960685983110435959e-01
-2.972770113963083549e-01
-2.972770113963083549e-01
-2.972770113963083549e-01
-2.985158527225868497e-01
-2.981261722019095117e-01
-2.970035921685830749e-01
-2.982764536707740444e-01
-2.981582786320267076e-01
-2.992299882754501095e-01
-2.992299882754501095e-01
-2.992299882754501095e-01
-2.998071246218557695e-01
-2.998071246218557695e-01
-2.998071246218557695e-01
1.923930221861070988e-01
1.923930221861070988e-01
1.923930221861070988e-01
1.917623341067664633e-01
1.917623341067664633e-01
1.907361743815435551e-01
1.907361743815435551e-01
1.907361743815435551e-01
1.901049359091716573e-01
1.896902043213910538e-01
1.897035102537618645e-01
1.891345108850353007e-01
1.888011341899088480e-01
1.882617906548529341e-01
1.882617906548529341e-01
1.877550163835520758e-01
1.877550163835520758e-01
1.877550163835520758e-01
1.872343917151620962e-01
1.869332282102600384e-01
1.863529912091759222e-01
1.863529912091759222e-01
1.864858680090766274e-01
1.859840949520424891e-01
1.859840949520424891e-01
1.855317417471525898e-01
1.864338320000696880e-01
9.467865427396480182e-01
9.467865427396480182e-01
9.470260970398370892e-01
9.470261164209066163e-01
9.470261164209066163e-01
9.472505746675997651e-01
9.452107973094009408e-01
9.454701262942925011e-01
9.454701262942925011e-01
9.456932080436944998e-01
9.456932080436944998e-01
9.459091146784565085e-01
1.306920654473629817e+00
1.306417827920409280e+00
1.306417827920409280e+00
1.305976016484604818e+00
1.307253260157852814e+00
1.306788092259364431e+00
1.306788092259364431e+00
1.952713259259967860e+00
1.952713259259967860e+00
1.579253147399910073e+00
1.578903978907573169e+00
1.578903978907573169e+00
1.578562848128403751e+00
1.578720897865456996e+00
1.577493078297845130e+00
1.577493078297845130e+00
1.577049773183383241e+00
1.576493510454027192e+00
1.576493510454027192e+00
1.575837071928368083e+00
1.575759257744812292e+00
1.575106160965102475e+00
1.574050279003703423e+00
1.572891649554275073e+00
1.570742476490555095e+00
1.026500315626576620e+00
3.409272185624536711e-01
9.916265043494857379e-01
1.550375996921676602e+00
2.230774376557902006e+00
3.122898882879588722e+00
4.806552788855141145e+00
3.035491405351875116e+00
1.903894336313598501e+00
1.897361379592584774e+00
1.897358591287781948e+00
1.897358211373840087e+00
1.901428634043540677e+00
1.901428734934813791e+00
1.897260006973447544e+00
1.897261673818511962e+00
1.897737723477090466e+00
1.897736578242830596e+00
1.897793481724543208e+00
1.897794941659721513e+00
1.893464001060069180e+00
1.893463920102553377e+00
1.893463491450499969e+00
1.893465170695368460e+00
1.893467788114953976e+00
1.893467788114953976e+00
1.889705000483841379e+00
1.893791583864480543e+00
1.893790504096867000e+00
1.893790636212603129e+00
1.893790354251058794e+00
1.893790284340236330e+00
1.889654453041318849e+00
1.889656270183295073e+00
1.889655609921397028e+00
1.889655480023450851e+00
1.889655197759789962e+00
1.885560612924394919e+00
1.885564292860640423e+00
1.885562343940256680e+00
1.885563233216022372e+00
1.885561717607066479e+00
1.885561659244461508e+00
1.778747238599700964e+00
1.778748870567915308e+00
1.779225224190318144e+00
1.779227371204905817e+00
1.779225452829364063e+00
1.779227895662410575e+00
2.710816819509926923e+00
2.710818053046492260e+00
2.710819776175674267e+00
2.710817171589220198e+00
2.710875465086997060e+00
2.707800391363542225e+00
2.707800391363542225e+00
2.707800043630839149e+00
2.707800852365616517e+00
2.707799720247150876e+00
2.711864926021690714e+00
2.708448603327042736e+00
2.708448769861752314e+00
2.708447071872834844e+00
2.708449206008614940e+00
2.708455866569258408e+00
2.705561748018395551e+00
2.705561751133036097e+00
2.705561967359120246e+00
2.705563242055830653e+00
2.705563242055830653e+00
2.702731480826330746e+00
2.702731480826330746e+00
2.702731664261502242e+00
2.703205581728513884e+00
2.706782588330684636e+00
2.706783032360049468e+00
2.703139581672592051e+00
2.703138593315327576e+00
2.703138593315327576e+00
2.703138593315327576e+00
2.703138593315327576e+00
2.700611495169930265e+00
2.700612211361063331e+00
2.700612211361063331e+00
2.700612211361063331e+00
2.700612497725747740e+00
3.930016049542109702e+00
3.930076157412005777e+00
3.930076157412005777e+00
3.933097875714021363e+00
3.933099399114103001e+00
3.930446717494152420e+00
3.930446717494152420e+00
3.930446028088435018e+00
3.930446600588599626e+00
3.928015863211872905e+00
3.928016937490776517e+00
3.928016868308132015e+00
3.928016868308132015e+00
3.928016868308132015e+00
3.926187623325972265e+00
3.926187623325972265e+00
3.926187746589421046e+00
3.929262808129347917e+00
3.929262808129347917e+00
3.926866062944930569e+00
3.926866062944930569e+00
3.926866062944930569e+00
3.926865517715151022e+00
3.926864898982984187e+00
3.924649411111947650e+00
3.924649803625108291e+00
3.924658285171152894e+00
3.924660404333961683e+00
3.922593926970142419e+00
3.922593926970142419e+00
3.922593926970142419e+00
3.922593926970142419e+00
3.925795721562173934e+00
5.753658815140938465e+00
5.753658815140938465e+00
5.753658815140938465e+00
5.753658815140938465e+00
5.752268224714351064e+00
5.752262783242062305e+00
5.752262783242062305e+00
5.752264994718959912e+00
5.751294053158225950e+00
5.751294053158225950e+00
5.751293782326155402e+00
5.751293180040389252e+00
5.751293180040389252e+00
5.752045388366482825e+00
5.752045388366482825e+00
5.752045388366482825e+00
5.752045388366482825e+00
5.750625474939987214e+00
5.750625474939987214e+00
5.750625474939987214e+00
5.750625474939987214e+00
5.749292724536196886e+00
5.749292724536196886e+00
5.749292724536196886e+00
5.749292724536196886e+00
8.348177264817117305e+00
8.348177264817117305e+00
8.969568272699429912e+00
8.969568272699429912e+00
8.967586360303670290e+00
8.967586360303670290e+00
8.967586360303670290e+00
8.967586360303670290e+00
8.966529247918318291e+00
8.966529247918318291e+00
8.967099596736217038e+00
8.967099596736217038e+00
8.965405296279008951e+00
8.965473326722731784e+00
8.965473326722731784e+00
8.964105951204151879e+00
8.967137049865838705e+00
8.967137049865838705e+00
8.967137049865838705e+00
8.965785397937413137e+00
8.965785397937413137e+00
8.965785397937413137e+00
8.965785397937413137e+00
1.273670129187297029e+01
1.273670129187297029e+01
1.273670129187297029e+01
1.273651204377222257e+01
1.273651204377222257e+01
1.273651204377222257e+01
1.273634626299435979e+01
1.273611064052275310e+01
1.273611064052275310e+01
1.273611064052275310e+01
1.273590244157633400e+01
1.273590244157633400e+01
1.273590244157633400e+01
1.273577332071123003e+01
1.273654047890776475e+01
1.273654047890776475e+01
1.273654047890776475e+01
1.273636174036790081e+01
1.273636174036790081e+01
1.273620673475871001e+01
1.577979525698568253e+01
1.577979525698568253e+01
1.577979525698568253e+01
1.578401670830594838e+01
1.578401670830594838e+01
1.578401670830594838e+01
1.466982459216661994e+01
1.466982459216661994e+01
1.466982494907217749e+01
1.467170673431622063e+01
1.467170673431622063e+01
1.467171584775284288e+01
1.466985942490746631e+01
1.466985942490746631e+01
1.466985942490746631e+01
1.467246246526401343e+01
1.467246246526401343e+01
1.467246246526401343e+01
1.467555159020937516e+01
1.467555159020937516e+01
1.467622452800358168e+01
1.468043284835513695e+01
1.468143367709055092e+01
1.468350127281951245e+01
1.468588170501012158e+01
1.468388100039973843e+01
1.468709671451418508e+01
1.469093952218189081e+01
1.469573499559255936e+01
1.470171721704380197e+01
1.470918131733290224e+01
1.085808398061767122e+01
8.884393065919178767e+00
5.820620390363409946e+00
5.804021575082435547e+00
7.095366605894138701e+00
1.077859827436540741e+01
1.483477908774876219e+01
1.483202541079719694e+01
1.483226121761433625e+01
1.680043122375299802e+01
1.624670989992972636e+01
1.520592323245696953e+01
1.440485265859810582e+01
1.391971192450662187e+01
1.312669884303530843e+01
1.307421091252723677e+01
1.307008227568238112e+01
1.306985157938621001e+01
1.306981401129415232e+01
1.306760617780005163e+01
1.306760615151371496e+01
1.306760638926029827e+01
1.306760591503085500e+01
1.306760578722612287e+01
1.306760549474264366e+01
1.306763910239708082e+01
1.306763891419261903e+01
1.306763949832191152e+01
1.306764015365691733e+01
1.306763785651935628e+01
1.306763835240514382e+01
1.306763965895703805e+01
1.306551816759360385e+01
1.306551745189750235e+01
1.306551601873815649e+01
1.306551762168045094e+01
1.306552688903987658e+01
1.306552659367022962e+01
1.306552677718308075e+01
1.306552509068330714e+01
1.306791063141991849e+01
1.306819403697473447e+01
1.306819306569638606e+01
1.306819306569638606e+01
1.306599168189922189e+01
1.306599168189922189e+01
1.306599168189922189e+01
1.306599168189922189e+01
1.306599168189922189e+01
1.306599168189922189e+01
1.306599881300076405e+01
1.306599881300076405e+01
1.306599881300076405e+01
1.306599881300076405e+01
1.306599881300076405e+01
1.306599881300076405e+01
1.306349009793859395e+01
1.306349009793859395e+01
1.306349009793859395e+01
1.306349009793859395e+01
1.306349009793859395e+01
1.306349151451126112e+01
1.306349151451126112e+01
1.306349151451126112e+01
1.310434499216639281e+01
1.310434499216639281e+01
1.310434499216639281e+01
1.310434499216639281e+01
1.852284326240480894e+01
1.852284326240480894e+01
1.852287529276482303e+01
1.852287529276482303e+01
1.852287529276482303e+01
1.852287529276482303e+01
1.852287529276482303e+01
1.852287529276482303e+01
1.852317082207701304e+01
1.852317082207701304e+01
1.852317082207701304e+01
1.852068669882817531e+01
1.852068669882817531e+01
1.852068680059766947e+01
1.852068680059766947e+01
1.852068717953176247e+01
1.852068717953176247e+01
1.852068717953176247e+01
1.852068717953176247e+01
1.852068717953176247e+01
1.852068717953176247e+01
1.852306820439632418e+01
1.852306828571648012e+01
1.852094858740678873e+01
1.852094858740678873e+01
1.852094858740678873e+01
1.852094858740678873e+01
1.852094858740678873e+01
1.852094858740678873e+01
1.852094903025457739e+01
1.852094903025457739e+01
1.852094903025457739e+01
1.852094903025457739e+01
1.852094903025457739e+01
1.851898766664793072e+01
1.851898766664793072e+01
1.851898770849053122e+01
1.851898770849053122e+01
1.851899453525785333e+01
1.851899453525785333e+01
1.851899453525785333e+01
1.851899484111292438e+01
1.851899484111292438e+01
1.851899484111292438e+01
1.851931170869398358e+01
1.851956757794774688e+01
1.851956757794774688e+01
1.851956757794774688e+01
1.851956757794774688e+01
1.851956757794774688e+01
1.851956757794774688e+01
1.851956757794774688e+01
1.851956757794774688e+01
1.851956859080880236e+01
1.851956859080880236e+01
1.851956859080880236e+01
1.851720476116922498e+01
1.851720476116922498e+01
1.851720476116922498e+01
1.851720476116922498e+01
1.851720476116922498e+01
1.851720476116922498e+01
1.851720476116922498e+01
1.851720469650182466e+01
1.851720469650182466e+01
1.851720469650182466e+01
1.851720469650182466e+01
1.851513247161435061e+01
1.851513247161435061e+01
1.851734949975972810e+01
1.851734949975972810e+01
1.851734949975972810e+01
1.851734949975972810e+01
1.851734949975972810e+01
1.851734949975972810e+01
1.851734949975972810e+01
1.851734949975972810e+01
1.851541027426100072e+01
1.851566724704274236e+01
1.851566724704274236e+01
1.851566724704274236e+01
1.851566724704274236e+01
1.851566724704274236e+01
1.851566724704274236e+01
1.851566724704274236e+01
1.851566724704274236e+01
1.851566724704274236e+01
1.851383861468007552e+01
1.851383861468007552e+01
1.851387031157890206e+01
1.851387031157890206e+01
1.851387046330722441e+01
1.851624863972535096e+01
1.851625503427449004e+01
1.851625503427449004e+01
1.851625503427449004e+01
1.851625503427449004e+01
1.851625503427449004e+01
1.851444481747830295e+01
1.851444481747830295e+01
1.851444481747830295e+01
1.851444598476266634e+01
1.851444598476266634e+01
1.851444598476266634e+01
1.851444598476266634e+01
1.851444598476266634e+01
1.851444598476266634e+01
1.851444598476266634e+01
2.341316673638499068e+01
2.341316673638499068e+01
2.341340594532397290e+01
2.341340594532397290e+01
2.341340688306621232e+01
2.341340688306621232e+01
2.341340688306621232e+01
2.336466529908640410e+01
2.336466529908640410e+01
2.336466529908640410e+01
2.336378552106877038e+01
2.336378552106877038e+01
2.336378552106877038e+01
2.336378552106877038e+01
2.336378532223411852e+01
2.336378532223411852e+01
2.336378532223411852e+01
2.336378541229818850e+01
2.336378541229818850e+01
2.336378541229818850e+01
2.336294729977436901e+01
2.336297440735652486e+01
2.336297440735652486e+01
2.336297440735652486e+01
2.336297532626011275e+01
2.336297532626011275e+01
2.336297532626011275e+01
2.336297532626011275e+01
2.336297532626011275e+01
2.336217580035985364e+01
2.336323806309333051e+01
2.336323806309333051e+01
2.336323806309333051e+01
2.336323806309333051e+01
2.336323900952108445e+01
2.336323900952108445e+01
2.336323900952108445e+01
2.336323900952108445e+01
2.336323900952108445e+01
2.336210488321338019e+01
2.336211062906884095e+01
2.336211062906884095e+01
2.336246893418848458e+01
2.336246893418848458e+01
2.336246893418848458e+01
2.336246447688978733e+01
2.336246447688978733e+01
2.336246447688978733e+01
2.336190951592486442e+01
2.336190951592486442e+01
2.336190951592486442e+01
2.336190951592486442e+01
2.336190951592486442e+01
2.336293924478107442e+01
2.336293924478107442e+01
2.336293924478107442e+01
2.336293924478107442e+01
2.336217210533089883e+01
2.336215828110314874e+01
2.336215828110314874e+01
2.336215828110314874e+01
2.336218911077180849e+01
2.336218911077180849e+01
2.336218911077180849e+01
2.336218911077180849e+01
2.336218911077180849e+01
2.336218911077180849e+01
2.336150701858963075e+01
2.336150701858963075e+01
2.336150701858963075e+01
2.336150701858963075e+01
2.336150797588397054e+01
2.336150797588397054e+01
2.336150797588397054e+01
2.336150797588397054e+01
2.336256521367102934e+01
2.514732533643496026e+01
2.514732533643496026e+01
2.514732533643496026e+01
2.514732533643496026e+01
2.514732533643496026e+01
2.514752898902116129e+01
2.514752898902116129e+01
2.514752898902116129e+01
2.514752898902116129e+01
2.514709926832786735e+01
2.514709926832786735e+01
2.514709978014239411e+01
2.514709978014239411e+01
2.514709978014239411e+01
2.514709978014239411e+01
2.514709978014239411e+01
2.514709978014239411e+01
2.514679180438434969e+01
2.514679180438434969e+01
2.514679550391441154e+01
2.514714990046699938e+01
2.514714990046699938e+01
2.514714990046699938e+01
2.514714990046699938e+01
2.514714990046699938e+01
2.514714990046699938e+01
2.514686012156681727e+01
2.514686012156681727e+01
2.514689153959103862e+01
2.514689153959103862e+01
2.514689153959103862e+01
2.514689153959103862e+01
2.514689153959103862e+01
2.514689153959103862e+01
2.514666862329137231e+01
2.514666862329137231e+01
2.514485454871835657e+01
2.514485454871835657e+01
2.514485454871835657e+01
2.514485485685864319e+01
2.514485485685864319e+01
2.514523974037214415e+01
2.514491713814123841e+01
2.514491713814123841e+01
2.514491713814123841e+01
2.514491713814123841e+01
2.514491713814123841e+01
2.514491713814123841e+01
2.514491713814123841e+01
2.514491713814123841e+01
2.514461369936068635e+01
2.514461369936068635e+01
2.514461369936068635e+01
2.514461369936068635e+01
2.514461436036307873e+01
2.514461436036307873e+01
2.514461436036307873e+01
2.514461436036307873e+01
2.514439318949034430e+01
2.514439318949034430e+01
2.514439318949034430e+01
2.514439318949034430e+01
2.514472133673201881e+01
2.514472133673201881e+01
2.514472133673201881e+01
2.514472133673201881e+01
2.562308621893055260e+01
2.562327684489119406e+01
2.562327684489119406e+01
2.562330797680148464e+01
2.562330797680148464e+01
2.562330797680148464e+01
2.562331002609347053e+01
2.562331002609347053e+01
2.562323357141665880e+01
2.562323357141665880e+01
2.562323357141665880e+01
2.562323357141665880e+01
2.562323357141665880e+01
2.562323357141665880e+01
2.562323357141665880e+01
2.562318105291434733e+01
2.562318105291434733e+01
2.562312624892946999e+01
2.562312624892946999e+01
2.562312624892946999e+01
2.562312624892946999e+01
2.562312624892946999e+01
2.562312624892946999e+01
2.562307912495653994e+01
2.562307912495653994e+01
2.562307927786948269e+01
2.562307927786948269e+01
2.562307927786948269e+01
2.562307927786948269e+01
2.562307927786948269e+01
2.562303621478562121e+01
2.562303621478562121e+01
2.562323277570214231e+01
2.562323277570214231e+01
2.562323277570214231e+01
2.562323277570214231e+01
2.562323277570214231e+01
2.562311880563448696e+01
2.562311880563448696e+01
2.562311880563448696e+01
2.562314974245854771e+01
2.562314974245854771e+01
2.562314974245854771e+01
2.562314974245854771e+01
2.562310804974003631e+01
2.562310804974003631e+01
2.562310804974003631e+01
2.562310804974003631e+01
2.562310804974003631e+01
2.562310804974003631e+01
2.562310804974003631e+01
2.593538853382262133e+01
2.593538853382262133e+01
2.593538853382262133e+01
2.593538853382262133e+01
2.593538853382262133e+01
2.593538853382262133e+01
2.593479935001109382e+01
2.593488592602200171e+01
2.593488592602200171e+01
2.593488728375715979e+01
2.593488728375715979e+01
2.593488728375715979e+01
2.593488728375715979e+01
2.593508495630782917e+01
2.593521527800255910e+01
2.593521527800255910e+01
2.593521527800255910e+01
2.593521527800255910e+01
2.593521527800255910e+01
2.593521527800255910e+01
2.593521527800255910e+01
2.593531059229531621e+01
2.593531059229531621e+01
2.593531059229531621e+01
2.593531059229531621e+01
2.593531059229531621e+01
2.593467840431131322e+01
2.593476842984360076e+01
2.593476842984360076e+01
2.593480744375546720e+01
2.593480744375546720e+01
2.593480744375546720e+01
2.593480744375546720e+01
2.593480744375546720e+01
2.593489876577532982e+01
2.593489876577532982e+01
2.593489876577532982e+01
2.593489876577532982e+01
2.593489876577532982e+01
2.593489876577532982e+01
2.593504653363947909e+01
2.593504653363947909e+01
2.593504653363947909e+01
2.593504653363947909e+01
2.593504653363947909e+01
2.593463724292377037e+01
2.614213736202382776e+01
2.614213736202382776e+01
2.614213736202382776e+01
2.614213736202382776e+01
2.614213736202382776e+01
2.614213736202382776e+01
2.614251101509745823e+01
2.614251101509745823e+01
2.614251101509745823e+01
2.614251101509745823e+01
2.614251101509745823e+01
2.614251101509745823e+01
2.614303250629089703e+01
2.614303250629089703e+01
2.614303167171942732e+01
2.614303167171942732e+01
2.614303167171942732e+01
2.614303167171942732e+01
2.614238389276638230e+01
2.614238389276638230e+01
2.614238389276638230e+01
2.614238389276638230e+01
2.614238389276638230e+01
2.614238389276638230e+01
2.614319215468488622e+01
2.614322849320658548e+01
2.614322849320658548e+01
2.614322849320658548e+01
2.614322849320658548e+01
2.614322849320658548e+01
2.614425650559146419e+01
2.614442678914367235e+01
2.614442678914367235e+01
2.614442678914367235e+01
2.614442678914367235e+01
2.614579720175299826e+01
2.614579720175299826e+01
2.614456920516720473e+01
2.614492829194769996e+01
2.614531316150943141e+01
2.614568859084651820e+01
2.614607085043077106e+01
2.614607085043077106e+01
2.614656684818971399e+01
2.614700507723958012e+01
