4.279844317175442825e+01
4.283274439145110080e+01
4.287761823894044255e+01
4.292918372001467731e+01
4.249856789791250833e+01
4.213118336080592741e+01
4.191117451424446472e+01
4.171839655126400004e+01
4.153227771948991176e+01
4.139312792185590695e+01
4.128996374963671201e+01
4.117337076187219225e+01
4.108781608110659533e+01
4.098500023652661639e+01
4.090295341991941314e+01
4.084579753287066239e+01
4.078254927879606839e+01
4.072125635228837837e+01
4.066864451919271772e+01
4.063825873685698298e+01
4.059673663994227866e+01
4.055914539230766991e+01
4.051705479893725226e+01
4.049156830839335441e+01
4.043681993861115131e+01
4.040033815626755143e+01
4.037955042584673038e+01
4.036958786654290066e+01
4.032888038917950979e+01
4.032435999628881262e+01
4.027889245169058086e+01
4.025567652385101525e+01
4.026993580810391649e+01
4.022730698607619360e+01
4.019272381994414900e+01
4.019853051331531901e+01
4.016019258941886250e+01
4.012953307522809610e+01
4.012267291861542162e+01
4.008393855987776533e+01
4.007045702405078913e+01
4.005964768325316072e+01
4.004082903464912135e+01
4.006930323316230869e+01
4.000115589983411724e+01
3.999139060262331213e+01
3.993562770762615344e+01
3.995086381606549253e+01
3.996534690712921645e+01
3.997420613854285421e+01
3.966929821048827876e+01
3.967335030500012749e+01
3.967759635328965118e+01
3.968210587829560865e+01
3.968456722822963911e+01
3.968890104451421053e+01
3.969412881389627046e+01
3.969793532221456189e+01
3.970209656599750758e+01
3.970571176170854244e+01
3.971101820488570411e+01
3.971578093279507016e+01
3.971930222518113851e+01
3.972464709484276568e+01
3.973098101489021161e+01
3.974180096277434870e+01
3.979094190493738381e+01
3.981873730314282511e+01
3.979349403750496350e+01
3.977536948206459755e+01
3.974367661482132519e+01
3.971664177256851502e+01
3.970507907349529830e+01
3.970070178871948485e+01
3.974908222779774292e+01
3.980660390154558570e+01
3.985188759746245069e+01
3.985079590893473522e+01
3.984617927623139622e+01
3.982125912481080832e+01
3.984563530609462134e+01
3.944706991207412727e+01
3.945088328349921625e+01
3.945364243083366063e+01
3.945723034088268122e+01
3.946010853275346619e+01
3.946578826935064654e+01
3.946987260053988678e+01
3.947777206958305385e+01
3.951826732727936076e+01
3.950934412532244266e+01
3.957459078933560193e+01
3.955782688852602291e+01
3.954114939622601810e+01
3.951237411431185365e+01
3.949064220656669022e+01
3.946157175357448921e+01
3.943862411882140862e+01
3.941885130206151189e+01
3.941433922731462047e+01
3.941975748194687412e+01
3.945106106603677176e+01
3.951313191794815793e+01
3.955603714791971015e+01
3.958279507810462405e+01
3.958062411766973554e+01
3.957629650110384034e+01
3.957628382388507760e+01
3.955022266182804458e+01
3.953997507312289628e+01
3.953016466307330745e+01
3.906938968761335218e+01
3.906938968761335218e+01
3.907199305195270966e+01
3.907387426508274331e+01
3.907387426508274331e+01
3.907576033409962690e+01
3.907763008773695645e+01
3.907849502580344847e+01
3.908027835237113834e+01
3.908207060828436141e+01
3.908392430149333308e+01
3.908559522927593122e+01
3.908613750319234725e+01
3.908795153333284134e+01
3.908963370275378679e+01
3.909123743000526474e+01
3.909310392378147014e+01
3.909367305861917430e+01
3.909525420146587749e+01
3.909675590060820127e+01
3.909840754149023212e+01
3.909989430998899707e+01
3.910195322314137911e+01
3.910349409961369815e+01
3.910481627047859376e+01
3.910622187705184416e+01
3.910781471827627342e+01
3.910967518831112244e+01
3.911108717375560673e+01
3.911249035375197991e+01
3.911381404090305125e+01
3.911566320527828111e+01
3.911690222042115295e+01
3.911829463803864826e+01
3.912104115133847415e+01
3.912249957779733478e+01
3.912480406839955549e+01
3.912648423128730713e+01
3.913019345387625236e+01
3.913301855110326954e+01
3.913685405700202580e+01
3.914412550480394515e+01
3.916377459834045283e+01
3.921212726145198957e+01
3.921340501956412083e+01
3.907277249085959170e+01
3.933223466239417121e+01
3.929345694185017379e+01
3.927058358830280582e+01
3.924916516163321489e+01
3.922019742755852434e+01
3.917918855234565001e+01
3.914908975109533174e+01
3.911616945466757755e+01
3.907551670994467941e+01
3.905707130372558566e+01
3.904401653989386745e+01
3.903264139484795692e+01
3.902980066567180018e+01
3.903259413756827456e+01
3.904328196894338987e+01
3.906471526870791422e+01
3.910206332496544235e+01
3.913947715677208805e+01
3.914933380587204681e+01
3.914845185319711618e+01
3.915050024098782444e+01
3.915663241813740569e+01
3.915980132194690810e+01
3.916468190750328660e+01
3.916689295325901554e+01
3.916970957943139808e+01
3.917193512956361445e+01
3.917331411359454307e+01
3.917415617447293386e+01
3.917381749041256001e+01
3.917364447006436023e+01
3.917003952445161730e+01
3.916272123654265158e+01
3.914885112407820600e+01
3.914885112407820600e+01
3.914455869652384479e+01
3.913176584711277428e+01
3.911741356933561065e+01
3.920583789387495699e+01
3.858902796951285552e+01
3.859074481649170707e+01
3.859074481649170707e+01
3.859074481649170707e+01
3.859147489449667745e+01
3.859339736216237782e+01
3.859339736216237782e+01
3.859339736216237782e+01
3.859502435140409204e+01
3.859502435140409204e+01
3.859502435140409204e+01
3.859502435140409204e+01
3.859657746005049006e+01
3.859728500161637044e+01
3.859728500161637044e+01
3.859896239207952107e+01
3.859896239207952107e+01
3.859897047138667858e+01
3.859919723406157743e+01
3.860076197789553021e+01
3.860076197789553021e+01
3.860143715489050464e+01
3.860299455387635703e+01
3.860299455387635703e+01
3.860299455387635703e+01
3.860308820467891877e+01
3.860477068723923821e+01
3.860477068723923821e+01
3.860477068723923821e+01
3.860706504683655993e+01
3.860706504683655993e+01
3.860706504683655993e+01
3.860854154271812888e+01
3.860854154271812888e+01
3.860854154271812888e+01
3.860983490729756085e+01
3.861005125569339214e+01
3.861078377605576861e+01
3.861078377605576861e+01
3.861241793877856310e+01
3.861241793877856310e+01
3.861241793877856310e+01
3.861377097998729369e+01
3.861377097998729369e+01
3.861442084486515114e+01
3.861591949340140673e+01
3.861593979051341563e+01
3.861593979051341563e+01
3.861729326930770156e+01
3.861729326930770156e+01
3.861729326930770156e+01
3.861868685983954208e+01
3.861933097285264438e+01
3.861956187690135067e+01
3.862099289948821479e+01
3.862108120141513723e+01
3.862228991577873671e+01
3.862228991577873671e+01
3.862228991577873671e+01
3.862397578910119478e+01
3.862397578910119478e+01
3.862397578910119478e+01
3.862529407289738970e+01
3.862529407289738970e+01
3.862529407289738970e+01
3.862646947677433218e+01
3.862646947677433218e+01
3.862839035488369888e+01
3.862839035488369888e+01
3.862839035488369888e+01
3.862957720818177165e+01
3.862980857978404714e+01
3.862984921868887511e+01
3.863091870979042142e+01
3.863154483581995180e+01
3.863256019450981427e+01
3.863256019450981427e+01
3.863351695359372684e+01
3.863351695359372684e+01
3.863351695359372684e+01
3.863450261458081059e+01
3.863507406514055731e+01
3.863617770727734069e+01
3.863617770727734069e+01
3.863626738620425982e+01
3.863722380909942444e+01
3.863722380909942444e+01
3.863808829396961642e+01
3.863891706274626614e+01
3.863986740358818395e+01
3.863986740358818395e+01
3.864068435742653662e+01
3.864069264135189030e+01
3.864069264135189030e+01
3.864148569868818583e+01
3.864213047640532750e+01
3.864301379201294395e+01
3.864301379201294395e+01
3.864377503134944192e+01
3.864377503134944192e+01
3.864451301290750251e+01
3.864509728033461045e+01
3.864594446132718986e+01
3.864594446132718986e+01
3.864670562358199390e+01
3.864691954703629762e+01
3.864770437546376058e+01
3.864770437546376058e+01
3.864913593124146018e+01
3.864913593124146018e+01
3.864994074180656014e+01
3.865089132503212710e+01
3.865089132503212710e+01
3.865181504112051414e+01
3.865189731978578180e+01
3.865357569679822092e+01
3.865357569679822092e+01
3.865480019551193891e+01
3.865633210984149315e+01
3.865633210984149315e+01
3.865814763038770252e+01
3.866048814054052229e+01
3.866230369284230051e+01
3.866526123801662607e+01
3.866852857299431889e+01
3.867465581586372991e+01
3.868259517070415399e+01
3.870943179648392629e+01
3.873185704721627332e+01
3.873632327471423764e+01
3.873792412175898647e+01
3.873707552051990888e+01
3.873039508827251609e+01
3.871114140096202050e+01
3.864463823803606601e+01
3.849880308419837149e+01
3.866754209999191261e+01
3.885289819389636534e+01
3.895789189927834428e+01
3.889031514433277437e+01
3.884320227767746303e+01
3.879167886593526759e+01
3.876046514926039777e+01
3.869700870313049279e+01
3.866835107568337548e+01
3.861816453415929828e+01
3.859485909581943019e+01
3.856921257764481226e+01
3.855810048165650983e+01
3.854827070816936896e+01
3.853992146213141012e+01
3.853992146213141012e+01
3.853664563894031403e+01
3.853615911259132787e+01
3.853735859028134314e+01
3.853836500693495282e+01
3.853866861080557271e+01
3.853952342832440792e+01
3.854099786571694608e+01
3.854167015867388102e+01
3.854278016886743075e+01
3.854384809867006823e+01
3.854485645486604994e+01
3.854664896535093277e+01
3.854766378952163564e+01
3.854843734409718081e+01
3.854974382839897373e+01
3.855024958721576667e+01
3.855135054707442066e+01
3.855337016501567859e+01
3.855441153998649639e+01
3.855560832722565578e+01
3.855671709732195751e+01
3.855782384481655356e+01
3.855876839182664639e+01
3.856040402374750897e+01
3.856150774411804605e+01
3.856236031654456298e+01
3.856336820944588339e+01
3.856445566606289788e+01
3.856737810284796097e+01
3.856737810284796097e+01
3.856837608332114797e+01
3.856937868468964581e+01
3.857047403149522324e+01
3.857180246524552558e+01
3.857392298551820886e+01
3.857509198677026063e+01
3.857589139608207063e+01
3.857678466464599865e+01
3.857874383979090283e+01
3.857929310564303194e+01
3.858164110232519306e+01
3.858201386609368910e+01
3.858301231572018253e+01
3.858301231572018253e+01
3.858354830378711142e+01
3.858354830378711142e+01
3.859164607855535678e+01
3.859173628773861253e+01
3.859199529933198392e+01
3.859150901421642033e+01
3.859218851896036995e+01
3.859611459551300072e+01
3.859611459551300072e+01
3.859611459551300072e+01
3.859611459551300072e+01
3.860193070725954101e+01
3.860193128629732939e+01
3.860193128629732939e+01
3.860193128629732939e+01
3.860402380067384343e+01
3.860444282943178251e+01
3.860628336654098547e+01
3.860628336654098547e+01
3.860651151117707514e+01
3.861091675546971658e+01
3.861142199181438173e+01
3.861142199181438173e+01
3.861296907981969184e+01
3.861450764065621399e+01
3.861497003395011518e+01
3.861498479680393814e+01
3.861865373762502429e+01
3.861865373762502429e+01
3.861865373762502429e+01
3.862020199562024914e+01
3.862020199562024914e+01
3.862216546905845149e+01
3.862239180029688157e+01
3.862239180029688157e+01
3.862561536413949170e+01
3.862561536413949170e+01
3.862561536413949170e+01
3.862673534327610980e+01
3.862674412144463787e+01
3.862716043701406221e+01
3.862938128648328728e+01
3.862940458859262094e+01
3.862938961470249666e+01
3.863050292746532222e+01
3.863050292746532222e+01
3.863050292746532222e+01
3.863050292746532222e+01
3.863073631024057875e+01
3.863649887732437094e+01
3.863649887732437094e+01
3.863649887732437094e+01
3.863649887732437094e+01
3.863687392757419303e+01
3.863906824690302955e+01
3.863906824690302955e+01
3.864232234003186051e+01
3.865153993581884606e+01
3.865153993581884606e+01
3.873494521807798918e+01
3.823727658057293155e+01
3.823727658057293155e+01
3.823879438516710394e+01
3.823879438516710394e+01
3.823879438516710394e+01
3.823879438516710394e+01
3.823961767912226151e+01
3.823961767912226151e+01
3.823961767912226151e+01
3.823961767912226151e+01
3.824039391590468284e+01
3.824039391590468284e+01
3.824039391590468284e+01
3.824039391590468284e+01
3.824126180003675302e+01
3.824126180003675302e+01
3.824181527123170099e+01
3.824181527123170099e+01
3.824272141743206532e+01
3.824272141743206532e+01
3.824272141743206532e+01
3.824272141743206532e+01
3.824320658235284043e+01
3.824320658235284043e+01
3.824343544619026858e+01
3.824343544619026858e+01
3.824426512458904170e+01
3.824435720390670213e+01
3.824435720390670213e+01
3.824498758316312319e+01
3.824554051269757338e+01
3.824554051269757338e+01
3.824554051269757338e+01
3.824616099404537550e+01
3.824616099404537550e+01
3.824616099404537550e+01
3.824616099404537550e+01
3.824685634457434702e+01
3.824685634457434702e+01
3.824685634457434702e+01
3.824746183894080076e+01
3.824746183894080076e+01
3.824746183894080076e+01
3.824800010277098750e+01
3.824874835730462763e+01
3.824874835730462763e+01
3.824874835730462763e+01
3.824941579000474690e+01
3.824941579000474690e+01
3.824941579000474690e+01
3.824984547766793241e+01
3.825008559396925278e+01
3.825008559396925278e+01
3.825008559396925278e+01
3.825065525419028489e+01
3.825065525419028489e+01
3.825116094096701147e+01
3.825187871410371088e+01
3.825187871410371088e+01
3.825187871410371088e+01
3.825294179295697461e+01
3.825294179295697461e+01
3.825294179295697461e+01
3.825360497688706829e+01
3.825360497688706829e+01
3.825361529286989537e+01
3.825445873158859911e+01
3.825445873158859911e+01
3.825450295937797307e+01
3.825600436984620956e+01
3.825600436984620956e+01
3.825600436984620956e+01
3.825717256946907696e+01
3.825717256946907696e+01
3.825717256946907696e+01
3.825856221580717431e+01
3.825856221580717431e+01
3.825874826301428300e+01
3.826064794095567123e+01
3.826110137650157128e+01
3.826203691347475910e+01
3.826315104257894006e+01
3.826504177858839739e+01
3.826650497146219010e+01
3.826825712357963027e+01
3.827045311362054747e+01
3.827320736508971777e+01
3.827666440386933999e+01
3.828174515529788380e+01
3.829525703713336782e+01
3.831548686768456946e+01
3.832415057938170122e+01
3.833543242345668745e+01
3.833746077527491281e+01
3.833885512036800947e+01
3.833976012767178787e+01
3.833988473784194895e+01
3.833921610241609557e+01
3.833733218373140517e+01
3.833373777654716719e+01
3.832674629928210663e+01
3.831760512802267016e+01
3.829569730108484293e+01
3.825013319118282595e+01
3.816456240417614509e+01
3.810357317668646715e+01
3.815228576314186881e+01
3.821694484239255019e+01
3.832064006639456011e+01
3.839118707529486585e+01
3.846340906656556058e+01
3.853788613873905433e+01
3.865638019775580148e+01
3.869768503792344205e+01
3.872613586130525221e+01
3.846837212999209044e+01
3.843844109759512406e+01
3.838729693230775553e+01
3.834812610014387246e+01
3.829366609687956213e+01
3.827214947082418917e+01
3.823750575773814830e+01
3.822497345874372598e+01
3.819982584274728765e+01
3.819263967613021293e+01
3.817931214637034998e+01
3.817411544787462674e+01
3.816620598332406900e+01
3.816645942590770346e+01
3.816475072478769448e+01
3.816479218699912224e+01
3.816479218699912224e+01
3.816539859325012429e+01
3.816539859325012429e+01
3.816539859325012429e+01
3.816539859325012429e+01
3.816539859325012429e+01
3.816539859325012429e+01
3.817513444233210151e+01
3.817513444233210151e+01
3.817513444233210151e+01
3.817513444233210151e+01
3.817513444233210151e+01
3.817513444233210151e+01
3.817580754941688781e+01
3.817580754941688781e+01
3.817580754941688781e+01
3.817580754941688781e+01
3.817580754941688781e+01
3.817849469795174855e+01
3.817849469795174855e+01
3.817849469795174855e+01
3.817872040651555210e+01
3.817872040651555210e+01
3.817872040651555210e+01
3.817872040651555210e+01
3.818234887890773877e+01
3.818234887890773877e+01
3.818240239431256100e+01
3.818240239431256100e+01
3.818240239431256100e+01
3.818240239431256100e+01
3.818240239431256100e+01
3.818240239431256100e+01
3.818565956424910013e+01
3.818565956424910013e+01
3.818565956424910013e+01
3.818627582600362302e+01
3.818627582600362302e+01
3.818628985305265644e+01
3.818628985305265644e+01
3.818977432098808578e+01
3.818977432098808578e+01
3.818977432098808578e+01
3.818977432098808578e+01
3.818977432098808578e+01
3.818977432098808578e+01
3.819000199047712840e+01
3.819277311279854814e+01
3.819329287433153297e+01
3.819329287433153297e+01
3.819329287433153297e+01
3.819329287433153297e+01
3.819329287433153297e+01
3.819329287433153297e+01
3.819717242686358816e+01
3.819717242686358816e+01
3.819717242686358816e+01
3.819717242686358816e+01
3.819717242686358816e+01
3.819765275427374007e+01
3.819765275427374007e+01
3.819767229216488147e+01
3.819767229216488147e+01
3.819771207267726254e+01
3.819771207267726254e+01
3.819771207267726254e+01
3.820658345631802177e+01
3.820658345631802177e+01
3.820658345631802177e+01
3.820669889591201240e+01
3.820745882287364736e+01
3.820745882287364736e+01
3.820745882287364736e+01
3.820745882287364736e+01
3.820745882287364736e+01
3.820745882287364736e+01
3.820745882287364736e+01
3.820745882287364736e+01
3.821130616615200637e+01
3.821130616615200637e+01
3.821130616615200637e+01
3.821187319007005101e+01
3.821187319007005101e+01
3.821187319007005101e+01
3.821187319007005101e+01
3.821187319007005101e+01
3.821187319007005101e+01
3.821187319007005101e+01
3.821892444407052380e+01
3.821892444407052380e+01
3.821892444407052380e+01
3.821892444407052380e+01
3.821941771949552447e+01
3.821941771949552447e+01
3.821962003675173492e+01
3.821962003675173492e+01
3.821962003675173492e+01
3.821962003675173492e+01
3.821962003675173492e+01
3.821962003675173492e+01
3.821962003675173492e+01
3.821962003675173492e+01
3.822008252772106118e+01
3.823074851707617228e+01
3.823074851707617228e+01
3.823074851707617228e+01
3.823074851707617228e+01
3.823074851707617228e+01
3.823074851707617228e+01
3.823074851707617228e+01
3.823074851707617228e+01
3.823074851707617228e+01
3.823117704017857221e+01
3.823117704017857221e+01
3.823122767715520354e+01
3.823122767715520354e+01
3.823581786923796244e+01
3.823602856723298515e+01
3.823606350768471174e+01
3.823606350768471174e+01
3.823606350768471174e+01
3.823606350768471174e+01
3.823606350768471174e+01
3.823648362984264537e+01
3.823648362984264537e+01
3.823648362984264537e+01
3.824480035340709350e+01
3.824480035340709350e+01
3.824480035340709350e+01
3.824480035340709350e+01
3.824480035340709350e+01
3.824480035340709350e+01
3.824480035340709350e+01
3.824529789083017306e+01
3.824529789083017306e+01
3.824539116229706082e+01
3.824539116229706082e+01
3.825210460280109714e+01
3.825210460280109714e+01
3.825210460280109714e+01
3.825229207618180993e+01
3.825229207618180993e+01
3.825229207618180993e+01
3.825269092264158388e+01
3.825269092264158388e+01
3.825269092264158388e+01
3.825269092264158388e+01
3.825863167324818903e+01
3.825863167324818903e+01
3.825863167324818903e+01
3.825863796744680201e+01
3.825863796744680201e+01
3.825863796744680201e+01
3.825900473923100265e+01
3.825904647439286066e+01
3.825904647439286066e+01
3.825904647439286066e+01
3.826571121420946753e+01
3.826571121420946753e+01
3.826571121420946753e+01
3.826571121420946753e+01
3.826571121420946753e+01
3.826605751524450483e+01
3.826625318981449908e+01
3.826625318981449908e+01
3.826625318981449908e+01
3.826625318981449908e+01
3.827445829652477016e+01
3.827445829652477016e+01
3.827445829652477016e+01
3.827445829652477016e+01
3.827445829652477016e+01
3.827494167802824876e+01
3.827497508329231835e+01
3.827497508329231835e+01
3.827509797362986887e+01
3.827509797362986887e+01
3.827509797362986887e+01
3.828678258469601303e+01
3.828678258469601303e+01
3.828678258469601303e+01
3.828701342204841040e+01
3.828701342204841040e+01
3.828701342204841040e+01
3.828701342204841040e+01
3.828701342204841040e+01
3.828719536811616564e+01
3.828719536811616564e+01
3.828719536811616564e+01
3.828719536811616564e+01
3.828751528146639771e+01
3.830712245607420385e+01
3.830712245607420385e+01
3.830712245607420385e+01
3.830716514678742612e+01
3.830716514678742612e+01
3.830716514678742612e+01
3.830716514678742612e+01
3.830716514678742612e+01
3.830716514678742612e+01
3.830743829404027423e+01
3.830743829404027423e+01
3.830743829404027423e+01
3.830743829404027423e+01
3.830745405472463005e+01
3.830745405472463005e+01
3.830745405472463005e+01
3.830745405472463005e+01
3.830763343218690409e+01
3.847016512853168990e+01
3.847016512853168990e+01
3.847016512853168990e+01
3.847016512853168990e+01
3.847016512853168990e+01
3.847021499339983563e+01
3.847021499339983563e+01
3.847021499339983563e+01
3.847021499339983563e+01
3.847045223562324168e+01
3.847045223562324168e+01
3.784720540795485988e+01
3.784720540795485988e+01
3.784720540795485988e+01
3.784720540795485988e+01
3.784720540795485988e+01
3.784720540795485988e+01
3.784791954833114858e+01
3.784791954833114858e+01
3.784800700236575466e+01
3.784844972764659587e+01
3.784844972764659587e+01
3.784844972764659587e+01
3.784844972764659587e+01
3.784844972764659587e+01
3.784844972764659587e+01
3.784912355511386295e+01
3.784912355511386295e+01
3.784924806557623356e+01
3.784924806557623356e+01
3.784924806557623356e+01
3.784924806557623356e+01
3.784924806557623356e+01
3.784924806557623356e+01
3.784976561102162407e+01
3.784976561102162407e+01
3.784998689655859039e+01
3.784998689655859039e+01
3.784998689655859039e+01
3.785001466164445105e+01
3.785001466164445105e+01
3.785049271444808028e+01
3.785125289442630248e+01
3.785125289442630248e+01
3.785125289442630248e+01
3.785125289442630248e+01
3.785125289442630248e+01
3.785125289442630248e+01
3.785125289442630248e+01
3.785125289442630248e+01
3.785196888527345038e+01
3.785196888527345038e+01
3.785196888527345038e+01
3.785196888527345038e+01
3.785197308071259670e+01
3.785197308071259670e+01
3.785197308071259670e+01
3.785197308071259670e+01
3.785249614817136177e+01
3.785249614817136177e+01
3.785249614817136177e+01
3.785249614817136177e+01
3.785290408560477715e+01
3.785290408560477715e+01
3.785290408560477715e+01
3.785290408560477715e+01
3.785344026172148091e+01
3.785364277521027532e+01
3.785364277521027532e+01
3.785375135243890554e+01
3.785375135243890554e+01
3.785375135243890554e+01
3.785384307089508127e+01
3.785384307089508127e+01
3.785448133350172384e+01
3.785448133350172384e+01
3.785448133350172384e+01
3.785448133350172384e+01
3.785448133350172384e+01
3.785448133350172384e+01
3.785448133350172384e+01
3.785492343349319100e+01
3.785492343349319100e+01
3.785538271124792686e+01
3.785538271124792686e+01
3.785538271124792686e+01
3.785538271124792686e+01
3.785538271124792686e+01
3.785538271124792686e+01
3.785577772907319627e+01
3.785577772907319627e+01
3.785579414788526265e+01
3.785579414788526265e+01
3.785579414788526265e+01
3.785579414788526265e+01
3.785579414788526265e+01
3.785615268232930219e+01
3.785615268232930219e+01
3.785636117438530590e+01
3.785636117438530590e+01
3.785636117438530590e+01
3.785636117438530590e+01
3.785636117438530590e+01
3.785731360351179831e+01
3.785731360351179831e+01
3.785731360351179831e+01
3.785742067601877636e+01
3.785742067601877636e+01
3.785742067601877636e+01
3.785742067601877636e+01
3.785776400329369551e+01
3.785776400329369551e+01
3.785776400329369551e+01
3.785776400329369551e+01
3.785776400329369551e+01
3.785776400329369551e+01
3.785776400329369551e+01
3.785807622046186793e+01
3.785807622046186793e+01
3.785807622046186793e+01
3.785807622046186793e+01
3.785807622046186793e+01
3.785807622046186793e+01
3.785850041218668594e+01
3.785878420717415338e+01
3.785878420717415338e+01
3.785886945843473939e+01
3.785886945843473939e+01
3.785886945843473939e+01
3.785886945843473939e+01
3.785908447945674027e+01
3.785951070962870801e+01
3.785951070962870801e+01
3.785951070962870801e+01
3.785951070962870801e+01
3.785951070962870801e+01
3.785951070962870801e+01
3.785951070962870801e+01
3.785986736232322869e+01
3.785986736232322869e+01
3.785986736232322869e+01
3.785986736232322869e+01
3.785986736232322869e+01
3.786035094735283479e+01
3.786064245809836848e+01
3.786064245809836848e+01
3.786076809316654135e+01
3.786076809316654135e+01
3.786076809316654135e+01
3.786076809316654135e+01
3.786076809316654135e+01
3.786106686485587147e+01
3.786106686485587147e+01
3.786106686485587147e+01
3.786106686485587147e+01
3.786106686485587147e+01
3.786106686485587147e+01
3.786154746972781027e+01
3.786154746972781027e+01
3.786154746972781027e+01
3.786154746972781027e+01
3.786154746972781027e+01
3.786218224733899262e+01
3.786261560341395693e+01
3.786261560341395693e+01
3.786261560341395693e+01
3.786261560341395693e+01
3.786261560341395693e+01
3.786261560341395693e+01
3.786307210939571632e+01
3.786307210939571632e+01
3.786307210939571632e+01
3.786307210939571632e+01
3.786307210939571632e+01
3.786307210939571632e+01
3.786370777697391077e+01
3.786370777697391077e+01
3.786378991190122889e+01
3.786378991190122889e+01
3.786378991190122889e+01
3.786378991190122889e+01
3.786500624069795151e+01
3.786500624069795151e+01
3.786500624069795151e+01
3.786500624069795151e+01
3.786500624069795151e+01
3.786500624069795151e+01
3.786599222102536544e+01
3.786610331897982462e+01
3.786610331897982462e+01
3.786610331897982462e+01
3.786610331897982462e+01
3.786610331897982462e+01
3.786735809313467627e+01
3.786756534364747040e+01
3.786756534364747040e+01
3.786756534364747040e+01
3.786756534364747040e+01
3.786924430632477367e+01
3.786924430632477367e+01
3.786966833247882391e+01
3.787015280648869009e+01
3.787062435180256159e+01
3.787108411171031719e+01
3.787155207120453326e+01
3.787155207120453326e+01
3.787216054405372745e+01
3.787269971303977201e+01
