3.165192543517209245e+01
3.174649605503944727e+01
3.180197246686025636e+01
3.244339996476348631e+01
3.168082021467278508e+01
3.113441544870880762e+01
3.052990758434527407e+01
3.034289893476081090e+01
3.011240208927778639e+01
2.990689021386177515e+01
2.960026960913396010e+01
2.913979142628017982e+01
2.866979036857439667e+01
2.849640543793812242e+01
2.832462300791954846e+01
2.819125702400604183e+01
2.804510587615178707e+01
2.791281260019149357e+01
2.785445580528482878e+01
2.791299849544214595e+01
2.787300013667738341e+01
2.774034085074422862e+01
2.770660206797597169e+01
2.766133752337175977e+01
2.750470250621696877e+01
2.734589753568280912e+01
2.736377411051798703e+01
2.731640593274492090e+01
2.719484631368807470e+01
2.727028357284902071e+01
2.711641494657471441e+01
2.701984215818285051e+01
2.723480572560234592e+01
2.711001897281603945e+01
2.698460408931578058e+01
2.714608460111492860e+01
2.707643566777492694e+01
2.706572527475511691e+01
2.690525782067417282e+01
2.695607864152003685e+01
2.681222271446135252e+01
2.693544031719029874e+01
2.691605428233580000e+01
2.705295919123818038e+01
2.693608081213971772e+01
2.694268351455825439e+01
2.685117389755732020e+01
2.688246506651148238e+01
2.746265262173845301e+01
2.742976307570793182e+01
5.000000000000000000e+00
5.000000000000000000e+00
5.000000000000000000e+00
5.000000000000000000e+00
5.000000000000000000e+00
5.000000000000000000e+00
5.000000000000000000e+00
5.000000000000000000e+00
5.000000000000000000e+00
5.000000000000000000e+00
5.000000000000000000e+00
5.000000000000000000e+00
5.000000000000000000e+00
5.000000000000000000e+00
5.000000000000000000e+00
5.000000000000000000e+00
5.000000000000000000e+00
2.640170797865334507e+01
2.633120797865334595e+01
2.627620797865334623e+01
2.617520797865334714e+01
2.607870797865334467e+01
2.602670797865334507e+01
2.599570797865334271e+01
2.602420797865334379e+01
2.595120797865334339e+01
2.739791043082056987e+01
2.590820797865334413e+01
2.598120797865334453e+01
2.607870797865334467e+01
2.643770797865334288e+01
5.000000000000000000e+00
5.000000000000000000e+00
5.000000000000000000e+00
5.000000000000000000e+00
5.000000000000000000e+00
5.000000000000000000e+00
5.000000000000000000e+00
5.000000000000000000e+00
5.000000000000000000e+00
5.000000000000000000e+00
2.610441485280331619e+01
2.606341485280331227e+01
2.602341485280331312e+01
2.595041485280331273e+01
2.589241485280331290e+01
2.581041485280331216e+01
2.573941485280331420e+01
2.567741485280331659e+01
2.565441485280331335e+01
2.565241485280331446e+01
2.570541485280331528e+01
2.575541485280331244e+01
2.569541485280331372e+01
2.566841485280331625e+01
2.570741485280331418e+01
2.574941485280331221e+01
2.579241485280331503e+01
2.586141485280331409e+01
2.587541485280331699e+01
2.597041485280331585e+01
5.000000000000000000e+00
5.000000000000000000e+00
5.000000000000000000e+00
5.000000000000000000e+00
5.000000000000000000e+00
5.000000000000000000e+00
5.000000000000000000e+00
5.000000000000000000e+00
5.000000000000000000e+00
5.000000000000000000e+00
5.000000000000000000e+00
5.000000000000000000e+00
5.000000000000000000e+00
5.000000000000000000e+00
5.000000000000000000e+00
5.000000000000000000e+00
5.000000000000000000e+00
5.000000000000000000e+00
5.000000000000000000e+00
5.000000000000000000e+00
5.000000000000000000e+00
5.000000000000000000e+00
5.000000000000000000e+00
5.000000000000000000e+00
5.000000000000000000e+00
5.000000000000000000e+00
5.000000000000000000e+00
5.000000000000000000e+00
5.000000000000000000e+00
5.000000000000000000e+00
5.000000000000000000e+00
5.000000000000000000e+00
5.000000000000000000e+00
5.000000000000000000e+00
5.000000000000000000e+00
5.000000000000000000e+00
5.000000000000000000e+00
5.000000000000000000e+00
5.000000000000000000e+00
5.000000000000000000e+00
5.000000000000000000e+00
5.000000000000000000e+00
5.000000000000000000e+00
5.000000000000000000e+00
5.000000000000000000e+00
5.000000000000000000e+00
2.587924666416990149e+01
2.579724666416990431e+01
2.574824666416990127e+01
2.570124666416990067e+01
2.563824666416990183e+01
2.555024666416990442e+01
2.548224666416989947e+01
2.540524666416990129e+01
2.530224666416989976e+01
2.525424666416990149e+01
2.521924666416990135e+01
2.518524666416990243e+01
2.516924666416990419e+01
2.516724666416990175e+01
2.518324666416989999e+01
2.521824666416990368e+01
2.527424666416990107e+01
2.532124666416990166e+01
2.533324666416990212e+01
2.533824666416990112e+01
2.534424666416990135e+01
2.535624666416990181e+01
2.536224666416990203e+01
2.537524666416990016e+01
2.537824666416990027e+01
2.538624666416990294e+01
2.539224666416990317e+01
2.539824666416990340e+01
2.540324666416990240e+01
2.540824666416990141e+01
2.541324666416990397e+01
2.541224666416990274e+01
2.540724666416990374e+01
2.539124666416990195e+01
2.539124666416990195e+01
2.539224666416990317e+01
2.537424666416990249e+01
2.536824666416990226e+01
2.559524666416990257e+01
5.000000000000000000e+00
5.000000000000000000e+00
5.000000000000000000e+00
5.000000000000000000e+00
5.000000000000000000e+00
5.000000000000000000e+00
5.000000000000000000e+00
5.000000000000000000e+00
5.000000000000000000e+00
5.000000000000000000e+00
5.000000000000000000e+00
5.000000000000000000e+00
5.000000000000000000e+00
5.000000000000000000e+00
5.000000000000000000e+00
5.000000000000000000e+00
5.000000000000000000e+00
5.000000000000000000e+00
5.000000000000000000e+00
5.000000000000000000e+00
5.000000000000000000e+00
5.000000000000000000e+00
5.000000000000000000e+00
5.000000000000000000e+00
5.000000000000000000e+00
5.000000000000000000e+00
5.000000000000000000e+00
5.000000000000000000e+00
5.000000000000000000e+00
5.000000000000000000e+00
5.000000000000000000e+00
5.000000000000000000e+00
5.000000000000000000e+00
5.000000000000000000e+00
5.000000000000000000e+00
5.000000000000000000e+00
5.000000000000000000e+00
5.000000000000000000e+00
5.000000000000000000e+00
5.000000000000000000e+00
5.000000000000000000e+00
5.000000000000000000e+00
5.000000000000000000e+00
5.000000000000000000e+00
5.000000000000000000e+00
5.000000000000000000e+00
5.000000000000000000e+00
5.000000000000000000e+00
5.000000000000000000e+00
5.000000000000000000e+00
5.000000000000000000e+00
5.000000000000000000e+00
5.000000000000000000e+00
5.000000000000000000e+00
5.000000000000000000e+00
5.000000000000000000e+00
5.000000000000000000e+00
5.000000000000000000e+00
5.000000000000000000e+00
5.000000000000000000e+00
5.000000000000000000e+00
5.000000000000000000e+00
5.000000000000000000e+00
5.000000000000000000e+00
5.000000000000000000e+00
5.000000000000000000e+00
5.000000000000000000e+00
5.000000000000000000e+00
5.000000000000000000e+00
5.000000000000000000e+00
5.000000000000000000e+00
5.000000000000000000e+00
5.000000000000000000e+00
5.000000000000000000e+00
5.000000000000000000e+00
5.000000000000000000e+00
5.000000000000000000e+00
5.000000000000000000e+00
5.000000000000000000e+00
5.000000000000000000e+00
5.000000000000000000e+00
5.000000000000000000e+00
5.000000000000000000e+00
5.000000000000000000e+00
5.000000000000000000e+00
5.000000000000000000e+00
5.000000000000000000e+00
5.000000000000000000e+00
5.000000000000000000e+00
5.000000000000000000e+00
5.000000000000000000e+00
5.000000000000000000e+00
5.000000000000000000e+00
5.000000000000000000e+00
5.000000000000000000e+00
5.000000000000000000e+00
5.000000000000000000e+00
5.000000000000000000e+00
5.000000000000000000e+00
5.000000000000000000e+00
5.000000000000000000e+00
5.000000000000000000e+00
5.000000000000000000e+00
5.000000000000000000e+00
5.000000000000000000e+00
5.000000000000000000e+00
5.000000000000000000e+00
5.000000000000000000e+00
5.000000000000000000e+00
5.000000000000000000e+00
5.000000000000000000e+00
5.000000000000000000e+00
5.000000000000000000e+00
5.000000000000000000e+00
5.000000000000000000e+00
5.000000000000000000e+00
5.000000000000000000e+00
5.000000000000000000e+00
5.000000000000000000e+00
5.000000000000000000e+00
5.000000000000000000e+00
5.000000000000000000e+00
5.000000000000000000e+00
5.000000000000000000e+00
5.000000000000000000e+00
5.000000000000000000e+00
5.000000000000000000e+00
5.000000000000000000e+00
5.000000000000000000e+00
5.000000000000000000e+00
5.000000000000000000e+00
5.000000000000000000e+00
5.000000000000000000e+00
5.000000000000000000e+00
5.000000000000000000e+00
2.427444516049150636e+01
2.477944516049150536e+01
2.520744516049150619e+01
2.542344516049150727e+01
2.528544516049150559e+01
2.518544516049150417e+01
2.507044516049150928e+01
2.499844516049150656e+01
2.484844516049150798e+01
2.477844516049150769e+01
2.464544516049150502e+01
2.457644516049150596e+01
2.450244516049150434e+01
2.446744516049150775e+01
2.443644516049150894e+01
2.440744516049150548e+01
2.440744516049150548e+01
2.439044516049150602e+01
2.438444516049150579e+01
2.438344516049150457e+01
2.438544516049150701e+01
2.438644516049150468e+01
2.438844516049150712e+01
2.439144516049150724e+01
2.439444516049150735e+01
2.439644516049150624e+01
2.439944516049150636e+01
2.440244516049150647e+01
2.440544516049150658e+01
2.440844516049150670e+01
2.441044516049150559e+01
2.441344516049150570e+01
2.441544516049150815e+01
2.441844516049150826e+01
2.442144516049150837e+01
2.442344516049150727e+01
2.442644516049150738e+01
2.442944516049150749e+01
2.443244516049150405e+01
2.443544516049150417e+01
2.443844516049150428e+01
2.444144516049150440e+01
2.444344516049150684e+01
2.444644516049150695e+01
2.444944516049150707e+01
2.445544516049150729e+01
2.445544516049150729e+01
2.445744516049150619e+01
2.446044516049150630e+01
2.446344516049150641e+01
2.446644516049150653e+01
2.447044516049150786e+01
2.447344516049150798e+01
2.447544516049150687e+01
2.447744516049150576e+01
2.448244516049150832e+01
2.448244516049150832e+01
2.448944516049150621e+01
2.449044516049150744e+01
2.449344516049150400e+01
2.449344516049150400e+01
2.449344516049150400e+01
2.449344516049150400e+01
2.451244516049150590e+01
2.451244516049150590e+01
2.451244516049150590e+01
2.451444516049150479e+01
2.451444516049150479e+01
2.452344516049150513e+01
2.452344516049150513e+01
2.452344516049150513e+01
2.452344516049150513e+01
2.453844516049150570e+01
2.453844516049150570e+01
2.453844516049150570e+01
2.453844516049150570e+01
2.454444516049150593e+01
2.454444516049150593e+01
2.454944516049150849e+01
2.454944516049150849e+01
2.454944516049150849e+01
2.456144516049150894e+01
2.456144516049150894e+01
2.456144516049150894e+01
2.456544516049150673e+01
2.457044516049150928e+01
2.457044516049150928e+01
2.457044516049150928e+01
2.458044516049150729e+01
2.458044516049150729e+01
2.458044516049150729e+01
2.458444516049150508e+01
2.458444516049150508e+01
2.459044516049150531e+01
2.459044516049150531e+01
2.459044516049150531e+01
2.459844516049150798e+01
2.459844516049150798e+01
2.459844516049150798e+01
2.460244516049150576e+01
2.460244516049150576e+01
2.460244516049150576e+01
2.461044516049150843e+01
2.461044516049150843e+01
2.461144516049150610e+01
2.461544516049150744e+01
2.461544516049150744e+01
2.461544516049150744e+01
2.461544516049150744e+01
2.461544516049150744e+01
2.463344516049150457e+01
2.463344516049150457e+01
2.463344516049150457e+01
2.463344516049150457e+01
2.463344516049150457e+01
2.464244516049150491e+01
2.464244516049150491e+01
2.465544516049150658e+01
2.468444516049150650e+01
2.468444516049150650e+01
2.490844516049150670e+01
5.000000000000000000e+00
5.000000000000000000e+00
5.000000000000000000e+00
5.000000000000000000e+00
5.000000000000000000e+00
5.000000000000000000e+00
5.000000000000000000e+00
5.000000000000000000e+00
5.000000000000000000e+00
5.000000000000000000e+00
5.000000000000000000e+00
5.000000000000000000e+00
5.000000000000000000e+00
5.000000000000000000e+00
5.000000000000000000e+00
5.000000000000000000e+00
5.000000000000000000e+00
5.000000000000000000e+00
5.000000000000000000e+00
5.000000000000000000e+00
5.000000000000000000e+00
5.000000000000000000e+00
5.000000000000000000e+00
5.000000000000000000e+00
5.000000000000000000e+00
5.000000000000000000e+00
5.000000000000000000e+00
5.000000000000000000e+00
5.000000000000000000e+00
5.000000000000000000e+00
5.000000000000000000e+00
5.000000000000000000e+00
5.000000000000000000e+00
5.000000000000000000e+00
5.000000000000000000e+00
5.000000000000000000e+00
5.000000000000000000e+00
5.000000000000000000e+00
5.000000000000000000e+00
5.000000000000000000e+00
5.000000000000000000e+00
5.000000000000000000e+00
5.000000000000000000e+00
5.000000000000000000e+00
5.000000000000000000e+00
5.000000000000000000e+00
5.000000000000000000e+00
5.000000000000000000e+00
5.000000000000000000e+00
5.000000000000000000e+00
5.000000000000000000e+00
5.000000000000000000e+00
5.000000000000000000e+00
5.000000000000000000e+00
5.000000000000000000e+00
5.000000000000000000e+00
5.000000000000000000e+00
5.000000000000000000e+00
5.000000000000000000e+00
5.000000000000000000e+00
5.000000000000000000e+00
5.000000000000000000e+00
5.000000000000000000e+00
5.000000000000000000e+00
5.000000000000000000e+00
5.000000000000000000e+00
5.000000000000000000e+00
5.000000000000000000e+00
5.000000000000000000e+00
5.000000000000000000e+00
5.000000000000000000e+00
5.000000000000000000e+00
5.000000000000000000e+00
5.000000000000000000e+00
5.000000000000000000e+00
5.000000000000000000e+00
5.000000000000000000e+00
5.000000000000000000e+00
5.000000000000000000e+00
5.000000000000000000e+00
5.000000000000000000e+00
5.000000000000000000e+00
5.000000000000000000e+00
5.000000000000000000e+00
5.000000000000000000e+00
5.000000000000000000e+00
5.000000000000000000e+00
5.000000000000000000e+00
5.000000000000000000e+00
5.000000000000000000e+00
5.000000000000000000e+00
5.000000000000000000e+00
5.000000000000000000e+00
5.000000000000000000e+00
5.000000000000000000e+00
5.000000000000000000e+00
5.000000000000000000e+00
5.000000000000000000e+00
5.000000000000000000e+00
5.000000000000000000e+00
5.000000000000000000e+00
5.000000000000000000e+00
5.000000000000000000e+00
5.000000000000000000e+00
5.000000000000000000e+00
5.000000000000000000e+00
2.395171607952637771e+01
2.413371607952637987e+01
2.439671607952638155e+01
2.456071607952637947e+01
2.471771607952638306e+01
2.487371607952638186e+01
2.510771607952638007e+01
2.518571607952637947e+01
2.524071607952638274e+01
2.472671607952637984e+01
2.466371607952638101e+01
2.455071607952638146e+01
2.446171607952638283e+01
2.432871607952638016e+01
2.427471607952638166e+01
2.418571607952637947e+01
2.415171607952638055e+01
2.408171607952638027e+01
2.406071607952637947e+01
2.402171607952638155e+01
2.400471607952638209e+01
2.397971607952637996e+01
2.397971607952637996e+01
2.397371607952637973e+01
2.397371607952637973e+01
2.397371607952637973e+01
2.397371607952637973e+01
2.397371607952637973e+01
2.397371607952637973e+01
2.397371607952637973e+01
2.397371607952637973e+01
2.397371607952637973e+01
2.400171607952638198e+01
2.400171607952638198e+01
2.400171607952638198e+01
2.400171607952638198e+01
2.400171607952638198e+01
2.400171607952638198e+01
2.400171607952638198e+01
2.400171607952638198e+01
2.400171607952638198e+01
2.400171607952638198e+01
2.400171607952638198e+01
2.400871607952637987e+01
2.400871607952637987e+01
2.400871607952637987e+01
2.400871607952637987e+01
2.400871607952637987e+01
2.400871607952637987e+01
2.400871607952637987e+01
2.401671607952638254e+01
2.401671607952638254e+01
2.401671607952638254e+01
2.401671607952638254e+01
2.401671607952638254e+01
2.401671607952638254e+01
2.401671607952638254e+01
2.401671607952638254e+01
2.402471607952637811e+01
2.402471607952637811e+01
2.402471607952637811e+01
2.402471607952637811e+01
2.402471607952637811e+01
2.402471607952637811e+01
2.402471607952637811e+01
2.403371607952638200e+01
2.403371607952638200e+01
2.403371607952638200e+01
2.403371607952638200e+01
2.403371607952638200e+01
2.403371607952638200e+01
2.403371607952638200e+01
2.404171607952638112e+01
2.404171607952638112e+01
2.404171607952638112e+01
2.404171607952638112e+01
2.404171607952638112e+01
2.404171607952638112e+01
2.404171607952638112e+01
2.405171607952638269e+01
2.405171607952638269e+01
2.405171607952638269e+01
2.405171607952638269e+01
2.405171607952638269e+01
2.405171607952638269e+01
2.405171607952638269e+01
2.405171607952638269e+01
2.405171607952638269e+01
2.405171607952638269e+01
2.405171607952638269e+01
2.405171607952638269e+01
2.407371607952638115e+01
2.407371607952638115e+01
2.407371607952638115e+01
2.407371607952638115e+01
2.407371607952638115e+01
2.407371607952638115e+01
2.407371607952638115e+01
2.407371607952638115e+01
2.407371607952638115e+01
2.407371607952638115e+01
2.407371607952638115e+01
2.407371607952638115e+01
2.408371607952638271e+01
2.408371607952638271e+01
2.408371607952638271e+01
2.408371607952638271e+01
2.408371607952638271e+01
2.408371607952638271e+01
2.408371607952638271e+01
2.408371607952638271e+01
2.408371607952638271e+01
2.408371607952638271e+01
2.410171607952637984e+01
2.410171607952637984e+01
2.410171607952637984e+01
2.410171607952637984e+01
2.410171607952637984e+01
2.410171607952637984e+01
2.410171607952637984e+01
2.410171607952637984e+01
2.410171607952637984e+01
2.410171607952637984e+01
2.410171607952637984e+01
2.410171607952637984e+01
2.410171607952637984e+01
2.410171607952637984e+01
2.410171607952637984e+01
2.412871607952638442e+01
2.412871607952638442e+01
2.412871607952638442e+01
2.412871607952638442e+01
2.412871607952638442e+01
2.412871607952638442e+01
2.412871607952638442e+01
2.412871607952638442e+01
2.412871607952638442e+01
2.412871607952638442e+01
2.412871607952638442e+01
2.412871607952638442e+01
2.412871607952638442e+01
2.413971607952638010e+01
2.413971607952638010e+01
2.413971607952638010e+01
2.413971607952638010e+01
2.413971607952638010e+01
2.413971607952638010e+01
2.413971607952638010e+01
2.413971607952638010e+01
2.413971607952638010e+01
2.413971607952638010e+01
2.416271607952637979e+01
2.416271607952637979e+01
2.416271607952637979e+01
2.416271607952637979e+01
2.416271607952637979e+01
2.416271607952637979e+01
2.416271607952637979e+01
2.416271607952637979e+01
2.416271607952637979e+01
2.416271607952637979e+01
2.416271607952637979e+01
2.417771607952638035e+01
2.417771607952638035e+01
2.417771607952638035e+01
2.417771607952638035e+01
2.417771607952638035e+01
2.417771607952638035e+01
2.417771607952638035e+01
2.417771607952638035e+01
2.417771607952638035e+01
2.417771607952638035e+01
2.419371607952638215e+01
2.419371607952638215e+01
2.419371607952638215e+01
2.419371607952638215e+01
2.419371607952638215e+01
2.419371607952638215e+01
2.419371607952638215e+01
2.419371607952638215e+01
2.419371607952638215e+01
2.419371607952638215e+01
2.421171607952637927e+01
2.421171607952637927e+01
2.421171607952637927e+01
2.421171607952637927e+01
2.421171607952637927e+01
2.421171607952637927e+01
2.421171607952637927e+01
2.421171607952637927e+01
2.421171607952637927e+01
2.421171607952637927e+01
2.423371607952638129e+01
2.423371607952638129e+01
2.423371607952638129e+01
2.423371607952638129e+01
2.423371607952638129e+01
2.423371607952638129e+01
2.423371607952638129e+01
2.423371607952638129e+01
2.423371607952638129e+01
2.423371607952638129e+01
2.423371607952638129e+01
2.426571607952637777e+01
2.426571607952637777e+01
2.426571607952637777e+01
2.426571607952637777e+01
2.426571607952637777e+01
2.426571607952637777e+01
2.426571607952637777e+01
2.426571607952637777e+01
2.426571607952637777e+01
2.426571607952637777e+01
2.426571607952637777e+01
2.426571607952637777e+01
2.426571607952637777e+01
2.432071607952638104e+01
2.432071607952638104e+01
2.432071607952638104e+01
2.432071607952638104e+01
2.432071607952638104e+01
2.432071607952638104e+01
2.432071607952638104e+01
2.432071607952638104e+01
2.432071607952638104e+01
2.432071607952638104e+01
2.432071607952638104e+01
2.432071607952638104e+01
2.432071607952638104e+01
2.432071607952638104e+01
2.432071607952638104e+01
2.432071607952638104e+01
2.432071607952638104e+01
2.432071607952638104e+01
2.470771607952637794e+01
2.470771607952637794e+01
2.470771607952637794e+01
2.470771607952637794e+01
2.470771607952637794e+01
2.470771607952637794e+01
2.470771607952637794e+01
2.470771607952637794e+01
2.470771607952637794e+01
2.470771607952637794e+01
2.470771607952637794e+01
5.000000000000000000e+00
5.000000000000000000e+00
5.000000000000000000e+00
5.000000000000000000e+00
5.000000000000000000e+00
5.000000000000000000e+00
5.000000000000000000e+00
5.000000000000000000e+00
5.000000000000000000e+00
5.000000000000000000e+00
5.000000000000000000e+00
5.000000000000000000e+00
5.000000000000000000e+00
5.000000000000000000e+00
5.000000000000000000e+00
5.000000000000000000e+00
5.000000000000000000e+00
5.000000000000000000e+00
5.000000000000000000e+00
5.000000000000000000e+00
5.000000000000000000e+00
5.000000000000000000e+00
5.000000000000000000e+00
5.000000000000000000e+00
5.000000000000000000e+00
5.000000000000000000e+00
5.000000000000000000e+00
5.000000000000000000e+00
5.000000000000000000e+00
5.000000000000000000e+00
5.000000000000000000e+00
5.000000000000000000e+00
5.000000000000000000e+00
5.000000000000000000e+00
5.000000000000000000e+00
5.000000000000000000e+00
5.000000000000000000e+00
5.000000000000000000e+00
5.000000000000000000e+00
5.000000000000000000e+00
5.000000000000000000e+00
5.000000000000000000e+00
5.000000000000000000e+00
5.000000000000000000e+00
5.000000000000000000e+00
5.000000000000000000e+00
5.000000000000000000e+00
5.000000000000000000e+00
5.000000000000000000e+00
5.000000000000000000e+00
5.000000000000000000e+00
5.000000000000000000e+00
5.000000000000000000e+00
5.000000000000000000e+00
5.000000000000000000e+00
5.000000000000000000e+00
5.000000000000000000e+00
5.000000000000000000e+00
5.000000000000000000e+00
5.000000000000000000e+00
5.000000000000000000e+00
5.000000000000000000e+00
5.000000000000000000e+00
5.000000000000000000e+00
5.000000000000000000e+00
5.000000000000000000e+00
5.000000000000000000e+00
5.000000000000000000e+00
5.000000000000000000e+00
5.000000000000000000e+00
5.000000000000000000e+00
5.000000000000000000e+00
5.000000000000000000e+00
5.000000000000000000e+00
5.000000000000000000e+00
5.000000000000000000e+00
5.000000000000000000e+00
5.000000000000000000e+00
5.000000000000000000e+00
5.000000000000000000e+00
5.000000000000000000e+00
5.000000000000000000e+00
5.000000000000000000e+00
5.000000000000000000e+00
5.000000000000000000e+00
5.000000000000000000e+00
5.000000000000000000e+00
5.000000000000000000e+00
5.000000000000000000e+00
5.000000000000000000e+00
5.000000000000000000e+00
5.000000000000000000e+00
5.000000000000000000e+00
5.000000000000000000e+00
5.000000000000000000e+00
5.000000000000000000e+00
5.000000000000000000e+00
5.000000000000000000e+00
5.000000000000000000e+00
5.000000000000000000e+00
5.000000000000000000e+00
5.000000000000000000e+00
5.000000000000000000e+00
5.000000000000000000e+00
5.000000000000000000e+00
5.000000000000000000e+00
5.000000000000000000e+00
5.000000000000000000e+00
5.000000000000000000e+00
5.000000000000000000e+00
5.000000000000000000e+00
5.000000000000000000e+00
5.000000000000000000e+00
5.000000000000000000e+00
5.000000000000000000e+00
5.000000000000000000e+00
5.000000000000000000e+00
5.000000000000000000e+00
5.000000000000000000e+00
5.000000000000000000e+00
5.000000000000000000e+00
5.000000000000000000e+00
5.000000000000000000e+00
5.000000000000000000e+00
5.000000000000000000e+00
5.000000000000000000e+00
5.000000000000000000e+00
5.000000000000000000e+00
5.000000000000000000e+00
5.000000000000000000e+00
5.000000000000000000e+00
5.000000000000000000e+00
5.000000000000000000e+00
5.000000000000000000e+00
5.000000000000000000e+00
5.000000000000000000e+00
5.000000000000000000e+00
5.000000000000000000e+00
5.000000000000000000e+00
5.000000000000000000e+00
5.000000000000000000e+00
5.000000000000000000e+00
5.000000000000000000e+00
5.000000000000000000e+00
5.000000000000000000e+00
5.000000000000000000e+00
5.000000000000000000e+00
5.000000000000000000e+00
5.000000000000000000e+00
5.000000000000000000e+00
5.000000000000000000e+00
5.000000000000000000e+00
5.000000000000000000e+00
5.000000000000000000e+00
5.000000000000000000e+00
5.000000000000000000e+00
5.000000000000000000e+00
5.000000000000000000e+00
5.000000000000000000e+00
5.000000000000000000e+00
5.000000000000000000e+00
5.000000000000000000e+00
5.000000000000000000e+00
5.000000000000000000e+00
5.000000000000000000e+00
5.000000000000000000e+00
5.000000000000000000e+00
5.000000000000000000e+00
5.000000000000000000e+00
5.000000000000000000e+00
5.000000000000000000e+00
5.000000000000000000e+00
5.000000000000000000e+00
5.000000000000000000e+00
5.000000000000000000e+00
5.000000000000000000e+00
5.000000000000000000e+00
5.000000000000000000e+00
5.000000000000000000e+00
5.000000000000000000e+00
5.000000000000000000e+00
5.000000000000000000e+00
5.000000000000000000e+00
5.000000000000000000e+00
5.000000000000000000e+00
5.000000000000000000e+00
5.000000000000000000e+00
5.000000000000000000e+00
5.000000000000000000e+00
5.000000000000000000e+00
5.000000000000000000e+00
5.000000000000000000e+00
5.000000000000000000e+00
5.000000000000000000e+00
5.000000000000000000e+00
5.000000000000000000e+00
5.000000000000000000e+00
