4.259175679772859269e+01
4.263955041557204595e+01
4.269602820392263709e+01
4.277646243584813845e+01
4.235937079352824242e+01
4.202112746343381389e+01
4.176966698278204149e+01
4.150998584687287973e+01
4.140942931062208743e+01
4.122813102336226621e+01
4.115347309883543403e+01
4.106898603150141014e+01
4.094855943332603943e+01
4.083538063569744025e+01
4.077977560810379032e+01
4.071922532350116342e+01
4.064740614588642131e+01
4.056434750880566042e+01
4.049430019709426887e+01
4.048314650678884874e+01
4.045369258764004883e+01
4.042327964322711864e+01
4.039280746769843944e+01
4.036205435807039521e+01
4.034664681977432110e+01
4.031152310515997783e+01
4.027125165191480249e+01
4.022922544443197523e+01
4.021022836699077629e+01
4.015792845296895308e+01
4.010234004117408091e+01
4.009128229702307067e+01
4.009785492592079947e+01
4.005954426205109087e+01
4.005343862618732231e+01
4.005341638598796550e+01
4.001206121554129425e+01
4.000552889952642488e+01
4.000806809072606995e+01
3.996654742200783517e+01
3.995779152720771776e+01
3.995673999396134946e+01
3.993296219817004555e+01
3.991622540529876062e+01
3.990215253721480337e+01
3.984588980427163563e+01
3.982913732705733878e+01
3.986449543711819388e+01
3.981145916663462003e+01
3.953676034788878724e+01
3.954111567815385797e+01
3.954597483267299651e+01
3.955019924413872445e+01
3.955649226314949374e+01
3.956073601246923488e+01
3.956626933745833696e+01
3.957174214427458026e+01
3.957563399888393008e+01
3.958145669888905616e+01
3.958674369082829969e+01
3.959238680205354655e+01
3.960008427640116935e+01
3.960750101284904900e+01
3.965079358390121911e+01
3.967825664256011464e+01
3.966343650904923379e+01
3.965639675956899168e+01
3.964745820165458667e+01
3.963916656433156049e+01
3.963684116200926155e+01
3.963811318865620592e+01
3.964627756252431823e+01
3.969051430285087889e+01
3.970161360198333966e+01
3.971041820397493893e+01
3.987005106272749799e+01
3.932512846515779614e+01
3.932910953103537111e+01
3.933224276355802829e+01
3.933780903498148973e+01
3.934122494396584813e+01
3.934690979044773229e+01
3.935138800216053312e+01
3.935839369591660386e+01
3.937837478359824672e+01
3.930434559249292192e+01
3.943701563980322788e+01
3.942599595870767359e+01
3.940962372853235252e+01
3.940364869332485398e+01
3.939555344884882970e+01
3.938801504268089104e+01
3.938358871928688387e+01
3.938143302813453772e+01
3.938112533749737310e+01
3.938637177495846231e+01
3.940116735546743598e+01
3.941216598652221137e+01
3.943076534224323382e+01
3.946711338253516033e+01
3.944288547243638732e+01
3.944463142931446953e+01
3.895787140158048345e+01
3.895990860781320464e+01
3.896266967293672678e+01
3.896266967293672678e+01
3.896484546245110181e+01
3.896680661704608895e+01
3.896895167592246878e+01
3.897188575873402527e+01
3.897383929161696159e+01
3.897583934324858035e+01
3.897583934324858035e+01
3.897848762660564148e+01
3.898046825973129614e+01
3.898228885572040525e+01
3.898422825754305165e+01
3.898709449428871920e+01
3.898889265952033156e+01
3.899073351490065420e+01
3.899253301159939156e+01
3.899486416329015981e+01
3.899667653423732361e+01
3.900001236947699113e+01
3.900179574361646928e+01
3.900371764490033399e+01
3.900610572100629270e+01
3.900771785186542218e+01
3.901094929275454604e+01
3.901248534596811623e+01
3.901475212100663725e+01
3.901793224023678874e+01
3.901976196234637939e+01
3.902164026482431325e+01
3.902577113025836297e+01
3.902761914279204092e+01
3.903169520449448981e+01
3.903701803541041926e+01
3.904429153731914681e+01
3.908292896566485553e+01
3.911272947742750716e+01
3.909031895175900218e+01
3.918486180730589297e+01
3.914599293439380290e+01
3.912754344167815646e+01
3.912805138458077892e+01
3.911232263697937128e+01
3.909931972993936711e+01
3.909953601683460533e+01
3.908831808142482345e+01
3.908267882557215955e+01
3.906940706179581468e+01
3.906072806504725747e+01
3.905237142460730126e+01
3.904593383337021351e+01
3.904282301336753846e+01
3.903871045647065330e+01
3.903557494182688714e+01
3.903672107564295857e+01
3.903907417098016452e+01
3.904349867467848867e+01
3.905544140396114017e+01
3.907263717816173454e+01
3.908498041940084988e+01
3.910192863452024881e+01
3.912789286490632890e+01
3.914312498664681073e+01
3.915815140633902303e+01
3.916040060390864141e+01
3.916080776148717035e+01
3.922422155033024183e+01
3.922422155033024183e+01
3.922459182044340764e+01
3.921796514563335734e+01
3.916316078688971203e+01
3.912125272595000069e+01
3.849888805404316372e+01
3.849975588682171690e+01
3.850008290880856521e+01
3.850192641309331520e+01
3.850192641309331520e+01
3.850203809449925529e+01
3.850409226114743433e+01
3.850409226114743433e+01
3.850482775209130892e+01
3.850670704876874595e+01
3.850670704876874595e+01
3.850670704876874595e+01
3.850852930831865706e+01
3.850854252051000515e+01
3.850937509765444133e+01
3.851128354485358329e+01
3.851128354485358329e+01
3.851340144490697526e+01
3.851345377601658271e+01
3.851345377601658271e+01
3.851524046318336758e+01
3.851600067774541003e+01
3.851600067774541003e+01
3.851785780493047184e+01
3.851785780493047184e+01
3.851785780493047184e+01
3.851956886499081634e+01
3.852033554384442482e+01
3.852210812584614530e+01
3.852221864955425445e+01
3.852221864955425445e+01
3.852422622388185403e+01
3.852422622388185403e+01
3.852588268398162086e+01
3.852663514338286177e+01
3.852663514338286177e+01
3.852841725357037461e+01
3.852841725357037461e+01
3.853000921186463756e+01
3.853000921186463756e+01
3.853082207027985362e+01
3.853244554117026155e+01
3.853244554117026155e+01
3.853412980880392524e+01
3.853412980880392524e+01
3.853590369430781237e+01
3.853660700370999592e+01
3.853660700370999592e+01
3.853811023406063185e+01
3.853815900969797781e+01
3.853975705861125078e+01
3.853975705861125078e+01
3.854191735356342008e+01
3.854191735356342008e+01
3.854340655038885188e+01
3.854340655038885188e+01
3.854495128845248075e+01
3.854495128845248075e+01
3.854702864136555718e+01
3.854729997228585603e+01
3.854874147249838501e+01
3.854874147249838501e+01
3.855009683074202087e+01
3.855078402736512544e+01
3.855205978559736479e+01
3.855205978559736479e+01
3.855340466366473606e+01
3.855340466366473606e+01
3.855465304773974822e+01
3.855532177073733635e+01
3.855650370226481982e+01
3.855650370226481982e+01
3.855779991934358009e+01
3.855807091691436028e+01
3.855925143107233311e+01
3.856113363578360520e+01
3.856114488525649620e+01
3.856225150884935715e+01
3.856236065388101508e+01
3.856343026038508270e+01
3.856537405500216664e+01
3.856537405500216664e+01
3.856640848613823636e+01
3.856640848613823636e+01
3.856745595315963726e+01
3.856926015754248738e+01
3.856926015754248738e+01
3.857060807085527898e+01
3.857181802315683683e+01
3.857181802315683683e+01
3.857295276851788657e+01
3.857490474375828171e+01
3.857629464062906521e+01
3.857629464062906521e+01
3.857770981659452048e+01
3.857943250200662533e+01
3.858189019208383286e+01
3.858296913640153036e+01
3.858510616745449795e+01
3.858778941781915250e+01
3.859178849773284981e+01
3.859818873224483582e+01
3.860960556107042407e+01
3.863938409835881771e+01
3.865222404599943218e+01
3.865699405739813699e+01
3.865965889204242956e+01
3.865704960647502730e+01
3.863607130478899876e+01
3.850672826177991226e+01
3.859625565861726670e+01
3.878560161887925517e+01
3.881077237105496636e+01
3.875504300420389825e+01
3.873474480739299963e+01
3.871484729070513708e+01
3.869490284281374670e+01
3.867363701715198943e+01
3.864613237917377120e+01
3.862729829210771015e+01
3.859669296985108389e+01
3.859723085099223283e+01
3.856519649701840535e+01
3.856529214196149269e+01
3.854219546929675033e+01
3.852742063051379517e+01
3.852405871269070303e+01
3.851819873113926462e+01
3.851402114585348357e+01
3.851193888249597563e+01
3.851299390719412941e+01
3.851593802449848170e+01
3.852154098293894435e+01
3.853443135017084842e+01
3.854887428549690753e+01
3.856584846680044620e+01
3.858411368917831652e+01
3.859069405349449511e+01
3.859247583468328457e+01
3.859389503167830071e+01
3.859474094978688186e+01
3.859737483423496940e+01
3.859974788383127731e+01
3.860368500497401811e+01
3.860666114930920401e+01
3.860732006648910897e+01
3.861307913067606989e+01
3.861548721770330417e+01
3.861895466753761497e+01
3.862112584200072973e+01
3.862353725551767525e+01
3.862707912979320213e+01
3.863212548996455098e+01
3.863361375941366305e+01
3.863361375941366305e+01
3.864149841263532892e+01
3.864271029607029107e+01
3.864519504324096033e+01
3.864519504324096033e+01
3.864519504324096033e+01
3.865759858585666109e+01
3.865759858585666109e+01
3.865848115003176844e+01
3.865962655492464961e+01
3.866462102911827259e+01
3.866498333839129486e+01
3.866799749144673370e+01
3.867057719931835891e+01
3.867266330049994849e+01
3.867410194439453619e+01
3.867658150646329318e+01
3.867794044580535484e+01
3.868056125105418630e+01
3.868089637969481487e+01
3.868374370740180268e+01
3.868402910660012139e+01
3.868476070225372609e+01
3.868534168108578797e+01
3.868688204709573597e+01
3.868682781527225245e+01
3.868718712272250571e+01
3.868453160605248797e+01
3.868194540862967301e+01
3.867822788671081469e+01
3.867917612430770902e+01
3.867770170578058497e+01
3.867358971951913560e+01
3.866282108875341095e+01
3.865775304888234132e+01
3.865775304888234132e+01
3.865829921425559235e+01
3.866224378883688928e+01
3.866224378883688928e+01
3.866012485182064040e+01
3.865864674881162699e+01
3.865864674881162699e+01
3.865864674881162699e+01
3.865905081105054819e+01
3.865905081105054819e+01
3.867576065377842554e+01
3.867612275821008438e+01
3.867612275821008438e+01
3.867612275821008438e+01
3.869645801350816328e+01
3.816641558386858435e+01
3.816641558386858435e+01
3.816806425747293474e+01
3.816807871106515648e+01
3.816807871106515648e+01
3.816807871106515648e+01
3.816957355948257202e+01
3.816957355948257202e+01
3.816980457842129226e+01
3.817087679396715316e+01
3.817087679396715316e+01
3.817087679396715316e+01
3.817208264897040948e+01
3.817208264897040948e+01
3.817208264897040948e+01
3.817314966841109936e+01
3.817314966841109936e+01
3.817488993991983648e+01
3.817488993991983648e+01
3.817488993991983648e+01
3.817597998225250677e+01
3.817602378664421536e+01
3.817602378664421536e+01
3.817700448010583614e+01
3.817711230281507540e+01
3.817711230281507540e+01
3.817815327955963767e+01
3.817815327955963767e+01
3.817978425381457441e+01
3.817984109221083600e+01
3.818008200290600485e+01
3.818104348791703728e+01
3.818104348791703728e+01
3.818104348791703728e+01
3.818202164156939915e+01
3.818202164156939915e+01
3.818302750956045344e+01
3.818302750956045344e+01
3.818303715627047268e+01
3.818460238013222607e+01
3.818460238013222607e+01
3.818566812787278764e+01
3.818566812787278764e+01
3.818668670579667435e+01
3.818668670579667435e+01
3.818668670579667435e+01
3.818779352423089080e+01
3.818779352423089080e+01
3.818899024122028862e+01
3.818958126316606183e+01
3.819085937338240910e+01
3.819108742503215836e+01
3.819268968064811531e+01
3.819279210793180113e+01
3.819281725695590524e+01
3.819456762927924842e+01
3.819550070158689437e+01
3.819711030564128151e+01
3.819834496900571708e+01
3.820042765015743669e+01
3.820292296496684514e+01
3.820510187092833121e+01
3.820913618868065953e+01
3.821586685431473285e+01
3.822957977149020792e+01
3.823775376531527570e+01
3.826305764403181087e+01
3.826605992024162362e+01
3.826880434216117521e+01
3.827092475928384374e+01
3.827297947740253647e+01
3.827395497659199464e+01
3.827356253768596162e+01
3.827022957604832243e+01
3.826400823102613913e+01
3.824732114116615378e+01
3.820548769283038837e+01
3.809251397703932440e+01
3.810887623890926790e+01
3.819042784127989876e+01
3.827463346875552475e+01
3.835795701688250858e+01
3.847178250699937507e+01
3.856159981208672605e+01
3.853883025063554157e+01
3.840656645877565012e+01
3.839028600837522731e+01
3.833359444258464066e+01
3.830901771447015847e+01
3.828556526858385212e+01
3.824435011507617332e+01
3.822169220320126470e+01
3.819777790803135531e+01
3.818207322691425532e+01
3.816124541118405489e+01
3.814184267962177444e+01
3.812874870509123326e+01
3.812311694896910552e+01
3.811743988888083834e+01
3.811276486983805967e+01
3.811065605313920912e+01
3.811065605313920912e+01
3.810848881458652215e+01
3.810937760613937542e+01
3.810937760613937542e+01
3.811125948117566509e+01
3.811387609052358982e+01
3.811387609052358982e+01
3.811446438310541396e+01
3.811515779685601046e+01
3.811541345387298918e+01
3.811685850821200461e+01
3.811825820128115083e+01
3.811923969345147611e+01
3.812068728014791930e+01
3.812131542915252425e+01
3.812214105783517226e+01
3.812351926711006200e+01
3.812499042477130473e+01
3.812643601992845532e+01
3.812717548908196363e+01
3.812834765426551087e+01
3.812903194222137415e+01
3.813043023098016704e+01
3.813118279015168355e+01
3.813189189889855157e+01
3.813400366860820156e+01
3.813465128079305799e+01
3.813587773337621911e+01
3.813664037362342185e+01
3.813741218559343338e+01
3.813905297933200700e+01
3.814009309177325235e+01
3.814099418217051607e+01
3.814285770575826007e+01
3.814362814402980462e+01
3.814513190350312755e+01
3.814609800093735004e+01
3.814804235441451397e+01
3.814902958101772867e+01
3.815018027761860253e+01
3.815215001536732586e+01
3.815327274384119960e+01
3.815327274384119960e+01
3.815506161399516571e+01
3.815705755094093377e+01
3.815766060726377873e+01
3.815897707588172949e+01
3.816034760512977186e+01
3.816117843006769306e+01
3.816250027626831809e+01
3.816335440123587830e+01
3.816451070790748190e+01
3.816543655344728592e+01
3.816700391003945469e+01
3.816920337084366111e+01
3.817000132342222685e+01
3.817182143753032619e+01
3.817300393204651243e+01
3.817405981411271654e+01
3.817506244883948341e+01
3.817718145571909361e+01
3.817780702441674379e+01
3.818041798533799636e+01
3.818111401003307037e+01
3.818259882866659893e+01
3.818259882866659893e+01
3.818259882866659893e+01
3.818828277443003572e+01
3.818828277443003572e+01
3.818840796226226075e+01
3.819001052045253886e+01
3.819093664103549202e+01
3.819241623871155156e+01
3.819241623871155156e+01
3.819241623871155156e+01
3.819842845381522523e+01
3.819842845381522523e+01
3.819842845381522523e+01
3.820055531805859061e+01
3.820142877720032004e+01
3.820337455814689065e+01
3.820420608672236540e+01
3.820566137817986885e+01
3.820642453821346152e+01
3.820897218481249524e+01
3.820980211111917413e+01
3.821028585068181371e+01
3.821463158499750534e+01
3.821463158499750534e+01
3.821485865222814482e+01
3.821647352623956806e+01
3.821735388377329912e+01
3.821894927878531689e+01
3.822073917108919971e+01
3.822127776672058985e+01
3.822127776672058985e+01
3.822494755115907594e+01
3.822572524811720029e+01
3.822635511121050911e+01
3.822770832817732867e+01
3.822770832817732867e+01
3.822770832817732867e+01
3.823326026586948956e+01
3.823326026586948956e+01
3.823379375354096510e+01
3.823462255327691395e+01
3.823613780191316636e+01
3.823734979394818367e+01
3.823822889317533225e+01
3.823916369699784212e+01
3.824084095917613979e+01
3.824131587027491008e+01
3.824300697100073165e+01
3.824458470098824137e+01
3.824480057339319217e+01
3.824662992243833060e+01
3.824662992243833060e+01
3.824662992243833060e+01
3.824961103324029921e+01
3.824994345552509856e+01
3.825024067832296737e+01
3.825138874389446642e+01
3.825144614104398499e+01
3.825157727291465193e+01
3.825380700393179723e+01
3.825452604545509416e+01
3.825493513668254764e+01
3.825472854243732712e+01
3.825472854243732712e+01
3.825799862124958395e+01
3.825799862124958395e+01
3.825793958144832629e+01
3.825816055155215167e+01
3.825901104255912344e+01
3.825894332177036716e+01
3.825895069705000395e+01
3.825895069705000395e+01
3.825895069705000395e+01
3.825895069705000395e+01
3.826421141846985563e+01
3.826461569112959182e+01
3.826461569112959182e+01
3.826461569112959182e+01
3.826481164537757707e+01
3.826481164537757707e+01
3.826481164537757707e+01
3.826481164537757707e+01
3.826521944703293343e+01
3.827653468024770689e+01
3.827653468024770689e+01
3.827665928661586747e+01
3.827665928661586747e+01
3.827669337658521442e+01
3.827669337658521442e+01
3.827764010548192886e+01
3.828089898337335484e+01
3.828550097450235512e+01
3.830058771756590374e+01
3.838504503563239467e+01
3.778161411445131534e+01
3.778216574521522375e+01
3.778344337584334767e+01
3.778344337584334767e+01
3.778344337584334767e+01
3.778344337584334767e+01
3.778344337584334767e+01
3.778344337584334767e+01
3.778344337584334767e+01
3.778457462452544036e+01
3.778457462452544036e+01
3.778457462452544036e+01
3.778457462452544036e+01
3.778457462452544036e+01
3.778457462452544036e+01
3.778533208592926940e+01
3.778533208592926940e+01
3.778533208592926940e+01
3.778598320087043305e+01
3.778598320087043305e+01
3.778627815228411180e+01
3.778634049391521188e+01
3.778761597099459379e+01
3.778761597099459379e+01
3.778761597099459379e+01
3.778761597099459379e+01
3.778775235751315620e+01
3.778775235751315620e+01
3.778891018117368361e+01
3.778891018117368361e+01
3.778891018117368361e+01
3.778891018117368361e+01
3.778891018117368361e+01
3.778891018117368361e+01
3.778894392239233468e+01
3.779064268477582544e+01
3.779064268477582544e+01
3.779074657485814015e+01
3.779074657485814015e+01
3.779074657485814015e+01
3.779074657485814015e+01
3.779172082876296201e+01
3.779172082876296201e+01
3.779172082876296201e+01
3.779172082876296201e+01
3.779172082876296201e+01
3.779172082876296201e+01
3.779276834339034963e+01
3.779299845352878151e+01
3.779299845352878151e+01
3.779299845352878151e+01
3.779349972010520275e+01
3.779349972010520275e+01
3.779449523655561904e+01
3.779449523655561904e+01
3.779449523655561904e+01
3.779449523655561904e+01
3.779449523655561904e+01
3.779449523655561904e+01
3.779512008462755546e+01
3.779512008462755546e+01
3.779525493787068058e+01
3.779525493787068058e+01
3.779525493787068058e+01
3.779525493787068058e+01
3.779629794364221596e+01
3.779629794364221596e+01
3.779629794364221596e+01
3.779690123127559787e+01
3.779690123127559787e+01
3.779782951164727933e+01
3.779782951164727933e+01
3.779782951164727933e+01
3.779782951164727933e+01
3.779805999152088702e+01
3.779805999152088702e+01
3.779914093549695764e+01
3.779914093549695764e+01
3.779914093549695764e+01
3.779914093549695764e+01
3.779924293528624446e+01
3.779924293528624446e+01
3.780013068281372313e+01
3.780013068281372313e+01
3.780068754312776491e+01
3.780068754312776491e+01
3.780068754312776491e+01
3.780147050620349347e+01
3.780147050620349347e+01
3.780147050620349347e+01
3.780147050620349347e+01
3.780147050620349347e+01
3.780228532613101322e+01
3.780228532613101322e+01
3.780230823444156840e+01
3.780243763177919902e+01
3.780243763177919902e+01
3.780333391555164724e+01
3.780333391555164724e+01
3.780408409474205911e+01
3.780408409474205911e+01
3.780408409474205911e+01
3.780408409474205911e+01
3.780487138564637206e+01
3.780487138564637206e+01
3.780490380805267137e+01
3.780490380805267137e+01
3.780490380805267137e+01
3.780565490520469041e+01
3.780565490520469041e+01
3.780565490520469041e+01
3.780565490520469041e+01
3.780655282891539315e+01
3.780655282891539315e+01
3.780655282891539315e+01
3.780708482844885054e+01
3.780708482844885054e+01
3.780785692057507674e+01
3.780785692057507674e+01
3.780785692057507674e+01
3.780785692057507674e+01
3.780785692057507674e+01
3.780871077652903978e+01
3.780871077652903978e+01
3.780893215082912207e+01
3.780893942102282779e+01
3.780983087358667660e+01
3.780983087358667660e+01
3.780983087358667660e+01
3.780983087358667660e+01
3.781064977556385998e+01
3.781156447344297789e+01
3.781156447344297789e+01
3.781156447344297789e+01
3.781156447344297789e+01
3.781249260637561349e+01
3.781249260637561349e+01
3.781249260637561349e+01
3.781249260637561349e+01
3.781249260637561349e+01
3.781353560278552095e+01
3.781353560278552095e+01
3.781353560278552095e+01
3.781353560278552095e+01
3.781479187865748770e+01
3.781526167668345551e+01
3.781526167668345551e+01
3.781526167668345551e+01
3.781662852256422980e+01
3.781684436620238188e+01
3.781684436620238188e+01
3.781684436620238188e+01
3.781843103919260329e+01
3.781843103919260329e+01
3.781894416504589174e+01
3.781938455409022026e+01
3.781983506040099030e+01
3.782031662065810451e+01
3.782129429759123695e+01
3.782272284207238755e+01
3.782315800659925742e+01
3.782387236249612528e+01
3.782530511774142212e+01
3.782630659571071874e+01
3.782727237625545058e+01
3.782851335669844417e+01
3.783091607281299673e+01
3.783189962967633591e+01
3.783613144411695828e+01
3.783870502796946766e+01
3.784773140501943089e+01
3.785348377826002064e+01
3.787661951718892794e+01
3.786923723628264327e+01
3.788465389136436556e+01
3.788756379150785847e+01
3.788928992580316901e+01
3.789012137156107940e+01
3.789116908816799878e+01
3.789246907235688866e+01
3.789375886422374151e+01
3.789454911263297987e+01
3.789528281982066460e+01
3.789603103730945577e+01
3.789701607863122490e+01
3.789786376652099875e+01
3.789853519249213321e+01
3.789908607969881160e+01
3.789980238328953988e+01
3.789991591869409149e+01
3.789990848439271076e+01
3.789945037893511426e+01
3.789898642908661941e+01
3.789761488548972324e+01
3.789594662735449049e+01
3.789307741832816134e+01
3.788888745827626536e+01
3.788230994136702634e+01
3.787309125843747637e+01
3.786072162257644891e+01
3.785120045216226714e+01
3.783033099031358404e+01
3.779194628279603307e+01
3.775061480319094187e+01
3.771593572456605159e+01
3.771199067089764867e+01
3.775816477902465351e+01
3.775827795083211669e+01
3.775827795083211669e+01
3.782279505436141420e+01
3.782279505436141420e+01
3.782279505436141420e+01
3.789514122148725050e+01
3.789514122148725050e+01
3.795621812764559877e+01
3.795621812764559877e+01
3.795656808800799809e+01
3.801897178119560294e+01
3.801897178119560294e+01
3.807829761869459162e+01
3.807841452543026151e+01
3.807841452543026151e+01
3.814571411275012736e+01
3.814571411275012736e+01
3.814571411275012736e+01
3.821211327648382650e+01
3.821211327648382650e+01
3.828287690881101923e+01
3.828287690881101923e+01
3.828309825088115304e+01
3.835557906374863535e+01
3.835557906374863535e+01
3.841999414145496416e+01
3.841999414145496416e+01
3.841999414145496416e+01
3.835023187255818300e+01
3.835023187255818300e+01
3.830431343989486237e+01
3.830431343989486237e+01
3.830431343989486237e+01
3.838574449346614870e+01
3.838574449346614870e+01
3.847320239549107868e+01
3.847324868583562107e+01
3.847324868583562107e+01
3.857485846853693090e+01
3.857485846853693090e+01
3.857485846853693090e+01
3.869359340550943216e+01
3.869359340550943216e+01
3.883293924085693050e+01
3.883293924085693050e+01
3.883293924085693050e+01
3.901167786417039451e+01
3.901167786417039451e+01
3.923602790896391923e+01
3.923602790896391923e+01
3.741992487774716380e+01
3.741992487774716380e+01
3.741992487774716380e+01
3.741992487774716380e+01
3.741992487774716380e+01
3.742022801700639434e+01
3.742022801700639434e+01
3.742022801700639434e+01
3.742022801700639434e+01
3.742074871487248799e+01
3.742074871487248799e+01
3.742180894584221562e+01
3.742180894584221562e+01
3.742180894584221562e+01
3.742180894584221562e+01
3.742180894584221562e+01
3.742180894584221562e+01
3.742180894584221562e+01
3.742180894584221562e+01
3.742180894584221562e+01
3.742180894584221562e+01
3.742180894584221562e+01
3.742180894584221562e+01
3.742180894584221562e+01
3.742291491129274306e+01
3.742293247539326728e+01
3.742293247539326728e+01
3.742293247539326728e+01
3.742293247539326728e+01
3.742293247539326728e+01
3.742307348009732948e+01
3.742331372928342859e+01
3.742382722087616287e+01
3.742382722087616287e+01
3.742382722087616287e+01
3.742382722087616287e+01
3.742382722087616287e+01
3.742520071123350078e+01
3.742520071123350078e+01
3.742520071123350078e+01
3.742520071123350078e+01
3.742520071123350078e+01
3.742520071123350078e+01
3.742520071123350078e+01
3.742520071123350078e+01
3.742520071123350078e+01
3.742520071123350078e+01
3.742525553658208537e+01
3.742525553658208537e+01
3.742651957638427973e+01
3.742651957638427973e+01
3.742651957638427973e+01
3.742651957638427973e+01
3.742651957638427973e+01
3.742702741758341745e+01
3.742702741758341745e+01
3.742702741758341745e+01
3.742702741758341745e+01
3.742702741758341745e+01
3.742702741758341745e+01
3.742702741758341745e+01
3.742809603879427982e+01
3.742817548968592689e+01
3.742817548968592689e+01
3.742817548968592689e+01
3.742817548968592689e+01
3.742817548968592689e+01
3.742817548968592689e+01
3.742817548968592689e+01
3.742847472055686353e+01
3.742847472055686353e+01
3.742871647375297073e+01
3.742871647375297073e+01
3.742970899233691284e+01
3.742970899233691284e+01
3.742970899233691284e+01
3.743022122357278647e+01
3.743022122357278647e+01
3.743022122357278647e+01
3.743022122357278647e+01
3.743022122357278647e+01
3.743036055881270130e+01
3.743036055881270130e+01
3.743036055881270130e+01
3.743135325588779949e+01
3.743135325588779949e+01
3.743135325588779949e+01
3.743135325588779949e+01
3.743135325588779949e+01
3.743135325588779949e+01
3.743135325588779949e+01
3.743135325588779949e+01
3.743135325588779949e+01
3.743135325588779949e+01
3.743135325588779949e+01
3.743135325588779949e+01
3.743229692620816706e+01
3.743280446439293030e+01
3.743280446439293030e+01
3.743280446439293030e+01
3.743280446439293030e+01
3.743310853980813135e+01
3.743310853980813135e+01
