2.826816161742129463e+00
2.776838338825477592e+00
2.620599447104222879e+00
2.159608460830429788e+00
1.929354109438808029e+00
1.667690979212349767e+00
1.306570498762796406e+00
9.707232560679980304e-01
4.402543927694458348e-01
4.782447057834854909e-01
2.536646629686311605e-01
5.952507057023987552e-02
8.321227412337674212e-02
-1.502244936698046707e-01
-3.271066482218388805e-01
-4.929505154843274450e-01
-5.487125584144149082e-01
-4.685660143897488195e-01
-5.641904957725126790e-01
-5.771618062382039005e-01
-6.631428383422491857e-01
-8.216595914919988530e-01
-8.768332474564973777e-01
-9.532962456974461984e-01
-1.079404735853350727e+00
-1.168969442977944029e+00
-1.203733511155543168e+00
-1.266714016323036152e+00
-1.360322889700579463e+00
-1.390661920927827477e+00
-1.300187696802929782e+00
-1.356482931910440781e+00
-1.432604529778783720e+00
-1.585813030548136604e+00
-1.632625442254299619e+00
-1.673289050189447513e+00
-1.667635427498154188e+00
-1.751610092899905879e+00
-2.078451948190833676e+00
-2.091577191346949860e+00
-2.086530935158324773e+00
-2.145158259876335904e+00
-2.177182703932499575e+00
-2.519393135326561062e+00
-2.514882983240925629e+00
-2.465873923031472792e+00
-2.459471957531576436e+00
-2.552631379849354065e+00
-2.611488065327407071e+00
-2.592002355498457700e+00
-2.264181507219978684e+00
-1.975167770620371188e+00
-1.974366788794568173e+00
-1.972518938387568976e+00
-2.320207422514465989e+00
-2.319413760128960167e+00
-2.318642998152576684e+00
-2.317409835169352839e+00
-2.314602434885395965e+00
-2.314014908218331001e+00
-2.450329649458653947e+00
-2.448936638193229598e+00
-2.447049977809209853e+00
-2.844544911402474341e+00
-2.843772877134536969e+00
-2.843103357781097795e+00
-2.841889821414389061e+00
-2.840956156165479474e+00
-2.838802359370557138e+00
-3.203374008177857224e+00
-3.325503547121164694e+00
-3.298100550715468593e+00
-3.264374046175615440e+00
-3.223341082031774274e+00
-3.257964475580025887e+00
-3.241061633132376940e+00
-3.302110273348374481e+00
-3.616874582991867371e+00
-3.662070004306718474e+00
-4.166996363961062322e+00
-4.163451930108854171e+00
-4.129332658348238816e+00
-4.032091008028276136e+00
-3.795520724954692504e+00
-3.513712259971500274e+00
-3.513497128284564397e+00
-3.498049706309566353e+00
-3.497796829606425906e+00
-3.497180796030001204e+00
-3.496725754014650356e+00
-3.496119909825197603e+00
-3.928601875635422402e+00
-3.928770832310498839e+00
-3.931481650265037153e+00
-4.263147027686139623e+00
-3.584994282182940584e+00
-5.003303296627936270e+00
-4.771873729977967216e+00
-4.756525027537433559e+00
-4.717924166605734548e+00
-4.750097108086189124e+00
-4.712339956912813932e+00
-4.688453832223419937e+00
-4.711020889658942501e+00
-4.700771906238589537e+00
-4.709754628375495855e+00
-4.808057854381218021e+00
-5.002251440724639231e+00
-5.032734076672953805e+00
-5.013947049954617263e+00
-4.988950344018838301e+00
-4.988813972759264637e+00
-4.955918748420938158e+00
-4.918994580224325119e+00
-4.845416747001470625e+00
-4.699043311089810437e+00
-4.367598769588711072e+00
-4.366742842413045445e+00
-4.365856985409345192e+00
-4.365856985409345192e+00
-4.365003844962072499e+00
-4.364185520126641293e+00
-4.364711867899788267e+00
-4.363851177089454580e+00
-4.363851177089454580e+00
-4.363060062143451212e+00
-4.365735011296749235e+00
-4.366257073211763817e+00
-4.365422258537152267e+00
-4.770120125574632830e+00
-4.769500570926044070e+00
-4.769500570926044070e+00
-4.768931603395763830e+00
-4.768653551993346618e+00
-4.768653551993346618e+00
-4.768075500371223185e+00
-4.770474742601832574e+00
-4.769907925889391720e+00
-4.769704791780272402e+00
-4.769704791780272402e+00
-4.769186567165135671e+00
-4.768658651365664802e+00
-5.153724442685099660e+00
-5.153383818349179357e+00
-5.153474326986012599e+00
-5.153154503778039519e+00
-5.152811364209950007e+00
-5.152733597125753739e+00
-5.152426136243017929e+00
-5.152203077750770355e+00
-5.151919599244926040e+00
-5.200004744431225845e+00
-5.199760401113959318e+00
-5.386898094583527197e+00
-5.386569753716148767e+00
-5.386454186342653827e+00
-5.386331750781302219e+00
-5.386451845510547898e+00
-5.386332960959756555e+00
-5.386195189211090195e+00
-5.385699188429875051e+00
-5.385537987770069535e+00
-5.385345370740695969e+00
-5.385074683542573126e+00
-5.465129990541473859e+00
-5.462911509700697721e+00
-5.240181921190834480e+00
-5.445065155416246583e+00
-6.379614229101571610e+00
-6.791758118680976786e+00
-6.580644439666509804e+00
-6.669656653071333707e+00
-6.626453335366994324e+00
-6.603085366301452375e+00
-6.566651918601682070e+00
-6.522456406189506950e+00
-6.512440170995214217e+00
-6.474882005149185993e+00
-6.451228214746197231e+00
-6.440959145564946198e+00
-6.482913657114209194e+00
-6.483026092400548279e+00
-6.490154200830229314e+00
-6.507165883928632155e+00
-6.526048940997265291e+00
-6.573162819105345278e+00
-6.574389371538186921e+00
-6.575370319035466871e+00
-6.576606022466950030e+00
-6.581410169509866570e+00
-6.585337290323718840e+00
-6.587928412159176794e+00
-6.593407207555777916e+00
-6.596423340046642103e+00
-6.598095982291238393e+00
-6.600386978578780983e+00
-6.603298503731597435e+00
-6.602059491476042652e+00
-6.604240626816067383e+00
-6.562676150303323297e+00
-6.563556452432048438e+00
-6.562785378585407337e+00
-6.559664368966080517e+00
-6.557500219751737802e+00
-6.557500219751737802e+00
-6.557881572138438031e+00
-6.550509562473373570e+00
-6.542015744819804191e+00
-6.540818659229793219e+00
-6.541887898346133490e+00
-6.536669338267177665e+00
-6.535321292719640240e+00
-6.482511974744125993e+00
-6.482511974744125993e+00
-6.484455229968814294e+00
-6.555307643676916207e+00
-6.067496364070577464e+00
-6.067496364070577464e+00
-6.067524421982289695e+00
-6.066390080024603115e+00
-6.066390080024603115e+00
-6.066390080024603115e+00
-6.066390080024603115e+00
-6.065387498943252353e+00
-6.066028120273176505e+00
-6.066028120273176505e+00
-6.066028120273176505e+00
-6.065073988473129063e+00
-6.065073988473129063e+00
-6.065073988473129063e+00
-6.064160514553522674e+00
-6.064166850293912781e+00
-6.064769745871169349e+00
-6.064769745871169349e+00
-6.541655900144379032e+00
-6.541655900144379032e+00
-6.541655900144379032e+00
-6.541655900144379032e+00
-6.540925281299599270e+00
-6.540925281299599270e+00
-6.540925281299599270e+00
-6.541454367780298540e+00
-6.540729466433714556e+00
-6.540740007899393582e+00
-6.540757364649166128e+00
-6.540757364649166128e+00
-6.539999832831782989e+00
-6.539999832831782989e+00
-6.539999832831782989e+00
-6.539195793002712698e+00
-6.539585016143306895e+00
-6.539640547472318488e+00
-6.539640547472318488e+00
-6.539248511147813581e+00
-6.539248511147813581e+00
-6.539248511147813581e+00
-6.538587954037469174e+00
-6.538587954037469174e+00
-6.538977346666666968e+00
-6.538977346666666968e+00
-6.538338685678578344e+00
-6.538338685678578344e+00
-6.538338685678578344e+00
-6.537719180608773328e+00
-6.537719180608773328e+00
-6.537719180608773328e+00
-6.561711149477061689e+00
-6.560928121039991012e+00
-6.560928121039991012e+00
-6.560928121039991012e+00
-6.560252384318153496e+00
-6.560252384318153496e+00
-6.560277303926443260e+00
-6.559953311443108781e+00
-6.560460991687143029e+00
-6.560460991687143029e+00
-6.559647170361947666e+00
-6.559647170361947666e+00
-6.559647170361947666e+00
-7.109432684042949369e+00
-7.109432684042949369e+00
-7.109432684042949369e+00
-7.109658768093603420e+00
-7.109168564179259242e+00
-7.109168564179259242e+00
-7.109168564179259242e+00
-7.108728533872882949e+00
-7.108728533872882949e+00
-7.108728533872882949e+00
-7.108344315042973705e+00
-7.108582604386995740e+00
-7.108632858745802530e+00
-7.111564571904302134e+00
-7.111564571904302134e+00
-7.111146008682755593e+00
-7.111146008682755593e+00
-7.111146008682755593e+00
-7.110726806805297784e+00
-7.110942117014378283e+00
-7.110942117014378283e+00
-7.110602122873916464e+00
-7.110602122873916464e+00
-7.110602122873916464e+00
-7.110318908662565995e+00
-7.110318908662565995e+00
-7.390334590245005053e+00
-7.390334590245005053e+00
-7.390334590245005053e+00
-7.390194334096501727e+00
-7.390194334096501727e+00
-7.390406771941352204e+00
-7.390247960909291258e+00
-7.390247960909291258e+00
-7.390022561358468245e+00
-7.390022561358468245e+00
-7.390022561358468245e+00
-7.389854293575245592e+00
-7.389854293575245592e+00
-7.608035887807467645e+00
-7.608038498039552344e+00
-7.607529877495927018e+00
-7.607581913632797566e+00
-7.607581913632797566e+00
-7.607627465594823946e+00
-7.607627465594823946e+00
-7.677801956835309305e+00
-7.677801956835309305e+00
-7.677810117261135936e+00
-7.677248454297732394e+00
-7.677457441668059879e+00
-7.677668251220523210e+00
-7.677668251220523210e+00
-7.843924020398670649e+00
-7.843924020398670649e+00
-7.844278790542810853e+00
-7.843110264111837537e+00
-7.843489924130725655e+00
-7.843580094297232463e+00
-7.843954021843212665e+00
-7.843954021843212665e+00
-7.844407479891643220e+00
-7.844407479891643220e+00
-8.030700510997291985e+00
-8.030700510997291985e+00
-8.030962078249434200e+00
-8.030962078249434200e+00
-8.219804794879699728e+00
-8.220016850159504784e+00
-8.221027936504835765e+00
-8.219788466126560778e+00
-8.220990072266326720e+00
-8.221583661626526762e+00
-8.222683843246066715e+00
-8.223977818062142120e+00
-8.033580603344653071e+00
-8.034510069122857701e+00
-8.035098476033674331e+00
-7.537431972623398480e+00
-7.116115113357890820e+00
-7.790666837477051132e+00
-8.047841382168920532e+00
-8.267323319403665494e+00
-8.428155425067727080e+00
-8.441038633805334257e+00
-8.440623231242529556e+00
-8.265451053766192047e+00
-8.134264221551438467e+00
-8.233755276881932872e+00
-8.359704170621691688e+00
-8.471823929658691910e+00
-8.384301301613154678e+00
-8.334621279260799653e+00
-8.330795311877585263e+00
-8.278728984413433523e+00
-8.214830966782772137e+00
-8.225092826777597566e+00
-8.205473224961265188e+00
-8.179097931938489552e+00
-8.159050524882623279e+00
-8.153985259834250598e+00
-8.145358831094259955e+00
-8.143052501251004216e+00
-8.141630870148592436e+00
-8.165284580001653580e+00
-8.165284580001653580e+00
-8.165933012779673206e+00
-8.139459276608743465e+00
-8.140106604918653233e+00
-8.141308585723811220e+00
-8.140212401901205652e+00
-8.140769762786629116e+00
-8.141478210998700504e+00
-8.141833865506823642e+00
-8.142618042693444025e+00
-8.143036435091257630e+00
-8.520246150599033896e+00
-8.520650643507199362e+00
-8.521423592063550601e+00
-8.521800380072384939e+00
-8.522790652658255084e+00
-8.523392655714053134e+00
-8.524215061259562631e+00
-8.523374434292728452e+00
-8.524203640077157473e+00
-8.524827424536599807e+00
-8.525223103992827234e+00
-8.526111556427787619e+00
-8.526530772998908603e+00
-8.526108389117901254e+00
-8.526518888332805801e+00
-8.527010702022336019e+00
-8.556268882965886391e+00
-8.556268882965886391e+00
-8.529306782480505333e+00
-8.528408946433190252e+00
-8.529239163943772795e+00
-8.529640811370514442e+00
-8.530416352749599085e+00
-8.529577805848443717e+00
-8.530460027917850852e+00
-8.529234727021547613e+00
-8.530040573271655546e+00
-8.530458740407608431e+00
-8.531823208946923032e+00
-8.531823208946923032e+00
-8.532678173619807183e+00
-8.531705264248191867e+00
-8.533699702148943800e+00
-8.533699702148943800e+00
-8.534642337186054917e+00
-8.535447479516120595e+00
-8.534970746467370972e+00
-8.534970746467370972e+00
-8.534970746467370972e+00
-8.538215448500759308e+00
-8.538215448500759308e+00
-8.538764518675005633e+00
-9.023989859491978294e+00
-9.024701956214041587e+00
-9.025569135665026721e+00
-9.026002673134481569e+00
-9.026002673134481569e+00
-9.029041244926736098e+00
-9.027972108707558618e+00
-9.027972108707558618e+00
-9.027972108707558618e+00
-9.030722932688634685e+00
-9.030722932688634685e+00
-9.029867185821114361e+00
-9.030303418018581496e+00
-9.031375821561406170e+00
-9.032341143682669937e+00
-9.032341143682669937e+00
-9.034264831508973970e+00
-9.033250586610467536e+00
-9.033862081245775499e+00
-9.034370402856607640e+00
-9.035193373621581259e+00
-9.035837213891536379e+00
-9.035243949684998555e+00
-9.036530641618346849e+00
-9.037182291353945018e+00
-9.037182291353945018e+00
-9.039881530328814918e+00
-9.038772162085145112e+00
-9.038772162085145112e+00
-9.039560927078124308e+00
-9.040126647170495744e+00
-9.040923820321769000e+00
-9.040459805501262380e+00
-9.041124324651756083e+00
-9.042221759089288824e+00
-9.042892953512753351e+00
-9.043049556097210839e+00
-9.709663391186559522e+00
-9.710584226120543505e+00
-9.711331103995895830e+00
-9.711526130687152758e+00
-9.711526130687152758e+00
-9.713367253791336253e+00
-9.713367253791336253e+00
-9.713578315662747542e+00
-9.714506560803812363e+00
-9.715477318376363414e+00
-9.716085544472877089e+00
-9.716544598125564036e+00
-9.716544598125564036e+00
-9.716544598125564036e+00
-9.721118802667119141e+00
-9.720381356686383256e+00
-9.720490989019536343e+00
-9.721146256767935867e+00
-9.723248232714860606e+00
-9.725835553165854463e+00
-9.726260369609661893e+00
-9.726260369609661893e+00
-9.726260369609661893e+00
-9.726260369609661893e+00
-9.734772360343402653e+00
-9.734121254951299207e+00
-9.734121254951299207e+00
-9.734121254951299207e+00
-9.734121254951299207e+00
-1.037428436209056315e+01
-1.039283232841436266e+01
-1.041766406566120118e+01
-1.003974611853365673e+01
-1.003974611853365673e+01
-1.003959890989347414e+01
-1.003959890989347414e+01
-1.003959890989347414e+01
-1.003959890989347414e+01
-1.003953310799591137e+01
-1.012890812382858918e+01
-1.012890812382858918e+01
-1.012890812382858918e+01
-1.012861861663868979e+01
-1.012861861663868979e+01
-1.012861861663868979e+01
-1.012883172992821379e+01
-1.012883172992821379e+01
-1.012861830511468675e+01
-1.012861830511468675e+01
-1.012872728630343211e+01
-1.012872728630343211e+01
-1.012852222108636902e+01
-1.012852222108636902e+01
-1.012852222108636902e+01
-1.012884005428956691e+01
-1.061199045176799594e+01
-1.061199045176799594e+01
-1.061199045176799594e+01
-1.061199045176799594e+01
-1.061194644715786772e+01
-1.061197872347510796e+01
-1.061197872347510796e+01
-1.061197872347510796e+01
-1.061190450981206190e+01
-1.061190450981206190e+01
-1.061190450981206190e+01
-1.061190450981206190e+01
-1.061174784632093271e+01
-1.061174784632093271e+01
-1.061164448211861355e+01
-1.061164448211861355e+01
-1.069579530374498688e+01
-1.069579530374498688e+01
-1.069579530374498688e+01
-1.069599218036231214e+01
-1.069595097117005977e+01
-1.069595097117005977e+01
-1.069595097117005977e+01
-1.069595097117005977e+01
-1.069590260122800807e+01
-1.069590260122800807e+01
-1.069590260122800807e+01
-1.105934378873444146e+01
-1.105934378873444146e+01
-1.105834397520198742e+01
-1.105834397520198742e+01
-1.105859459182670790e+01
-1.105868978861042251e+01
-1.105868978861042251e+01
-1.105868978861042251e+01
-1.105902671497905310e+01
-1.105902671497905310e+01
-1.105902671497905310e+01
-1.105947596901905250e+01
-1.105947596901905250e+01
-1.105947596901905250e+01
-1.105991837855840210e+01
-1.105991837855840210e+01
-1.105897381356382247e+01
-1.105897381356382247e+01
-1.105938562544839066e+01
-1.105938562544839066e+01
-1.105938562544839066e+01
-1.106025775231486996e+01
-1.106025775231486996e+01
-1.106025775231486996e+01
-1.106114902070215855e+01
-1.106114902070215855e+01
-1.106172282691888675e+01
-1.106199604378564061e+01
-1.106254040194672683e+01
-1.106323240630533711e+01
-1.106358792957427362e+01
-1.106343344392554329e+01
-1.106439158826385416e+01
-1.106496020792724266e+01
-1.106637184058172352e+01
-1.106810362123976788e+01
-1.069285625640636717e+01
-1.069206573023290296e+01
-1.016232287830169412e+01
-8.693720923284484314e+00
-1.015135882494359443e+01
-1.068769873202980136e+01
-1.068761172816311955e+01
-1.109769568355790881e+01
-1.109770492132493835e+01
-1.109671526371734451e+01
-1.125099799910094589e+01
-1.131255249516597594e+01
-1.132691361729397528e+01
-1.132769395579359895e+01
-1.131748186636953513e+01
-1.129275459290694350e+01
-1.123975091793360903e+01
-1.115114515839722920e+01
-1.105363845171868142e+01
-1.103151712849071941e+01
-1.105861437947042702e+01
-1.111711213767497775e+01
-1.113047600811608717e+01
-1.119315222284075340e+01
-1.122701364345568997e+01
-1.129497596368530310e+01
-1.130959361536518770e+01
-1.142937829118011983e+01
-1.147172925396650278e+01
-1.146133217428382700e+01
-1.125452584228435882e+01
-1.122460363092354463e+01
-1.114654943834385037e+01
-1.117065187816268512e+01
-1.113648871442628696e+01
-1.110890967216759861e+01
-1.109166692963536782e+01
-1.108315199691695163e+01
-1.107134698950570950e+01
-1.106190916630011323e+01
-1.105900151060623848e+01
-1.105664904464891229e+01
-1.105664904464891229e+01
-1.105916690335527619e+01
-1.105916690335527619e+01
-1.105916690335527619e+01
-1.106077833419524126e+01
-1.106077833419524126e+01
-1.106097065910773836e+01
-1.106116313530206519e+01
-1.105966118593957148e+01
-1.105966118593957148e+01
-1.105966118593957148e+01
-1.106037478327983159e+01
-1.106042007294448126e+01
-1.106042007294448126e+01
-1.106198178127185017e+01
-1.106198178127185017e+01
-1.106244365943499020e+01
-1.106281948050854247e+01
-1.106281948050854247e+01
-1.106305012142840027e+01
-1.106341789148296506e+01
-1.106371311866566032e+01
-1.106234460616115101e+01
-1.106258647582312804e+01
-1.106298048598992878e+01
-1.106300680576163842e+01
-1.106333446441703927e+01
-1.106388202954914135e+01
-1.106388202954914135e+01
-1.106429118160868263e+01
-1.106447716664368208e+01
-1.106448458531620105e+01
-1.106502908844962718e+01
-1.106542156754380635e+01
-1.106542156754380635e+01
-1.162374649325950138e+01
-1.162408490105674019e+01
-1.162408490105674019e+01
-1.162454005162729587e+01
-1.162454005162729587e+01
-1.162454005162729587e+01
-1.162454005162729587e+01
-1.162454005162729587e+01
-1.162795274227316433e+01
-1.162808601696582755e+01
-1.162808601696582755e+01
-1.162808601696582755e+01
-1.162808601696582755e+01
-1.162689483007399005e+01
-1.162716152466193620e+01
-1.162754008664121663e+01
-1.162791708778370925e+01
-1.162791708778370925e+01
-1.162823632912833283e+01
-1.162885388496692762e+01
-1.162917208583260198e+01
-1.162917208583260198e+01
-1.162951748876109903e+01
-1.163001253697747295e+01
-1.163037795193802104e+01
-1.162911768089385767e+01
-1.162949259404580360e+01
-1.162993445454896246e+01
-1.163024587938889454e+01
-1.163024587938889454e+01
-1.163070693700990788e+01
-1.163122177374486199e+01
-1.163126499500716804e+01
-1.163164957300697999e+01
-1.163232709732195147e+01
-1.163249701797453106e+01
-1.163249701797453106e+01
-1.163292601661419212e+01
-1.163146768065147896e+01
-1.163219638611618656e+01
-1.163261070563168786e+01
-1.163261070563168786e+01
-1.163299488707892060e+01
-1.163342246060610030e+01
-1.163383082512607025e+01
-1.163383082512607025e+01
-1.163446551961199305e+01
-1.163488230158270476e+01
-1.163530390630459976e+01
-1.163530390630459976e+01
-1.163571467228956635e+01
-1.163489638760643530e+01
-1.163573738610079822e+01
-1.163573738610079822e+01
-1.163573738610079822e+01
-1.163722312799727199e+01
-1.163722312799727199e+01
-1.163755543051777330e+01
-1.163755543051777330e+01
-1.163793918328969745e+01
-1.163830160953744652e+01
-1.163923273726793006e+01
-1.163929332597154698e+01
-1.163873286132696805e+01
-1.163873286132696805e+01
-1.163873286132696805e+01
-1.163999297196617810e+01
-1.163999297196617810e+01
-1.163999297196617810e+01
-1.164052821244249536e+01
-1.164052821244249536e+01
-1.164186676370242779e+01
-1.164186676370242779e+01
-1.164209675066324579e+01
-1.164299993459571780e+01
-1.164176871184182538e+01
-1.164176871184182538e+01
-1.164176871184182538e+01
-1.164176871184182538e+01
-1.164176871184182538e+01
-1.164479085949255577e+01
-1.164479085949255577e+01
-1.164479085949255577e+01
-1.164479085949255577e+01
-1.164522496139268704e+01
-1.164564644266857307e+01
-1.164568565962369284e+01
-1.164530448054852840e+01
-1.164573762726588946e+01
-1.164573762726588946e+01
-1.164573762726588946e+01
-1.164799061896807331e+01
-1.164799061896807331e+01
-1.164799061896807331e+01
-1.164857677331999852e+01
-1.164857677331999852e+01
-1.164923974644000104e+01
-1.164991841680473605e+01
-1.164867923463092936e+01
-1.164884668724834071e+01
-1.165069515304164760e+01
-1.165069515304164760e+01
-1.165091333120663997e+01
-1.165116418888469951e+01
-1.165182074339763396e+01
-1.165228584980492599e+01
-1.165270444619016210e+01
-1.165270444619016210e+01
-1.165270444619016210e+01
-1.165445652171916358e+01
-1.214522400435288851e+01
-1.214549898257133087e+01
-1.214613527957446415e+01
-1.214647913570835591e+01
-1.214696544832784220e+01
-1.214724081947290735e+01
-1.214782514505082389e+01
-1.214825179024483148e+01
-1.214825179024483148e+01
-1.214825179024483148e+01
-1.214825179024483148e+01
-1.215077239364631723e+01
-1.215077239364631723e+01
-1.215077239364631723e+01
-1.215077239364631723e+01
-1.215147785484408871e+01
-1.215168986936631335e+01
-1.215229667992550233e+01
-1.215293106465370876e+01
-1.215319062695530583e+01
-1.215367624396758650e+01
-1.215436743801885200e+01
-1.215469844147360234e+01
-1.215427703126706049e+01
-1.215451890996359552e+01
-1.215527636927616761e+01
-1.215507757220319895e+01
-1.215616111038608693e+01
-1.215616111038608693e+01
-1.215781531188541287e+01
-1.215781531188541287e+01
-1.215879858784447975e+01
-1.215909965885119348e+01
-1.215953203254260728e+01
-1.215950905815013350e+01
-1.215950905815013350e+01
-1.216118782410991628e+01
-1.216118782410991628e+01
-1.216159360133636369e+01
-1.216208014578229601e+01
-1.216233306995096086e+01
-1.216331554658368930e+01
-1.216415699886593060e+01
-1.216473198672017375e+01
-1.216473198672017375e+01
-1.216629560674990707e+01
-1.216629560674990707e+01
-1.216629560674990707e+01
-1.216730716922322486e+01
-1.216854776998972376e+01
-1.216916429644687803e+01
-1.216981599363177224e+01
-1.217141014725073411e+01
-1.217215385868255062e+01
-1.217215385868255062e+01
-1.217135148577525605e+01
-1.217145806803337749e+01
-1.217619680285273276e+01
-1.217619680285273276e+01
-1.217620285664993318e+01
-1.217706332762719335e+01
-1.217816959548940048e+01
-1.217904968255282228e+01
-1.217958980457154539e+01
-1.218236278707581910e+01
-1.218236278707581910e+01
-1.220696438562895558e+01
-1.220696438562895558e+01
-1.220696438562895558e+01
-1.220696438562895558e+01
-1.220696438562895558e+01
-1.221622507742912056e+01
-1.221622507742912056e+01
-1.221622507742912056e+01
-1.221622507742912056e+01
-1.221622507742912056e+01
-1.221543776735366649e+01
-1.221543776735366649e+01
-1.221729061805153904e+01
-1.222234651635517189e+01
-1.223141154090299487e+01
-1.224371999883180884e+01
-1.226887580169107927e+01
-1.224915561961416977e+01
-1.186325584675934230e+01
-1.186325584675934230e+01
-1.186274856825420088e+01
-1.186274856825420088e+01
-1.186274856825420088e+01
-1.186274856825420088e+01
-1.186274856825420088e+01
-1.186310479478859925e+01
-1.186310479478859925e+01
-1.186333192855787821e+01
-1.186333192855787821e+01
-1.186333192855787821e+01
-1.186333192855787821e+01
-1.235711700240627309e+01
-1.235711700240627309e+01
-1.235711700240627309e+01
-1.235711700240627309e+01
-1.235711700240627309e+01
-1.235711700240627309e+01
-1.235711700240627309e+01
-1.235711700240627309e+01
-1.235711700240627309e+01
-1.235684023596042458e+01
-1.235698404714278098e+01
-1.235698404714278098e+01
-1.235698404714278098e+01
-1.235698404714278098e+01
-1.235698404714278098e+01
-1.235698404714278098e+01
-1.235698404714278098e+01
-1.235698404714278098e+01
-1.235717853594150206e+01
-1.235692849141963556e+01
-1.235692849141963556e+01
-1.235692849141963556e+01
-1.235692849141963556e+01
-1.235692849141963556e+01
-1.235692849141963556e+01
-1.235692849141963556e+01
-1.235692849141963556e+01
-1.235692849141963556e+01
-1.235692849141963556e+01
-1.235654556046353392e+01
-1.235659099271481587e+01
-1.235659099271481587e+01
-1.235680703308172745e+01
-1.235680703308172745e+01
-1.235680703308172745e+01
-1.235680703308172745e+01
-1.235680703308172745e+01
-1.235688052758809974e+01
-1.235673305010090672e+01
-1.235673305010090672e+01
-1.235673305010090672e+01
-1.235673305010090672e+01
-1.235691551719152947e+01
-1.235691551719152947e+01
-1.235691551719152947e+01
-1.235691551719152947e+01
-1.235691551719152947e+01
-1.235691551719152947e+01
-1.235669549942821988e+01
-1.235669549942821988e+01
-1.235669549942821988e+01
-1.235669549942821988e+01
-1.235669549942821988e+01
-1.235669549942821988e+01
-1.235669549942821988e+01
-1.235669549942821988e+01
-1.235669549942821988e+01
-1.235651373599728586e+01
-1.235651373599728586e+01
-1.235651373599728586e+01
-1.235651373599728586e+01
-1.235651373599728586e+01
-1.235651373599728586e+01
-1.235651373599728586e+01
-1.235651373599728586e+01
-1.235679840407360963e+01
-1.235655465682853205e+01
-1.235655465682853205e+01
-1.235655465682853205e+01
-1.235677176975820402e+01
-1.235677176975820402e+01
-1.235677176975820402e+01
-1.235679505365276931e+01
-1.235679505365276931e+01
-1.235679505365276931e+01
-1.269104661697697445e+01
-1.269104661697697445e+01
-1.269104661697697445e+01
-1.269104661697697445e+01
-1.269104661697697445e+01
-1.269104661697697445e+01
-1.269104661697697445e+01
-1.269104661697697445e+01
-1.269104661697697445e+01
-1.269096794684074858e+01
-1.269096794684074858e+01
-1.269096794684074858e+01
-1.269096794684074858e+01
-1.269096794684074858e+01
-1.269085908562462528e+01
-1.269093110080377684e+01
-1.269093110080377684e+01
-1.269087472489276891e+01
-1.269087472489276891e+01
-1.269087472489276891e+01
-1.269087472489276891e+01
-1.269087472489276891e+01
-1.269087472489276891e+01
-1.269087472489276891e+01
-1.269087472489276891e+01
-1.269087472489276891e+01
-1.269080062269883946e+01
-1.269080062269883946e+01
-1.269080062269883946e+01
-1.269080062269883946e+01
-1.269080062269883946e+01
-1.269080062269883946e+01
-1.269080062269883946e+01
-1.269080062269883946e+01
-1.269077282494305869e+01
-1.269077282494305869e+01
-1.269097567051370667e+01
-1.269112826024669971e+01
-1.269112826024669971e+01
-1.269112826024669971e+01
-1.269112826024669971e+01
-1.269112826024669971e+01
-1.269104172881665349e+01
-1.269104172881665349e+01
-1.269104172881665349e+01
-1.269104172881665349e+01
-1.269104172881665349e+01
-1.269104172881665349e+01
-1.269104172881665349e+01
