9.100000000000000000e+01 -inf
9.400000000000000000e+01 -inf
9.600000000000000000e+01 -inf
9.800000000000000000e+01 -inf
1.000000000000000000e+02 -inf
1.020000000000000000e+02 -inf
1.040000000000000000e+02 -inf
1.060000000000000000e+02 -inf
1.080000000000000000e+02 -inf
1.100000000000000000e+02 -inf
1.140000000000000000e+02 -inf
1.180000000000000000e+02 -inf
1.210000000000000000e+02 -inf
1.250000000000000000e+02 -inf
1.270000000000000000e+02 -inf
1.280000000000000000e+02 -inf
1.310000000000000000e+02 -inf
1.320000000000000000e+02 -inf
1.340000000000000000e+02 -inf
1.370000000000000000e+02 -inf
1.400000000000000000e+02 -inf
1.430000000000000000e+02 -inf
1.470000000000000000e+02 -inf
1.510000000000000000e+02 -inf
1.550000000000000000e+02 -inf
1.590000000000000000e+02 -inf
1.620000000000000000e+02 -inf
1.660000000000000000e+02 -inf
1.700000000000000000e+02 -inf
1.730000000000000000e+02 -inf
1.770000000000000000e+02 -inf
1.800000000000000000e+02 -inf
1.820000000000000000e+02 -inf
1.860000000000000000e+02 -inf
1.910000000000000000e+02 -inf
1.940000000000000000e+02 -inf
1.980000000000000000e+02 -inf
2.020000000000000000e+02 -inf
2.050000000000000000e+02 -inf
2.100000000000000000e+02 -inf
2.160000000000000000e+02 -inf
2.200000000000000000e+02 -inf
2.230000000000000000e+02 -inf
2.270000000000000000e+02 -inf
2.300000000000000000e+02 2.073140867568628920e+01
2.340000000000000000e+02 2.111315380908173012e+01
2.400000000000000000e+02 2.153696637583675511e+01
2.460000000000000000e+02 2.196972256005695456e+01
2.520000000000000000e+02 2.234403485002593115e+01
2.570000000000000000e+02 2.259496234137454707e+01
2.600000000000000000e+02 2.280423988805197055e+01
2.640000000000000000e+02 2.303164162174360641e+01
2.690000000000000000e+02 2.327719786510592570e+01
2.740000000000000000e+02 2.354072826451522715e+01
2.790000000000000000e+02 2.379861946265176087e+01
2.840000000000000000e+02 2.408012559296017940e+01
2.900000000000000000e+02 2.436244075659731223e+01
2.960000000000000000e+02 2.463234587137491616e+01
3.010000000000000000e+02 2.484925946465159186e+01
3.080000000000000000e+02 2.513945300652927273e+01
3.180000000000000000e+02 2.554979924101077771e+01
3.280000000000000000e+02 2.591177416315957061e+01
3.380000000000000000e+02 2.626979587473518052e+01
3.480000000000000000e+02 2.659817215688891778e+01
3.570000000000000000e+02 2.695577028871064940e+01
3.660000000000000000e+02 2.722970284542417829e+01
3.750000000000000000e+02 2.746811369820033022e+01
3.850000000000000000e+02 2.773017290012313296e+01
3.950000000000000000e+02 2.798192773578718118e+01
4.050000000000000000e+02 2.821409746018177600e+01
4.140000000000000000e+02 2.841976252040589657e+01
4.220000000000000000e+02 2.858800969666094005e+01
4.300000000000000000e+02 2.875669534300946140e+01
4.410000000000000000e+02 2.897579488050684660e+01
4.510000000000000000e+02 2.916402090822877113e+01
4.600000000000000000e+02 2.932372370913305559e+01
4.700000000000000000e+02 2.949955611421679436e+01
4.800000000000000000e+02 2.966489507045171692e+01
4.900000000000000000e+02 2.982727808658111002e+01
5.000000000000000000e+02 2.998054097293356079e+01
5.060000000000000000e+02 3.137750536563263637e+01
5.120000000000000000e+02 3.226194116166981729e+01
5.200000000000000000e+02 3.235272750666419483e+01
5.300000000000000000e+02 3.248147238356528987e+01
5.400000000000000000e+02 3.252148414131317367e+01
5.500000000000000000e+02 3.271951045540171066e+01
5.600000000000000000e+02 3.279992109942047307e+01
5.700000000000000000e+02 3.290946583514649859e+01
5.800000000000000000e+02 3.290169709248466035e+01
5.900000000000000000e+02 3.304255609033205587e+01
6.000000000000000000e+02 3.313476132796463958e+01
6.100000000000000000e+02 3.322836151093184043e+01
6.200000000000000000e+02 3.328594330176829885e+01
6.300000000000000000e+02 3.335391693358684506e+01
6.400000000000000000e+02 3.338578545074763326e+01
6.500000000000000000e+02 3.346151706399082570e+01
6.580000000000000000e+02 3.352482674662390849e+01
6.650000000000000000e+02 3.355561451391629646e+01
6.750000000000000000e+02 3.358511438786467806e+01
6.850000000000000000e+02 3.362946820723376362e+01
6.950000000000000000e+02 3.372023320198630358e+01
7.050000000000000000e+02 3.375421913689798714e+01
7.160000000000000000e+02 3.381338425803210157e+01
7.260000000000000000e+02 3.385168000756989670e+01
7.350000000000000000e+02 3.388213208823962219e+01
7.450000000000000000e+02 3.394553344781257209e+01
7.550000000000000000e+02 3.399107871177965023e+01
7.650000000000000000e+02 3.403567486654634422e+01
7.750000000000000000e+02 3.407953240852434362e+01
7.850000000000000000e+02 3.411953134662127241e+01
7.950000000000000000e+02 3.414755665510267590e+01
8.050000000000000000e+02 3.418045478061462461e+01
8.150000000000000000e+02 3.420792740309794056e+01
8.250000000000000000e+02 3.425290474430588716e+01
8.350000000000000000e+02 3.423398166866174108e+01
8.450000000000000000e+02 3.429836323584157753e+01
8.550000000000000000e+02 3.432506030544943343e+01
8.650000000000000000e+02 3.436116516480934280e+01
8.750000000000000000e+02 3.439854544452272478e+01
8.850000000000000000e+02 3.443871858677481157e+01
8.950000000000000000e+02 3.446725512031508742e+01
9.050000000000000000e+02 3.447131985752462668e+01
9.150000000000000000e+02 3.469339104806805807e+01
9.250000000000000000e+02 3.553399801536063762e+01
9.350000000000000000e+02 3.601803786283129227e+01
9.450000000000000000e+02 3.643884605182095981e+01
9.550000000000000000e+02 3.663423057778175007e+01
9.650000000000000000e+02 3.670341201813157284e+01
9.750000000000000000e+02 3.580086377595050351e+01
9.850000000000000000e+02 3.662317425290505923e+01
9.950000000000000000e+02 3.663693402525455411e+01
1.005000000000000000e+03 3.679776553744332546e+01
1.015000000000000000e+03 3.677726092638233268e+01
1.025000000000000000e+03 3.631829036999454274e+01
1.035000000000000000e+03 3.659942595458718984e+01
1.045000000000000000e+03 3.688532231449589460e+01
1.055000000000000000e+03 3.685765715673255016e+01
1.065000000000000000e+03 3.674772682587598638e+01
1.075000000000000000e+03 3.682344002912526548e+01
1.085000000000000000e+03 3.670537062633784586e+01
1.095000000000000000e+03 3.683515292138628183e+01
1.105000000000000000e+03 3.678978842034814534e+01
1.115000000000000000e+03 3.676180771185029528e+01
1.125000000000000000e+03 3.669771302537689905e+01
1.135000000000000000e+03 3.681189270511472955e+01
1.145000000000000000e+03 3.676093954043417256e+01
1.155000000000000000e+03 3.678217453041965257e+01
1.165000000000000000e+03 3.678807517053558485e+01
1.175000000000000000e+03 3.659749370452792760e+01
1.185000000000000000e+03 3.678172494278052795e+01
1.195000000000000000e+03 3.666606762103867823e+01
1.205000000000000000e+03 3.647449276081067637e+01
1.215000000000000000e+03 3.628132970710211680e+01
1.225000000000000000e+03 3.664110403747591249e+01
1.235000000000000000e+03 3.676910272165545734e+01
1.245000000000000000e+03 3.678317473030953977e+01
1.255000000000000000e+03 3.675770505424473811e+01
1.265000000000000000e+03 3.671756127613475940e+01
1.275000000000000000e+03 3.677785132330622275e+01
1.285000000000000000e+03 3.677901111063422945e+01
1.295000000000000000e+03 3.665875517066353950e+01
1.305000000000000000e+03 3.667542196759146123e+01
1.315000000000000000e+03 3.675839859603420479e+01
1.325000000000000000e+03 3.672427205495628044e+01
1.335000000000000000e+03 3.667134681062817947e+01
1.345000000000000000e+03 3.673189477318238261e+01
1.355000000000000000e+03 3.671739237537437361e+01
1.365000000000000000e+03 3.666544868040229233e+01
1.375000000000000000e+03 3.667016297998456764e+01
1.385000000000000000e+03 3.667168869517502117e+01
1.395000000000000000e+03 3.658409181354273443e+01
1.405000000000000000e+03 3.660769356459282164e+01
1.415000000000000000e+03 3.662283066633131767e+01
1.425000000000000000e+03 3.662646355693189548e+01
1.435000000000000000e+03 3.663001187722039731e+01
1.442000000000000000e+03 3.664393664382162541e+01
1.447000000000000000e+03 3.663899097799545501e+01
1.455000000000000000e+03 3.662590795662828214e+01
1.465000000000000000e+03 3.658583282829901862e+01
1.475000000000000000e+03 3.658863218440627918e+01
1.485000000000000000e+03 3.658548096827237828e+01
1.495000000000000000e+03 3.658228968726557184e+01
1.505000000000000000e+03 3.654476792220393122e+01
1.512000000000000000e+03 3.648580978453645685e+01
1.517000000000000000e+03 3.650885850165883539e+01
1.525000000000000000e+03 3.651708266503852229e+01
1.535000000000000000e+03 3.645010822241940218e+01
1.545000000000000000e+03 3.646240176855984316e+01
1.555000000000000000e+03 3.644391957674824312e+01
1.565000000000000000e+03 3.646364140237436402e+01
1.575000000000000000e+03 3.648783474377292180e+01
1.585000000000000000e+03 3.649618479483101652e+01
1.595000000000000000e+03 3.649715954638865156e+01
1.605000000000000000e+03 3.649829554171125778e+01
1.615000000000000000e+03 3.649688404987649193e+01
1.625000000000000000e+03 3.647616700254714317e+01
1.635000000000000000e+03 3.650268312114602054e+01
1.645000000000000000e+03 3.650091277370530918e+01
1.655000000000000000e+03 3.647924929557846951e+01
1.665000000000000000e+03 3.650563211974648681e+01
1.672000000000000000e+03 3.647607053506775543e+01
1.677000000000000000e+03 3.650289394369691109e+01
1.685000000000000000e+03 3.650904971273803312e+01
1.695000000000000000e+03 3.648207523445383060e+01
1.705000000000000000e+03 3.646273767016359102e+01
1.715000000000000000e+03 3.643438412371058632e+01
1.725000000000000000e+03 3.642987484626165440e+01
1.735000000000000000e+03 3.645415038243333328e+01
1.745000000000000000e+03 3.643698207862895799e+01
1.755000000000000000e+03 3.645423436718281351e+01
1.765000000000000000e+03 3.642736643676058605e+01
1.775000000000000000e+03 3.641834262497782504e+01
1.785000000000000000e+03 3.642582732134381729e+01
1.795000000000000000e+03 3.644624615873271978e+01
1.805000000000000000e+03 3.644707368743838316e+01
1.815000000000000000e+03 3.639532688817362072e+01
1.825000000000000000e+03 3.641446606313007095e+01
1.835000000000000000e+03 3.639358919871024511e+01
1.845000000000000000e+03 3.635341007673699210e+01
1.855000000000000000e+03 3.634357788035956105e+01
1.865000000000000000e+03 3.635300359101647416e+01
1.875000000000000000e+03 3.639129515917841218e+01
1.885000000000000000e+03 3.633989226945191575e+01
1.895000000000000000e+03 3.630802258949508143e+01
1.905000000000000000e+03 3.634790911337225339e+01
1.915000000000000000e+03 3.631579811836262195e+01
1.925000000000000000e+03 3.630128520121927238e+01
1.935000000000000000e+03 3.632579216372613473e+01
1.945000000000000000e+03 3.633388616333408550e+01
1.955000000000000000e+03 3.629376512989730941e+01
1.967000000000000000e+03 3.633346018000277411e+01
1.976000000000000000e+03 3.634864831971798083e+01
1.984000000000000000e+03 3.631575663763369732e+01
1.995000000000000000e+03 3.630413264900518300e+01
2.005000000000000000e+03 3.632096448472113082e+01
2.015000000000000000e+03 3.630638768777047432e+01
2.025000000000000000e+03 3.632857523516523202e+01
2.035000000000000000e+03 3.628828173737298357e+01
2.045000000000000000e+03 3.630026453313658408e+01
2.055000000000000000e+03 3.628455403503103582e+01
2.065000000000000000e+03 3.628571230499093758e+01
2.074000000000000000e+03 3.631130220022296129e+01
2.078000000000000000e+03 3.626745865208039277e+01
2.085000000000000000e+03 3.629062982665258374e+01
2.095000000000000000e+03 3.626392111818218211e+01
2.105000000000000000e+03 3.627498842082827935e+01
2.115000000000000000e+03 3.627559054444535747e+01
2.125000000000000000e+03 3.628078319935453067e+01
2.135000000000000000e+03 3.626360149371378583e+01
2.145000000000000000e+03 3.624945655906132913e+01
2.155000000000000000e+03 3.626838714124505003e+01
2.165000000000000000e+03 3.626164406670234541e+01
2.175000000000000000e+03 3.625586093677418376e+01
2.185000000000000000e+03 3.624022366785088423e+01
2.195000000000000000e+03 3.625321203482737076e+01
2.205000000000000000e+03 3.624397963174280335e+01
2.215000000000000000e+03 3.623089041790401410e+01
2.225000000000000000e+03 3.621495505365864176e+01
2.235000000000000000e+03 3.622494403551237951e+01
2.245000000000000000e+03 3.621871268998901883e+01
2.255000000000000000e+03 3.620193777699071092e+01
2.265000000000000000e+03 3.621102824721387492e+01
2.275000000000000000e+03 3.621063229337315192e+01
2.285000000000000000e+03 3.621372930139509094e+01
2.295000000000000000e+03 3.619042732672069462e+01
2.305000000000000000e+03 3.619241268847037674e+01
2.315000000000000000e+03 3.617428222810021055e+01
2.325000000000000000e+03 3.607966865833995485e+01
2.335000000000000000e+03 3.614788245820695067e+01
2.345000000000000000e+03 3.614517714083663691e+01
2.355000000000000000e+03 3.615412347405806770e+01
2.365000000000000000e+03 3.613794129832958646e+01
2.375000000000000000e+03 3.613805757401592444e+01
2.385000000000000000e+03 3.612432763448238404e+01
2.395000000000000000e+03 3.613564126848309854e+01
2.405000000000000000e+03 3.611809273825406308e+01
2.415000000000000000e+03 3.612127011149252098e+01
2.425000000000000000e+03 3.612691070706963359e+01
2.435000000000000000e+03 3.610888980271846549e+01
2.445000000000000000e+03 3.611983395608972103e+01
2.455000000000000000e+03 3.611640185956640892e+01
2.465000000000000000e+03 3.610820984251402876e+01
2.475000000000000000e+03 3.609855119228197395e+01
2.485000000000000000e+03 3.610518795407415382e+01
2.495000000000000000e+03 3.608012496166742267e+01
2.505000000000000000e+03 3.610172010384221863e+01
2.513000000000000000e+03 3.607368221741329961e+01
2.518000000000000000e+03 3.609131130371973484e+01
2.525000000000000000e+03 3.607480952005606412e+01
2.535000000000000000e+03 3.607082046277884047e+01
2.545000000000000000e+03 3.605961108586227226e+01
2.555000000000000000e+03 3.607164752993774925e+01
2.565000000000000000e+03 3.606530383468464862e+01
2.575000000000000000e+03 3.607414760254228980e+01
2.585000000000000000e+03 3.607002869404874446e+01
2.595000000000000000e+03 3.606547122522945159e+01
2.605000000000000000e+03 3.605535323825167637e+01
2.615000000000000000e+03 3.605086373879123585e+01
2.625000000000000000e+03 3.605139459988907191e+01
2.635000000000000000e+03 3.604980171713198445e+01
2.645000000000000000e+03 3.605979722692930522e+01
2.655000000000000000e+03 3.605686079221747775e+01
2.665000000000000000e+03 3.603783150347999253e+01
2.675000000000000000e+03 3.604452771902658981e+01
2.685000000000000000e+03 3.603987675218186837e+01
2.695000000000000000e+03 3.602751352423594966e+01
2.705000000000000000e+03 3.602645656433001875e+01
2.715000000000000000e+03 3.601868619255321846e+01
2.725000000000000000e+03 3.601527813096392094e+01
2.735000000000000000e+03 3.602183060876716070e+01
2.745000000000000000e+03 3.599484714514355232e+01
2.755000000000000000e+03 3.599421725867982502e+01
2.765000000000000000e+03 3.599608117653441042e+01
2.775000000000000000e+03 3.600403765546422363e+01
2.785000000000000000e+03 3.599854724267028416e+01
2.795000000000000000e+03 3.596618314590001830e+01
2.805000000000000000e+03 3.597910697765065891e+01
2.815000000000000000e+03 3.599194363350185455e+01
2.825000000000000000e+03 3.598699811915814450e+01
2.835000000000000000e+03 3.596708775844835060e+01
2.845000000000000000e+03 3.596744204954311641e+01
2.855000000000000000e+03 3.596533886476336761e+01
2.865000000000000000e+03 3.597140075723744701e+01
2.875000000000000000e+03 3.596338940744043100e+01
2.885000000000000000e+03 3.596150436109606119e+01
2.895000000000000000e+03 3.595552637103882887e+01
2.910000000000000000e+03 3.595652211930739384e+01
2.930000000000000000e+03 3.594633956049000290e+01
2.950000000000000000e+03 3.593587651283385753e+01
2.970000000000000000e+03 3.593217340175771568e+01
2.990000000000000000e+03 3.592447893841931261e+01
3.010000000000000000e+03 3.591787999927618102e+01
3.030000000000000000e+03 3.591428154671756090e+01
3.050000000000000000e+03 3.590585494003291700e+01
3.070000000000000000e+03 3.589816218714369711e+01
3.090000000000000000e+03 3.589005012749283452e+01
3.110000000000000000e+03 3.588223177873927483e+01
3.130000000000000000e+03 3.587465426409845293e+01
3.150000000000000000e+03 3.586910619903594011e+01
3.170000000000000000e+03 3.585983954469365642e+01
3.190000000000000000e+03 3.584784242697082846e+01
3.210000000000000000e+03 3.584623316302920415e+01
3.230000000000000000e+03 3.583871933585923131e+01
3.250000000000000000e+03 3.583226170593233206e+01
3.270000000000000000e+03 3.582558981265549392e+01
3.290000000000000000e+03 3.581872813324704197e+01
3.310000000000000000e+03 3.581321302536912299e+01
3.330000000000000000e+03 3.580514881607255262e+01
3.350000000000000000e+03 3.579700353004431435e+01
3.370000000000000000e+03 3.579050290426597059e+01
3.390000000000000000e+03 3.578362446136121378e+01
3.410000000000000000e+03 3.577832964703962659e+01
3.430000000000000000e+03 3.576635132921255433e+01
3.450000000000000000e+03 3.576059885445694420e+01
3.470000000000000000e+03 3.575630000732378733e+01
3.490000000000000000e+03 3.574981873697242918e+01
3.510000000000000000e+03 3.574528428056358109e+01
3.530000000000000000e+03 3.573946088630397355e+01
3.550000000000000000e+03 3.573349745330962435e+01
3.570000000000000000e+03 3.572689876799034181e+01
3.590000000000000000e+03 3.571703924130731878e+01
3.610000000000000000e+03 3.571115026092802225e+01
3.630000000000000000e+03 3.570588253195109019e+01
3.640000000000000000e+03 3.570544844396324891e+01
3.650000000000000000e+03 3.570272455683417689e+01
3.670000000000000000e+03 3.569171614219749955e+01
3.690000000000000000e+03 3.567567477180896418e+01
3.710000000000000000e+03 3.570223748335243386e+01
3.730000000000000000e+03 3.570365701137929904e+01
3.750000000000000000e+03 3.576026190760233447e+01
3.770000000000000000e+03 3.576214655724803748e+01
3.790000000000000000e+03 3.579327821958463574e+01
3.810000000000000000e+03 3.581996524010408933e+01
3.830000000000000000e+03 3.575502054017712794e+01
3.850000000000000000e+03 3.582674596405213663e+01
3.870000000000000000e+03 3.583195981380966799e+01
3.890000000000000000e+03 3.572701744211234143e+01
3.910000000000000000e+03 3.582725304517239096e+01
3.930000000000000000e+03 3.581217822320871846e+01
3.950000000000000000e+03 3.581425330195866508e+01
3.970000000000000000e+03 3.569493139615696009e+01
3.990000000000000000e+03 3.580017379592257498e+01
4.010000000000000000e+03 3.580186540194986122e+01
4.030000000000000000e+03 3.578498725933476976e+01
4.050000000000000000e+03 3.579077093481852501e+01
4.070000000000000000e+03 3.577647092516874494e+01
4.090000000000000000e+03 3.574760693734876327e+01
4.110000000000000000e+03 3.568037567127139909e+01
4.130000000000000000e+03 3.575227630369393239e+01
4.150000000000000000e+03 3.575328747575921540e+01
4.170000000000000000e+03 3.574879196235016821e+01
4.190000000000000000e+03 3.574564016328206151e+01
4.210000000000000000e+03 3.574003049763253159e+01
4.230000000000000000e+03 3.573005236228280523e+01
4.250000000000000000e+03 3.572490863816766193e+01
4.270000000000000000e+03 3.571187910022841550e+01
4.290000000000000000e+03 3.571152592167389628e+01
4.310000000000000000e+03 3.569995473111033135e+01
4.330000000000000000e+03 3.566157085874132804e+01
4.350000000000000000e+03 3.561881699478728081e+01
4.370000000000000000e+03 3.568766088093255462e+01
4.390000000000000000e+03 3.567710762478358788e+01
4.410000000000000000e+03 3.567637500289154673e+01
4.430000000000000000e+03 3.567214854158593340e+01
4.450000000000000000e+03 3.566970655373994248e+01
4.470000000000000000e+03 3.565371360369717735e+01
4.490000000000000000e+03 3.565744787773856217e+01
4.510000000000000000e+03 3.566043121759616952e+01
4.530000000000000000e+03 3.564675605007994363e+01
4.550000000000000000e+03 3.564169027845248650e+01
4.570000000000000000e+03 3.564280016389481176e+01
4.590000000000000000e+03 3.563356151823735729e+01
4.610000000000000000e+03 3.562968328795723494e+01
4.630000000000000000e+03 3.562062832728233275e+01
4.650000000000000000e+03 3.561638124114886494e+01
4.670000000000000000e+03 3.561510337420892824e+01
4.690000000000000000e+03 3.561072632176437480e+01
4.710000000000000000e+03 3.559594178157391298e+01
4.730000000000000000e+03 3.559605835332985180e+01
4.750000000000000000e+03 3.559182278799573851e+01
4.770000000000000000e+03 3.558777521814051426e+01
4.790000000000000000e+03 3.558183080867140546e+01
4.810000000000000000e+03 3.557522995682226963e+01
4.830000000000000000e+03 3.557065347698863178e+01
4.850000000000000000e+03 3.553601574712191535e+01
4.870000000000000000e+03 3.548064947337260122e+01
4.890000000000000000e+03 3.555520597678350470e+01
4.910000000000000000e+03 3.555334189451822624e+01
4.930000000000000000e+03 3.553974852644545024e+01
4.950000000000000000e+03 3.554235700784068541e+01
4.970000000000000000e+03 3.553544576771589902e+01
4.990000000000000000e+03 3.552566379706991029e+01
5.010000000000000000e+03 3.550756929327246780e+01
5.030000000000000000e+03 3.551417822910815403e+01
5.050000000000000000e+03 3.550362032332282070e+01
5.070000000000000000e+03 3.550629856177529575e+01
5.090000000000000000e+03 3.549729323210355858e+01
5.110000000000000000e+03 3.549336747456037244e+01
5.130000000000000000e+03 3.548367437483510400e+01
5.150000000000000000e+03 3.547666410101189172e+01
5.170000000000000000e+03 3.546850870181074811e+01
5.190000000000000000e+03 3.546769523734258200e+01
5.210000000000000000e+03 3.546319011545875100e+01
5.230000000000000000e+03 3.547166673049158447e+01
5.250000000000000000e+03 3.547163862324484995e+01
5.270000000000000000e+03 3.545712431971671208e+01
5.290000000000000000e+03 3.546721004516804499e+01
5.310000000000000000e+03 3.546804503156421617e+01
5.330000000000000000e+03 3.545206489767182489e+01
5.350000000000000000e+03 3.545680308107165501e+01
5.370000000000000000e+03 3.545305463384853795e+01
5.390000000000000000e+03 3.544466796470704395e+01
5.410000000000000000e+03 3.544070324641963055e+01
5.430000000000000000e+03 3.543570860630678965e+01
5.450000000000000000e+03 3.543125182805477635e+01
5.470000000000000000e+03 3.542564790614761705e+01
5.490000000000000000e+03 3.542344599343918077e+01
5.510000000000000000e+03 3.541731572950403262e+01
5.530000000000000000e+03 3.542101902466751540e+01
5.550000000000000000e+03 3.541905676187180063e+01
5.570000000000000000e+03 3.541500316809150206e+01
5.590000000000000000e+03 3.540923684483546197e+01
5.610000000000000000e+03 3.540709011329328604e+01
5.630000000000000000e+03 3.540205228995834830e+01
5.650000000000000000e+03 3.539974963505270722e+01
5.670000000000000000e+03 3.539374610983490044e+01
5.690000000000000000e+03 3.539703435792338837e+01
5.710000000000000000e+03 3.538708260572200004e+01
5.730000000000000000e+03 3.539622972331247297e+01
5.750000000000000000e+03 3.538555438905019201e+01
5.770000000000000000e+03 3.538481918981059948e+01
5.790000000000000000e+03 3.537350693575066174e+01
5.810000000000000000e+03 3.537830853293341704e+01
5.830000000000000000e+03 3.538165972280064153e+01
5.850000000000000000e+03 3.537196424611926204e+01
5.870000000000000000e+03 3.536164371043031451e+01
5.890000000000000000e+03 3.534760579681019976e+01
5.910000000000000000e+03 3.535890060340948793e+01
5.930000000000000000e+03 3.535751340516077335e+01
5.950000000000000000e+03 3.535240861059905626e+01
5.970000000000000000e+03 3.535627142710930571e+01
5.990000000000000000e+03 3.534651948309632274e+01
6.010000000000000000e+03 3.534328924978281350e+01
6.030000000000000000e+03 3.534838968544330839e+01
6.050000000000000000e+03 3.534863963590217395e+01
6.070000000000000000e+03 3.534662805833698229e+01
6.090000000000000000e+03 3.533535024480947584e+01
6.110000000000000000e+03 3.533399649412868371e+01
6.130000000000000000e+03 3.532018860455816167e+01
6.150000000000000000e+03 3.532154270736553769e+01
6.170000000000000000e+03 3.530761216113232592e+01
6.190000000000000000e+03 3.531449811024519647e+01
6.210000000000000000e+03 3.530627602205389337e+01
6.230000000000000000e+03 3.529667234154756272e+01
6.250000000000000000e+03 3.528765784364911440e+01
6.270000000000000000e+03 3.529437078585954168e+01
6.290000000000000000e+03 3.530012695838236425e+01
6.310000000000000000e+03 3.529219769731166423e+01
6.330000000000000000e+03 3.529469278317062475e+01
6.350000000000000000e+03 3.528909161095999281e+01
6.370000000000000000e+03 3.528608067342491239e+01
6.390000000000000000e+03 3.528985152495599209e+01
6.410000000000000000e+03 3.528400509145885167e+01
6.430000000000000000e+03 3.528310486103002575e+01
6.450000000000000000e+03 3.527988162286274587e+01
6.470000000000000000e+03 3.527846269600257045e+01
6.490000000000000000e+03 3.526814407887228242e+01
6.510000000000000000e+03 3.527575250654508920e+01
6.530000000000000000e+03 3.527125305641266806e+01
6.550000000000000000e+03 3.525452533669045607e+01
6.570000000000000000e+03 3.521604966551689131e+01
6.590000000000000000e+03 3.526278644256846206e+01
6.610000000000000000e+03 3.526494377585417084e+01
6.630000000000000000e+03 3.526206572414672280e+01
6.650000000000000000e+03 3.526201911527603272e+01
6.670000000000000000e+03 3.524896094741308161e+01
6.690000000000000000e+03 3.524408807688336509e+01
6.710000000000000000e+03 3.522871993489766851e+01
6.730000000000000000e+03 3.523258997389159930e+01
6.750000000000000000e+03 3.522513038045187272e+01
6.770000000000000000e+03 3.522368279748524600e+01
6.790000000000000000e+03 3.521629749976600010e+01
6.810000000000000000e+03 3.522059137435631015e+01
6.830000000000000000e+03 3.522358149700061603e+01
6.850000000000000000e+03 3.521755900758816438e+01
6.870000000000000000e+03 3.522138658897903696e+01
6.890000000000000000e+03 3.522762183590094764e+01
6.910000000000000000e+03 3.522790139090705708e+01
6.930000000000000000e+03 3.522317811906113860e+01
6.950000000000000000e+03 3.522386907872216000e+01
6.970000000000000000e+03 3.523034165549891128e+01
6.990000000000000000e+03 3.522501373853573625e+01
7.010000000000000000e+03 3.522366292081063932e+01
7.030000000000000000e+03 3.522866957087970263e+01
7.050000000000000000e+03 3.523277868834306048e+01
7.070000000000000000e+03 3.521678996291575459e+01
7.090000000000000000e+03 3.519219555730123261e+01
7.110000000000000000e+03 3.516400750855859769e+01
7.130000000000000000e+03 3.515305620054409985e+01
7.150000000000000000e+03 3.515296879193167712e+01
7.170000000000000000e+03 3.515983794561583409e+01
7.190000000000000000e+03 3.515653552834514528e+01
7.210000000000000000e+03 3.516139144084102242e+01
7.230000000000000000e+03 3.517229595612762694e+01
7.250000000000000000e+03 3.517994359485454225e+01
7.270000000000000000e+03 3.518514820826105449e+01
7.290000000000000000e+03 3.518490906959078046e+01
7.310000000000000000e+03 3.519396675254834861e+01
7.330000000000000000e+03 3.519683260183116857e+01
7.350000000000000000e+03 3.519884001551756114e+01
7.370000000000000000e+03 3.520967522336171385e+01
7.390000000000000000e+03 3.520569076007995335e+01
7.410000000000000000e+03 3.520650868498708519e+01
7.430000000000000000e+03 3.520933629086370331e+01
7.450000000000000000e+03 3.521131351070783921e+01
7.470000000000000000e+03 3.521150415945132295e+01
7.490000000000000000e+03 3.521117463099159295e+01
7.510000000000000000e+03 3.521663014169345018e+01
7.530000000000000000e+03 3.522087466887924023e+01
7.550000000000000000e+03 3.522142480124112751e+01
7.570000000000000000e+03 3.521935366314743021e+01
7.590000000000000000e+03 3.521490700808070073e+01
7.610000000000000000e+03 3.521171895412373232e+01
7.630000000000000000e+03 3.520145859376673059e+01
7.650000000000000000e+03 3.519169384728191119e+01
7.670000000000000000e+03 3.517634365998237911e+01
7.690000000000000000e+03 3.517793738314217222e+01
7.710000000000000000e+03 3.517178304206187534e+01
7.730000000000000000e+03 3.516783497785845469e+01
7.750000000000000000e+03 3.516722337791043884e+01
7.770000000000000000e+03 3.516734611605730265e+01
7.790000000000000000e+03 3.517611499741452974e+01
7.810000000000000000e+03 3.517534056808518983e+01
7.830000000000000000e+03 3.516893707672356584e+01
7.850000000000000000e+03 3.515929960582401037e+01
7.870000000000000000e+03 3.517206903700813569e+01
7.890000000000000000e+03 3.515880785232047856e+01
7.910000000000000000e+03 3.515307124742339795e+01
7.930000000000000000e+03 3.516026824914003868e+01
7.950000000000000000e+03 3.515373132432294767e+01
7.970000000000000000e+03 3.516855116418973637e+01
7.990000000000000000e+03 3.517068534938927371e+01
8.010000000000000000e+03 3.517692466671469731e+01
8.030000000000000000e+03 3.517522244515593144e+01
8.050000000000000000e+03 3.517681657046314569e+01
8.070000000000000000e+03 3.517454744009685896e+01
8.090000000000000000e+03 3.516978408305129022e+01
8.110000000000000000e+03 3.517134397621386910e+01
8.130000000000000000e+03 3.518089993371896895e+01
8.150000000000000000e+03 3.518170426439228748e+01
8.170000000000000000e+03 3.518547698174529614e+01
8.190000000000000000e+03 3.517944055959318206e+01
8.210000000000000000e+03 3.517630040075226816e+01
8.230000000000000000e+03 3.518609904346066486e+01
8.250000000000000000e+03 3.518238067887634202e+01
8.270000000000000000e+03 3.518923811161420190e+01
8.290000000000000000e+03 3.518473381203151007e+01
8.310000000000000000e+03 3.516661236549853697e+01
8.330000000000000000e+03 3.516586408124424423e+01
8.350000000000000000e+03 3.516421485731328289e+01
8.370000000000000000e+03 3.516550882972364178e+01
8.390000000000000000e+03 3.515278417928462318e+01
8.410000000000000000e+03 3.516478716312755637e+01
8.430000000000000000e+03 3.513740192010185126e+01
8.450000000000000000e+03 3.511634843530753614e+01
8.470000000000000000e+03 3.512128019925081901e+01
8.490000000000000000e+03 3.513220500319575024e+01
8.510000000000000000e+03 3.510918431783321836e+01
8.530000000000000000e+03 3.513886085487948208e+01
8.550000000000000000e+03 3.510910000508550866e+01
8.570000000000000000e+03 3.515127024753262219e+01
8.590000000000000000e+03 3.514086387775876830e+01
8.610000000000000000e+03 3.514437627624889160e+01
8.630000000000000000e+03 3.516404296084854764e+01
8.650000000000000000e+03 3.516603994925173993e+01
8.670000000000000000e+03 3.512251549899382752e+01
8.690000000000000000e+03 3.515502347900182656e+01
8.710000000000000000e+03 3.517152560370088565e+01
8.730000000000000000e+03 3.517143959431957967e+01
8.750000000000000000e+03 3.515138840970788436e+01
8.770000000000000000e+03 3.517000707938493775e+01
8.790000000000000000e+03 3.517694827671868296e+01
8.810000000000000000e+03 3.516658797187717767e+01
8.830000000000000000e+03 3.517148062587823176e+01
8.850000000000000000e+03 3.517198230960786987e+01
8.870000000000000000e+03 3.515107790603289573e+01
8.890000000000000000e+03 3.517626293064139986e+01
8.910000000000000000e+03 3.518240507354063595e+01
8.930000000000000000e+03 3.517046598593076112e+01
8.950000000000000000e+03 3.517027320262340595e+01
8.970000000000000000e+03 3.517156768322993798e+01
8.990000000000000000e+03 3.517010217780435966e+01
9.010000000000000000e+03 3.514147620513564618e+01
9.030000000000000000e+03 3.515826263908347471e+01
9.050000000000000000e+03 3.517700672604460266e+01
9.070000000000000000e+03 3.517604206124135402e+01
9.090000000000000000e+03 3.516044837926255440e+01
9.110000000000000000e+03 3.516365873259742614e+01
9.130000000000000000e+03 3.517254112436094005e+01
9.150000000000000000e+03 3.516726696027106414e+01
9.170000000000000000e+03 3.516596524981577687e+01
9.190000000000000000e+03 3.517148436395007138e+01
9.210000000000000000e+03 3.514935638604809753e+01
9.230000000000000000e+03 3.513038627483242493e+01
9.250000000000000000e+03 3.514094358086043712e+01
9.270000000000000000e+03 3.514214392439919266e+01
9.290000000000000000e+03 3.513799041564544012e+01
9.310000000000000000e+03 3.514481450606503188e+01
9.330000000000000000e+03 3.514311860795337594e+01
9.350000000000000000e+03 3.513966111109157708e+01
9.370000000000000000e+03 3.513058912268615330e+01
9.390000000000000000e+03 3.514006683890086435e+01
9.410000000000000000e+03 3.512963751424443615e+01
9.430000000000000000e+03 3.514007262200991022e+01
9.450000000000000000e+03 3.513011466474787881e+01
9.470000000000000000e+03 3.513979209417054506e+01
9.490000000000000000e+03 3.514076040017444313e+01
9.510000000000000000e+03 3.513536590521715652e+01
9.530000000000000000e+03 3.513309081153803959e+01
9.550000000000000000e+03 3.510784335751984031e+01
9.570000000000000000e+03 3.512501937844524491e+01
9.590000000000000000e+03 3.513839439280668131e+01
9.610000000000000000e+03 3.513072378190477707e+01
9.630000000000000000e+03 3.513313650080584694e+01
9.650000000000000000e+03 3.512121160176600654e+01
9.670000000000000000e+03 3.512022693454575517e+01
9.690000000000000000e+03 3.512959354329384354e+01
9.710000000000000000e+03 3.512379674608429525e+01
9.730000000000000000e+03 3.512050757876083651e+01
9.750000000000000000e+03 3.511808923718623987e+01
9.770000000000000000e+03 3.511964233639803012e+01
9.790000000000000000e+03 3.511114810747380943e+01
9.810000000000000000e+03 3.512544169920030157e+01
9.830000000000000000e+03 3.511804033584346030e+01
9.850000000000000000e+03 3.512478188244342192e+01
9.870000000000000000e+03 3.512077997861523926e+01
9.890000000000000000e+03 3.511942717822336135e+01
9.910000000000000000e+03 3.511648041391791253e+01
9.930000000000000000e+03 3.511606427939680231e+01
9.950000000000000000e+03 3.511436770289495257e+01
9.970000000000000000e+03 3.511525280316519826e+01
9.990000000000000000e+03 3.511313660183508745e+01
1.002500000000000000e+04 3.510242707390227679e+01
1.007500000000000000e+04 3.509217943308047438e+01
1.012500000000000000e+04 3.509981769969947152e+01
1.017500000000000000e+04 3.509272761716546540e+01
1.022500000000000000e+04 3.509103439751055475e+01
1.027500000000000000e+04 3.508935883075928075e+01
1.032500000000000000e+04 3.507913480719744825e+01
1.037500000000000000e+04 3.507340299479788115e+01
1.042500000000000000e+04 3.507378968800729524e+01
1.047500000000000000e+04 3.506938287736068105e+01
1.052500000000000000e+04 3.506805850881764997e+01
1.057500000000000000e+04 3.505952966699605611e+01
1.062500000000000000e+04 3.505831113326829040e+01
1.067500000000000000e+04 3.504708995569311014e+01
1.072500000000000000e+04 3.504605422953803640e+01
1.077500000000000000e+04 3.504044350930004015e+01
1.082500000000000000e+04 3.503215276159870939e+01
1.087500000000000000e+04 3.503169618880048830e+01
1.092500000000000000e+04 3.502607502610580070e+01
1.097500000000000000e+04 3.502423081117049719e+01
1.102500000000000000e+04 3.502491277452259055e+01
1.107500000000000000e+04 3.502164119480357840e+01
1.112500000000000000e+04 3.501746608097322166e+01
1.117500000000000000e+04 3.501066207530666929e+01
1.122500000000000000e+04 3.500868673729742397e+01
1.127500000000000000e+04 3.500010265356208805e+01
1.132500000000000000e+04 3.499675853350724708e+01
1.137500000000000000e+04 3.499111149148741617e+01
1.142500000000000000e+04 3.498580599950642522e+01
1.147500000000000000e+04 3.498852372405787037e+01
1.152500000000000000e+04 3.498595939873725769e+01
1.157500000000000000e+04 3.497759403166163139e+01
1.162500000000000000e+04 3.496987783498818914e+01
1.167500000000000000e+04 3.496874200143089695e+01
1.172500000000000000e+04 3.497017652566415791e+01
1.177500000000000000e+04 3.496031893803468193e+01
1.182500000000000000e+04 3.495654666329978255e+01
1.187500000000000000e+04 3.494771206020047316e+01
1.192500000000000000e+04 3.495318797937510169e+01
1.197500000000000000e+04 3.493586565284017809e+01
1.202500000000000000e+04 3.494402608615973804e+01
1.207500000000000000e+04 3.493775891148383295e+01
1.212500000000000000e+04 3.493647378676008231e+01
1.217500000000000000e+04 3.493521269226143744e+01
1.222500000000000000e+04 3.493084617552963778e+01
1.227500000000000000e+04 3.492643979396244447e+01
1.232500000000000000e+04 3.492110039538926003e+01
1.237500000000000000e+04 3.491985643676638063e+01
1.242500000000000000e+04 3.491501240171996301e+01
1.247500000000000000e+04 3.491268152392260049e+01
1.252500000000000000e+04 3.490608433638975328e+01
1.257500000000000000e+04 3.490456197726172860e+01
1.262500000000000000e+04 3.490126576713351625e+01
1.267500000000000000e+04 3.489533026828004836e+01
1.272500000000000000e+04 3.489445618822875872e+01
1.277500000000000000e+04 3.489429135330713905e+01
1.282500000000000000e+04 3.487202667623530772e+01
1.287500000000000000e+04 3.488301272151901600e+01
1.292500000000000000e+04 3.487353732096045889e+01
1.297500000000000000e+04 3.488056936157511245e+01
1.302500000000000000e+04 3.487274063092647225e+01
1.307500000000000000e+04 3.487584236438421925e+01
1.312500000000000000e+04 3.486484604234802731e+01
1.317500000000000000e+04 3.486479717151367197e+01
1.322500000000000000e+04 3.486492648771556446e+01
1.327500000000000000e+04 3.485589204591154555e+01
1.332500000000000000e+04 3.486067827570797562e+01
1.337500000000000000e+04 3.485421599944782400e+01
1.342500000000000000e+04 3.485762700132328007e+01
1.347500000000000000e+04 3.485410075024942245e+01
1.352500000000000000e+04 3.485255383228054882e+01
1.357500000000000000e+04 3.484499930899905706e+01
1.362500000000000000e+04 3.484130746729303496e+01
1.367500000000000000e+04 3.484403215281766109e+01
1.372500000000000000e+04 3.484561447544982826e+01
1.377500000000000000e+04 3.484160494989191648e+01
1.382500000000000000e+04 3.484261927519079904e+01
1.387500000000000000e+04 3.483550830692840350e+01
1.392500000000000000e+04 3.483922972641367011e+01
1.397500000000000000e+04 3.483930680927973356e+01
1.402500000000000000e+04 3.483063519541947528e+01
1.407500000000000000e+04 3.483580404481460846e+01
1.412500000000000000e+04 3.482921191871771072e+01
1.417500000000000000e+04 3.483344821518926437e+01
1.422500000000000000e+04 3.482659849688861442e+01
1.427500000000000000e+04 3.481635380194607166e+01
1.432500000000000000e+04 3.482696711232637199e+01
1.437500000000000000e+04 3.482664716398903693e+01
1.442500000000000000e+04 3.481448966267706169e+01
1.447500000000000000e+04 3.482339609536915503e+01
1.452500000000000000e+04 3.481825439894259233e+01
1.457000000000000000e+04 3.482031724074001033e+01
1.462000000000000000e+04 3.482091722778478982e+01
1.467500000000000000e+04 3.482018654736607743e+01
1.472500000000000000e+04 3.481134009896580750e+01
1.477500000000000000e+04 3.481598722943321178e+01
1.482500000000000000e+04 3.481509642169020680e+01
1.487500000000000000e+04 3.481075386938128702e+01
1.492500000000000000e+04 3.482110072762384334e+01
1.497500000000000000e+04 3.481325512232852759e+01
1.502500000000000000e+04 3.481149379480341111e+01
1.507500000000000000e+04 3.480642344718055625e+01
1.512500000000000000e+04 3.481363954143903072e+01
1.517500000000000000e+04 3.481364454270052988e+01
1.522500000000000000e+04 3.481487001493226785e+01
1.527500000000000000e+04 3.481800405926313147e+01
1.532500000000000000e+04 3.481429295070522301e+01
1.537500000000000000e+04 3.482000475946961160e+01
1.542500000000000000e+04 3.481843542676877945e+01
1.547500000000000000e+04 3.481901747884855070e+01
1.552500000000000000e+04 3.481140882089106015e+01
1.557500000000000000e+04 3.478337476242002424e+01
1.562500000000000000e+04 3.479697638619133215e+01
1.567500000000000000e+04 3.479718877104011909e+01
1.572500000000000000e+04 3.481171595440002875e+01
1.577500000000000000e+04 3.476464569872918986e+01
1.582500000000000000e+04 3.477698730924326753e+01
1.587500000000000000e+04 3.477701076299513971e+01
1.592500000000000000e+04 3.479120328403163143e+01
1.597500000000000000e+04 3.477166651928536822e+01
1.605000000000000000e+04 3.481307744375927626e+01
1.615000000000000000e+04 3.481183240679434476e+01
1.625000000000000000e+04 3.481162351655834186e+01
1.635000000000000000e+04 3.481124245716138432e+01
1.645000000000000000e+04 3.480151007123366469e+01
1.655000000000000000e+04 3.479890485584205351e+01
1.665000000000000000e+04 3.479233397440748377e+01
1.675000000000000000e+04 3.478176324577565737e+01
1.685000000000000000e+04 3.477173875995416097e+01
1.695000000000000000e+04 3.477281574901471117e+01
1.705000000000000000e+04 3.475685649342121764e+01
1.715000000000000000e+04 3.475629088869997219e+01
1.725000000000000000e+04 3.473940365395605312e+01
1.735000000000000000e+04 3.473234730654696278e+01
1.745000000000000000e+04 3.472686233338708206e+01
1.755000000000000000e+04 3.471825057926912450e+01
1.765000000000000000e+04 3.471311918505762151e+01
1.775000000000000000e+04 3.470236664172714569e+01
1.785000000000000000e+04 3.470079048040147285e+01
1.795000000000000000e+04 3.468939040771487470e+01
1.805000000000000000e+04 3.467864557208243070e+01
1.815000000000000000e+04 3.467378521081722909e+01
1.825000000000000000e+04 3.466449613423885268e+01
1.835000000000000000e+04 3.465551529435768430e+01
1.845000000000000000e+04 3.464628634842459576e+01
1.855000000000000000e+04 3.464371398397318558e+01
1.865000000000000000e+04 3.462929678713584991e+01
1.875000000000000000e+04 3.462360005224016390e+01
1.885000000000000000e+04 3.461958201877149577e+01
1.895000000000000000e+04 3.459722644444030237e+01
1.905000000000000000e+04 3.460941540425091034e+01
1.915000000000000000e+04 3.459963523009376729e+01
1.925000000000000000e+04 3.459487764394441456e+01
1.935000000000000000e+04 3.458037718347191003e+01
1.945000000000000000e+04 3.457035956569174573e+01
1.955000000000000000e+04 3.457253161427721722e+01
1.965000000000000000e+04 3.456432708448101465e+01
1.975000000000000000e+04 3.455312649634196731e+01
1.985000000000000000e+04 3.454998205872156802e+01
1.995000000000000000e+04 3.454416977675329292e+01
2.005000000000000000e+04 3.454362840381295285e+01
2.015000000000000000e+04 3.453637669374455754e+01
2.025000000000000000e+04 3.452104190645978576e+01
2.035000000000000000e+04 3.451718122180425041e+01
2.045000000000000000e+04 3.451873281479466726e+01
2.055000000000000000e+04 3.450947477947300968e+01
2.065000000000000000e+04 3.450126183999739027e+01
2.075000000000000000e+04 3.449636563638465248e+01
2.085000000000000000e+04 3.448724834016705643e+01
2.095000000000000000e+04 3.447829612060287019e+01
2.105000000000000000e+04 3.447847535802939234e+01
2.115000000000000000e+04 3.446888377690449090e+01
2.125000000000000000e+04 3.446127545984885643e+01
2.135000000000000000e+04 3.446112735797046867e+01
2.145000000000000000e+04 3.445349553177575785e+01
2.155000000000000000e+04 3.444505917655105520e+01
2.165000000000000000e+04 3.443864940747123171e+01
2.175000000000000000e+04 3.442910052349306227e+01
2.185000000000000000e+04 3.442505761645254125e+01
2.195000000000000000e+04 3.442025938303432042e+01
2.205000000000000000e+04 3.440566785638086600e+01
2.215000000000000000e+04 3.441044138648729245e+01
2.225000000000000000e+04 3.439400238315355551e+01
2.235000000000000000e+04 3.439054941336907234e+01
2.245000000000000000e+04 3.438514626236441529e+01
2.255000000000000000e+04 3.438255679711335944e+01
2.265000000000000000e+04 3.436912105031013454e+01
2.275000000000000000e+04 3.437221530875459763e+01
2.285000000000000000e+04 3.436055583159929938e+01
2.295000000000000000e+04 3.427139476137142537e+01
2.305000000000000000e+04 3.431086605945857571e+01
2.315000000000000000e+04 3.430436485806588820e+01
2.325000000000000000e+04 3.422410129825195924e+01
2.335000000000000000e+04 3.426922321865275478e+01
2.345000000000000000e+04 3.424344186801204160e+01
2.355000000000000000e+04 3.416925952493313901e+01
2.365000000000000000e+04 3.422744906830716616e+01
2.375000000000000000e+04 3.420145441340437031e+01
2.385000000000000000e+04 3.414559331833864775e+01
2.395000000000000000e+04 3.419378343687284882e+01
2.405000000000000000e+04 3.418153380832162469e+01
2.415000000000000000e+04 3.412951353230909746e+01
2.425000000000000000e+04 3.417003695646380379e+01
2.435000000000000000e+04 3.415991851406531055e+01
2.445000000000000000e+04 3.412987366674421708e+01
2.455000000000000000e+04 3.413392594730655105e+01
2.465000000000000000e+04 3.415133498310133575e+01
2.475000000000000000e+04 3.413337417381703176e+01
2.485000000000000000e+04 3.410777865161003319e+01
2.495000000000000000e+04 3.412522833238721631e+01
2.505000000000000000e+04 3.414366073746167984e+01
2.515000000000000000e+04 3.409469949309369952e+01
2.525000000000000000e+04 3.412171523038598764e+01
2.535000000000000000e+04 3.411912054499513403e+01
2.545000000000000000e+04 3.411106503088463171e+01
2.555000000000000000e+04 3.410083843321907437e+01
2.565000000000000000e+04 3.410295122647528387e+01
2.575000000000000000e+04 3.410780161714757241e+01
2.585000000000000000e+04 3.407951884748328553e+01
2.595000000000000000e+04 3.408531692600016072e+01
2.605000000000000000e+04 3.409623809422710394e+01
2.615000000000000000e+04 3.408284697529943230e+01
2.625000000000000000e+04 3.407581303885451973e+01
2.635000000000000000e+04 3.408153213804177994e+01
2.645000000000000000e+04 3.407890651705631768e+01
2.655000000000000000e+04 3.406971744264068747e+01
2.665000000000000000e+04 3.406017075259372717e+01
2.675000000000000000e+04 3.407623068727468052e+01
2.685000000000000000e+04 3.406979994394796307e+01
2.695000000000000000e+04 3.405014972286343067e+01
2.705000000000000000e+04 3.406072692810530356e+01
2.715000000000000000e+04 3.405514593082328645e+01
2.725000000000000000e+04 3.405794695318362386e+01
2.735000000000000000e+04 3.403721870042843989e+01
2.745000000000000000e+04 3.404519267526856652e+01
2.755000000000000000e+04 3.404706625102544848e+01
2.765000000000000000e+04 3.403737358853072692e+01
2.775000000000000000e+04 3.402360932359771795e+01
2.785000000000000000e+04 3.403014648033695977e+01
2.795000000000000000e+04 3.403118641814964462e+01
2.805000000000000000e+04 3.402575228432547760e+01
2.815000000000000000e+04 3.401326851612279256e+01
2.825000000000000000e+04 3.401441674137498694e+01
2.835000000000000000e+04 3.401492013199103326e+01
2.845000000000000000e+04 3.400892727675956451e+01
2.855000000000000000e+04 3.400222454980483633e+01
2.865000000000000000e+04 3.399908824105494887e+01
2.875000000000000000e+04 3.399571314446986037e+01
2.885000000000000000e+04 3.399129046466090642e+01
2.895000000000000000e+04 3.398650323552377728e+01
2.905000000000000000e+04 3.398089789497629454e+01
2.915000000000000000e+04 3.397856246305823902e+01
2.925000000000000000e+04 3.396735238844911464e+01
2.935000000000000000e+04 3.397066636537773121e+01
2.945000000000000000e+04 3.396278216852407184e+01
2.955000000000000000e+04 3.395820421614217821e+01
2.965000000000000000e+04 3.395667190624068610e+01
2.975000000000000000e+04 3.395231651952164498e+01
2.985000000000000000e+04 3.394521713796935103e+01
2.995000000000000000e+04 3.394086693847691549e+01
3.005000000000000000e+04 3.393570553475445450e+01
3.015000000000000000e+04 3.393321258976813937e+01
3.025000000000000000e+04 3.392592571648408750e+01
3.035000000000000000e+04 3.391966169588970814e+01
3.045000000000000000e+04 3.391784222774481350e+01
3.055000000000000000e+04 3.391153224272643740e+01
3.065000000000000000e+04 3.390691700005951503e+01
3.075000000000000000e+04 3.390320014753429234e+01
3.085000000000000000e+04 3.389507185431584446e+01
3.095000000000000000e+04 3.389116087989294357e+01
3.105000000000000000e+04 3.388894031643506111e+01
3.115000000000000000e+04 3.387997545623746021e+01
3.125000000000000000e+04 3.387764204668866341e+01
3.135000000000000000e+04 3.387283573696881689e+01
3.145000000000000000e+04 3.386728960466643912e+01
3.155000000000000000e+04 3.386220665746277092e+01
3.165000000000000000e+04 3.385510294869292380e+01
3.175000000000000000e+04 3.385313987088690624e+01
3.185000000000000000e+04 3.384751908272923515e+01
3.195000000000000000e+04 3.384350665932052493e+01
3.210000000000000000e+04 3.383518058115049598e+01
3.230000000000000000e+04 3.382398415136746195e+01
3.250000000000000000e+04 3.381437871733862721e+01
3.270000000000000000e+04 3.380366903291804448e+01
3.290000000000000000e+04 3.379362043009549410e+01
3.310000000000000000e+04 3.378356593342486747e+01
3.330000000000000000e+04 3.377320762765770468e+01
3.350000000000000000e+04 3.376551484315130836e+01
3.370000000000000000e+04 3.375496117247179484e+01
3.390000000000000000e+04 3.374474502677197307e+01
3.410000000000000000e+04 3.373389601890549017e+01
3.430000000000000000e+04 3.372650986609117751e+01
3.450000000000000000e+04 3.371762019054409620e+01
3.470000000000000000e+04 3.370808217778412086e+01
3.490000000000000000e+04 3.369899802353670282e+01
3.510000000000000000e+04 3.369049642457849814e+01
3.530000000000000000e+04 3.367953796123536137e+01
3.550000000000000000e+04 3.367190208846395194e+01
3.570000000000000000e+04 3.366236380217542035e+01
3.590000000000000000e+04 3.365287440529242957e+01
3.610000000000000000e+04 3.364529165482189654e+01
3.630000000000000000e+04 3.363645255314816751e+01
3.650000000000000000e+04 3.362541320882630203e+01
3.670000000000000000e+04 3.361668102233056743e+01
3.690000000000000000e+04 3.360483109541318925e+01
3.710000000000000000e+04 3.359470657887101197e+01
3.730000000000000000e+04 3.358922750595712614e+01
3.750000000000000000e+04 3.357668803129238455e+01
3.770000000000000000e+04 3.357231258162869381e+01
3.790000000000000000e+04 3.356353525200884036e+01
3.810000000000000000e+04 3.355609805310994176e+01
3.830000000000000000e+04 3.354890210822586027e+01
3.850000000000000000e+04 3.354118166869987760e+01
3.870000000000000000e+04 3.352960031102033867e+01
3.890000000000000000e+04 3.352263951952753018e+01
3.910000000000000000e+04 3.351544042322088046e+01
3.930000000000000000e+04 3.350744862768620180e+01
3.950000000000000000e+04 3.349613606469598892e+01
3.970000000000000000e+04 3.348883597742839413e+01
3.990000000000000000e+04 3.347697848791210617e+01
4.010000000000000000e+04 3.347145403351010629e+01
4.030000000000000000e+04 3.346572498203271095e+01
4.050000000000000000e+04 3.345654707200041145e+01
4.070000000000000000e+04 3.344953594571165922e+01
4.090000000000000000e+04 3.344192290830186209e+01
4.110000000000000000e+04 3.343401067407941696e+01
4.130000000000000000e+04 3.342714233275936664e+01
4.150000000000000000e+04 3.341834348342314343e+01
4.170000000000000000e+04 3.340978294191869935e+01
4.190000000000000000e+04 3.340151998065334027e+01
4.210000000000000000e+04 3.339295561125960177e+01
4.230000000000000000e+04 3.338851946204052012e+01
4.250000000000000000e+04 3.337855448288623705e+01
4.270000000000000000e+04 3.337252309769882430e+01
4.290000000000000000e+04 3.333171695941019408e+01
4.310000000000000000e+04 3.328412893202448686e+01
4.330000000000000000e+04 3.329268580618639817e+01
4.350000000000000000e+04 3.325581390289997330e+01
4.370000000000000000e+04 3.323577982793472074e+01
4.390000000000000000e+04 3.321821743931445781e+01
4.410000000000000000e+04 3.318510625451644103e+01
4.430000000000000000e+04 3.318099288710788386e+01
4.450000000000000000e+04 3.316903690995093257e+01
4.470000000000000000e+04 3.314285783226129212e+01
4.490000000000000000e+04 3.315120863775278792e+01
4.510000000000000000e+04 3.313354829231656140e+01
4.530000000000000000e+04 3.311751779079339286e+01
4.550000000000000000e+04 3.312223915416944919e+01
4.570000000000000000e+04 3.311480679209793010e+01
4.590000000000000000e+04 3.309385194290760523e+01
4.610000000000000000e+04 3.310498837195828514e+01
4.630000000000000000e+04 3.309140450621093521e+01
4.650000000000000000e+04 3.308810668144062817e+01
4.670000000000000000e+04 3.309151181941265207e+01
4.690000000000000000e+04 3.307917472159452643e+01
4.710000000000000000e+04 3.306911125819469532e+01
4.730000000000000000e+04 3.307862686725091805e+01
4.750000000000000000e+04 3.306515122301888709e+01
4.770000000000000000e+04 3.305987508919292139e+01
4.790000000000000000e+04 3.305841879669210925e+01
4.810000000000000000e+04 3.304228089142950608e+01
4.830000000000000000e+04 3.305317065104880214e+01
4.850000000000000000e+04 3.304312078020991805e+01
4.870000000000000000e+04 3.303187471882255011e+01
4.890000000000000000e+04 3.302643099630748225e+01
4.910000000000000000e+04 3.302219001811839405e+01
4.930000000000000000e+04 3.301592963093880684e+01
4.950000000000000000e+04 3.300460269218753950e+01
4.970000000000000000e+04 3.301026923762812260e+01
4.990000000000000000e+04 3.300224457452630134e+01
5.010000000000000000e+04 3.299807728000759965e+01
5.030000000000000000e+04 3.299270639269258965e+01
5.050000000000000000e+04 3.298044524612024730e+01
5.070000000000000000e+04 3.298197889845909003e+01
5.090000000000000000e+04 3.297447957967283116e+01
5.110000000000000000e+04 3.296732719302279691e+01
5.130000000000000000e+04 3.296619815987714475e+01
5.150000000000000000e+04 3.295641473125337484e+01
5.170000000000000000e+04 3.296028300779471465e+01
5.190000000000000000e+04 3.295199943308399781e+01
5.210000000000000000e+04 3.294909587588379196e+01
5.230000000000000000e+04 3.293996684458677748e+01
5.250000000000000000e+04 3.293911458725442287e+01
5.270000000000000000e+04 3.294361955918214591e+01
5.290000000000000000e+04 3.292895532778723577e+01
5.310000000000000000e+04 3.292062745497737808e+01
5.330000000000000000e+04 3.292232896345083759e+01
5.350000000000000000e+04 3.291662946418367142e+01
5.370000000000000000e+04 3.291300228999821087e+01
5.390000000000000000e+04 3.290962729284599675e+01
5.410000000000000000e+04 3.290585991381787068e+01
5.430000000000000000e+04 3.289591830206605749e+01
5.450000000000000000e+04 3.289947370570594387e+01
5.470000000000000000e+04 3.288725162192368856e+01
5.490000000000000000e+04 3.288837160856755304e+01
5.510000000000000000e+04 3.287832369051043457e+01
5.530000000000000000e+04 3.289134672509599966e+01
5.550000000000000000e+04 3.287166308251115510e+01
5.570000000000000000e+04 3.287581076376867628e+01
5.590000000000000000e+04 3.286715886282419774e+01
5.610000000000000000e+04 3.286977441511110953e+01
5.630000000000000000e+04 3.285654441634696354e+01
5.650000000000000000e+04 3.285926968339637000e+01
5.670000000000000000e+04 3.285406011093632372e+01
5.690000000000000000e+04 3.284247413333895338e+01
5.710000000000000000e+04 3.284655370230630922e+01
5.730000000000000000e+04 3.284204343955282468e+01
5.750000000000000000e+04 3.283643162756335698e+01
5.770000000000000000e+04 3.283161970702424526e+01
5.790000000000000000e+04 3.283169665450888175e+01
5.810000000000000000e+04 3.282430559337981890e+01
5.830000000000000000e+04 3.282061694725568657e+01
5.850000000000000000e+04 3.281584140632870827e+01
5.870000000000000000e+04 3.280725094294840005e+01
5.890000000000000000e+04 3.280469619686971328e+01
5.910000000000000000e+04 3.279965218423397033e+01
5.930000000000000000e+04 3.279759998446425584e+01
5.950000000000000000e+04 3.278992239903170258e+01
5.970000000000000000e+04 3.278939677477990955e+01
5.990000000000000000e+04 3.278499074047687145e+01
6.010000000000000000e+04 3.278014099667748837e+01
6.030000000000000000e+04 3.277500687430586623e+01
6.050000000000000000e+04 3.276729465707092004e+01
6.070000000000000000e+04 3.276362890619438417e+01
6.090000000000000000e+04 3.275808133539065636e+01
6.110000000000000000e+04 3.275268503525722963e+01
6.130000000000000000e+04 3.275047244697456961e+01
6.150000000000000000e+04 3.274712744620637750e+01
6.170000000000000000e+04 3.274516870836097837e+01
6.190000000000000000e+04 3.273864661853495051e+01
6.210000000000000000e+04 3.273622768921862303e+01
6.230000000000000000e+04 3.272907357355963853e+01
6.250000000000000000e+04 3.272176855924404038e+01
6.270000000000000000e+04 3.271732541888555801e+01
6.290000000000000000e+04 3.271359985223830336e+01
6.310000000000000000e+04 3.270881275848319092e+01
6.330000000000000000e+04 3.270708589737732552e+01
6.350000000000000000e+04 3.270068903836673258e+01
6.370000000000000000e+04 3.269925902997573530e+01
6.390000000000000000e+04 3.269203012893859750e+01
6.420000000000000000e+04 3.268587675144421212e+01
6.460000000000000000e+04 3.267512990945032669e+01
6.500000000000000000e+04 3.266640074541130900e+01
6.540000000000000000e+04 3.265659583482481310e+01
6.580000000000000000e+04 3.264856046993377703e+01
6.620000000000000000e+04 3.263839283958146353e+01
6.660000000000000000e+04 3.262922355930018625e+01
6.700000000000000000e+04 3.262043628087666036e+01
6.740000000000000000e+04 3.261033937376630831e+01
6.780000000000000000e+04 3.260108341050663938e+01
6.820000000000000000e+04 3.259148304400182639e+01
6.860000000000000000e+04 3.258319350443149176e+01
6.900000000000000000e+04 3.257322406191916286e+01
6.940000000000000000e+04 3.256417095307388365e+01
6.980000000000000000e+04 3.255492537259348751e+01
7.020000000000000000e+04 3.254535545639507887e+01
7.060000000000000000e+04 3.253671915839721152e+01
7.100000000000000000e+04 3.252727483555205623e+01
7.140000000000000000e+04 3.251850733738923793e+01
7.180000000000000000e+04 3.250903212350068117e+01
7.220000000000000000e+04 3.250027211292506024e+01
7.260000000000000000e+04 3.249094702399350609e+01
7.300000000000000000e+04 3.248202639995629681e+01
7.340000000000000000e+04 3.247266286595318263e+01
7.380000000000000000e+04 3.246390567812612460e+01
7.420000000000000000e+04 3.245404690413706561e+01
7.460000000000000000e+04 3.244495346700706051e+01
7.500000000000000000e+04 3.243615197183561349e+01
7.540000000000000000e+04 3.242731486828301257e+01
7.580000000000000000e+04 3.241936488692803664e+01
7.620000000000000000e+04 3.241078567738763638e+01
7.660000000000000000e+04 3.240194473819751408e+01
7.700000000000000000e+04 3.239299288523524467e+01
7.740000000000000000e+04 3.238443107618206795e+01
7.780000000000000000e+04 3.237590273207408131e+01
7.820000000000000000e+04 3.236706921191463948e+01
7.860000000000000000e+04 3.235877212084230337e+01
7.900000000000000000e+04 3.235013907277595280e+01
7.940000000000000000e+04 3.234162607315300164e+01
7.980000000000000000e+04 3.233342843971467317e+01
8.020000000000000000e+04 3.232438060569162985e+01
8.060000000000000000e+04 3.231609767403460154e+01
8.100000000000000000e+04 3.230810507746631544e+01
8.140000000000000000e+04 3.229953829078826288e+01
8.180000000000000000e+04 3.229174099836859568e+01
8.220000000000000000e+04 3.228337807116896840e+01
8.260000000000000000e+04 3.227514508749587208e+01
8.300000000000000000e+04 3.226707726936295018e+01
8.340000000000000000e+04 3.225859541286293819e+01
8.380000000000000000e+04 3.225044238332814928e+01
8.420000000000000000e+04 3.224270920797852824e+01
8.460000000000000000e+04 3.223455722853248062e+01
8.500000000000000000e+04 3.222662905763443320e+01
8.540000000000000000e+04 3.221880587524343298e+01
8.580000000000000000e+04 3.221109096962335627e+01
8.620000000000000000e+04 3.220339030710130146e+01
8.660000000000000000e+04 3.219577104976914228e+01
8.700000000000000000e+04 3.218780989658064584e+01
8.740000000000000000e+04 3.218015096712206002e+01
8.780000000000000000e+04 3.217238246322365569e+01
8.820000000000000000e+04 3.216434508991187613e+01
8.860000000000000000e+04 3.215674437760008431e+01
8.900000000000000000e+04 3.214943191873866368e+01
8.940000000000000000e+04 3.214172051147433962e+01
8.980000000000000000e+04 3.213391229452873432e+01
9.020000000000000000e+04 3.212689678315272346e+01
9.060000000000000000e+04 3.211952185514783764e+01
9.100000000000000000e+04 3.211114206526725212e+01
9.140000000000000000e+04 3.210445045700007682e+01
9.180000000000000000e+04 3.209718180424084721e+01
9.220000000000000000e+04 3.209031607456471846e+01
9.260000000000000000e+04 3.208276951539581034e+01
9.300000000000000000e+04 3.207555586339982767e+01
9.340000000000000000e+04 3.206822128881558598e+01
9.380000000000000000e+04 3.206104113428925473e+01
9.420000000000000000e+04 3.205390189402275070e+01
9.460000000000000000e+04 3.204660903442610476e+01
9.500000000000000000e+04 3.203954258603923932e+01
9.540000000000000000e+04 3.203248699986183112e+01
9.580000000000000000e+04 3.202548410560395098e+01
9.620000000000000000e+04 3.201843837315611552e+01
9.660000000000000000e+04 3.201149938145355378e+01
9.700000000000000000e+04 3.200456111688290406e+01
9.740000000000000000e+04 3.199692219281223515e+01
9.780000000000000000e+04 3.199060354118039129e+01
9.820000000000000000e+04 3.198371865449267659e+01
9.860000000000000000e+04 3.197684369563825868e+01
9.900000000000000000e+04 3.197023548589880448e+01
9.940000000000000000e+04 3.196323750996853619e+01
9.980000000000000000e+04 3.195652864418845951e+01
1.002000000000000000e+05 3.194976380134284710e+01
2.000000000000000000e+05 3.081196860733135878e+01
4.000000000000000000e+05 2.999164278852585852e+01
6.000000000000000000e+05 2.978502115735054900e+01
8.000000000000000000e+05 2.968418064493837960e+01
1.000000000000000000e+06 2.959439837367367332e+01
1.200000000000000000e+06 2.948708039592698071e+01
1.400000000000000000e+06 2.936214165931868081e+01
1.600000000000000000e+06 2.918605040026300301e+01
