4.213105682800814122e+01
4.215561001504219973e+01
4.219286480192523214e+01
4.222963329431119917e+01
4.179488489592620226e+01
4.145172849514534619e+01
4.118515666884138682e+01
4.093882292958257096e+01
4.076399141089952138e+01
4.068505910448701002e+01
4.059840087640992579e+01
4.050621819639127352e+01
4.038670254505283452e+01
4.029695651086477426e+01
4.023099647442899141e+01
4.015765143007006088e+01
4.010345384853528117e+01
4.002813709307349654e+01
3.996273141312850186e+01
3.993824365683562405e+01
3.992129754159851274e+01
3.988798032173116326e+01
3.988216769416317931e+01
3.983955588308275253e+01
3.980165250995496251e+01
3.978748366233756428e+01
3.974646742965214230e+01
3.970065449475515607e+01
3.968261841492230246e+01
3.963211688571212221e+01
3.960078088091307791e+01
3.955119713315477270e+01
3.956277982370951918e+01
3.952649144892957622e+01
3.950680146188629749e+01
3.949640508428171870e+01
3.948267310262290408e+01
3.947543363067864419e+01
3.946003049775264060e+01
3.942937901438129700e+01
3.941089219440213043e+01
3.939535379107913826e+01
3.938807430093206818e+01
3.936636356170298257e+01
3.937997233406803588e+01
3.928955209628426815e+01
3.925267645061246924e+01
3.927924647801776814e+01
3.929728046056983004e+01
3.928533913594976923e+01
3.920453001702306040e+01
3.896708742968413475e+01
3.896965881336839743e+01
3.897322807032243475e+01
3.897730500800854259e+01
3.897974881904600153e+01
3.898422482608227568e+01
3.898807736251585965e+01
3.899203929002260338e+01
3.899628198790228595e+01
3.899999499283541127e+01
3.900357080347927763e+01
3.900886233169617867e+01
3.901241395162862347e+01
3.901757012665128599e+01
3.902110726001936314e+01
3.902606994275691221e+01
3.903186104912058596e+01
3.904062422145631217e+01
3.909356341152987824e+01
3.913306357499557464e+01
3.910392660499486084e+01
3.906036525082821953e+01
3.901716957712636713e+01
3.898968534195714142e+01
3.897530107313279757e+01
3.899961565311116374e+01
3.908955968464229613e+01
3.911700170809099575e+01
3.911874852737668107e+01
3.912082129316756607e+01
3.911492560412882824e+01
3.908650182717060062e+01
3.912281763387356648e+01
3.873878802387595499e+01
3.874183309585036739e+01
3.874546258111334396e+01
3.874683210429851954e+01
3.875043668409028896e+01
3.875320662791830273e+01
3.875679907646856748e+01
3.876001561888003266e+01
3.876405985144972988e+01
3.876948566154068487e+01
3.877861401964322141e+01
3.882644848718256725e+01
3.874497756605849474e+01
3.889546560029663169e+01
3.887673648374256885e+01
3.883227402849906440e+01
3.878060332986537162e+01
3.873863251344097591e+01
3.871040631649292862e+01
3.869047906810968840e+01
3.868309799291560580e+01
3.869233944412319204e+01
3.874084438115222895e+01
3.881150134665423934e+01
3.882539257757316875e+01
3.882438877273354905e+01
3.882674515089419742e+01
3.882662662301564183e+01
3.882406198605622194e+01
3.881759827533074514e+01
3.878789987811769890e+01
3.874849641467762495e+01
3.835368032945957850e+01
3.835561853035741819e+01
3.835762913809926999e+01
3.835762913809926999e+01
3.835957720521361125e+01
3.836145668633173500e+01
3.836205351791264206e+01
3.836403436227391950e+01
3.836403436227391950e+01
3.836586565064691001e+01
3.836787050467567894e+01
3.836847186003208776e+01
3.837038276789825630e+01
3.837211270627777537e+01
3.837382048159170722e+01
3.837382048159170722e+01
3.837570799238091723e+01
3.837786330644516397e+01
3.837786330644516397e+01
3.837947544523925103e+01
3.838139654552660573e+01
3.838296270527695242e+01
3.838513616788226557e+01
3.838513616788226557e+01
3.838674529730066354e+01
3.838821884264942241e+01
3.838973323504885116e+01
3.839119919614029186e+01
3.839177624827991053e+01
3.839315636133019893e+01
3.839464286956712158e+01
3.839614026433032734e+01
3.839747861264724804e+01
3.839932839621101834e+01
3.840056979747097898e+01
3.840184590322486002e+01
3.840308351083739069e+01
3.840437354501841583e+01
3.840618548500356155e+01
3.840735708777048529e+01
3.840860194242251424e+01
3.841000214071903684e+01
3.841125621679881874e+01
3.841266139745322050e+01
3.841618857830195566e+01
3.841785926083724689e+01
3.841986440368772548e+01
3.842269873042734929e+01
3.842724815720691822e+01
3.843460024793831309e+01
3.845134092139613102e+01
3.850072122882995984e+01
3.850562601401998819e+01
3.842550512818681341e+01
3.851148565491327247e+01
3.861786483424110372e+01
3.856956877161844943e+01
3.853684599993152915e+01
3.849857140965492164e+01
3.844778489623650586e+01
3.838007581940334489e+01
3.833835003841894462e+01
3.831185015422946094e+01
3.830017427753942627e+01
3.829011184947241020e+01
3.829022827340999413e+01
3.829760708221400733e+01
3.831520015174582028e+01
3.833732944338477466e+01
3.834527979123666341e+01
3.834658132642700679e+01
3.834754876792698042e+01
3.835148094321908729e+01
3.835621921237632392e+01
3.836009301310269848e+01
3.836264921378396764e+01
3.836805484354366058e+01
3.837401598034504957e+01
3.837565998562875080e+01
3.837792083788289688e+01
3.838245483361019694e+01
3.838386894388035842e+01
3.838602490404164769e+01
3.838618372564090464e+01
3.838709165568546666e+01
3.838629638514672848e+01
3.838556263470325547e+01
3.838333019476058894e+01
3.838333019476058894e+01
3.838377771635195757e+01
3.837908628014533008e+01
3.837031750735332025e+01
3.836906511985384327e+01
3.837016941819737781e+01
3.836736928771742328e+01
3.836596874317362449e+01
3.836992996317000149e+01
3.836992996317000149e+01
3.837465098500413063e+01
3.845271266479009853e+01
3.787198008554955209e+01
3.787198008554955209e+01
3.787199965519168643e+01
3.787382119081266296e+01
3.787382119081266296e+01
3.787382119081266296e+01
3.787382119081266296e+01
3.787544044339826144e+01
3.787612274138125912e+01
3.787612274138125912e+01
3.787612274138125912e+01
3.787766643013955559e+01
3.787766643013955559e+01
3.787766643013955559e+01
3.787915183283932663e+01
3.787915699122632418e+01
3.787979854928347834e+01
3.787979854928347834e+01
3.788154556111999227e+01
3.788154556111999227e+01
3.788154556111999227e+01
3.788154556111999227e+01
3.788302765447369325e+01
3.788302765447369325e+01
3.788302765447369325e+01
3.788375584731239343e+01
3.788522820484827491e+01
3.788523671245791036e+01
3.788524970418028204e+01
3.788524970418028204e+01
3.788679551095137299e+01
3.788679551095137299e+01
3.788679551095137299e+01
3.788844460950103610e+01
3.788905024648474296e+01
3.788909039346356167e+01
3.788909039346356167e+01
3.789054876605305822e+01
3.789054876605305822e+01
3.789054876605305822e+01
3.789190955982250841e+01
3.789190955982250841e+01
3.789251484066340225e+01
3.789251484066340225e+01
3.789383269734355508e+01
3.789383269734355508e+01
3.789383269734355508e+01
3.789511632954603471e+01
3.789511632954603471e+01
3.789511632954603471e+01
3.789572937688156173e+01
3.789713499601533186e+01
3.789713499601533186e+01
3.789713499601533186e+01
3.789835330287083082e+01
3.789835330287083082e+01
3.789837164390814195e+01
3.789984416029955128e+01
3.790042863431351350e+01
3.790042863431351350e+01
3.790190058113181237e+01
3.790190058113181237e+01
3.790190058113181237e+01
3.790266781404609731e+01
3.790266781404609731e+01
3.790266781404609731e+01
3.790325889946419124e+01
3.790457742773590155e+01
3.790457742773590155e+01
3.790457742773590155e+01
3.790576549066613410e+01
3.790576549066613410e+01
3.790576549066613410e+01
3.790680636012063331e+01
3.790742669691620392e+01
3.790746502177378829e+01
3.790866155376848212e+01
3.790866155376848212e+01
3.790977663263225850e+01
3.790977663263225850e+01
3.790977663263225850e+01
3.791089716463626758e+01
3.791146637454656343e+01
3.791146637454656343e+01
3.791237633656396611e+01
3.791237633656396611e+01
3.791237633656396611e+01
3.791319121398640846e+01
3.791319121398640846e+01
3.791465923142088457e+01
3.791465923142088457e+01
3.791465923142088457e+01
3.791544716061356723e+01
3.791544716061356723e+01
3.791564226473522581e+01
3.791653359085704977e+01
3.791653359085704977e+01
3.791780221099307369e+01
3.791780221099307369e+01
3.791780221099307369e+01
3.791875201717552102e+01
3.791875201717552102e+01
3.791949333790046239e+01
3.791949614427564086e+01
3.792004853054397984e+01
3.792072732194606033e+01
3.792072732194606033e+01
3.792132230429999140e+01
3.792132230429999140e+01
3.792198667561350334e+01
3.792198667561350334e+01
3.792199424304504163e+01
3.792321746541517768e+01
3.792342125999569191e+01
3.792438910481275371e+01
3.792438910481275371e+01
3.792503834491124337e+01
3.792503834491124337e+01
3.792574146477949171e+01
3.792628221136577338e+01
3.792703320432701730e+01
3.792711193389149571e+01
3.792785242214219465e+01
3.792785242214219465e+01
3.792875128690037911e+01
3.792875128690037911e+01
3.793014841206016996e+01
3.793014841206016996e+01
3.793128051375457233e+01
3.793128051375457233e+01
3.793250241478804696e+01
3.793271664017709099e+01
3.793432191378943230e+01
3.793480892248423686e+01
3.793671626388722018e+01
3.793765732891424136e+01
3.793940817430647883e+01
3.794147108256279921e+01
3.794533402003430922e+01
3.794946135258928877e+01
3.795575467275982362e+01
3.797302862071641982e+01
3.798970268672687212e+01
3.801399824746453504e+01
3.801606623339196034e+01
3.801575307644741741e+01
3.801201719928106115e+01
3.800038484273331107e+01
3.797242599870003943e+01
3.786598367055510295e+01
3.779629301932607177e+01
3.796706181180374529e+01
3.811716928586201902e+01
3.831079239046165696e+01
3.820963888911499851e+01
3.815066577882935661e+01
3.808629374086684294e+01
3.802170820152546327e+01
3.794578801704955850e+01
3.790215283749094510e+01
3.788248366015892543e+01
3.785274803452790593e+01
3.782997530185653545e+01
3.782420153748870462e+01
3.781252474496092475e+01
3.780989483713543109e+01
3.781050882982032135e+01
3.780623538006414464e+01
3.780623538006414464e+01
3.780692662249358449e+01
3.780794505184710630e+01
3.780868414841802405e+01
3.781005611398811794e+01
3.781127618055887751e+01
3.781191215616063062e+01
3.781272036367411715e+01
3.781312602930870526e+01
3.781402031036807898e+01
3.781449735525828260e+01
3.781597892164074892e+01
3.781644219868855572e+01
3.781732730406680787e+01
3.781775868217600589e+01
3.781883688226243123e+01
3.781945053006999302e+01
3.782039170798671535e+01
3.782150945900372108e+01
3.782245811365863375e+01
3.782317158381447797e+01
3.782362407645517521e+01
3.782463988087660312e+01
3.782511908517675181e+01
3.782682188277203039e+01
3.782729099011207552e+01
3.782784907007042108e+01
3.782902576253022886e+01
3.782902576253022886e+01
3.783047140496044847e+01
3.783152512045285221e+01
3.783247279527930118e+01
3.783293117496741331e+01
3.783374054969806366e+01
3.783464308864876102e+01
3.783565351999588700e+01
3.783681626226697148e+01
3.783773898070914044e+01
3.783821769700708160e+01
3.783977927242372630e+01
3.783977927242372630e+01
3.784075738200853323e+01
3.784116037136958965e+01
3.784344120209058815e+01
3.784344120209058815e+01
3.784451867309176976e+01
3.784537428868557640e+01
3.784666458422522339e+01
3.784666458422522339e+01
3.784666458422522339e+01
3.785029733288375553e+01
3.785029733288375553e+01
3.785092409321110551e+01
3.785222156170394214e+01
3.785304039699163070e+01
3.785403728944535828e+01
3.785453556405894915e+01
3.785453556405894915e+01
3.785802578687622599e+01
3.785846019428426246e+01
3.785846019428426246e+01
3.785846019428426246e+01
3.786159227259690851e+01
3.786159227259690851e+01
3.786249952288324039e+01
3.786299992455442265e+01
3.786417970233698327e+01
3.786528657683690824e+01
3.786528657683690824e+01
3.786749127609184740e+01
3.786789539261382487e+01
3.786859599402628618e+01
3.786917827875404896e+01
3.787012078550890948e+01
3.787085796250097758e+01
3.787191067444255310e+01
3.787284083854626715e+01
3.787358735692218659e+01
3.787358735692218659e+01
3.787667782570810004e+01
3.787711125971384263e+01
3.787711125971384263e+01
3.787797409736176490e+01
3.787862147264576151e+01
3.787953350219422788e+01
3.788039026021866107e+01
3.788115030291542951e+01
3.788240356012181564e+01
3.788317079303401158e+01
3.788334977884826316e+01
3.788412525126436492e+01
3.788518590609373859e+01
3.788604593966221046e+01
3.788626341967923850e+01
3.788626341967923850e+01
3.788976874513780047e+01
3.788976874513780047e+01
3.789001153046744008e+01
3.789115741430713058e+01
3.789227366416433540e+01
3.789410542097893142e+01
3.789463298093573940e+01
3.789463298093573940e+01
3.789463298093573940e+01
3.789988528694137671e+01
3.790018015929726403e+01
3.790025818309188566e+01
3.790101005239146303e+01
3.790342031608389561e+01
3.790638533966802015e+01
3.790803978990837209e+01
3.790803978990837209e+01
3.790803978990837209e+01
3.790803978990837209e+01
3.791786011879496243e+01
3.791810769146474058e+01
3.791810769146474058e+01
3.791810769146474058e+01
3.791810769146474058e+01
3.792706612830485824e+01
3.794831745851042371e+01
3.803559828668486631e+01
3.750987198337789863e+01
3.750987198337789863e+01
3.751061247873476390e+01
3.751061247873476390e+01
3.751061247873476390e+01
3.751061247873476390e+01
3.751094394970236579e+01
3.751142873716536030e+01
3.751142873716536030e+01
3.751142873716536030e+01
3.751205425449845876e+01
3.751205425449845876e+01
3.751205425449845876e+01
3.751224047580055299e+01
3.751224047580055299e+01
3.751270174623446252e+01
3.751270174623446252e+01
3.751279804796619999e+01
3.751279804796619999e+01
3.751324156661944187e+01
3.751324156661944187e+01
3.751324156661944187e+01
3.751376032737295674e+01
3.751426115409318385e+01
3.751426115409318385e+01
3.751426115409318385e+01
3.751426115409318385e+01
3.751479461332101550e+01
3.751482485420183366e+01
3.751482485420183366e+01
3.751482485420183366e+01
3.751521671209172837e+01
3.751521671209172837e+01
3.751521671209172837e+01
3.751521671209172837e+01
3.751604526084521041e+01
3.751604526084521041e+01
3.751659292711583760e+01
3.751659292711583760e+01
3.751664863785310189e+01
3.751664863785310189e+01
3.751664863785310189e+01
3.751683396559000983e+01
3.751723413365307636e+01
3.751723413365307636e+01
3.751723413365307636e+01
3.751723413365307636e+01
3.751770435547638272e+01
3.751770435547638272e+01
3.751770435547638272e+01
3.751823770421325577e+01
3.751823770421325577e+01
3.751869451973590941e+01
3.751869451973590941e+01
3.751920908470282257e+01
3.751929959413997295e+01
3.751929959413997295e+01
3.751929959413997295e+01
3.751999205611737409e+01
3.751999205611737409e+01
3.751999205611737409e+01
3.752091629953569907e+01
3.752091629953569907e+01
3.752091629953569907e+01
3.752182749464974876e+01
3.752182749464974876e+01
3.752225822430722246e+01
3.752225822430722246e+01
3.752310527361999704e+01
3.752310527361999704e+01
3.752310527361999704e+01
3.752469488680112875e+01
3.752469488680112875e+01
3.752469488680112875e+01
3.752653528973404207e+01
3.752653528973404207e+01
3.752772238287323603e+01
3.752823860005402423e+01
3.752936718614198242e+01
3.753080416945226716e+01
3.753154343323483033e+01
3.753368906893723533e+01
3.753568397711494242e+01
3.753687022708569998e+01
3.753978236216742914e+01
3.754341953706139634e+01
3.754849411109336188e+01
3.755689312098959931e+01
3.757171538264315558e+01
3.760582245635210086e+01
3.760313142050230795e+01
3.760677267429458226e+01
3.760783231683534922e+01
3.760834843918320303e+01
3.760836959721044082e+01
3.760831741137162965e+01
3.760692395096196350e+01
3.760435803301629676e+01
3.759995423977578355e+01
3.759277054991059686e+01
3.758411749715581607e+01
3.756629418763472472e+01
3.753388217907539115e+01
3.747367164324464284e+01
3.738791602854446694e+01
3.738015564862462270e+01
3.744253129096655641e+01
3.751194977232494665e+01
3.758767697722216639e+01
3.766734868509288958e+01
3.770794751563224878e+01
3.778769155450194717e+01
3.787326905996317805e+01
3.801262813493034542e+01
3.806054254343858645e+01
3.804883589238957597e+01
3.774049131698606629e+01
3.770507847730205953e+01
3.761036867025811858e+01
3.757900322671055449e+01
3.753719917720036392e+01
3.750495515285534509e+01
3.748461408934397099e+01
3.747689648070020496e+01
3.746283927408550340e+01
3.745154756856001654e+01
3.744805896652546551e+01
3.744510006836321736e+01
3.744510006836321736e+01
3.744812561441928267e+01
3.744812561441928267e+01
3.744812561441928267e+01
3.745006011500505849e+01
3.745006011500505849e+01
3.745016472668010721e+01
3.745039574224117729e+01
3.745094344682384246e+01
3.745094344682384246e+01
3.745094344682384246e+01
3.745179992899339538e+01
3.745183567565850069e+01
3.745183567565850069e+01
3.745370914748781388e+01
3.745370914748781388e+01
3.745426297293836626e+01
3.745471352322786629e+01
3.745471352322786629e+01
3.745498998700258397e+01
3.745543076389414949e+01
3.745578454368276056e+01
3.745627852714502382e+01
3.745656838720162796e+01
3.745704050606150304e+01
3.745706286948915675e+01
3.745745542223824032e+01
3.745801214487475761e+01
3.745801214487475761e+01
3.745850226143124928e+01
3.745872501966688617e+01
3.745873268893312513e+01
3.745938474318063527e+01
3.745985464528764197e+01
3.745985464528764197e+01
3.746072265676646396e+01
3.746113386209929530e+01
3.746113386209929530e+01
3.746168681503044695e+01
3.746168681503044695e+01
3.746168681503044695e+01
3.746168681503044695e+01
3.746168681503044695e+01
3.746582887032708697e+01
3.746593132753085342e+01
3.746593132753085342e+01
3.746593132753085342e+01
3.746593132753085342e+01
3.746644659426139867e+01
3.746677010246780526e+01
3.746722923640680847e+01
3.746768639270358392e+01
3.746768639270358392e+01
3.746807344280976793e+01
3.746878911231456755e+01
3.746917481706506692e+01
3.746917481706506692e+01
3.746959342676770177e+01
3.747019327552808932e+01
3.747063595518218904e+01
3.747109973718460196e+01
3.747155394617784907e+01
3.747208915579793143e+01
3.747246630435122938e+01
3.747246630435122938e+01
3.747302455975470536e+01
3.747364778417552600e+01
3.747368219226659392e+01
3.747414764282954280e+01
3.747496743247121032e+01
3.747517299065688690e+01
3.747517299065688690e+01
3.747569188836007470e+01
3.747622337385270441e+01
3.747710477226256387e+01
3.747760185562839297e+01
3.747760185562839297e+01
3.747806632532767424e+01
3.747858312144245474e+01
3.747907663269571543e+01
3.747907663269571543e+01
3.747981176229107092e+01
3.748031531388369331e+01
3.748082458998384681e+01
3.748082458998384681e+01
3.748132067465507333e+01
3.748219196887690430e+01
3.748279695153344448e+01
3.748279695153344448e+01
3.748279695153344448e+01
3.748459152417280649e+01
3.748459152417280649e+01
3.748499272566049001e+01
3.748499272566049001e+01
3.748545596584939688e+01
3.748589338431035856e+01
3.748701683247166727e+01
3.748706377417073554e+01
3.748827449295096415e+01
3.748827449295096415e+01
3.748827449295096415e+01
3.748979399579044980e+01
3.748979399579044980e+01
3.748979399579044980e+01
3.749043914058076155e+01
3.749043914058076155e+01
3.749205183159482857e+01
3.749205183159482857e+01
3.749228737694991764e+01
3.749337514927184145e+01
3.749380708199873879e+01
3.749380708199873879e+01
3.749380708199873879e+01
3.749380708199873879e+01
3.749380708199873879e+01
3.749744433613200556e+01
3.749744433613200556e+01
3.749744433613200556e+01
3.749744433613200556e+01
3.749796636980832432e+01
3.749847312536189747e+01
3.749850413477514621e+01
3.749974596757905942e+01
3.750026658412989633e+01
3.750026658412989633e+01
3.750026658412989633e+01
3.750297285928837709e+01
3.750297285928837709e+01
3.750297285928837709e+01
3.750362391995596312e+01
3.750362391995596312e+01
3.750441962216511627e+01
3.750523391263746475e+01
3.750565731157937677e+01
3.750583262520289907e+01
3.750804997957098408e+01
3.750804997957098408e+01
3.750831157428356732e+01
3.750861231928820416e+01
3.750939927746875213e+01
3.750995661960145355e+01
3.751045812712741423e+01
3.751045812712741423e+01
3.751045812712741423e+01
3.751255619836970823e+01
3.751289718709618626e+01
3.751320529998621112e+01
3.751397613414543031e+01
3.751439259510172519e+01
3.751498147328511834e+01
3.751531485983355907e+01
3.751602214417064829e+01
3.751653844129130277e+01
3.751653844129130277e+01
3.751653844129130277e+01
3.751653844129130277e+01
3.752104832443961868e+01
3.752104832443961868e+01
3.752104832443961868e+01
3.752104832443961868e+01
3.752204668802225740e+01
3.752230279225537402e+01
3.752303564917786360e+01
3.752380158077602346e+01
3.752411489942602429e+01
3.752464993008705108e+01
3.752548398929160101e+01
3.752588331184401227e+01
3.752703905434535159e+01
3.752733079897779334e+01
3.752824420030431440e+01
3.752800450760052797e+01
3.752931067287565270e+01
3.752931067287565270e+01
3.753128823921622370e+01
3.753128823921622370e+01
3.753247208295503867e+01
3.753283445692832743e+01
3.753335477953308441e+01
3.753465711466655819e+01
3.753465711466655819e+01
3.753667596685470187e+01
3.753667596685470187e+01
3.753716370994471418e+01
3.753774841373569870e+01
3.753805231265930331e+01
3.753937412490044778e+01
3.754038457906179360e+01
3.754107482471641788e+01
3.754107482471641788e+01
3.754438499004020002e+01
3.754438499004020002e+01
3.754438499004020002e+01
3.754559776227659995e+01
3.754708436510388481e+01
3.754781944645357328e+01
3.754857655306217623e+01
3.755048460031328261e+01
3.755137427977500408e+01
3.755137427977500408e+01
3.755164629347765981e+01
3.755172606265033153e+01
3.755738923080636482e+01
3.755738923080636482e+01
3.755739546892871061e+01
3.755842251158911438e+01
3.755974235515458304e+01
3.756079188866088714e+01
3.756364922533570905e+01
3.756696168499503585e+01
3.756696168499503585e+01
3.756736438761822683e+01
3.756736438761822683e+01
3.756736438761822683e+01
3.756736438761822683e+01
3.756736438761822683e+01
3.757840870921236132e+01
3.757840870921236132e+01
3.757840870921236132e+01
3.757840870921236132e+01
3.757840870921236132e+01
3.757863719125131752e+01
3.757863719125131752e+01
3.758084184458541444e+01
3.758684868328377604e+01
3.759758617282588489e+01
3.761210046188075751e+01
3.764153038827795683e+01
3.768021584714414018e+01
3.710840251300826509e+01
3.710840251300826509e+01
3.710922868046843348e+01
3.710922868046843348e+01
3.710922868046843348e+01
3.710922868046843348e+01
3.710922868046843348e+01
3.710964645842700804e+01
3.710964645842700804e+01
3.710986671214376997e+01
3.710986671214376997e+01
3.710986671214376997e+01
3.710986671214376997e+01
3.711049675323418739e+01
3.711049675323418739e+01
3.711049675323418739e+01
3.711049675323418739e+01
3.711049675323418739e+01
3.711049675323418739e+01
3.711049675323418739e+01
3.711049675323418739e+01
3.711049675323418739e+01
3.711109262054051783e+01
3.711123962940591525e+01
3.711123962940591525e+01
3.711123962940591525e+01
3.711123962940591525e+01
3.711123962940591525e+01
3.711123962940591525e+01
3.711123962940591525e+01
3.711123962940591525e+01
3.711168614711628067e+01
3.711222420006015454e+01
3.711222420006015454e+01
3.711222420006015454e+01
3.711222420006015454e+01
3.711222420006015454e+01
3.711222420006015454e+01
3.711222420006015454e+01
3.711222420006015454e+01
3.711222420006015454e+01
3.711222420006015454e+01
3.711305012046493346e+01
3.711310140262930446e+01
3.711310140262930446e+01
3.711331652645639423e+01
3.711331652645639423e+01
3.711331652645639423e+01
3.711331652645639423e+01
3.711331652645639423e+01
3.711339346461875266e+01
3.711371138492003752e+01
3.711371138492003752e+01
3.711371138492003752e+01
3.711371138492003752e+01
3.711412998484971837e+01
3.711412998484971837e+01
3.711412998484971837e+01
3.711412998484971837e+01
3.711412998484971837e+01
3.711412998484971837e+01
3.711460429746969680e+01
3.711460429746969680e+01
3.711460429746969680e+01
3.711460429746969680e+01
3.711460429746969680e+01
3.711460429746969680e+01
3.711460429746969680e+01
3.711460429746969680e+01
3.711460429746969680e+01
3.711499672102182501e+01
3.711499672102182501e+01
3.711499672102182501e+01
3.711499672102182501e+01
3.711499672102182501e+01
3.711499672102182501e+01
3.711499672102182501e+01
3.711499672102182501e+01
3.711551192642525621e+01
3.711603790496394595e+01
3.711603790496394595e+01
3.711603790496394595e+01
3.711625410834177785e+01
3.711625410834177785e+01
3.711625410834177785e+01
3.711628192553450845e+01
3.711628192553450845e+01
3.711628192553450845e+01
3.711675702390913045e+01
3.711675702390913045e+01
3.711675702390913045e+01
3.711675702390913045e+01
3.711675702390913045e+01
3.711675702390913045e+01
3.711675702390913045e+01
3.711675702390913045e+01
3.711675702390913045e+01
3.711709075964910198e+01
3.711709075964910198e+01
3.711709075964910198e+01
3.711709075964910198e+01
3.711709075964910198e+01
3.711755310557479959e+01
3.711762886477313828e+01
3.711762886477313828e+01
3.711788536917639192e+01
3.711788536917639192e+01
3.711788536917639192e+01
3.711788536917639192e+01
3.711788536917639192e+01
3.711788536917639192e+01
3.711788536917639192e+01
3.711788536917639192e+01
3.711788536917639192e+01
3.711820038237013364e+01
3.711820038237013364e+01
3.711820038237013364e+01
3.711820038237013364e+01
3.711820038237013364e+01
3.711820038237013364e+01
3.711820038237013364e+01
3.711820038237013364e+01
3.711831862661804848e+01
3.711831862661804848e+01
3.711902118901803505e+01
3.711918271071203890e+01
3.711918271071203890e+01
3.711918271071203890e+01
3.711918271071203890e+01
3.711918271071203890e+01
3.711954945483381607e+01
3.711954945483381607e+01
3.711954945483381607e+01
3.711954945483381607e+01
3.711954945483381607e+01
3.711954945483381607e+01
3.711954945483381607e+01
