3.553795084253525971e+00
3.522176144009294241e+00
3.415482120175574732e+00
2.961506906968075725e+00
2.754623634133557708e+00
2.473885635954355955e+00
2.024869669659020932e+00
1.743366573937223718e+00
1.182746170002423103e+00
1.104558930031528385e+00
8.619319681634339814e-01
6.601505510402599919e-01
6.920682423596148380e-01
4.059715497616532276e-01
2.616726557276538023e-01
1.534661982391528623e-01
1.644368494054911367e-01
2.966200856034301725e-01
2.038087387828300956e-01
1.671089950836305849e-01
6.932279396012772099e-02
-8.185890385403865599e-02
-1.657812196430290264e-01
-2.554754414355591141e-01
-3.867863542541843946e-01
-4.793720068793678735e-01
-5.331247400478937859e-01
-5.836732901587813327e-01
-6.332730285916181590e-01
-6.446444714125594277e-01
-5.949112233331970145e-01
-6.322481764484839672e-01
-7.136192080239028845e-01
-8.449385660098549522e-01
-9.137010750118196301e-01
-9.550969280986784105e-01
-9.610909624150761887e-01
-1.065953608468752423e+00
-1.366892891168516089e+00
-1.383515964896846695e+00
-1.399425610823818555e+00
-1.445451621173089451e+00
-1.493548178238166768e+00
-1.964594429357256589e+00
-1.958529076048075135e+00
-1.859106577304828978e+00
-1.817601340026349765e+00
-1.890488155371925050e+00
-1.794804005598440222e+00
-1.796959965984260554e+00
-1.733431489771554590e+00
-1.101797735073273721e+00
-1.100925764175626265e+00
-1.098986118069836149e+00
-1.448481536948054593e+00
-1.447628276746761200e+00
-1.446763418427459813e+00
-1.445437527999861693e+00
-1.443270365562763002e+00
-1.442591045638034419e+00
-1.580298008355587314e+00
-1.578819595050872993e+00
-1.576814697782534136e+00
-1.973364110172657337e+00
-1.972485022830150259e+00
-1.971755692720217112e+00
-1.970427583800802740e+00
-1.969379820520001934e+00
-1.967018032446569586e+00
-2.333864762668549808e+00
-2.923716061753017570e+00
-2.880863422024646514e+00
-2.815304611687124314e+00
-2.745249819629462351e+00
-2.759743648624569001e+00
-2.732211760131494582e+00
-2.773724263279007562e+00
-2.909870284550533981e+00
-2.891009820918301276e+00
-3.408861784085450264e+00
-3.430330615013248430e+00
-3.448788671537270645e+00
-3.424626410297560763e+00
-3.359937549191422956e+00
-2.655218835124547816e+00
-2.654949409432908247e+00
-2.635305484242471241e+00
-2.635012730166042871e+00
-2.634305170376783245e+00
-2.633783276972987419e+00
-2.633086939321106268e+00
-3.069064197396805582e+00
-3.069149251384664101e+00
-3.071758974166047373e+00
-3.404756453815473982e+00
-2.721826839607013326e+00
-4.218182947682230122e+00
-4.392230331440946323e+00
-4.369984489781949755e+00
-4.312874686581067429e+00
-4.311430850492888212e+00
-4.256095620370058619e+00
-4.213741000909933199e+00
-4.190670669544977578e+00
-4.175905738880725693e+00
-4.188927716147659908e+00
-4.275618121362340318e+00
-4.382512936986642238e+00
-4.386519595918776382e+00
-4.395709132745410308e+00
-4.400809057675338032e+00
-4.400642555135078737e+00
-4.393643859289038112e+00
-4.379581789244124224e+00
-4.324092805282992558e+00
-4.238968635875694169e+00
-3.526147039101517944e+00
-3.525211662230219201e+00
-3.524240423894015262e+00
-3.524240423894015262e+00
-3.523304874715873947e+00
-3.522407337153708795e+00
-3.522942426422742912e+00
-3.521998529103319786e+00
-3.521998529103319786e+00
-3.521130774149508813e+00
-3.524991887858399231e+00
-3.525515716313145642e+00
-3.524597061444671997e+00
-3.931165048564432496e+00
-3.930478189134607003e+00
-3.930478189134607003e+00
-3.929855926103548391e+00
-3.929512704251314048e+00
-3.929512704251314048e+00
-3.928871713874098059e+00
-3.929865158088878374e+00
-3.929242409052331908e+00
-3.928984411696448298e+00
-3.928984411696448298e+00
-3.928423387167856440e+00
-3.927843292259355135e+00
-4.315308156537118300e+00
-4.314922005378494241e+00
-4.315011293590005792e+00
-4.314648736901386172e+00
-4.314259708725005638e+00
-4.314153925357780750e+00
-4.313805355097884764e+00
-4.313540577651983732e+00
-4.313219177022944884e+00
-4.354954507463550506e+00
-4.354666583887772724e+00
-4.550512455229331010e+00
-4.550144913621611664e+00
-4.549996723277235589e+00
-4.549839713810261088e+00
-4.549938579922168991e+00
-4.549788415985342560e+00
-4.549611886529600469e+00
-4.549030775884288502e+00
-4.548823941508066682e+00
-4.548576768706229068e+00
-4.548229361076240984e+00
-4.629187987795791770e+00
-4.626762956474492761e+00
-4.394728868500902053e+00
-4.607204781006687178e+00
-5.547460248687569262e+00
-6.027339891612490952e+00
-6.184828671997657956e+00
-6.303141559392797078e+00
-6.249976650298370906e+00
-6.213218082301405154e+00
-6.167099362001241758e+00
-6.109293819538772041e+00
-6.035440521415596393e+00
-5.985561202416637805e+00
-5.953512910006081071e+00
-5.934905856651144340e+00
-5.944655966003009162e+00
-5.944801405851672271e+00
-5.953999552264665596e+00
-5.975778659540391224e+00
-5.999934150595767512e+00
-6.024931214227010834e+00
-6.026267373277469197e+00
-6.027450409311597035e+00
-6.029149850611770667e+00
-6.034929678811906228e+00
-6.039644784205167483e+00
-6.042751158115809318e+00
-6.049307380499197251e+00
-6.053127013653337940e+00
-6.055076671977958291e+00
-6.057806625813346280e+00
-6.065317138294175514e+00
-6.064031138040365754e+00
-6.066629997953850051e+00
-6.050587164548651309e+00
-6.051672987848093044e+00
-6.050721921923421398e+00
-6.047086761699822510e+00
-6.044412148265409179e+00
-6.044412148265409179e+00
-6.044738347052592609e+00
-6.035864719557292091e+00
-6.025298456291396931e+00
-6.023776170203360536e+00
-6.025110079039552424e+00
-6.018832754147636521e+00
-6.017134456665260700e+00
-5.997802361245355485e+00
-5.997802361245355485e+00
-6.000614761948683373e+00
-6.092058687948293638e+00
-5.260027961778034999e+00
-5.260027961778034999e+00
-5.260066964227834596e+00
-5.258836950942919586e+00
-5.258836950942919586e+00
-5.258836950942919586e+00
-5.258836950942919586e+00
-5.257749585457808017e+00
-5.258376973737820315e+00
-5.258376973737820315e+00
-5.258376973737820315e+00
-5.257342293519977616e+00
-5.257342293519977616e+00
-5.257342293519977616e+00
-5.256351523512521773e+00
-5.256363077915162663e+00
-5.256953782338391612e+00
-5.256953782338391612e+00
-5.737070895379275726e+00
-5.737070895379275726e+00
-5.737070895379275726e+00
-5.737070895379275726e+00
-5.736274706229385956e+00
-5.736274706229385956e+00
-5.736274706229385956e+00
-5.736807534962474087e+00
-5.736017677944030169e+00
-5.736035260844398742e+00
-5.736060550320321916e+00
-5.736060550320321916e+00
-5.735234977239524135e+00
-5.735234977239524135e+00
-5.735234977239524135e+00
-5.734358577162446124e+00
-5.734732682039388685e+00
-5.734802885506869785e+00
-5.734802885506869785e+00
-5.734381006970314942e+00
-5.734381006970314942e+00
-5.734381006970314942e+00
-5.733661000232883609e+00
-5.733661000232883609e+00
-5.734035405414244835e+00
-5.734035405414244835e+00
-5.733339365221373107e+00
-5.733339365221373107e+00
-5.733339365221373107e+00
-5.732664114031640779e+00
-5.732664114031640779e+00
-5.732664114031640779e+00
-5.757633143821355937e+00
-5.756786888019354009e+00
-5.756786888019354009e+00
-5.756786888019354009e+00
-5.756056488307764063e+00
-5.756056488307764063e+00
-5.756090868317029319e+00
-5.755756806634406253e+00
-5.756255120988956087e+00
-5.756255120988956087e+00
-5.755375460123461018e+00
-5.755375460123461018e+00
-5.755375460123461018e+00
-6.310050371222331478e+00
-6.310050371222331478e+00
-6.310050371222331478e+00
-6.310260968228471157e+00
-6.309724077244869278e+00
-6.309724077244869278e+00
-6.309724077244869278e+00
-6.309242089220331806e+00
-6.309242089220331806e+00
-6.309242089220331806e+00
-6.308821196299807532e+00
-6.309043425696529539e+00
-6.309106185584549387e+00
-6.311415659153246871e+00
-6.311415659153246871e+00
-6.310959648446441861e+00
-6.310959648446441861e+00
-6.310959648446441861e+00
-6.310502902512816092e+00
-6.310704464791978552e+00
-6.310704464791978552e+00
-6.310334072319831122e+00
-6.310334072319831122e+00
-6.310334072319831122e+00
-6.310031089672418325e+00
-6.310031089672418325e+00
-6.592571108295344651e+00
-6.592571108295344651e+00
-6.592571108295344651e+00
-6.592407996482270605e+00
-6.592407996482270605e+00
-6.592635886269646583e+00
-6.592451237541920861e+00
-6.592451237541920861e+00
-6.592189147837633101e+00
-6.592189147837633101e+00
-6.592189147837633101e+00
-6.591993475273503655e+00
-6.591993475273503655e+00
-6.815067826145172702e+00
-6.815073168369139012e+00
-6.814542962028126816e+00
-6.814580164087053582e+00
-6.814580164087053582e+00
-6.814612731474888996e+00
-6.814612731474888996e+00
-6.872547632114841321e+00
-6.872547632114841321e+00
-6.872561260539597150e+00
-6.871969025202417036e+00
-6.872197172545820187e+00
-6.872385773581758173e+00
-6.872385773581758173e+00
-7.045411348773988891e+00
-7.045411348773988891e+00
-7.045746847971381399e+00
-7.044564457745663866e+00
-7.044923590533824331e+00
-7.045027148432475350e+00
-7.045380848590450107e+00
-7.045380848590450107e+00
-7.045809799187965794e+00
-7.045809799187965794e+00
-7.233628739098083571e+00
-7.233628739098083571e+00
-7.233855700616143913e+00
-7.233855700616143913e+00
-7.432168299730219196e+00
-7.432390673081703980e+00
-7.433372424290365821e+00
-7.432117720932202687e+00
-7.433284677824467224e+00
-7.433864336478800183e+00
-7.434932904376518437e+00
-7.436189796233588112e+00
-7.236085483335072510e+00
-7.236893168272103161e+00
-7.237307556435330191e+00
-6.726993562958075934e+00
-6.315164578110221250e+00
-6.983873501998498767e+00
-7.248417831282786494e+00
-7.478306245732586177e+00
-7.649162451491647197e+00
-7.673183720009078002e+00
-7.718501216875969462e+00
-7.648643516162977107e+00
-7.550133938352448837e+00
-7.733522838108775943e+00
-7.901706307932301776e+00
-8.102085435147303727e+00
-7.994463891591170324e+00
-7.930905241808448913e+00
-7.865498370996138355e+00
-7.793197434602554097e+00
-7.707336669541412277e+00
-7.677575362548739513e+00
-7.651733965709768270e+00
-7.615998412851582522e+00
-7.588280409203674637e+00
-7.581202321277484835e+00
-7.565831030342867081e+00
-7.562583509138242732e+00
-7.560898161744263213e+00
-7.567056685870669597e+00
-7.567056685870669597e+00
-7.567925441623319038e+00
-7.557599346586232336e+00
-7.558514477594092895e+00
-7.560212229856429822e+00
-7.559018556016659396e+00
-7.559805326902441891e+00
-7.560804773696807146e+00
-7.561306262808257017e+00
-7.562411394295222244e+00
-7.563000695927359907e+00
-7.941437538721455525e+00
-7.942005436915412275e+00
-7.943090044391930782e+00
-7.943618474395616857e+00
-7.944912665198211599e+00
-7.945536072083565493e+00
-7.946687960714033494e+00
-7.945799291897856165e+00
-7.946959950134589334e+00
-7.947832492470086052e+00
-7.948385705416508351e+00
-7.949627151016814608e+00
-7.950212577557708826e+00
-7.949885263308575922e+00
-7.950458173987492216e+00
-7.951139516521457118e+00
-7.964353035334851505e+00
-7.964353035334851505e+00
-7.954338698486166592e+00
-7.953370171706260372e+00
-7.954525487564295005e+00
-7.955084102892890918e+00
-7.955942057225003694e+00
-7.958042903344803243e+00
-7.959274525931609112e+00
-7.957905283096242677e+00
-7.959029789259258081e+00
-7.959612989568504382e+00
-7.961514419054630309e+00
-7.961514419054630309e+00
-7.962704643484237010e+00
-7.961555031516142300e+00
-7.964329119080447938e+00
-7.964329119080447938e+00
-7.965638512934982707e+00
-7.966651048367683785e+00
-7.966234334354419744e+00
-7.966234334354419744e+00
-7.966234334354419744e+00
-7.970522433388636863e+00
-7.970522433388636863e+00
-7.971282330903029845e+00
-8.457835269564265346e+00
-8.458817239500639573e+00
-8.460012243375375718e+00
-8.460609335485912652e+00
-8.460609335485912652e+00
-8.464787943450929220e+00
-8.463529713219937634e+00
-8.463529713219937634e+00
-8.463529713219937634e+00
-8.467266943631837961e+00
-8.467266943631837961e+00
-8.466330812506990711e+00
-8.466928828471479207e+00
-8.468188058801981555e+00
-8.469510027632445315e+00
-8.469510027632445315e+00
-8.472141211823130291e+00
-8.470949343679881949e+00
-8.471785180094311585e+00
-8.472479663652196180e+00
-8.473603399677241299e+00
-8.474481997844939940e+00
-8.473885817077194460e+00
-8.475251849692567063e+00
-8.476140465619380393e+00
-8.476140465619380393e+00
-8.479816113969969038e+00
-8.478514632259619432e+00
-8.478514632259619432e+00
-8.479418790677419437e+00
-8.480188242519606234e+00
-8.481271888378239865e+00
-8.480809912187005750e+00
-8.481712683662188113e+00
-8.483200739806648016e+00
-8.484111259315993081e+00
-8.484323628906430770e+00
-9.151228871006894749e+00
-9.152476233184376753e+00
-9.153487265556512043e+00
-9.153741853735017031e+00
-9.153741853735017031e+00
-9.156380754694533053e+00
-9.156380754694533053e+00
-9.156665790152581863e+00
-9.157768682399057170e+00
-9.159078523594345711e+00
-9.159989139216140330e+00
-9.160607753084217819e+00
-9.160607753084217819e+00
-9.160607753084217819e+00
-9.166759544540699522e+00
-9.165889669044902988e+00
-9.165961849630040348e+00
-9.166841631965239046e+00
-9.169660293927229588e+00
-9.173123984296799094e+00
-9.173809458195750111e+00
-9.173809458195750111e+00
-9.173809458195750111e+00
-9.173809458195750111e+00
-9.185029196441675481e+00
-9.184264545837745430e+00
-9.184264545837745430e+00
-9.184264545837745430e+00
-9.184264545837745430e+00
-9.825695837754043538e+00
-9.850100452749693147e+00
-9.926748457693642891e+00
-9.285766972522260687e+00
-9.285766972522260687e+00
-9.285597819660990737e+00
-9.285597819660990737e+00
-9.285597819660990737e+00
-9.285597819660990737e+00
-9.285522205986440625e+00
-9.375197123110538655e+00
-9.375197123110538655e+00
-9.375197123110538655e+00
-9.374888862024784331e+00
-9.374888862024784331e+00
-9.374888862024784331e+00
-9.375111307528385396e+00
-9.375111307528385396e+00
-9.374884060497285176e+00
-9.374884060497285176e+00
-9.375006537495924164e+00
-9.375006537495924164e+00
-9.374788182024076377e+00
-9.374788182024076377e+00
-9.374788182024076377e+00
-9.375092251226657680e+00
-9.859150599263294623e+00
-9.859150599263294623e+00
-9.859150599263294623e+00
-9.859150599263294623e+00
-9.859103942761279882e+00
-9.859145676990520357e+00
-9.859145676990520357e+00
-9.859145676990520357e+00
-9.859060535471215303e+00
-9.859060535471215303e+00
-9.859060535471215303e+00
-9.859060535471215303e+00
-9.858880796467976992e+00
-9.858880796467976992e+00
-9.858762202161601707e+00
-9.858762202161601707e+00
-9.935799030071665427e+00
-9.935799030071665427e+00
-9.935799030071665427e+00
-9.936007818077024822e+00
-9.935951879617686444e+00
-9.935951879617686444e+00
-9.935951879617686444e+00
-9.935951879617686444e+00
-9.935886218544583315e+00
-9.935886218544583315e+00
-9.935886218544583315e+00
-1.030536150850632282e+01
-1.030536150850632282e+01
-1.030435066715895331e+01
-1.030435066715895331e+01
-1.030458699550468360e+01
-1.030469404865243099e+01
-1.030469404865243099e+01
-1.030469404865243099e+01
-1.030501175514490519e+01
-1.030501175514490519e+01
-1.030501175514490519e+01
-1.030543540346998022e+01
-1.030543540346998022e+01
-1.030543540346998022e+01
-1.030585262180307993e+01
-1.030585262180307993e+01
-1.030489773419739308e+01
-1.030489773419739308e+01
-1.030528619369836640e+01
-1.030528619369836640e+01
-1.030528619369836640e+01
-1.030613746114649487e+01
-1.030613746114649487e+01
-1.030613746114649487e+01
-1.030697823719813577e+01
-1.030697823719813577e+01
-1.030751958770597909e+01
-1.030779015322031178e+01
-1.030830374428689389e+01
-1.030895668908731189e+01
-1.030929216799220960e+01
-1.030908127098620497e+01
-1.030998574785533961e+01
-1.031052257087030100e+01
-1.031187153597215200e+01
-1.031350688283167827e+01
-9.931848640874576972e+00
-9.930770532451491661e+00
-9.397483384432117504e+00
-7.930677132407231156e+00
-9.385394099785250077e+00
-9.924801935500561001e+00
-9.924682798613783774e+00
-1.034150608433338903e+01
-1.034151484072727634e+01
-1.034054074791310818e+01
-1.050441336896204803e+01
-1.057294613346686241e+01
-1.059902923902559202e+01
-1.061700109760826649e+01
-1.062312417326981517e+01
-1.061282624996030854e+01
-1.059465188936593805e+01
-1.054137359706560950e+01
-1.044282410071279976e+01
-1.043272997053232842e+01
-1.049373845670532823e+01
-1.057149989121388600e+01
-1.063488875463029260e+01
-1.071734586926463173e+01
-1.076030029034399860e+01
-1.084404731989581983e+01
-1.092879767468978258e+01
-1.107236983869698577e+01
-1.112144028053056211e+01
-1.110946311950516119e+01
-1.079457146216133090e+01
-1.075727232321678351e+01
-1.065663943454898721e+01
-1.064383880794714443e+01
-1.059681129295606183e+01
-1.056109138923529756e+01
-1.053840538077034950e+01
-1.052737808495939120e+01
-1.051158539383268931e+01
-1.049885310920656423e+01
-1.049491082115246243e+01
-1.049148889016444031e+01
-1.049148889016444031e+01
-1.049491160916540444e+01
-1.049491160916540444e+01
-1.049491160916540444e+01
-1.049709842266432425e+01
-1.049709842266432425e+01
-1.049797752292383635e+01
-1.049823811954353125e+01
-1.049649811274442435e+01
-1.049649811274442435e+01
-1.049649811274442435e+01
-1.049746443631696025e+01
-1.049750225303494489e+01
-1.049750225303494489e+01
-1.049961513213938247e+01
-1.049961513213938247e+01
-1.050023950712509624e+01
-1.050074737638599665e+01
-1.050074737638599665e+01
-1.050105897869167748e+01
-1.050155572619085298e+01
-1.050195438325806485e+01
-1.050036983450942962e+01
-1.050069653247678403e+01
-1.050122859297406741e+01
-1.050125368385293889e+01
-1.050169601762863181e+01
-1.050225629637606950e+01
-1.050225629637606950e+01
-1.050280846488595188e+01
-1.050305939970194480e+01
-1.050306830850779427e+01
-1.050380274517627477e+01
-1.050433192976616503e+01
-1.050433192976616503e+01
-1.106206823219268642e+01
-1.106252499645475851e+01
-1.106252499645475851e+01
-1.106313913756018330e+01
-1.106313913756018330e+01
-1.106313913756018330e+01
-1.106313913756018330e+01
-1.106313913756018330e+01
-1.106773680041282759e+01
-1.106783709342109034e+01
-1.106783709342109034e+01
-1.106783709342109034e+01
-1.106783709342109034e+01
-1.106642781317751911e+01
-1.106678679111183783e+01
-1.106729621460220692e+01
-1.106780338526560570e+01
-1.106780338526560570e+01
-1.106823273426391374e+01
-1.106891082716006736e+01
-1.106933860895478361e+01
-1.106933860895478361e+01
-1.106980283847283175e+01
-1.107046797342468913e+01
-1.107095876925976441e+01
-1.106949387880970193e+01
-1.106999752178851004e+01
-1.107059090760209763e+01
-1.107100900372051555e+01
-1.107100900372051555e+01
-1.107162779741303460e+01
-1.107231850367562487e+01
-1.107235426182997529e+01
-1.107287003914898271e+01
-1.107377832319632205e+01
-1.107400604191006899e+01
-1.107400604191006899e+01
-1.107458082854986614e+01
-1.107288663369554982e+01
-1.107386306535324572e+01
-1.107441392760233079e+01
-1.107441392760233079e+01
-1.107492832732734023e+01
-1.107550060405206516e+01
-1.107604703274472335e+01
-1.107604703274472335e+01
-1.107674429653520320e+01
-1.107730172929761814e+01
-1.107786542881055425e+01
-1.107786542881055425e+01
-1.107841445933093283e+01
-1.107752921931124312e+01
-1.107848755049233525e+01
-1.107848755049233525e+01
-1.107848755049233525e+01
-1.108047170968345618e+01
-1.108047170968345618e+01
-1.108091517753783073e+01
-1.108091517753783073e+01
-1.108142716618539581e+01
-1.108191056306938549e+01
-1.108315186616036385e+01
-1.108319907820750316e+01
-1.108266122808331211e+01
-1.108266122808331211e+01
-1.108266122808331211e+01
-1.108433965994414017e+01
-1.108433965994414017e+01
-1.108433965994414017e+01
-1.108505209670928515e+01
-1.108505209670928515e+01
-1.108683251783021007e+01
-1.108683251783021007e+01
-1.108696387587620968e+01
-1.108816446111365828e+01
-1.108673799037617869e+01
-1.108673799037617869e+01
-1.108673799037617869e+01
-1.108673799037617869e+01
-1.108673799037617869e+01
-1.109075111755631227e+01
-1.109075111755631227e+01
-1.109075111755631227e+01
-1.109075111755631227e+01
-1.109132681367276696e+01
-1.109188559315847122e+01
-1.109191765651202921e+01
-1.109159656983941389e+01
-1.109217056097331700e+01
-1.109217056097331700e+01
-1.109217056097331700e+01
-1.109515315519825940e+01
-1.109515315519825940e+01
-1.109515315519825940e+01
-1.109586068798015290e+01
-1.109586068798015290e+01
-1.109673715969812591e+01
-1.109763393794926678e+01
-1.109620073183251421e+01
-1.109628763445055100e+01
-1.109872941287673065e+01
-1.109872941287673065e+01
-1.109901740114633029e+01
-1.109934846815202469e+01
-1.110021466050221228e+01
-1.110082802261178614e+01
-1.110137987044874919e+01
-1.110137987044874919e+01
-1.110137987044874919e+01
-1.110368784976861534e+01
-1.159491148549208717e+01
-1.159524149014185213e+01
-1.159607795930999075e+01
-1.159652982853392622e+01
-1.159716871137894678e+01
-1.159753037489308092e+01
-1.159829757130775008e+01
-1.159885753573843026e+01
-1.159885753573843026e+01
-1.159885753573843026e+01
-1.159885753573843026e+01
-1.160229425434663497e+01
-1.160229425434663497e+01
-1.160229425434663497e+01
-1.160229425434663497e+01
-1.160313210775156101e+01
-1.160340963860887697e+01
-1.160420373345016110e+01
-1.160503354716018976e+01
-1.160537296282691067e+01
-1.160594322621685315e+01
-1.160684658355602572e+01
-1.160727903298952235e+01
-1.160687724451097402e+01
-1.160719317610430856e+01
-1.160818218889795261e+01
-1.160792267106525877e+01
-1.160933672659733418e+01
-1.160933672659733418e+01
-1.161147500480329953e+01
-1.161147500480329953e+01
-1.161275585858910553e+01
-1.161314787014500993e+01
-1.161371070176704023e+01
-1.161379764595634434e+01
-1.161379764595634434e+01
-1.161598078739879014e+01
-1.161598078739879014e+01
-1.161650809813074403e+01
-1.161714017212744920e+01
-1.161746866443081849e+01
-1.161866495126423438e+01
-1.161975686289933307e+01
-1.162050263490161761e+01
-1.162050263490161761e+01
-1.162264502294174484e+01
-1.162264502294174484e+01
-1.162264502294174484e+01
-1.162395458748486199e+01
-1.162555943983858064e+01
-1.162635306426882842e+01
-1.162716607652247447e+01
-1.162922471631165422e+01
-1.163018437005910855e+01
-1.163018437005910855e+01
-1.162925339294095117e+01
-1.162933079517109825e+01
-1.163543652301395603e+01
-1.163543652301395603e+01
-1.163544345510057632e+01
-1.163655009208525648e+01
-1.163797192431577265e+01
-1.163910232077193996e+01
-1.164323188754156746e+01
-1.164680006594647033e+01
-1.164680006594647033e+01
-1.167179383047740515e+01
-1.167179383047740515e+01
-1.167179383047740515e+01
-1.167179383047740515e+01
-1.167179383047740515e+01
-1.168365285994313396e+01
-1.168365285994313396e+01
-1.168365285994313396e+01
-1.168365285994313396e+01
-1.168365285994313396e+01
-1.168275211408620606e+01
-1.168275211408620606e+01
-1.168511699595495834e+01
-1.169155599663683098e+01
-1.170305022200209955e+01
-1.171855613350495950e+01
-1.174988986162897753e+01
-1.176924973857535583e+01
-1.114584063204558362e+01
-1.114584063204558362e+01
-1.114528926845684254e+01
-1.114528926845684254e+01
-1.114528926845684254e+01
-1.114528926845684254e+01
-1.114528926845684254e+01
-1.114563934380690036e+01
-1.114563934380690036e+01
-1.114588634161510505e+01
-1.114588634161510505e+01
-1.114588634161510505e+01
-1.114588634161510505e+01
-1.164259378526976541e+01
-1.164259378526976541e+01
-1.164259378526976541e+01
-1.164259378526976541e+01
-1.164259378526976541e+01
-1.164259378526976541e+01
-1.164259378526976541e+01
-1.164259378526976541e+01
-1.164259378526976541e+01
-1.164228900471789885e+01
-1.164245040664080832e+01
-1.164245040664080832e+01
-1.164245040664080832e+01
-1.164245040664080832e+01
-1.164245040664080832e+01
-1.164245040664080832e+01
-1.164245040664080832e+01
-1.164245040664080832e+01
-1.164263549017109156e+01
-1.164236017214204644e+01
-1.164236017214204644e+01
-1.164236017214204644e+01
-1.164236017214204644e+01
-1.164236017214204644e+01
-1.164236017214204644e+01
-1.164236017214204644e+01
-1.164236017214204644e+01
-1.164236017214204644e+01
-1.164236017214204644e+01
-1.164193850497428251e+01
-1.164200008565526723e+01
-1.164200008565526723e+01
-1.164223347069484404e+01
-1.164223347069484404e+01
-1.164223347069484404e+01
-1.164223347069484404e+01
-1.164223347069484404e+01
-1.164232048533446040e+01
-1.164215808284428100e+01
-1.164215808284428100e+01
-1.164215808284428100e+01
-1.164215808284428100e+01
-1.164233177233549021e+01
-1.164233177233549021e+01
-1.164233177233549021e+01
-1.164233177233549021e+01
-1.164233177233549021e+01
-1.164233177233549021e+01
-1.164208951687722049e+01
-1.164208951687722049e+01
-1.164208951687722049e+01
-1.164208951687722049e+01
-1.164208951687722049e+01
-1.164208951687722049e+01
-1.164208951687722049e+01
-1.164208951687722049e+01
-1.164208951687722049e+01
-1.164188937284419723e+01
-1.164188937284419723e+01
-1.164188937284419723e+01
-1.164188937284419723e+01
-1.164188937284419723e+01
-1.164188937284419723e+01
-1.164188937284419723e+01
-1.164188937284419723e+01
-1.164217885937461361e+01
-1.164191049587834392e+01
-1.164191049587834392e+01
-1.164191049587834392e+01
-1.164214506832161966e+01
-1.164214506832161966e+01
-1.164214506832161966e+01
-1.164217933094230517e+01
-1.164217933094230517e+01
-1.164217933094230517e+01
-1.198308838584901892e+01
-1.198308838584901892e+01
-1.198308838584901892e+01
-1.198308838584901892e+01
-1.198308838584901892e+01
-1.198308838584901892e+01
-1.198308838584901892e+01
-1.198308838584901892e+01
-1.198308838584901892e+01
-1.198299775337985906e+01
-1.198299775337985906e+01
-1.198299775337985906e+01
-1.198299775337985906e+01
-1.198299775337985906e+01
-1.198287233495245019e+01
-1.198295631487310331e+01
-1.198295631487310331e+01
-1.198289341691575238e+01
-1.198289341691575238e+01
-1.198289341691575238e+01
-1.198289341691575238e+01
-1.198289341691575238e+01
-1.198289341691575238e+01
-1.198289341691575238e+01
-1.198289341691575238e+01
-1.198289341691575238e+01
-1.198280803973716147e+01
-1.198280803973716147e+01
-1.198280803973716147e+01
-1.198280803973716147e+01
-1.198280803973716147e+01
-1.198280803973716147e+01
-1.198280803973716147e+01
-1.198280803973716147e+01
-1.198277601185511898e+01
-1.198277601185511898e+01
-1.198298347036958589e+01
-1.198316238067196160e+01
-1.198316238067196160e+01
-1.198316238067196160e+01
-1.198316238067196160e+01
-1.198316238067196160e+01
-1.198306271077997032e+01
-1.198306271077997032e+01
-1.198306271077997032e+01
-1.198306271077997032e+01
-1.198306271077997032e+01
-1.198306271077997032e+01
-1.198306271077997032e+01
