9.100000000000000000e+01 -inf
9.400000000000000000e+01 -inf
9.600000000000000000e+01 -inf
9.800000000000000000e+01 -inf
1.000000000000000000e+02 -inf
1.020000000000000000e+02 -inf
1.040000000000000000e+02 -inf
1.060000000000000000e+02 -inf
1.080000000000000000e+02 -inf
1.100000000000000000e+02 -inf
1.140000000000000000e+02 -inf
1.180000000000000000e+02 -inf
1.210000000000000000e+02 -inf
1.250000000000000000e+02 -inf
1.270000000000000000e+02 -inf
1.280000000000000000e+02 -inf
1.310000000000000000e+02 -inf
1.320000000000000000e+02 -inf
1.340000000000000000e+02 -inf
1.370000000000000000e+02 -inf
1.400000000000000000e+02 -inf
1.430000000000000000e+02 -inf
1.470000000000000000e+02 -inf
1.510000000000000000e+02 -inf
1.550000000000000000e+02 -inf
1.590000000000000000e+02 -inf
1.620000000000000000e+02 -inf
1.660000000000000000e+02 -inf
1.700000000000000000e+02 -inf
1.730000000000000000e+02 -inf
1.770000000000000000e+02 -inf
1.800000000000000000e+02 -inf
1.820000000000000000e+02 -inf
1.860000000000000000e+02 -inf
1.910000000000000000e+02 -inf
1.940000000000000000e+02 -inf
1.980000000000000000e+02 -inf
2.020000000000000000e+02 -inf
2.050000000000000000e+02 -inf
2.100000000000000000e+02 -inf
2.160000000000000000e+02 -inf
2.200000000000000000e+02 -inf
2.230000000000000000e+02 -inf
2.270000000000000000e+02 -inf
2.300000000000000000e+02 2.457910560004633282e+01
2.340000000000000000e+02 2.493892154991151244e+01
2.400000000000000000e+02 2.528629780715984054e+01
2.460000000000000000e+02 2.564864109365493761e+01
2.520000000000000000e+02 2.596353747752141317e+01
2.570000000000000000e+02 2.615106618578987963e+01
2.600000000000000000e+02 2.634988335541687476e+01
2.640000000000000000e+02 2.653375372995187575e+01
2.690000000000000000e+02 2.674100930308438251e+01
2.740000000000000000e+02 2.696176389463539635e+01
2.790000000000000000e+02 2.717427305158091855e+01
2.840000000000000000e+02 2.741368914405916968e+01
2.900000000000000000e+02 2.764516716777180960e+01
2.960000000000000000e+02 2.787038386022274494e+01
3.010000000000000000e+02 2.804452800412568791e+01
3.080000000000000000e+02 2.827017127494631410e+01
3.180000000000000000e+02 2.863134643411995128e+01
3.280000000000000000e+02 2.892935100782076674e+01
3.380000000000000000e+02 2.922728054798526642e+01
3.480000000000000000e+02 2.949795687184149884e+01
3.570000000000000000e+02 2.982360606862634711e+01
3.660000000000000000e+02 3.005720387865090970e+01
3.750000000000000000e+02 3.024556450381930262e+01
3.850000000000000000e+02 3.046295980483755983e+01
3.950000000000000000e+02 3.067332233431446298e+01
4.050000000000000000e+02 3.085889029614691736e+01
4.140000000000000000e+02 3.102601532999538136e+01
4.220000000000000000e+02 3.115622771982636863e+01
4.300000000000000000e+02 3.129295364756795550e+01
4.410000000000000000e+02 3.146755895855824292e+01
4.510000000000000000e+02 3.161649435835200705e+01
4.600000000000000000e+02 3.174087452415070487e+01
4.700000000000000000e+02 3.188154753909235950e+01
4.800000000000000000e+02 3.201154109740789266e+01
4.900000000000000000e+02 3.213904540199990123e+01
5.000000000000000000e+02 3.225932015798364461e+01
5.060000000000000000e+02 3.311472057940117963e+01
5.120000000000000000e+02 3.370427779174130478e+01
5.200000000000000000e+02 3.376149901381612040e+01
5.300000000000000000e+02 3.384421307553103020e+01
5.400000000000000000e+02 3.385920817970129804e+01
5.500000000000000000e+02 3.400470119704328908e+01
5.600000000000000000e+02 3.406634778994990143e+01
5.700000000000000000e+02 3.414121767584902045e+01
5.800000000000000000e+02 3.413256113700867900e+01
5.900000000000000000e+02 3.423750758444042930e+01
6.000000000000000000e+02 3.429056858486460868e+01
6.100000000000000000e+02 3.435411485565414580e+01
6.200000000000000000e+02 3.439819884740315103e+01
6.300000000000000000e+02 3.444497718537623854e+01
6.400000000000000000e+02 3.446353024838660417e+01
6.500000000000000000e+02 3.452118167665706494e+01
6.580000000000000000e+02 3.456217946501512017e+01
6.650000000000000000e+02 3.458776316957708019e+01
6.750000000000000000e+02 3.460252647792810166e+01
6.850000000000000000e+02 3.463205124933562473e+01
6.950000000000000000e+02 3.470255234844702841e+01
7.050000000000000000e+02 3.471941947021662855e+01
7.160000000000000000e+02 3.476717942652932436e+01
7.260000000000000000e+02 3.479158696606829437e+01
7.350000000000000000e+02 3.481327362206756248e+01
7.450000000000000000e+02 3.485919514929348395e+01
7.550000000000000000e+02 3.488931402747977017e+01
7.650000000000000000e+02 3.491889275551348959e+01
7.750000000000000000e+02 3.495008911714884192e+01
7.850000000000000000e+02 3.498007748414336504e+01
7.950000000000000000e+02 3.499963381479720681e+01
8.050000000000000000e+02 3.502234028410899924e+01
8.150000000000000000e+02 3.503908912419257859e+01
8.250000000000000000e+02 3.507202425834618253e+01
8.350000000000000000e+02 3.505297567425858318e+01
8.450000000000000000e+02 3.510265928263599733e+01
8.550000000000000000e+02 3.512051478750270661e+01
8.650000000000000000e+02 3.514618888263657226e+01
8.750000000000000000e+02 3.517284743602081676e+01
8.850000000000000000e+02 3.519980356754405193e+01
8.950000000000000000e+02 3.521943204216810130e+01
9.050000000000000000e+02 3.522807822777572540e+01
9.150000000000000000e+02 3.538460937852908472e+01
9.250000000000000000e+02 3.619989000073233854e+01
9.350000000000000000e+02 3.661945087801332477e+01
9.450000000000000000e+02 3.698115314345275095e+01
9.550000000000000000e+02 3.710162582463937753e+01
9.650000000000000000e+02 3.719271475421784601e+01
9.750000000000000000e+02 3.656435211653416673e+01
9.850000000000000000e+02 3.718523560203685463e+01
9.950000000000000000e+02 3.715319310361550720e+01
1.005000000000000000e+03 3.722159379032535753e+01
1.015000000000000000e+03 3.719283592492639912e+01
1.025000000000000000e+03 3.679195367964109664e+01
1.035000000000000000e+03 3.709909354527320602e+01
1.045000000000000000e+03 3.726204153456495760e+01
1.055000000000000000e+03 3.724115854354973010e+01
1.065000000000000000e+03 3.717671833981246721e+01
1.075000000000000000e+03 3.721714132125494245e+01
1.085000000000000000e+03 3.715583311340013495e+01
1.095000000000000000e+03 3.721582207907565021e+01
1.105000000000000000e+03 3.718794351281341903e+01
1.115000000000000000e+03 3.718207001536939771e+01
1.125000000000000000e+03 3.713165809493783343e+01
1.135000000000000000e+03 3.718221370118803293e+01
1.145000000000000000e+03 3.714630057696252408e+01
1.155000000000000000e+03 3.715699648839138547e+01
1.165000000000000000e+03 3.715764794024447326e+01
1.175000000000000000e+03 3.703473980711412139e+01
1.185000000000000000e+03 3.713328548952255659e+01
1.195000000000000000e+03 3.706818793332941198e+01
1.205000000000000000e+03 3.697975985587132186e+01
1.215000000000000000e+03 3.668845564323388686e+01
1.225000000000000000e+03 3.701057327631277616e+01
1.235000000000000000e+03 3.709675696688415059e+01
1.245000000000000000e+03 3.710947304247630996e+01
1.255000000000000000e+03 3.709459736251501027e+01
1.265000000000000000e+03 3.707334439004603155e+01
1.275000000000000000e+03 3.710237900672830591e+01
1.285000000000000000e+03 3.709951662707658215e+01
1.295000000000000000e+03 3.704254653716444778e+01
1.305000000000000000e+03 3.704195706217062423e+01
1.315000000000000000e+03 3.707963172878456248e+01
1.325000000000000000e+03 3.705956298511113545e+01
1.335000000000000000e+03 3.703166908459159856e+01
1.345000000000000000e+03 3.705273118431446022e+01
1.355000000000000000e+03 3.704784373483294502e+01
1.365000000000000000e+03 3.701843231110102295e+01
1.375000000000000000e+03 3.701702572783474920e+01
1.385000000000000000e+03 3.701623053272963659e+01
1.395000000000000000e+03 3.695488042290536157e+01
1.405000000000000000e+03 3.696614618485369164e+01
1.415000000000000000e+03 3.698363421545279550e+01
1.425000000000000000e+03 3.697467475887285104e+01
1.435000000000000000e+03 3.697532081729629283e+01
1.442000000000000000e+03 3.698240545492198805e+01
1.447000000000000000e+03 3.697846069510741529e+01
1.455000000000000000e+03 3.696925921828189132e+01
1.465000000000000000e+03 3.694683766989489015e+01
1.475000000000000000e+03 3.694168607993580622e+01
1.485000000000000000e+03 3.693714102425594348e+01
1.495000000000000000e+03 3.693242404336294271e+01
1.505000000000000000e+03 3.690946337034215929e+01
1.512000000000000000e+03 3.687448571380731721e+01
1.517000000000000000e+03 3.688748868916628965e+01
1.525000000000000000e+03 3.688618493590885805e+01
1.535000000000000000e+03 3.684137421688908631e+01
1.545000000000000000e+03 3.684831311443657853e+01
1.555000000000000000e+03 3.682731643309731595e+01
1.565000000000000000e+03 3.684062879844035621e+01
1.575000000000000000e+03 3.685296543849369755e+01
1.585000000000000000e+03 3.685450218271761003e+01
1.595000000000000000e+03 3.685633203126492674e+01
1.605000000000000000e+03 3.684286098843173818e+01
1.615000000000000000e+03 3.683647445593371117e+01
1.625000000000000000e+03 3.682642233426359724e+01
1.635000000000000000e+03 3.683732332862353331e+01
1.645000000000000000e+03 3.683160969351550307e+01
1.655000000000000000e+03 3.681802860190746429e+01
1.665000000000000000e+03 3.682911467844413522e+01
1.672000000000000000e+03 3.680299079348353075e+01
1.677000000000000000e+03 3.682731307651864938e+01
1.685000000000000000e+03 3.682605256709575769e+01
1.695000000000000000e+03 3.680879851152133142e+01
1.705000000000000000e+03 3.679341023656813547e+01
1.715000000000000000e+03 3.677544299927342308e+01
1.725000000000000000e+03 3.676932259827937344e+01
1.735000000000000000e+03 3.677905690438133490e+01
1.745000000000000000e+03 3.676844283299842431e+01
1.755000000000000000e+03 3.677711218624840228e+01
1.765000000000000000e+03 3.675484978722997198e+01
1.775000000000000000e+03 3.675147829032346181e+01
1.785000000000000000e+03 3.675238922379008955e+01
1.795000000000000000e+03 3.675992793015799975e+01
1.805000000000000000e+03 3.675663042530140956e+01
1.815000000000000000e+03 3.673000056606461783e+01
1.825000000000000000e+03 3.673402517743263473e+01
1.835000000000000000e+03 3.672172380045498841e+01
1.845000000000000000e+03 3.669040386208214954e+01
1.855000000000000000e+03 3.668535892186526581e+01
1.865000000000000000e+03 3.669082230465278371e+01
1.875000000000000000e+03 3.670671281162447741e+01
1.885000000000000000e+03 3.667155529530411684e+01
1.895000000000000000e+03 3.664686433414101430e+01
1.905000000000000000e+03 3.667029534730097851e+01
1.915000000000000000e+03 3.665148208981719335e+01
1.925000000000000000e+03 3.663835222213987208e+01
1.935000000000000000e+03 3.665254853529610557e+01
1.945000000000000000e+03 3.666084001207367749e+01
1.955000000000000000e+03 3.662869597490376350e+01
1.967000000000000000e+03 3.665099257432177637e+01
1.976000000000000000e+03 3.666211004507718485e+01
1.984000000000000000e+03 3.663714452061371674e+01
1.995000000000000000e+03 3.662509628597075562e+01
2.005000000000000000e+03 3.663215547282228357e+01
2.015000000000000000e+03 3.662562144566359734e+01
2.025000000000000000e+03 3.663572840009209131e+01
2.035000000000000000e+03 3.661000627010542274e+01
2.045000000000000000e+03 3.661294897099080003e+01
2.055000000000000000e+03 3.659695338796518627e+01
2.065000000000000000e+03 3.659986123902976374e+01
2.074000000000000000e+03 3.661564295381171519e+01
2.078000000000000000e+03 3.659257722952708036e+01
2.085000000000000000e+03 3.660013196725419959e+01
2.095000000000000000e+03 3.658020008109129151e+01
2.105000000000000000e+03 3.658772236626831642e+01
2.115000000000000000e+03 3.658530085799087317e+01
2.125000000000000000e+03 3.658869334172106136e+01
2.135000000000000000e+03 3.657207712599667104e+01
2.145000000000000000e+03 3.656515925087801122e+01
2.155000000000000000e+03 3.657389800095189969e+01
2.165000000000000000e+03 3.656496043788725103e+01
2.175000000000000000e+03 3.655841335936401748e+01
2.185000000000000000e+03 3.655053173818900802e+01
2.195000000000000000e+03 3.655665322991320920e+01
2.205000000000000000e+03 3.654770680989335574e+01
2.215000000000000000e+03 3.653704158535764179e+01
2.225000000000000000e+03 3.652458702610694274e+01
2.235000000000000000e+03 3.653119258074741538e+01
2.245000000000000000e+03 3.652146298583510031e+01
2.255000000000000000e+03 3.651183408129574559e+01
2.265000000000000000e+03 3.651251858470659073e+01
2.275000000000000000e+03 3.651317526945500447e+01
2.285000000000000000e+03 3.651337161932393371e+01
2.295000000000000000e+03 3.649548836752141767e+01
2.305000000000000000e+03 3.649477298455745711e+01
2.315000000000000000e+03 3.648340247279232074e+01
2.325000000000000000e+03 3.642262157551235191e+01
2.335000000000000000e+03 3.646668821369362234e+01
2.345000000000000000e+03 3.645899405123498838e+01
2.355000000000000000e+03 3.646611803584684708e+01
2.365000000000000000e+03 3.645179120708242237e+01
2.375000000000000000e+03 3.645127129739714178e+01
2.385000000000000000e+03 3.643687351925921547e+01
2.395000000000000000e+03 3.644330623854465045e+01
2.405000000000000000e+03 3.643175958191056196e+01
2.415000000000000000e+03 3.643020362530246103e+01
2.425000000000000000e+03 3.643424591523863398e+01
2.435000000000000000e+03 3.642117773006796710e+01
2.445000000000000000e+03 3.642711789986202575e+01
2.455000000000000000e+03 3.642075344286907068e+01
2.465000000000000000e+03 3.641534412302328150e+01
2.475000000000000000e+03 3.640662759811243632e+01
2.485000000000000000e+03 3.641130298119402653e+01
2.495000000000000000e+03 3.638967676821508235e+01
2.505000000000000000e+03 3.640684928231236483e+01
2.513000000000000000e+03 3.638676980339661782e+01
2.518000000000000000e+03 3.639726737702906689e+01
2.525000000000000000e+03 3.638487950023719009e+01
2.535000000000000000e+03 3.638077495890959767e+01
2.545000000000000000e+03 3.637261515251945099e+01
2.555000000000000000e+03 3.637879142492185736e+01
2.565000000000000000e+03 3.637336225384446209e+01
2.575000000000000000e+03 3.637901989482961795e+01
2.585000000000000000e+03 3.637455901656084478e+01
2.595000000000000000e+03 3.637042664591214702e+01
2.605000000000000000e+03 3.636060447035423238e+01
2.615000000000000000e+03 3.635613135975709298e+01
2.625000000000000000e+03 3.635659127786034617e+01
2.635000000000000000e+03 3.635402106785219445e+01
2.645000000000000000e+03 3.636179804948046268e+01
2.655000000000000000e+03 3.635705701709467519e+01
2.665000000000000000e+03 3.634434752683024783e+01
2.675000000000000000e+03 3.634654900283180012e+01
2.685000000000000000e+03 3.634338109740829026e+01
2.695000000000000000e+03 3.633253330092492206e+01
2.705000000000000000e+03 3.633226208587095130e+01
2.715000000000000000e+03 3.632422273900542109e+01
2.725000000000000000e+03 3.632011966862604169e+01
2.735000000000000000e+03 3.632502053964998368e+01
2.745000000000000000e+03 3.630369754948111449e+01
2.755000000000000000e+03 3.630143871311472026e+01
2.765000000000000000e+03 3.630221786296936415e+01
2.775000000000000000e+03 3.630737298812044855e+01
2.785000000000000000e+03 3.630340882118743195e+01
2.795000000000000000e+03 3.627771016787189495e+01
2.805000000000000000e+03 3.628628906727052339e+01
2.815000000000000000e+03 3.629596513741599040e+01
2.825000000000000000e+03 3.628959849447260666e+01
2.835000000000000000e+03 3.627776609531413499e+01
2.845000000000000000e+03 3.627451381361231597e+01
2.855000000000000000e+03 3.627200854363515248e+01
2.865000000000000000e+03 3.627390258236663101e+01
2.875000000000000000e+03 3.626744425860723453e+01
2.885000000000000000e+03 3.626665181571684826e+01
2.895000000000000000e+03 3.626131669005705760e+01
2.910000000000000000e+03 3.626254001129974824e+01
2.930000000000000000e+03 3.625234096983744791e+01
2.950000000000000000e+03 3.624301199836104104e+01
2.970000000000000000e+03 3.623854471876560268e+01
2.990000000000000000e+03 3.623167267811014369e+01
3.010000000000000000e+03 3.622682764811829514e+01
3.030000000000000000e+03 3.622114732005984195e+01
3.050000000000000000e+03 3.621345668507507298e+01
3.070000000000000000e+03 3.620603199086445301e+01
3.090000000000000000e+03 3.619932618459435503e+01
3.110000000000000000e+03 3.619173373262475479e+01
3.130000000000000000e+03 3.618426277877568253e+01
3.150000000000000000e+03 3.617885958951117686e+01
3.170000000000000000e+03 3.617143362860987565e+01
3.190000000000000000e+03 3.615962614716205792e+01
3.210000000000000000e+03 3.615797823299163838e+01
3.230000000000000000e+03 3.615082452242882027e+01
3.250000000000000000e+03 3.614453429673861962e+01
3.270000000000000000e+03 3.613892542551944587e+01
3.290000000000000000e+03 3.613253474186713277e+01
3.310000000000000000e+03 3.612727697439801489e+01
3.330000000000000000e+03 3.612000103097243908e+01
3.350000000000000000e+03 3.611221157370029289e+01
3.370000000000000000e+03 3.610633700079658581e+01
3.390000000000000000e+03 3.609972653336505743e+01
3.410000000000000000e+03 3.609476656204252976e+01
3.430000000000000000e+03 3.608507506761229422e+01
3.450000000000000000e+03 3.607920496912583275e+01
3.470000000000000000e+03 3.607456083453136131e+01
3.490000000000000000e+03 3.606889430693988885e+01
3.510000000000000000e+03 3.606449777768085596e+01
3.530000000000000000e+03 3.605875152624935964e+01
3.550000000000000000e+03 3.605300841781242127e+01
3.570000000000000000e+03 3.604709014860257810e+01
3.590000000000000000e+03 3.603926864257078222e+01
3.610000000000000000e+03 3.603387850827571981e+01
3.630000000000000000e+03 3.602802580464565096e+01
3.640000000000000000e+03 3.602697721671065523e+01
3.650000000000000000e+03 3.602450905980838058e+01
3.670000000000000000e+03 3.600754463257587190e+01
3.690000000000000000e+03 3.601343291120284107e+01
3.710000000000000000e+03 3.607313292504052527e+01
3.730000000000000000e+03 3.608013538211972815e+01
3.750000000000000000e+03 3.614132759322006905e+01
3.770000000000000000e+03 3.614172302950860427e+01
3.790000000000000000e+03 3.617044014983043354e+01
3.810000000000000000e+03 3.619742921997809049e+01
3.830000000000000000e+03 3.613370727871537014e+01
3.850000000000000000e+03 3.620426355421194131e+01
3.870000000000000000e+03 3.620928014429888719e+01
3.890000000000000000e+03 3.610775065972694620e+01
3.910000000000000000e+03 3.620165465872821642e+01
3.930000000000000000e+03 3.619122007004050090e+01
3.950000000000000000e+03 3.619015426390875945e+01
3.970000000000000000e+03 3.607774104578874841e+01
3.990000000000000000e+03 3.617653465270552005e+01
4.010000000000000000e+03 3.617527826911267397e+01
4.030000000000000000e+03 3.616227689898872200e+01
4.050000000000000000e+03 3.616496443095714142e+01
4.070000000000000000e+03 3.615484963345868863e+01
4.090000000000000000e+03 3.612712537449478134e+01
4.110000000000000000e+03 3.605906574291125821e+01
4.130000000000000000e+03 3.613191975473983319e+01
4.150000000000000000e+03 3.613096293392207059e+01
4.170000000000000000e+03 3.612600176803709218e+01
4.190000000000000000e+03 3.612145795709682261e+01
4.210000000000000000e+03 3.611591076785157384e+01
4.230000000000000000e+03 3.610912843501927227e+01
4.250000000000000000e+03 3.610267104926376192e+01
4.270000000000000000e+03 3.609398748387930311e+01
4.290000000000000000e+03 3.608991172556662264e+01
4.310000000000000000e+03 3.607995957628426709e+01
4.330000000000000000e+03 3.604355150780094164e+01
4.350000000000000000e+03 3.599631450353075479e+01
4.370000000000000000e+03 3.606524793244704341e+01
4.390000000000000000e+03 3.605602355880289878e+01
4.410000000000000000e+03 3.605477759837370400e+01
4.430000000000000000e+03 3.604973018418270669e+01
4.450000000000000000e+03 3.604508438191729169e+01
4.470000000000000000e+03 3.603147828013982235e+01
4.490000000000000000e+03 3.603137039419586074e+01
4.510000000000000000e+03 3.602959933731507647e+01
4.530000000000000000e+03 3.602203224871678344e+01
4.550000000000000000e+03 3.601469704663654170e+01
4.570000000000000000e+03 3.601265050374551890e+01
4.590000000000000000e+03 3.600538450259027456e+01
4.610000000000000000e+03 3.600199671354156550e+01
4.630000000000000000e+03 3.599422217080041264e+01
4.650000000000000000e+03 3.598956388899652126e+01
4.670000000000000000e+03 3.598524953918554559e+01
4.690000000000000000e+03 3.598008881830300965e+01
4.710000000000000000e+03 3.596948982677906770e+01
4.730000000000000000e+03 3.596834412165397055e+01
4.750000000000000000e+03 3.596333473131135605e+01
4.770000000000000000e+03 3.595962853066998122e+01
4.790000000000000000e+03 3.595366948233590421e+01
4.810000000000000000e+03 3.594727238081349441e+01
4.830000000000000000e+03 3.594055715156814301e+01
4.850000000000000000e+03 3.590818503317380816e+01
4.870000000000000000e+03 3.584953875609002694e+01
4.890000000000000000e+03 3.592350161364022654e+01
4.910000000000000000e+03 3.592084906401117905e+01
4.930000000000000000e+03 3.591016458814740275e+01
4.950000000000000000e+03 3.591161470810918388e+01
4.970000000000000000e+03 3.590649171295095954e+01
4.990000000000000000e+03 3.589948937809452900e+01
5.010000000000000000e+03 3.588813772328585827e+01
5.030000000000000000e+03 3.588865515015987739e+01
5.050000000000000000e+03 3.588017326038152532e+01
5.070000000000000000e+03 3.587992355897637964e+01
5.090000000000000000e+03 3.587291438384044540e+01
5.110000000000000000e+03 3.586821551085358806e+01
5.130000000000000000e+03 3.586205346748850786e+01
5.150000000000000000e+03 3.585591368255194311e+01
5.170000000000000000e+03 3.584930537554141239e+01
5.190000000000000000e+03 3.584616754702599906e+01
5.210000000000000000e+03 3.584140380374154233e+01
5.230000000000000000e+03 3.583774541884908871e+01
5.250000000000000000e+03 3.583477753830369750e+01
5.270000000000000000e+03 3.582577743144786098e+01
5.290000000000000000e+03 3.582592328631112366e+01
5.310000000000000000e+03 3.582196092868369419e+01
5.330000000000000000e+03 3.581467678750885852e+01
5.350000000000000000e+03 3.581298731111394318e+01
5.370000000000000000e+03 3.580833408150660091e+01
5.390000000000000000e+03 3.580204743230090969e+01
5.410000000000000000e+03 3.579726209513844282e+01
5.430000000000000000e+03 3.579226418756780248e+01
5.450000000000000000e+03 3.579016160752686915e+01
5.470000000000000000e+03 3.578408837618898986e+01
5.490000000000000000e+03 3.577951835500235944e+01
5.510000000000000000e+03 3.577478688180311650e+01
5.530000000000000000e+03 3.577169140130737190e+01
5.550000000000000000e+03 3.576815041327628819e+01
5.570000000000000000e+03 3.576300039454980606e+01
5.590000000000000000e+03 3.575756027357662248e+01
5.610000000000000000e+03 3.575500109425830431e+01
5.630000000000000000e+03 3.574991178509505119e+01
5.650000000000000000e+03 3.574526995210733560e+01
5.670000000000000000e+03 3.573984278471631626e+01
5.690000000000000000e+03 3.573718604201728510e+01
5.710000000000000000e+03 3.573097220906338123e+01
5.730000000000000000e+03 3.573061251804296035e+01
5.750000000000000000e+03 3.572454385143189626e+01
5.770000000000000000e+03 3.572140639516783267e+01
5.790000000000000000e+03 3.571466171571977100e+01
5.810000000000000000e+03 3.571301007681874751e+01
5.830000000000000000e+03 3.571049311307285024e+01
5.850000000000000000e+03 3.570484001733792923e+01
5.870000000000000000e+03 3.569499748026978381e+01
5.890000000000000000e+03 3.569024759335819397e+01
5.910000000000000000e+03 3.569200143354399302e+01
5.930000000000000000e+03 3.568824259914322283e+01
5.950000000000000000e+03 3.568337317284822774e+01
5.970000000000000000e+03 3.568161654656675807e+01
5.990000000000000000e+03 3.567560232935319675e+01
6.010000000000000000e+03 3.567135118100014068e+01
6.030000000000000000e+03 3.566916742189775391e+01
6.050000000000000000e+03 3.566599777982914077e+01
6.070000000000000000e+03 3.566160955291218926e+01
6.090000000000000000e+03 3.565550435562452947e+01
6.110000000000000000e+03 3.565227128464408679e+01
6.130000000000000000e+03 3.564493532031399781e+01
6.150000000000000000e+03 3.564232258120158292e+01
6.170000000000000000e+03 3.563739238042068536e+01
6.190000000000000000e+03 3.563686887772587397e+01
6.210000000000000000e+03 3.563221800973347797e+01
6.230000000000000000e+03 3.562641602693206977e+01
6.250000000000000000e+03 3.561905453100805374e+01
6.270000000000000000e+03 3.561910461795245197e+01
6.290000000000000000e+03 3.561694813031267870e+01
6.310000000000000000e+03 3.561159730454515682e+01
6.330000000000000000e+03 3.560948161822221891e+01
6.350000000000000000e+03 3.560435066606011389e+01
6.370000000000000000e+03 3.560081118150065294e+01
6.390000000000000000e+03 3.559908566266599905e+01
6.410000000000000000e+03 3.559448360831689229e+01
6.430000000000000000e+03 3.559138552718131621e+01
6.450000000000000000e+03 3.558781856293802548e+01
6.470000000000000000e+03 3.558429128968533917e+01
6.490000000000000000e+03 3.557812252783455875e+01
6.510000000000000000e+03 3.557693666742801497e+01
6.530000000000000000e+03 3.557219617569280956e+01
6.550000000000000000e+03 3.555279041367305126e+01
6.570000000000000000e+03 3.549730924197105963e+01
6.590000000000000000e+03 3.555861574742129960e+01
6.610000000000000000e+03 3.555944633720557135e+01
6.630000000000000000e+03 3.555696848935875209e+01
6.650000000000000000e+03 3.555352509627520163e+01
6.670000000000000000e+03 3.554702184588487768e+01
6.690000000000000000e+03 3.554629380604431788e+01
6.710000000000000000e+03 3.554110789053624586e+01
6.730000000000000000e+03 3.554103889337085320e+01
6.750000000000000000e+03 3.553593687677665258e+01
6.770000000000000000e+03 3.553327216223802765e+01
6.790000000000000000e+03 3.552920559187329985e+01
6.810000000000000000e+03 3.552615173023535533e+01
6.830000000000000000e+03 3.552382258535799764e+01
6.850000000000000000e+03 3.551812991960366617e+01
6.870000000000000000e+03 3.551592871927353201e+01
6.890000000000000000e+03 3.551451605633215536e+01
6.910000000000000000e+03 3.551044279816947835e+01
6.930000000000000000e+03 3.550569031357889571e+01
6.950000000000000000e+03 3.550071406680611830e+01
6.970000000000000000e+03 3.549891535991122282e+01
6.990000000000000000e+03 3.549434966092491095e+01
7.010000000000000000e+03 3.548938329842147255e+01
7.030000000000000000e+03 3.548828640389803013e+01
7.050000000000000000e+03 3.548649882040833603e+01
7.070000000000000000e+03 3.547882576865566051e+01
7.090000000000000000e+03 3.547740066101030720e+01
7.110000000000000000e+03 3.547172626428577047e+01
7.130000000000000000e+03 3.546718709105949330e+01
7.150000000000000000e+03 3.546485933545817204e+01
7.170000000000000000e+03 3.546355107220784930e+01
7.190000000000000000e+03 3.545739056961016189e+01
7.210000000000000000e+03 3.545669432179283831e+01
7.230000000000000000e+03 3.545520148983575126e+01
7.250000000000000000e+03 3.545234653081835319e+01
7.270000000000000000e+03 3.544920100169588295e+01
7.290000000000000000e+03 3.544278218175255546e+01
7.310000000000000000e+03 3.544216773497689843e+01
7.330000000000000000e+03 3.543951165770042877e+01
7.350000000000000000e+03 3.543603204753958380e+01
7.370000000000000000e+03 3.543600825956127665e+01
7.390000000000000000e+03 3.543099824572475143e+01
7.410000000000000000e+03 3.542644970652192171e+01
7.430000000000000000e+03 3.542546827741179527e+01
7.450000000000000000e+03 3.542308161196869776e+01
7.470000000000000000e+03 3.541990930118124936e+01
7.490000000000000000e+03 3.541636111687231647e+01
7.510000000000000000e+03 3.541519364251129076e+01
7.530000000000000000e+03 3.541343364500032465e+01
7.550000000000000000e+03 3.541139754272010265e+01
7.570000000000000000e+03 3.540779489061191754e+01
7.590000000000000000e+03 3.540402409732244848e+01
7.610000000000000000e+03 3.540193218673620379e+01
7.630000000000000000e+03 3.539924356540180383e+01
7.650000000000000000e+03 3.539688083221923875e+01
7.670000000000000000e+03 3.539046039890386908e+01
7.690000000000000000e+03 3.539137277098527790e+01
7.710000000000000000e+03 3.538551578205206027e+01
7.730000000000000000e+03 3.538363177998375164e+01
7.750000000000000000e+03 3.538020263334570359e+01
7.770000000000000000e+03 3.537741950365190746e+01
7.790000000000000000e+03 3.537711570053889432e+01
7.810000000000000000e+03 3.537474168212330028e+01
7.830000000000000000e+03 3.537080434289068620e+01
7.850000000000000000e+03 3.536648800136336490e+01
7.870000000000000000e+03 3.536396179382342808e+01
7.890000000000000000e+03 3.535619357447242095e+01
7.910000000000000000e+03 3.535078216728413736e+01
7.930000000000000000e+03 3.534932924998655324e+01
7.950000000000000000e+03 3.534387859930855313e+01
7.970000000000000000e+03 3.534692004374554131e+01
7.990000000000000000e+03 3.534314218611845604e+01
8.010000000000000000e+03 3.534533670008352857e+01
8.030000000000000000e+03 3.534304393036595826e+01
8.050000000000000000e+03 3.533923414979526001e+01
8.070000000000000000e+03 3.533605454081106956e+01
8.090000000000000000e+03 3.533128729436066351e+01
8.110000000000000000e+03 3.532893811204032630e+01
8.130000000000000000e+03 3.532809741112157553e+01
8.150000000000000000e+03 3.532548396028320070e+01
8.170000000000000000e+03 3.532312317364809928e+01
8.190000000000000000e+03 3.531849314004661267e+01
8.210000000000000000e+03 3.531521975701696192e+01
8.230000000000000000e+03 3.531466855832778151e+01
8.250000000000000000e+03 3.531307686464460005e+01
8.270000000000000000e+03 3.531126598439637121e+01
8.290000000000000000e+03 3.530621634744168347e+01
8.310000000000000000e+03 3.529780616933031467e+01
8.330000000000000000e+03 3.529227892447493531e+01
8.350000000000000000e+03 3.529026453089436188e+01
8.370000000000000000e+03 3.528499694180461432e+01
8.390000000000000000e+03 3.528077946413399957e+01
8.410000000000000000e+03 3.528520896409652607e+01
8.430000000000000000e+03 3.528703683630544674e+01
8.450000000000000000e+03 3.528985945512897615e+01
8.470000000000000000e+03 3.527377371530715777e+01
8.490000000000000000e+03 3.529825202737171708e+01
8.510000000000000000e+03 3.526274963138267537e+01
8.530000000000000000e+03 3.529863548772400605e+01
8.550000000000000000e+03 3.523599600258977915e+01
8.570000000000000000e+03 3.530234641218962821e+01
8.590000000000000000e+03 3.527716042347586267e+01
8.610000000000000000e+03 3.526902343950439445e+01
8.630000000000000000e+03 3.529755709631238147e+01
8.650000000000000000e+03 3.528720699287819684e+01
8.670000000000000000e+03 3.522073187436400588e+01
8.690000000000000000e+03 3.528412507811206922e+01
8.710000000000000000e+03 3.528932275750472058e+01
8.730000000000000000e+03 3.528265763899717911e+01
8.750000000000000000e+03 3.523287129814432461e+01
8.770000000000000000e+03 3.527306183743513657e+01
8.790000000000000000e+03 3.528017077956263847e+01
8.810000000000000000e+03 3.527595965838210645e+01
8.830000000000000000e+03 3.527330051950509926e+01
8.850000000000000000e+03 3.525833781548733015e+01
8.870000000000000000e+03 3.521960150004512258e+01
8.890000000000000000e+03 3.526508121761975900e+01
8.910000000000000000e+03 3.526695959118291768e+01
8.930000000000000000e+03 3.526287190515715508e+01
8.950000000000000000e+03 3.525979725951545163e+01
8.970000000000000000e+03 3.525792349909372092e+01
8.990000000000000000e+03 3.525227555034996385e+01
9.010000000000000000e+03 3.520537205974596873e+01
9.030000000000000000e+03 3.522968271909081750e+01
9.050000000000000000e+03 3.524838698035812001e+01
9.070000000000000000e+03 3.524573844928915634e+01
9.090000000000000000e+03 3.523953912456634896e+01
9.110000000000000000e+03 3.524048777618434514e+01
9.130000000000000000e+03 3.523898354216840545e+01
9.150000000000000000e+03 3.523640327421271934e+01
9.170000000000000000e+03 3.523353119642437292e+01
9.190000000000000000e+03 3.523144143292198294e+01
9.210000000000000000e+03 3.522022995668869072e+01
9.230000000000000000e+03 3.517448520258059830e+01
9.250000000000000000e+03 3.521292554657641460e+01
9.270000000000000000e+03 3.521761283262297582e+01
9.290000000000000000e+03 3.521806618204426798e+01
9.310000000000000000e+03 3.521733723676223349e+01
9.330000000000000000e+03 3.521513043646105245e+01
9.350000000000000000e+03 3.521193254246369264e+01
9.370000000000000000e+03 3.520649832465912255e+01
9.390000000000000000e+03 3.520731630222971376e+01
9.410000000000000000e+03 3.520151875334697422e+01
9.430000000000000000e+03 3.520278286358375652e+01
9.450000000000000000e+03 3.519797150513102935e+01
9.470000000000000000e+03 3.519736946659427446e+01
9.490000000000000000e+03 3.519518986045220998e+01
9.510000000000000000e+03 3.519062541601087446e+01
9.530000000000000000e+03 3.518016642758787782e+01
9.550000000000000000e+03 3.513562417790110715e+01
9.570000000000000000e+03 3.517689603009074517e+01
9.590000000000000000e+03 3.518237672239793312e+01
9.610000000000000000e+03 3.517841974467425814e+01
9.630000000000000000e+03 3.517652202288073937e+01
9.650000000000000000e+03 3.517190040493053971e+01
9.670000000000000000e+03 3.517010306075134451e+01
9.690000000000000000e+03 3.516955797690714292e+01
9.710000000000000000e+03 3.516648423800739209e+01
9.730000000000000000e+03 3.516319940457104565e+01
9.750000000000000000e+03 3.516103485709940202e+01
9.770000000000000000e+03 3.515932125494565952e+01
9.790000000000000000e+03 3.515392100111603924e+01
9.810000000000000000e+03 3.515672940073410757e+01
9.830000000000000000e+03 3.515373481780473952e+01
9.850000000000000000e+03 3.515230344723087796e+01
9.870000000000000000e+03 3.514901390856871899e+01
9.890000000000000000e+03 3.514655333594406983e+01
9.910000000000000000e+03 3.514450988758012784e+01
9.930000000000000000e+03 3.514266672768935962e+01
9.950000000000000000e+03 3.514055307463794264e+01
9.970000000000000000e+03 3.513826553816853959e+01
9.990000000000000000e+03 3.513549220875405865e+01
1.002500000000000000e+04 3.511986546529340814e+01
1.007500000000000000e+04 3.510654631927017988e+01
1.012500000000000000e+04 3.511744114686365492e+01
1.017500000000000000e+04 3.511104325009542748e+01
1.022500000000000000e+04 3.510670055176049686e+01
1.027500000000000000e+04 3.510217868454641632e+01
1.032500000000000000e+04 3.509338502470305343e+01
1.037500000000000000e+04 3.508805609401669301e+01
1.042500000000000000e+04 3.508419995653250112e+01
1.047500000000000000e+04 3.507786835375652856e+01
1.052500000000000000e+04 3.507361134590011886e+01
1.057500000000000000e+04 3.506680746789544401e+01
1.062500000000000000e+04 3.506153333675371186e+01
1.067500000000000000e+04 3.505308658025097657e+01
1.072500000000000000e+04 3.504934609853562222e+01
1.077500000000000000e+04 3.504315205812319078e+01
1.082500000000000000e+04 3.503564185098478134e+01
1.087500000000000000e+04 3.503164821155705511e+01
1.092500000000000000e+04 3.500881812982180463e+01
1.097500000000000000e+04 3.501768510411255875e+01
1.102500000000000000e+04 3.501822630631710354e+01
1.107500000000000000e+04 3.501398101827648190e+01
1.112500000000000000e+04 3.500843991668523358e+01
1.117500000000000000e+04 3.500201065165735059e+01
1.122500000000000000e+04 3.499820571560059079e+01
1.127500000000000000e+04 3.499073885420618524e+01
1.132500000000000000e+04 3.498576753499768444e+01
1.137500000000000000e+04 3.498046785424509864e+01
1.142500000000000000e+04 3.497450699472201308e+01
1.147500000000000000e+04 3.497249042032984789e+01
1.152500000000000000e+04 3.496814399324718181e+01
1.157500000000000000e+04 3.496121433403821754e+01
1.162500000000000000e+04 3.495431148960013701e+01
1.167500000000000000e+04 3.495061975334401438e+01
1.172500000000000000e+04 3.494845068908349361e+01
1.177500000000000000e+04 3.494063152662473470e+01
1.182500000000000000e+04 3.493602783149012225e+01
1.187500000000000000e+04 3.492865145252211789e+01
1.192500000000000000e+04 3.492892822943120734e+01
1.197500000000000000e+04 3.491711029367989028e+01
1.202500000000000000e+04 3.491811788482951329e+01
1.207500000000000000e+04 3.491205752398368389e+01
1.212500000000000000e+04 3.490824346406037648e+01
1.217500000000000000e+04 3.490518332403946289e+01
1.222500000000000000e+04 3.489996073591374426e+01
1.227500000000000000e+04 3.489498390737660571e+01
1.232500000000000000e+04 3.489039364731744541e+01
1.237500000000000000e+04 3.488611275795594935e+01
1.242500000000000000e+04 3.488145192233118763e+01
1.247500000000000000e+04 3.487750641956228037e+01
1.252500000000000000e+04 3.487176119660938411e+01
1.257500000000000000e+04 3.486805563915089579e+01
1.262500000000000000e+04 3.486344994290080024e+01
1.267500000000000000e+04 3.485866499436873767e+01
1.272500000000000000e+04 3.485536770130131146e+01
1.277500000000000000e+04 3.485004706175890021e+01
1.282500000000000000e+04 3.482455266841380848e+01
1.287500000000000000e+04 3.483996940826117594e+01
1.292500000000000000e+04 3.483545389026372163e+01
1.297500000000000000e+04 3.483442611197905592e+01
1.302500000000000000e+04 3.482912210474005832e+01
1.307500000000000000e+04 3.482662677316501743e+01
1.312500000000000000e+04 3.482005518448471548e+01
1.317500000000000000e+04 3.481629500150940260e+01
1.322500000000000000e+04 3.481342279012741869e+01
1.327500000000000000e+04 3.480638324897954305e+01
1.332500000000000000e+04 3.480548112814329187e+01
1.337500000000000000e+04 3.480046227312332263e+01
1.342500000000000000e+04 3.479903523828698297e+01
1.347500000000000000e+04 3.479499329900995264e+01
1.352500000000000000e+04 3.479142801851538991e+01
1.357500000000000000e+04 3.478465217904017948e+01
1.362500000000000000e+04 3.478040150526307883e+01
1.367500000000000000e+04 3.477862682505838166e+01
1.372500000000000000e+04 3.477676056572772723e+01
1.377500000000000000e+04 3.477239288331806222e+01
1.382500000000000000e+04 3.476974617410881052e+01
1.387500000000000000e+04 3.476395567503198691e+01
1.392500000000000000e+04 3.476307596055230675e+01
1.397500000000000000e+04 3.476044535558465043e+01
1.402500000000000000e+04 3.475380048995350535e+01
1.407500000000000000e+04 3.475352837844976506e+01
1.412500000000000000e+04 3.474821340865914010e+01
1.417500000000000000e+04 3.474747384719752574e+01
1.422500000000000000e+04 3.474088763169329752e+01
1.427500000000000000e+04 3.473509684503829931e+01
1.432500000000000000e+04 3.473659395215325674e+01
1.437500000000000000e+04 3.473494377036515601e+01
1.442500000000000000e+04 3.472557033570514307e+01
1.447500000000000000e+04 3.472828426970376370e+01
1.452500000000000000e+04 3.472226577983932572e+01
1.457000000000000000e+04 3.472132177287372201e+01
1.462000000000000000e+04 3.471957826330098840e+01
1.467500000000000000e+04 3.471673408937955685e+01
1.472500000000000000e+04 3.470940389623822142e+01
1.477500000000000000e+04 3.470940869252410721e+01
1.482500000000000000e+04 3.470620198318876248e+01
1.487500000000000000e+04 3.470099987019787591e+01
1.492500000000000000e+04 3.470262103893558958e+01
1.497500000000000000e+04 3.469703055290885629e+01
1.502500000000000000e+04 3.469273873362627825e+01
1.507500000000000000e+04 3.468734110790002489e+01
1.512500000000000000e+04 3.468988033691223904e+01
1.517500000000000000e+04 3.468838172416796795e+01
1.522500000000000000e+04 3.468810803044129187e+01
1.527500000000000000e+04 3.468345642536478124e+01
1.532500000000000000e+04 3.468037556138285282e+01
1.537500000000000000e+04 3.468372309203239467e+01
1.542500000000000000e+04 3.467739488823249161e+01
1.547500000000000000e+04 3.468007749544969442e+01
1.552500000000000000e+04 3.467524140064971760e+01
1.557500000000000000e+04 3.465548345751139436e+01
1.562500000000000000e+04 3.466791382795732090e+01
1.567500000000000000e+04 3.466214269881562160e+01
1.572500000000000000e+04 3.465958728412371670e+01
1.577500000000000000e+04 3.464527296760498132e+01
1.582500000000000000e+04 3.464976582967639018e+01
1.587500000000000000e+04 3.463617720243315290e+01
1.592500000000000000e+04 3.465178885423550526e+01
1.597500000000000000e+04 3.464048788957498459e+01
1.605000000000000000e+04 3.463975651560289748e+01
1.615000000000000000e+04 3.463073771326816086e+01
1.625000000000000000e+04 3.462781891722691796e+01
1.635000000000000000e+04 3.462921600463545957e+01
1.645000000000000000e+04 3.460247207617488385e+01
1.655000000000000000e+04 3.461469403151702551e+01
1.665000000000000000e+04 3.459536490590199520e+01
1.675000000000000000e+04 3.459446154077986790e+01
1.685000000000000000e+04 3.457427910467691134e+01
1.695000000000000000e+04 3.458186146236955949e+01
1.705000000000000000e+04 3.456770682178468235e+01
1.715000000000000000e+04 3.456363719230145648e+01
1.725000000000000000e+04 3.455501178010978691e+01
1.735000000000000000e+04 3.453570895575630573e+01
1.745000000000000000e+04 3.453878648528794315e+01
1.755000000000000000e+04 3.452983329834483328e+01
1.765000000000000000e+04 3.452425054911739721e+01
1.775000000000000000e+04 3.451451031037228745e+01
1.785000000000000000e+04 3.450830511743587437e+01
1.795000000000000000e+04 3.450093083445989350e+01
1.805000000000000000e+04 3.449012271265331719e+01
1.815000000000000000e+04 3.447791433016043072e+01
1.825000000000000000e+04 3.447458039467505841e+01
1.835000000000000000e+04 3.446760801180280254e+01
1.845000000000000000e+04 3.445878610646727225e+01
1.855000000000000000e+04 3.445240925077318650e+01
1.865000000000000000e+04 3.444195346609168951e+01
1.875000000000000000e+04 3.442733477897058947e+01
1.885000000000000000e+04 3.442867757678577334e+01
1.895000000000000000e+04 3.441456752717296297e+01
1.905000000000000000e+04 3.441511945033300179e+01
1.915000000000000000e+04 3.440632907718672584e+01
1.925000000000000000e+04 3.439953277013709965e+01
1.935000000000000000e+04 3.438866235087678547e+01
1.945000000000000000e+04 3.437440874287307935e+01
1.955000000000000000e+04 3.437558916630470662e+01
1.965000000000000000e+04 3.436808334924575092e+01
1.975000000000000000e+04 3.435956435475610959e+01
1.985000000000000000e+04 3.435299025355907787e+01
1.995000000000000000e+04 3.434570097950158640e+01
2.005000000000000000e+04 3.434187006002537146e+01
2.015000000000000000e+04 3.433530624698009603e+01
2.025000000000000000e+04 3.432433886751145025e+01
2.035000000000000000e+04 3.431693732177082268e+01
2.045000000000000000e+04 3.431370774165034021e+01
2.055000000000000000e+04 3.430573158247312904e+01
2.065000000000000000e+04 3.429717717328286142e+01
2.075000000000000000e+04 3.429078086632699751e+01
2.085000000000000000e+04 3.428359986827818773e+01
2.095000000000000000e+04 3.427479003701699867e+01
2.105000000000000000e+04 3.427083432254602258e+01
2.115000000000000000e+04 3.426230623067369407e+01
2.125000000000000000e+04 3.425543746942524592e+01
2.135000000000000000e+04 3.425061463507724824e+01
2.145000000000000000e+04 3.424342142766847985e+01
2.155000000000000000e+04 3.423623723651791551e+01
2.165000000000000000e+04 3.422211861608835193e+01
2.175000000000000000e+04 3.422015521819398032e+01
2.185000000000000000e+04 3.421434717207206688e+01
2.195000000000000000e+04 3.420863581125269093e+01
2.205000000000000000e+04 3.419852596652664545e+01
2.215000000000000000e+04 3.419585745378277153e+01
2.225000000000000000e+04 3.418528523264669161e+01
2.235000000000000000e+04 3.417988915234866454e+01
2.245000000000000000e+04 3.417393621997238284e+01
2.255000000000000000e+04 3.416793179032892880e+01
2.265000000000000000e+04 3.415988202209267399e+01
2.275000000000000000e+04 3.415550421818007720e+01
2.285000000000000000e+04 3.414681043212769396e+01
2.295000000000000000e+04 3.408665114581251032e+01
2.305000000000000000e+04 3.411164927479857312e+01
2.315000000000000000e+04 3.410554180194569085e+01
2.325000000000000000e+04 3.405118700649062902e+01
2.335000000000000000e+04 3.407635972334418284e+01
2.345000000000000000e+04 3.406593784876226749e+01
2.355000000000000000e+04 3.401414033282831895e+01
2.365000000000000000e+04 3.404484340374702356e+01
2.375000000000000000e+04 3.403299940829040793e+01
2.385000000000000000e+04 3.399144314903008990e+01
2.395000000000000000e+04 3.401643829586386403e+01
2.405000000000000000e+04 3.401224366913048414e+01
2.415000000000000000e+04 3.397450376408893646e+01
2.425000000000000000e+04 3.399582614175399442e+01
2.435000000000000000e+04 3.399145852949795454e+01
2.445000000000000000e+04 3.396692382421798584e+01
2.455000000000000000e+04 3.396762891921845551e+01
2.465000000000000000e+04 3.397706418126276873e+01
2.475000000000000000e+04 3.396279337417323774e+01
2.485000000000000000e+04 3.394471419325537198e+01
2.495000000000000000e+04 3.395233640503191452e+01
2.505000000000000000e+04 3.396428158697518285e+01
2.515000000000000000e+04 3.392881759769823447e+01
2.525000000000000000e+04 3.393841003690229741e+01
2.535000000000000000e+04 3.394168586932068621e+01
2.545000000000000000e+04 3.393185864227189086e+01
2.555000000000000000e+04 3.392280278114944991e+01
2.565000000000000000e+04 3.391955492810022577e+01
2.575000000000000000e+04 3.392352337896411285e+01
2.585000000000000000e+04 3.390261465632372762e+01
2.595000000000000000e+04 3.390567038479419892e+01
2.605000000000000000e+04 3.390729658306045025e+01
2.615000000000000000e+04 3.389254305283151325e+01
2.625000000000000000e+04 3.388509028769706788e+01
2.635000000000000000e+04 3.389162596998060195e+01
2.645000000000000000e+04 3.388916101351106391e+01
2.655000000000000000e+04 3.387927482538114532e+01
2.665000000000000000e+04 3.387106206109582729e+01
2.675000000000000000e+04 3.387385010905274640e+01
2.685000000000000000e+04 3.387134270725199769e+01
2.695000000000000000e+04 3.385937419521235370e+01
2.705000000000000000e+04 3.386119091984790686e+01
2.715000000000000000e+04 3.385612459862881707e+01
2.725000000000000000e+04 3.385423980140477340e+01
2.735000000000000000e+04 3.384145236762365982e+01
2.745000000000000000e+04 3.384210836981984727e+01
2.755000000000000000e+04 3.383622703210504312e+01
2.765000000000000000e+04 3.383141753870462765e+01
2.775000000000000000e+04 3.382448542452824114e+01
2.785000000000000000e+04 3.382364280051002936e+01
2.795000000000000000e+04 3.382143937197363215e+01
2.805000000000000000e+04 3.381567735058273882e+01
2.815000000000000000e+04 3.380772896042034859e+01
2.825000000000000000e+04 3.380490525515850209e+01
2.835000000000000000e+04 3.380170690236607811e+01
2.845000000000000000e+04 3.379613215508845059e+01
2.855000000000000000e+04 3.379036441759056686e+01
2.865000000000000000e+04 3.378479698794066621e+01
2.875000000000000000e+04 3.377600487260765050e+01
2.885000000000000000e+04 3.377594064562969578e+01
2.895000000000000000e+04 3.377093532047946667e+01
2.905000000000000000e+04 3.376558203304733041e+01
2.915000000000000000e+04 3.376147254105253381e+01
2.925000000000000000e+04 3.375398126877264104e+01
2.935000000000000000e+04 3.375215639170023962e+01
2.945000000000000000e+04 3.374526466288804016e+01
2.955000000000000000e+04 3.374022225365829541e+01
2.965000000000000000e+04 3.373647449662901465e+01
2.975000000000000000e+04 3.373134024894432059e+01
2.985000000000000000e+04 3.372563493111194788e+01
2.995000000000000000e+04 3.372049969920877288e+01
3.005000000000000000e+04 3.371516441657083618e+01
3.015000000000000000e+04 3.371088931707794245e+01
3.025000000000000000e+04 3.370481072197444661e+01
3.035000000000000000e+04 3.369429797541213389e+01
3.045000000000000000e+04 3.369296052122245300e+01
3.055000000000000000e+04 3.368892214388652917e+01
3.065000000000000000e+04 3.368378971138844236e+01
3.075000000000000000e+04 3.367928973081191657e+01
3.085000000000000000e+04 3.367319329184904575e+01
3.095000000000000000e+04 3.366800606282345143e+01
3.105000000000000000e+04 3.366401883353553615e+01
3.115000000000000000e+04 3.365669446193266623e+01
3.125000000000000000e+04 3.365306423005534242e+01
3.135000000000000000e+04 3.364826323561796073e+01
3.145000000000000000e+04 3.364295740601806273e+01
3.155000000000000000e+04 3.363710129299153806e+01
3.165000000000000000e+04 3.363199965630136745e+01
3.175000000000000000e+04 3.362749351897103622e+01
3.185000000000000000e+04 3.362223120677311528e+01
3.195000000000000000e+04 3.361757505966839688e+01
3.210000000000000000e+04 3.360954344074686162e+01
3.230000000000000000e+04 3.359916619564766904e+01
3.250000000000000000e+04 3.358898637334677062e+01
3.270000000000000000e+04 3.357881075437516927e+01
3.290000000000000000e+04 3.356505522183454104e+01
3.310000000000000000e+04 3.355793166334409250e+01
3.330000000000000000e+04 3.354782702245148585e+01
3.350000000000000000e+04 3.353892407954571553e+01
3.370000000000000000e+04 3.352884771187182622e+01
3.390000000000000000e+04 3.351839160245107507e+01
3.410000000000000000e+04 3.350860135410582785e+01
3.430000000000000000e+04 3.350008796124325272e+01
3.450000000000000000e+04 3.349065226844833632e+01
3.470000000000000000e+04 3.348107873283171898e+01
3.490000000000000000e+04 3.347180547399059947e+01
3.510000000000000000e+04 3.346265819334797698e+01
3.530000000000000000e+04 3.345245189967367594e+01
3.550000000000000000e+04 3.344368247471530964e+01
3.570000000000000000e+04 3.343391457770445641e+01
3.590000000000000000e+04 3.342561770188206793e+01
3.610000000000000000e+04 3.341622572858886286e+01
3.630000000000000000e+04 3.340828923785373661e+01
3.650000000000000000e+04 3.339696570690588828e+01
3.670000000000000000e+04 3.338915735993386136e+01
3.690000000000000000e+04 3.337745912410092330e+01
3.710000000000000000e+04 3.336974557727279489e+01
3.730000000000000000e+04 3.336118417657792179e+01
3.750000000000000000e+04 3.334813049546242780e+01
3.770000000000000000e+04 3.334481908553316742e+01
3.790000000000000000e+04 3.333600805177107418e+01
3.810000000000000000e+04 3.332660925819095610e+01
3.830000000000000000e+04 3.331896962085022551e+01
3.850000000000000000e+04 3.331150536001560170e+01
3.870000000000000000e+04 3.330170863036384077e+01
3.890000000000000000e+04 3.329382485918323908e+01
3.910000000000000000e+04 3.328356075724435925e+01
3.930000000000000000e+04 3.327733339510560029e+01
3.950000000000000000e+04 3.326782397583637874e+01
3.970000000000000000e+04 3.326031942005054276e+01
3.990000000000000000e+04 3.324991788355971778e+01
4.010000000000000000e+04 3.324190326793835482e+01
4.030000000000000000e+04 3.323383217719215565e+01
4.050000000000000000e+04 3.322426195356297285e+01
4.070000000000000000e+04 3.321898927783231414e+01
4.090000000000000000e+04 3.321100353097456548e+01
4.110000000000000000e+04 3.320339326305263228e+01
4.130000000000000000e+04 3.319551675476499497e+01
4.150000000000000000e+04 3.318711635607301247e+01
4.170000000000000000e+04 3.317621441232894597e+01
4.190000000000000000e+04 3.317050463974260310e+01
4.210000000000000000e+04 3.316210999783797320e+01
4.230000000000000000e+04 3.315622997723028931e+01
4.250000000000000000e+04 3.314706802432330335e+01
4.270000000000000000e+04 3.314020639290261983e+01
4.290000000000000000e+04 3.311090783592051423e+01
4.310000000000000000e+04 3.308479927106938590e+01
4.330000000000000000e+04 3.309025186641696337e+01
4.350000000000000000e+04 3.306197473293671152e+01
4.370000000000000000e+04 3.304702891364750172e+01
4.390000000000000000e+04 3.303644387819281292e+01
4.410000000000000000e+04 3.300719374105602100e+01
4.430000000000000000e+04 3.300544847708008689e+01
4.450000000000000000e+04 3.299287232860676511e+01
4.470000000000000000e+04 3.296943183117357989e+01
4.490000000000000000e+04 3.297727386124889648e+01
4.510000000000000000e+04 3.296108191678514743e+01
4.530000000000000000e+04 3.294361291988537488e+01
4.550000000000000000e+04 3.294717992091683101e+01
4.570000000000000000e+04 3.293966226663805230e+01
4.590000000000000000e+04 3.291794860275629730e+01
4.610000000000000000e+04 3.292660762266953611e+01
4.630000000000000000e+04 3.291402212542512729e+01
4.650000000000000000e+04 3.290683085753273929e+01
4.670000000000000000e+04 3.290443240095712696e+01
4.690000000000000000e+04 3.289828896192352659e+01
4.710000000000000000e+04 3.288795269903091878e+01
4.730000000000000000e+04 3.289250869054725968e+01
4.750000000000000000e+04 3.288202373564203640e+01
4.770000000000000000e+04 3.287635206660210940e+01
4.790000000000000000e+04 3.287008133048269798e+01
4.810000000000000000e+04 3.285835611086677943e+01
4.830000000000000000e+04 3.286427451025664936e+01
4.850000000000000000e+04 3.285454634493031278e+01
4.870000000000000000e+04 3.284416703062007770e+01
4.890000000000000000e+04 3.284096341435721911e+01
4.910000000000000000e+04 3.283336977117378552e+01
4.930000000000000000e+04 3.282749316981850285e+01
4.950000000000000000e+04 3.281928334931095037e+01
4.970000000000000000e+04 3.281919625156631071e+01
4.990000000000000000e+04 3.281122422082991363e+01
5.010000000000000000e+04 3.280822664299650171e+01
5.030000000000000000e+04 3.280238038249825649e+01
5.050000000000000000e+04 3.279070473974567790e+01
5.070000000000000000e+04 3.278793350078315427e+01
5.090000000000000000e+04 3.278317970082916588e+01
5.110000000000000000e+04 3.277449392001868489e+01
5.130000000000000000e+04 3.276737031968274039e+01
5.150000000000000000e+04 3.276286551902758504e+01
5.170000000000000000e+04 3.276475973767371386e+01
5.190000000000000000e+04 3.275490125560099131e+01
5.210000000000000000e+04 3.274944803460832787e+01
5.230000000000000000e+04 3.274291771767026660e+01
5.250000000000000000e+04 3.274048414715260691e+01
5.270000000000000000e+04 3.274184631735198536e+01
5.290000000000000000e+04 3.272753578901656368e+01
5.310000000000000000e+04 3.272042460542772346e+01
5.330000000000000000e+04 3.271934669580691946e+01
5.350000000000000000e+04 3.271365542077404598e+01
5.370000000000000000e+04 3.270880369933315990e+01
5.390000000000000000e+04 3.270455247855960579e+01
5.410000000000000000e+04 3.269962928729384544e+01
5.430000000000000000e+04 3.269106921440305769e+01
5.450000000000000000e+04 3.269104781822449013e+01
5.470000000000000000e+04 3.268142871117433401e+01
5.490000000000000000e+04 3.267918786754825788e+01
5.510000000000000000e+04 3.267054578970121526e+01
5.530000000000000000e+04 3.267660205035540599e+01
5.550000000000000000e+04 3.266164354096313360e+01
5.570000000000000000e+04 3.266288825115812244e+01
5.590000000000000000e+04 3.265435443484250300e+01
5.610000000000000000e+04 3.265371423943489049e+01
5.630000000000000000e+04 3.264297605430139981e+01
5.650000000000000000e+04 3.264280811616005451e+01
5.670000000000000000e+04 3.263680661390596782e+01
5.690000000000000000e+04 3.262746731994688076e+01
5.710000000000000000e+04 3.262766790483193091e+01
5.730000000000000000e+04 3.262278719925382831e+01
5.750000000000000000e+04 3.261720162690053826e+01
5.770000000000000000e+04 3.261152684987765582e+01
5.790000000000000000e+04 3.260948349463127727e+01
5.810000000000000000e+04 3.260276487007807589e+01
5.830000000000000000e+04 3.259822537635673712e+01
5.850000000000000000e+04 3.259343051254713686e+01
5.870000000000000000e+04 3.258590297622316712e+01
5.890000000000000000e+04 3.258203021511628350e+01
5.910000000000000000e+04 3.257432734341186631e+01
5.930000000000000000e+04 3.257353922096842069e+01
5.950000000000000000e+04 3.256688152054578467e+01
5.970000000000000000e+04 3.256441419593606668e+01
5.990000000000000000e+04 3.255937888426092286e+01
6.010000000000000000e+04 3.255459150361745202e+01
6.030000000000000000e+04 3.254943067409701740e+01
6.050000000000000000e+04 3.254225163752091987e+01
6.070000000000000000e+04 3.253804915870761505e+01
6.090000000000000000e+04 3.253267095490384975e+01
6.110000000000000000e+04 3.252698505624201886e+01
6.130000000000000000e+04 3.252334856388578999e+01
6.150000000000000000e+04 3.251927327715171145e+01
6.170000000000000000e+04 3.251624970002930581e+01
6.190000000000000000e+04 3.251038487338846039e+01
6.210000000000000000e+04 3.250675422608146903e+01
6.230000000000000000e+04 3.250023269273178528e+01
6.250000000000000000e+04 3.249373691631825523e+01
6.270000000000000000e+04 3.248927173861967077e+01
6.290000000000000000e+04 3.248457139382267655e+01
6.310000000000000000e+04 3.247978645991067737e+01
6.330000000000000000e+04 3.247650891412999385e+01
6.350000000000000000e+04 3.247061316131804176e+01
6.370000000000000000e+04 3.246793137146547537e+01
6.390000000000000000e+04 3.246024317273278825e+01
6.420000000000000000e+04 3.245445440038552931e+01
6.460000000000000000e+04 3.244392661616477369e+01
6.500000000000000000e+04 3.243479847335937905e+01
6.540000000000000000e+04 3.242475202213333318e+01
6.580000000000000000e+04 3.241597765964712607e+01
6.620000000000000000e+04 3.240579435727751445e+01
6.660000000000000000e+04 3.239648252441594423e+01
6.700000000000000000e+04 3.238736528575030604e+01
6.740000000000000000e+04 3.237735939852168343e+01
6.780000000000000000e+04 3.236800760182288172e+01
6.820000000000000000e+04 3.235852255079861095e+01
6.860000000000000000e+04 3.234966281548724965e+01
6.900000000000000000e+04 3.233973832231156820e+01
6.940000000000000000e+04 3.233062447260932259e+01
6.980000000000000000e+04 3.232129823862240414e+01
7.020000000000000000e+04 3.231193052567225976e+01
7.060000000000000000e+04 3.230308769924677392e+01
7.100000000000000000e+04 3.229378313447331550e+01
7.140000000000000000e+04 3.228480570161754315e+01
7.180000000000000000e+04 3.227548443184603855e+01
7.220000000000000000e+04 3.226659083022149588e+01
7.260000000000000000e+04 3.225746356852721419e+01
7.300000000000000000e+04 3.224857150711432041e+01
7.340000000000000000e+04 3.223955448806786706e+01
7.380000000000000000e+04 3.223078529871040132e+01
7.420000000000000000e+04 3.222172897266478486e+01
7.460000000000000000e+04 3.221105391604524470e+01
7.500000000000000000e+04 3.220229877988788303e+01
7.540000000000000000e+04 3.219528938795521356e+01
7.580000000000000000e+04 3.218701531177569564e+01
7.620000000000000000e+04 3.217835721465701226e+01
7.660000000000000000e+04 3.216986269299781753e+01
7.700000000000000000e+04 3.216125053044125082e+01
7.740000000000000000e+04 3.215284523884591295e+01
7.780000000000000000e+04 3.214430034769988254e+01
7.820000000000000000e+04 3.213596606922509835e+01
7.860000000000000000e+04 3.212767735802093227e+01
7.900000000000000000e+04 3.211929710488075074e+01
7.940000000000000000e+04 3.211112020490897123e+01
7.980000000000000000e+04 3.210283735055809728e+01
8.020000000000000000e+04 3.209462937762098989e+01
8.060000000000000000e+04 3.208648747024705017e+01
8.100000000000000000e+04 3.207859767557808084e+01
8.140000000000000000e+04 3.207042377909944264e+01
8.180000000000000000e+04 3.206234247152880812e+01
8.220000000000000000e+04 3.205452688322220922e+01
8.260000000000000000e+04 3.204662907521890247e+01
8.300000000000000000e+04 3.203862204523315427e+01
8.340000000000000000e+04 3.203089728564028604e+01
8.380000000000000000e+04 3.202310065736936906e+01
8.420000000000000000e+04 3.201540280493068735e+01
8.460000000000000000e+04 3.200762487040796600e+01
8.500000000000000000e+04 3.200017220504295778e+01
8.540000000000000000e+04 3.199263447788906944e+01
8.580000000000000000e+04 3.198500071463102756e+01
8.620000000000000000e+04 3.197751371616509886e+01
8.660000000000000000e+04 3.197016513934701010e+01
8.700000000000000000e+04 3.196273907284365379e+01
8.740000000000000000e+04 3.195522252684248343e+01
8.780000000000000000e+04 3.194786054362282357e+01
8.820000000000000000e+04 3.194042300969730519e+01
8.860000000000000000e+04 3.193337561966149707e+01
8.900000000000000000e+04 3.192600270850499911e+01
8.940000000000000000e+04 3.191905876266918085e+01
8.980000000000000000e+04 3.191178692764768954e+01
9.020000000000000000e+04 3.190470196378684875e+01
9.060000000000000000e+04 3.189753732403532283e+01
9.100000000000000000e+04 3.189030260007746520e+01
9.140000000000000000e+04 3.188353405728292955e+01
9.180000000000000000e+04 3.187669655229450072e+01
9.220000000000000000e+04 3.186978903398928509e+01
9.260000000000000000e+04 3.186281993938256463e+01
9.300000000000000000e+04 3.185606104147607809e+01
9.340000000000000000e+04 3.184916626215130009e+01
9.380000000000000000e+04 3.184237808778888024e+01
9.420000000000000000e+04 3.183563461494628655e+01
9.460000000000000000e+04 3.182896065060650770e+01
9.500000000000000000e+04 3.182220029866576283e+01
9.540000000000000000e+04 3.181570811275921784e+01
9.580000000000000000e+04 3.180907258950038852e+01
9.620000000000000000e+04 3.180246523740054698e+01
9.660000000000000000e+04 3.179598987646569697e+01
9.700000000000000000e+04 3.178952023988125575e+01
9.740000000000000000e+04 3.178278677582023803e+01
9.780000000000000000e+04 3.177660456703124936e+01
9.820000000000000000e+04 3.177016265851068155e+01
9.860000000000000000e+04 3.176395616095990704e+01
9.900000000000000000e+04 3.175753596118935107e+01
9.940000000000000000e+04 3.175128509728047987e+01
9.980000000000000000e+04 3.174507252782187550e+01
1.002000000000000000e+05 3.173882187445307324e+01
2.000000000000000000e+05 3.090744379717272849e+01
4.000000000000000000e+05 3.065624700401535563e+01
6.000000000000000000e+05 3.058304282391666007e+01
8.000000000000000000e+05 3.051324952703691906e+01
1.000000000000000000e+06 3.043322195726448598e+01
1.200000000000000000e+06 3.033550402083905340e+01
1.400000000000000000e+06 3.021056528423075349e+01
1.600000000000000000e+06 3.003447402517507214e+01
