9.100000000000000000e+01 -inf
9.400000000000000000e+01 -inf
9.600000000000000000e+01 -inf
9.800000000000000000e+01 -inf
1.000000000000000000e+02 -inf
1.020000000000000000e+02 -inf
1.040000000000000000e+02 -inf
1.060000000000000000e+02 -inf
1.080000000000000000e+02 -inf
1.100000000000000000e+02 -inf
1.140000000000000000e+02 -inf
1.180000000000000000e+02 -inf
1.210000000000000000e+02 -inf
1.250000000000000000e+02 -inf
1.270000000000000000e+02 -inf
1.280000000000000000e+02 -inf
1.310000000000000000e+02 -inf
1.320000000000000000e+02 -inf
1.340000000000000000e+02 -inf
1.370000000000000000e+02 -inf
1.400000000000000000e+02 -inf
1.430000000000000000e+02 -inf
1.470000000000000000e+02 -inf
1.510000000000000000e+02 -inf
1.550000000000000000e+02 -inf
1.590000000000000000e+02 -inf
1.620000000000000000e+02 -inf
1.660000000000000000e+02 -inf
1.700000000000000000e+02 -inf
1.730000000000000000e+02 -inf
1.770000000000000000e+02 -inf
1.800000000000000000e+02 -inf
1.820000000000000000e+02 -inf
1.860000000000000000e+02 -inf
1.910000000000000000e+02 -inf
1.940000000000000000e+02 -inf
1.980000000000000000e+02 -inf
2.020000000000000000e+02 -inf
2.050000000000000000e+02 -inf
2.100000000000000000e+02 -inf
2.160000000000000000e+02 -inf
2.200000000000000000e+02 -inf
2.230000000000000000e+02 -inf
2.270000000000000000e+02 -inf
2.300000000000000000e+02 2.457910560004633282e+01
2.340000000000000000e+02 2.493892154991151244e+01
2.400000000000000000e+02 2.528629780715984054e+01
2.460000000000000000e+02 2.564864109365493761e+01
2.520000000000000000e+02 2.596353747752141317e+01
2.570000000000000000e+02 2.615106618578987963e+01
2.600000000000000000e+02 2.634988335541687476e+01
2.640000000000000000e+02 2.653375372995187575e+01
2.690000000000000000e+02 2.674100930308438251e+01
2.740000000000000000e+02 2.696176389463539635e+01
2.790000000000000000e+02 2.717427305158091855e+01
2.840000000000000000e+02 2.741368914405916968e+01
2.900000000000000000e+02 2.764516716777180960e+01
2.960000000000000000e+02 2.787038386022274494e+01
3.010000000000000000e+02 2.804452800412568791e+01
3.080000000000000000e+02 2.827017127494631410e+01
3.180000000000000000e+02 2.863134643411995128e+01
3.280000000000000000e+02 2.892935100782076674e+01
3.380000000000000000e+02 2.922728054798526642e+01
3.480000000000000000e+02 2.949795687184149884e+01
3.570000000000000000e+02 2.982360606862634711e+01
3.660000000000000000e+02 3.005720387865090970e+01
3.750000000000000000e+02 3.024556450381930262e+01
3.850000000000000000e+02 3.046295980483755983e+01
3.950000000000000000e+02 3.067332233431446298e+01
4.050000000000000000e+02 3.085889029614691736e+01
4.140000000000000000e+02 3.102601532999538136e+01
4.220000000000000000e+02 3.115622771982636863e+01
4.300000000000000000e+02 3.129295364756795550e+01
4.410000000000000000e+02 3.146755895855824292e+01
4.510000000000000000e+02 3.161649435835200705e+01
4.600000000000000000e+02 3.174087452415070487e+01
4.700000000000000000e+02 3.188154753909235950e+01
4.800000000000000000e+02 3.201154109740789266e+01
4.900000000000000000e+02 3.213904540199990123e+01
5.000000000000000000e+02 3.225932015798364461e+01
5.060000000000000000e+02 3.311472057940117963e+01
5.120000000000000000e+02 3.370427779174130478e+01
5.200000000000000000e+02 3.376149901381612040e+01
5.300000000000000000e+02 3.384421307553103020e+01
5.400000000000000000e+02 3.385920817970129804e+01
5.500000000000000000e+02 3.400470119704328908e+01
5.600000000000000000e+02 3.406634778994990143e+01
5.700000000000000000e+02 3.414121767584902045e+01
5.800000000000000000e+02 3.413256113700867900e+01
5.900000000000000000e+02 3.423750758444042930e+01
6.000000000000000000e+02 3.429056858486460868e+01
6.100000000000000000e+02 3.435411485565414580e+01
6.200000000000000000e+02 3.439819884740315103e+01
6.300000000000000000e+02 3.444497718537623854e+01
6.400000000000000000e+02 3.446353024838660417e+01
6.500000000000000000e+02 3.452118167665706494e+01
6.580000000000000000e+02 3.456217946501512017e+01
6.650000000000000000e+02 3.458776316957708019e+01
6.750000000000000000e+02 3.460252647792810166e+01
6.850000000000000000e+02 3.463205124933562473e+01
6.950000000000000000e+02 3.470255234844702841e+01
7.050000000000000000e+02 3.471941947021662855e+01
7.160000000000000000e+02 3.476717942652932436e+01
7.260000000000000000e+02 3.479158696606829437e+01
7.350000000000000000e+02 3.481327362206756248e+01
7.450000000000000000e+02 3.485919514929348395e+01
7.550000000000000000e+02 3.488931402747977017e+01
7.650000000000000000e+02 3.491889275551348959e+01
7.750000000000000000e+02 3.495008911714884192e+01
7.850000000000000000e+02 3.498007748414336504e+01
7.950000000000000000e+02 3.499963381479720681e+01
8.050000000000000000e+02 3.502234028410899924e+01
8.150000000000000000e+02 3.503908912419257859e+01
8.250000000000000000e+02 3.507202425834618253e+01
8.350000000000000000e+02 3.505297567425858318e+01
8.450000000000000000e+02 3.510265928263599733e+01
8.550000000000000000e+02 3.512051478750270661e+01
8.650000000000000000e+02 3.514618888263657226e+01
8.750000000000000000e+02 3.517284743602081676e+01
8.850000000000000000e+02 3.519980356754405193e+01
8.950000000000000000e+02 3.521943204216810130e+01
9.050000000000000000e+02 3.522807822777572540e+01
9.150000000000000000e+02 3.538457199293811328e+01
9.250000000000000000e+02 3.619985609192181641e+01
9.350000000000000000e+02 3.661942724568208973e+01
9.450000000000000000e+02 3.698113820359080250e+01
9.550000000000000000e+02 3.710161096943920001e+01
9.650000000000000000e+02 3.719269984395175044e+01
9.750000000000000000e+02 3.656427656779484181e+01
9.850000000000000000e+02 3.718521460157926128e+01
9.950000000000000000e+02 3.715316735621274802e+01
1.005000000000000000e+03 3.722156911349890152e+01
1.015000000000000000e+03 3.719280669361975811e+01
1.025000000000000000e+03 3.679187288864522998e+01
1.035000000000000000e+03 3.709905016054463545e+01
1.045000000000000000e+03 3.726200928012349323e+01
1.055000000000000000e+03 3.724112213677433658e+01
1.065000000000000000e+03 3.717667313588577827e+01
1.075000000000000000e+03 3.721709742587799497e+01
1.085000000000000000e+03 3.715577944226978957e+01
1.095000000000000000e+03 3.721577261515386681e+01
1.105000000000000000e+03 3.718788787162479537e+01
1.115000000000000000e+03 3.718201067932350412e+01
1.125000000000000000e+03 3.713158815627221543e+01
1.135000000000000000e+03 3.718214851227054396e+01
1.145000000000000000e+03 3.714622657830568642e+01
1.155000000000000000e+03 3.715692117820984208e+01
1.165000000000000000e+03 3.715756963572533778e+01
1.175000000000000000e+03 3.703463176112430233e+01
1.185000000000000000e+03 3.713319609323750115e+01
1.195000000000000000e+03 3.706808026085094809e+01
1.205000000000000000e+03 3.697962318389217273e+01
1.215000000000000000e+03 3.668817915525979600e+01
1.225000000000000000e+03 3.701043724631541920e+01
1.235000000000000000e+03 3.709664184959513022e+01
1.245000000000000000e+03 3.710935777532136370e+01
1.255000000000000000e+03 3.709447448513017065e+01
1.265000000000000000e+03 3.707321157557393576e+01
1.275000000000000000e+03 3.710225125312413752e+01
1.285000000000000000e+03 3.709938447586064569e+01
1.295000000000000000e+03 3.704239180803973852e+01
1.305000000000000000e+03 3.704179913833650772e+01
1.315000000000000000e+03 3.707948517585849402e+01
1.325000000000000000e+03 3.705940766323722357e+01
1.335000000000000000e+03 3.703150149889538056e+01
1.345000000000000000e+03 3.705256966784487815e+01
1.355000000000000000e+03 3.704767850320318701e+01
1.365000000000000000e+03 3.701825348049101194e+01
1.375000000000000000e+03 3.701684429125673859e+01
1.385000000000000000e+03 3.701604673412639102e+01
1.395000000000000000e+03 3.695466639249397645e+01
1.405000000000000000e+03 3.696593535874276881e+01
1.415000000000000000e+03 3.698342952437747044e+01
1.425000000000000000e+03 3.697446356679061807e+01
1.435000000000000000e+03 3.697510770917408252e+01
1.442000000000000000e+03 3.698219426008616040e+01
1.447000000000000000e+03 3.697824646574837004e+01
1.455000000000000000e+03 3.696903859127584013e+01
1.465000000000000000e+03 3.694660296884873674e+01
1.475000000000000000e+03 3.694144616775280809e+01
1.485000000000000000e+03 3.693689615225765976e+01
1.495000000000000000e+03 3.693217403471351190e+01
1.505000000000000000e+03 3.690919967282997050e+01
1.512000000000000000e+03 3.687420169266884074e+01
1.517000000000000000e+03 3.688721429631442561e+01
1.525000000000000000e+03 3.688591172054336198e+01
1.535000000000000000e+03 3.684107407064006168e+01
1.545000000000000000e+03 3.684802045887731481e+01
1.555000000000000000e+03 3.682701214289819092e+01
1.565000000000000000e+03 3.684033647760239205e+01
1.575000000000000000e+03 3.685268400966376134e+01
1.585000000000000000e+03 3.685422444115719287e+01
1.595000000000000000e+03 3.685605813937658581e+01
1.605000000000000000e+03 3.684258123101195537e+01
1.615000000000000000e+03 3.683619335981230591e+01
1.625000000000000000e+03 3.682613752665579199e+01
1.635000000000000000e+03 3.683704838461719078e+01
1.645000000000000000e+03 3.683133394586148768e+01
1.655000000000000000e+03 3.681774702089184359e+01
1.665000000000000000e+03 3.682884305146897930e+01
1.672000000000000000e+03 3.680270444289555343e+01
1.677000000000000000e+03 3.682704376020802783e+01
1.685000000000000000e+03 3.682578476783029231e+01
1.695000000000000000e+03 3.680852284692340248e+01
1.705000000000000000e+03 3.679312772567507750e+01
1.715000000000000000e+03 3.677515178205912605e+01
1.725000000000000000e+03 3.676903052305858921e+01
1.735000000000000000e+03 3.677877450887014277e+01
1.745000000000000000e+03 3.676815673154200681e+01
1.755000000000000000e+03 3.677683495927784918e+01
1.765000000000000000e+03 3.675456136137508878e+01
1.775000000000000000e+03 3.675119102980251995e+01
1.785000000000000000e+03 3.675210597207696139e+01
1.795000000000000000e+03 3.675965290242970696e+01
1.805000000000000000e+03 3.675635595394129496e+01
1.815000000000000000e+03 3.672971078746580531e+01
1.825000000000000000e+03 3.673374010890501040e+01
1.835000000000000000e+03 3.672143263390206869e+01
1.845000000000000000e+03 3.669009316547533217e+01
1.855000000000000000e+03 3.668504687152530153e+01
1.865000000000000000e+03 3.669051640596744335e+01
1.875000000000000000e+03 3.670642007540050145e+01
1.885000000000000000e+03 3.667124021788346511e+01
1.895000000000000000e+03 3.664653330656385322e+01
1.905000000000000000e+03 3.666998407053105780e+01
1.915000000000000000e+03 3.665115948997976147e+01
1.925000000000000000e+03 3.663802225482726271e+01
1.935000000000000000e+03 3.665223164012944324e+01
1.945000000000000000e+03 3.666053152185352815e+01
1.955000000000000000e+03 3.662836637204679846e+01
1.967000000000000000e+03 3.665068243055747388e+01
1.976000000000000000e+03 3.666180990532608064e+01
1.984000000000000000e+03 3.663682865141698386e+01
1.995000000000000000e+03 3.662477440649996652e+01
2.005000000000000000e+03 3.663184135957411058e+01
2.015000000000000000e+03 3.662530518276821567e+01
2.025000000000000000e+03 3.663542196844284149e+01
2.035000000000000000e+03 3.660968384351315308e+01
2.045000000000000000e+03 3.661263141363261298e+01
2.055000000000000000e+03 3.659662670414835617e+01
2.065000000000000000e+03 3.659953950952827739e+01
2.074000000000000000e+03 3.661533511675293084e+01
2.078000000000000000e+03 3.659225372291921019e+01
2.085000000000000000e+03 3.659981598175264139e+01
2.095000000000000000e+03 3.657987215184596153e+01
2.105000000000000000e+03 3.658740292224065627e+01
2.115000000000000000e+03 3.658498249520486922e+01
2.125000000000000000e+03 3.658838030269298258e+01
2.135000000000000000e+03 3.657175483008120409e+01
2.145000000000000000e+03 3.656483478225183603e+01
2.155000000000000000e+03 3.657358294259876175e+01
2.165000000000000000e+03 3.656464183172133176e+01
2.175000000000000000e+03 3.655809296315376855e+01
2.185000000000000000e+03 3.655020857920480637e+01
2.195000000000000000e+03 3.655633765920032374e+01
2.205000000000000000e+03 3.654738646856445428e+01
2.215000000000000000e+03 3.653671376115131864e+01
2.225000000000000000e+03 3.652425015929131291e+01
2.235000000000000000e+03 3.653086129170559104e+01
2.245000000000000000e+03 3.652112469019677121e+01
2.255000000000000000e+03 3.651148871169092303e+01
2.265000000000000000e+03 3.651217427172461782e+01
2.275000000000000000e+03 3.651283198862536494e+01
2.285000000000000000e+03 3.651302900520350647e+01
2.295000000000000000e+03 3.649513187791745850e+01
2.305000000000000000e+03 3.649441644088607006e+01
2.315000000000000000e+03 3.648303701503886742e+01
2.325000000000000000e+03 3.642220182259333683e+01
2.335000000000000000e+03 3.646630954964788884e+01
2.345000000000000000e+03 3.645860919558037949e+01
2.355000000000000000e+03 3.646574001475747195e+01
2.365000000000000000e+03 3.645140109134021600e+01
2.375000000000000000e+03 3.645088130431409468e+01
2.385000000000000000e+03 3.643647098435981491e+01
2.395000000000000000e+03 3.644291022581212047e+01
2.405000000000000000e+03 3.643135351142512945e+01
2.415000000000000000e+03 3.642979671621579030e+01
2.425000000000000000e+03 3.643384339150923523e+01
2.435000000000000000e+03 3.642076353675803091e+01
2.445000000000000000e+03 3.642670995981180226e+01
2.455000000000000000e+03 3.642034011085560508e+01
2.465000000000000000e+03 3.641492624920454091e+01
2.475000000000000000e+03 3.640620190256890965e+01
2.485000000000000000e+03 3.641088249320061720e+01
2.495000000000000000e+03 3.638923548067496228e+01
2.505000000000000000e+03 3.640642576546497367e+01
2.513000000000000000e+03 3.638632678321073399e+01
2.518000000000000000e+03 3.639683527640600857e+01
2.525000000000000000e+03 3.638443537186281418e+01
2.535000000000000000e+03 3.638032730525291925e+01
2.545000000000000000e+03 3.637215971153999305e+01
2.555000000000000000e+03 3.637834311588920855e+01
2.565000000000000000e+03 3.637290900855398945e+01
2.575000000000000000e+03 3.637857321587053150e+01
2.585000000000000000e+03 3.637410842776299091e+01
2.595000000000000000e+03 3.636997245800939993e+01
2.605000000000000000e+03 3.636014061506823225e+01
2.615000000000000000e+03 3.635566343445672999e+01
2.625000000000000000e+03 3.635612458216238707e+01
2.635000000000000000e+03 3.635355233892848048e+01
2.645000000000000000e+03 3.636133836917137785e+01
2.655000000000000000e+03 3.635659302170785168e+01
2.665000000000000000e+03 3.634387049961534188e+01
2.675000000000000000e+03 3.634607514015781504e+01
2.685000000000000000e+03 3.634290452041295794e+01
2.695000000000000000e+03 3.633204543921847574e+01
2.705000000000000000e+03 3.633177469562836848e+01
2.715000000000000000e+03 3.632372702823321475e+01
2.725000000000000000e+03 3.631962004807167688e+01
2.735000000000000000e+03 3.632452731811029878e+01
2.745000000000000000e+03 3.630318032184505483e+01
2.755000000000000000e+03 3.630091962023512053e+01
2.765000000000000000e+03 3.630170053316083312e+01
2.775000000000000000e+03 3.630686258860420423e+01
2.785000000000000000e+03 3.630289456850941576e+01
2.795000000000000000e+03 3.627716542752702367e+01
2.805000000000000000e+03 3.628575585168729845e+01
2.815000000000000000e+03 3.629544452169299262e+01
2.825000000000000000e+03 3.628907104238489723e+01
2.835000000000000000e+03 3.627722494639800743e+01
2.845000000000000000e+03 3.627396948138292743e+01
2.855000000000000000e+03 3.627146195237871495e+01
2.865000000000000000e+03 3.627335692870956052e+01
2.875000000000000000e+03 3.626688896064295875e+01
2.885000000000000000e+03 3.626609403613085192e+01
2.895000000000000000e+03 3.626075052666635656e+01
2.910000000000000000e+03 3.626197322027670111e+01
2.930000000000000000e+03 3.625175766959880264e+01
2.950000000000000000e+03 3.624241292613280052e+01
2.970000000000000000e+03 3.623793631806083226e+01
2.990000000000000000e+03 3.623105138678191395e+01
3.010000000000000000e+03 3.622619616586111135e+01
3.030000000000000000e+03 3.622050425967260878e+01
3.050000000000000000e+03 3.621279881042237037e+01
3.070000000000000000e+03 3.620535938981063850e+01
3.090000000000000000e+03 3.619863968273004673e+01
3.110000000000000000e+03 3.619103162677306784e+01
3.130000000000000000e+03 3.618354493268699912e+01
3.150000000000000000e+03 3.617812915690355879e+01
3.170000000000000000e+03 3.617068693387534495e+01
3.190000000000000000e+03 3.615885509953415777e+01
3.210000000000000000e+03 3.615720048186483382e+01
3.230000000000000000e+03 3.615003000993283422e+01
3.250000000000000000e+03 3.614372429377331741e+01
3.270000000000000000e+03 3.613810094455138255e+01
3.290000000000000000e+03 3.613169402946241604e+01
3.310000000000000000e+03 3.612642196558424246e+01
3.330000000000000000e+03 3.611912744765140815e+01
3.350000000000000000e+03 3.611131687596717654e+01
3.370000000000000000e+03 3.610542468658499615e+01
3.390000000000000000e+03 3.609879470893539377e+01
3.410000000000000000e+03 3.609381845685764745e+01
3.430000000000000000e+03 3.608416832890762294e+01
3.450000000000000000e+03 3.607828056760504865e+01
3.470000000000000000e+03 3.607362111618043343e+01
3.490000000000000000e+03 3.606793679487633142e+01
3.510000000000000000e+03 3.606352501802911092e+01
3.530000000000000000e+03 3.605776022789294188e+01
3.550000000000000000e+03 3.605199826618307668e+01
3.570000000000000000e+03 3.604606040105558407e+01
3.590000000000000000e+03 3.603821433502751148e+01
3.610000000000000000e+03 3.603280512078335107e+01
3.630000000000000000e+03 3.602693185840638535e+01
3.640000000000000000e+03 3.602587762675348415e+01
3.650000000000000000e+03 3.602426959079829771e+01
3.670000000000000000e+03 3.600729671155853140e+01
3.690000000000000000e+03 3.601318940510375910e+01
3.710000000000000000e+03 3.607292163830099696e+01
3.730000000000000000e+03 3.607992839772002469e+01
3.750000000000000000e+03 3.614114861805773415e+01
3.770000000000000000e+03 3.614154501741002434e+01
3.790000000000000000e+03 3.617027427891880365e+01
3.810000000000000000e+03 3.619727404886928213e+01
3.830000000000000000e+03 3.613352839501041558e+01
3.850000000000000000e+03 3.620411219186449614e+01
3.870000000000000000e+03 3.620913120542483199e+01
3.890000000000000000e+03 3.610756335205375933e+01
3.910000000000000000e+03 3.620150447510411595e+01
3.930000000000000000e+03 3.619106694759405940e+01
3.950000000000000000e+03 3.619000148082221102e+01
3.970000000000000000e+03 3.607754404323149799e+01
3.990000000000000000e+03 3.617637847843499088e+01
4.010000000000000000e+03 3.617512238291615034e+01
4.030000000000000000e+03 3.616211703775726960e+01
4.050000000000000000e+03 3.616480631452993322e+01
4.070000000000000000e+03 3.615468856684820054e+01
4.090000000000000000e+03 3.612695451589466700e+01
4.110000000000000000e+03 3.605886685770744293e+01
4.130000000000000000e+03 3.613175240910079111e+01
4.150000000000000000e+03 3.613079603930977868e+01
4.170000000000000000e+03 3.612583378521843258e+01
4.190000000000000000e+03 3.612128904553098607e+01
4.210000000000000000e+03 3.611574053365998083e+01
4.230000000000000000e+03 3.610895638339090397e+01
4.250000000000000000e+03 3.610249729524120710e+01
4.270000000000000000e+03 3.609381111312800527e+01
4.290000000000000000e+03 3.608973459300798936e+01
4.310000000000000000e+03 3.607977925932136998e+01
4.330000000000000000e+03 3.604335642224209835e+01
4.350000000000000000e+03 3.599609811492671696e+01
4.370000000000000000e+03 3.606506426397671561e+01
4.390000000000000000e+03 3.605583692136622176e+01
4.410000000000000000e+03 3.605459140211303293e+01
4.430000000000000000e+03 3.604954279977413023e+01
4.450000000000000000e+03 3.604489598136981954e+01
4.470000000000000000e+03 3.603128491377943021e+01
4.490000000000000000e+03 3.603117801143885401e+01
4.510000000000000000e+03 3.602940720411324804e+01
4.530000000000000000e+03 3.602183779179979695e+01
4.550000000000000000e+03 3.601450034875238515e+01
4.570000000000000000e+03 3.601245395366218105e+01
4.590000000000000000e+03 3.600518573096786668e+01
4.610000000000000000e+03 3.600179748880746189e+01
4.630000000000000000e+03 3.599402047048981501e+01
4.650000000000000000e+03 3.598936114900531891e+01
4.670000000000000000e+03 3.598504592190205642e+01
4.690000000000000000e+03 3.597988392741590502e+01
4.710000000000000000e+03 3.596928106245723455e+01
4.730000000000000000e+03 3.596813599855951793e+01
4.750000000000000000e+03 3.596312539979432898e+01
4.770000000000000000e+03 3.595941862168050562e+01
4.790000000000000000e+03 3.595345790640731565e+01
4.810000000000000000e+03 3.594705891669965325e+01
4.830000000000000000e+03 3.594034163196963050e+01
4.850000000000000000e+03 3.590795420061361654e+01
4.870000000000000000e+03 3.584927610785663177e+01
4.890000000000000000e+03 3.592328142741110497e+01
4.910000000000000000e+03 3.592062885919823145e+01
4.930000000000000000e+03 3.590994026112802118e+01
4.950000000000000000e+03 3.591139248838242537e+01
4.970000000000000000e+03 3.590626823113582589e+01
4.990000000000000000e+03 3.589926366063447460e+01
5.010000000000000000e+03 3.588790746145872390e+01
5.030000000000000000e+03 3.588842659571272975e+01
5.050000000000000000e+03 3.587994165852702366e+01
5.070000000000000000e+03 3.587969328612975772e+01
5.090000000000000000e+03 3.587268184944942107e+01
5.110000000000000000e+03 3.586798194841060905e+01
5.130000000000000000e+03 3.586181809026628997e+01
5.150000000000000000e+03 3.585567649854289130e+01
5.170000000000000000e+03 3.584906612297574924e+01
5.190000000000000000e+03 3.584592813955603674e+01
5.210000000000000000e+03 3.584116335293804667e+01
5.230000000000000000e+03 3.583750454484567172e+01
5.250000000000000000e+03 3.583453663458628569e+01
5.270000000000000000e+03 3.582553313829764363e+01
5.290000000000000000e+03 3.582568073110739704e+01
5.310000000000000000e+03 3.582171782080679634e+01
5.330000000000000000e+03 3.581443126592904491e+01
5.350000000000000000e+03 3.581274253824976483e+01
5.370000000000000000e+03 3.580808839552953771e+01
5.390000000000000000e+03 3.580179991248862592e+01
5.410000000000000000e+03 3.579701360100597185e+01
5.430000000000000000e+03 3.579201460575048088e+01
5.450000000000000000e+03 3.578991261215686848e+01
5.470000000000000000e+03 3.578383769672763748e+01
5.490000000000000000e+03 3.577926686563846204e+01
5.510000000000000000e+03 3.577453449962546017e+01
5.530000000000000000e+03 3.577143908947206796e+01
5.550000000000000000e+03 3.576789792675901936e+01
5.570000000000000000e+03 3.576274680935600259e+01
5.590000000000000000e+03 3.575730542920538113e+01
5.610000000000000000e+03 3.575474669297450703e+01
5.630000000000000000e+03 3.574965635684830545e+01
5.650000000000000000e+03 3.574501377221229603e+01
5.670000000000000000e+03 3.573958540137699913e+01
5.690000000000000000e+03 3.573692911021736052e+01
5.710000000000000000e+03 3.573071285844573453e+01
5.730000000000000000e+03 3.573035346199925755e+01
5.750000000000000000e+03 3.572428166562420415e+01
5.770000000000000000e+03 3.572114282827325837e+01
5.790000000000000000e+03 3.571439455095579518e+01
5.810000000000000000e+03 3.571274242438060753e+01
5.830000000000000000e+03 3.571022443816094949e+01
5.850000000000000000e+03 3.570456836188643734e+01
5.870000000000000000e+03 3.569472014902322599e+01
5.890000000000000000e+03 3.568996777048317881e+01
5.910000000000000000e+03 3.569172329570461244e+01
5.930000000000000000e+03 3.568796260455061997e+01
5.950000000000000000e+03 3.568309058829217406e+01
5.970000000000000000e+03 3.568133338673847277e+01
5.990000000000000000e+03 3.567531579804319364e+01
6.010000000000000000e+03 3.567106241428987090e+01
6.030000000000000000e+03 3.566887778604693438e+01
6.050000000000000000e+03 3.566570661297069478e+01
6.070000000000000000e+03 3.566131602542708379e+01
6.090000000000000000e+03 3.565520727702021020e+01
6.110000000000000000e+03 3.565197259574988919e+01
6.130000000000000000e+03 3.564463216213763985e+01
6.150000000000000000e+03 3.564201821752573807e+01
6.170000000000000000e+03 3.563708517221670036e+01
6.190000000000000000e+03 3.563656193120667126e+01
6.210000000000000000e+03 3.563190839643674224e+01
6.230000000000000000e+03 3.562610289584520729e+01
6.250000000000000000e+03 3.561873670384446910e+01
6.270000000000000000e+03 3.561878748622324764e+01
6.290000000000000000e+03 3.561663008142045328e+01
6.310000000000000000e+03 3.561127598161779417e+01
6.330000000000000000e+03 3.560915939908827710e+01
6.350000000000000000e+03 3.560402529761400814e+01
6.370000000000000000e+03 3.560048383659818683e+01
6.390000000000000000e+03 3.559875770395385786e+01
6.410000000000000000e+03 3.559415285175454358e+01
6.430000000000000000e+03 3.559105310400131117e+01
6.450000000000000000e+03 3.558748410519058325e+01
6.470000000000000000e+03 3.558395481718475395e+01
6.490000000000000000e+03 3.557778196404884596e+01
6.510000000000000000e+03 3.557659589806014111e+01
6.530000000000000000e+03 3.557185239878964467e+01
6.550000000000000000e+03 3.555243168829382938e+01
6.570000000000000000e+03 3.549690248268618120e+01
6.590000000000000000e+03 3.555826331812696850e+01
6.610000000000000000e+03 3.555909533739347239e+01
6.630000000000000000e+03 3.555661624055075976e+01
6.650000000000000000e+03 3.555317080855512302e+01
6.670000000000000000e+03 3.554666298860587403e+01
6.690000000000000000e+03 3.554593512551808487e+01
6.710000000000000000e+03 3.554074568797734912e+01
6.730000000000000000e+03 3.554067742181419476e+01
6.750000000000000000e+03 3.553557192977348222e+01
6.770000000000000000e+03 3.553290577099746628e+01
6.790000000000000000e+03 3.552883656267293588e+01
6.810000000000000000e+03 3.552578091193716858e+01
6.830000000000000000e+03 3.552345059262575688e+01
6.850000000000000000e+03 3.551775384793641166e+01
6.870000000000000000e+03 3.551555157137767083e+01
6.890000000000000000e+03 3.551413851739135907e+01
6.910000000000000000e+03 3.551006254623348468e+01
6.930000000000000000e+03 3.550530673133001613e+01
6.950000000000000000e+03 3.550032692748386864e+01
6.970000000000000000e+03 3.549852748208511599e+01
6.990000000000000000e+03 3.549395856014962902e+01
7.010000000000000000e+03 3.548898861315528563e+01
7.030000000000000000e+03 3.548789166550623975e+01
7.050000000000000000e+03 3.548610340250079531e+01
7.070000000000000000e+03 3.547842426549406980e+01
7.090000000000000000e+03 3.547699880702355557e+01
7.110000000000000000e+03 3.547132010504940069e+01
7.130000000000000000e+03 3.546677765497872770e+01
7.150000000000000000e+03 3.546444869580446380e+01
7.170000000000000000e+03 3.546314019398682404e+01
7.190000000000000000e+03 3.545697483389832172e+01
7.210000000000000000e+03 3.545627893556104482e+01
7.230000000000000000e+03 3.545478569295492122e+01
7.250000000000000000e+03 3.545192901731715551e+01
7.270000000000000000e+03 3.544878148629599934e+01
7.290000000000000000e+03 3.544235746680818266e+01
7.310000000000000000e+03 3.544174346985700907e+01
7.330000000000000000e+03 3.543908584650276339e+01
7.350000000000000000e+03 3.543560387571108805e+01
7.370000000000000000e+03 3.543558113073130755e+01
7.390000000000000000e+03 3.543056723739402969e+01
7.410000000000000000e+03 3.542601524828528170e+01
7.430000000000000000e+03 3.542503392845326715e+01
7.450000000000000000e+03 3.542264596697565082e+01
7.470000000000000000e+03 3.541947156751318460e+01
7.490000000000000000e+03 3.541592090629860934e+01
7.510000000000000000e+03 3.541475336521993711e+01
7.530000000000000000e+03 3.541299270233528773e+01
7.550000000000000000e+03 3.541095565555490055e+01
7.570000000000000000e+03 3.540735045876527209e+01
7.590000000000000000e+03 3.540357693588416765e+01
7.610000000000000000e+03 3.540148401866441930e+01
7.630000000000000000e+03 3.539879377350465717e+01
7.650000000000000000e+03 3.539642975240153788e+01
7.670000000000000000e+03 3.539000378189456342e+01
7.690000000000000000e+03 3.539091829471595929e+01
7.710000000000000000e+03 3.538505632986667138e+01
7.730000000000000000e+03 3.538317153251853142e+01
7.750000000000000000e+03 3.537973994827181912e+01
7.770000000000000000e+03 3.537695506299037618e+01
7.790000000000000000e+03 3.537665215614638470e+01
7.810000000000000000e+03 3.537427682366597281e+01
7.830000000000000000e+03 3.537033648789063989e+01
7.850000000000000000e+03 3.536601672247479655e+01
7.870000000000000000e+03 3.536348902314271925e+01
7.890000000000000000e+03 3.535571354831659363e+01
7.910000000000000000e+03 3.535029741697165662e+01
7.930000000000000000e+03 3.534884417654878064e+01
7.950000000000000000e+03 3.534338871476164456e+01
7.970000000000000000e+03 3.534643488934106870e+01
7.990000000000000000e+03 3.534265411154540715e+01
8.010000000000000000e+03 3.534485240117379590e+01
8.030000000000000000e+03 3.534255838770070568e+01
8.050000000000000000e+03 3.533874565948312352e+01
8.070000000000000000e+03 3.533556380159841126e+01
8.090000000000000000e+03 3.533079249302292624e+01
8.110000000000000000e+03 3.532844199028843946e+01
8.130000000000000000e+03 3.532760169499821501e+01
8.150000000000000000e+03 3.532498662613360807e+01
8.170000000000000000e+03 3.532262451036780249e+01
8.190000000000000000e+03 3.531799052704700159e+01
8.210000000000000000e+03 3.531498444089997690e+01
8.230000000000000000e+03 3.531443329636772432e+01
8.250000000000000000e+03 3.531284109301364538e+01
8.270000000000000000e+03 3.531102958321072549e+01
8.290000000000000000e+03 3.530597754079296635e+01
8.310000000000000000e+03 3.529756305885003798e+01
8.330000000000000000e+03 3.529203307105981224e+01
8.350000000000000000e+03 3.529001790766557889e+01
8.370000000000000000e+03 3.528474768625061841e+01
8.390000000000000000e+03 3.528052815729434144e+01
8.410000000000000000e+03 3.528496058599449015e+01
8.430000000000000000e+03 3.528678987797691491e+01
8.450000000000000000e+03 3.528961447096132531e+01
8.470000000000000000e+03 3.527351987234686703e+01
8.490000000000000000e+03 3.529801246666042402e+01
8.510000000000000000e+03 3.526249005635936129e+01
8.530000000000000000e+03 3.529839687123426017e+01
8.550000000000000000e+03 3.523572077554724302e+01
8.570000000000000000e+03 3.530211055297521483e+01
8.590000000000000000e+03 3.527691086260475828e+01
8.610000000000000000e+03 3.526876954961014121e+01
8.630000000000000000e+03 3.529731972280980301e+01
8.650000000000000000e+03 3.528696426888126325e+01
8.670000000000000000e+03 3.522044942906659060e+01
8.690000000000000000e+03 3.528388138268366703e+01
8.710000000000000000e+03 3.528908233637838521e+01
8.730000000000000000e+03 3.528241387872567714e+01
8.750000000000000000e+03 3.523259834612325392e+01
8.770000000000000000e+03 3.527281340693650691e+01
8.790000000000000000e+03 3.527992676592784704e+01
8.810000000000000000e+03 3.527571365250673807e+01
8.830000000000000000e+03 3.527305339069434353e+01
8.850000000000000000e+03 3.525808242345630816e+01
8.870000000000000000e+03 3.521932271375975176e+01
8.890000000000000000e+03 3.526483055325290650e+01
8.910000000000000000e+03 3.526671040303590132e+01
8.930000000000000000e+03 3.526262075766170057e+01
8.950000000000000000e+03 3.525954472781364757e+01
8.970000000000000000e+03 3.525767027756029393e+01
8.990000000000000000e+03 3.525201942087182516e+01
9.010000000000000000e+03 3.520508716406524741e+01
9.030000000000000000e+03 3.522941376722611295e+01
9.050000000000000000e+03 3.524812978054922041e+01
9.070000000000000000e+03 3.524548008953593126e+01
9.090000000000000000e+03 3.523927746909028258e+01
9.110000000000000000e+03 3.524022711068143821e+01
9.130000000000000000e+03 3.523872239231138792e+01
9.150000000000000000e+03 3.523614099053806115e+01
9.170000000000000000e+03 3.523326759758163007e+01
9.190000000000000000e+03 3.523117698993289792e+01
9.210000000000000000e+03 3.521995903485267831e+01
9.230000000000000000e+03 3.517418466438883229e+01
9.250000000000000000e+03 3.521265092078223091e+01
9.270000000000000000e+03 3.521734159735821379e+01
9.290000000000000000e+03 3.521779567093748398e+01
9.310000000000000000e+03 3.521706671291322266e+01
9.330000000000000000e+03 3.521485897813123245e+01
9.350000000000000000e+03 3.521165952462005322e+01
9.370000000000000000e+03 3.520622232104867066e+01
9.390000000000000000e+03 3.520704127027771335e+01
9.410000000000000000e+03 3.520124048231551939e+01
9.430000000000000000e+03 3.520250585848938840e+01
9.450000000000000000e+03 3.519769187514064868e+01
9.470000000000000000e+03 3.519708991119459540e+01
9.490000000000000000e+03 3.519490936300707062e+01
9.510000000000000000e+03 3.519034242388172373e+01
9.530000000000000000e+03 3.517987701653521526e+01
9.550000000000000000e+03 3.513530403042145167e+01
9.570000000000000000e+03 3.517660540063303642e+01
9.590000000000000000e+03 3.518209021765067490e+01
9.610000000000000000e+03 3.517813109996407661e+01
9.630000000000000000e+03 3.517623259908801003e+01
9.650000000000000000e+03 3.517160837427237396e+01
9.670000000000000000e+03 3.516981031121110135e+01
9.690000000000000000e+03 3.516926535281130839e+01
9.710000000000000000e+03 3.516619003153430612e+01
9.730000000000000000e+03 3.516290346414420043e+01
9.750000000000000000e+03 3.516073794051104073e+01
9.770000000000000000e+03 3.515902366909128318e+01
9.790000000000000000e+03 3.515362020184550573e+01
9.810000000000000000e+03 3.515643104902061111e+01
9.830000000000000000e+03 3.515343491258909125e+01
9.850000000000000000e+03 3.515200306482751813e+01
9.870000000000000000e+03 3.514871175863512320e+01
9.890000000000000000e+03 3.514624998874024442e+01
9.910000000000000000e+03 3.514420563172482304e+01
9.930000000000000000e+03 3.514236170211355414e+01
9.950000000000000000e+03 3.514024708771172101e+01
9.970000000000000000e+03 3.513795846480691409e+01
9.990000000000000000e+03 3.513518370099626509e+01
1.002500000000000000e+04 3.511954661839237701e+01
1.007500000000000000e+04 3.510621896429859845e+01
1.012500000000000000e+04 3.511712329521259335e+01
1.017500000000000000e+04 3.511072209055510740e+01
1.022500000000000000e+04 3.510637758869695091e+01
1.027500000000000000e+04 3.510185378008782209e+01
1.032500000000000000e+04 3.509305494154089899e+01
1.037500000000000000e+04 3.508772342186661319e+01
1.042500000000000000e+04 3.508386581728853315e+01
1.047500000000000000e+04 3.507753082856424243e+01
1.052500000000000000e+04 3.507327203276598482e+01
1.057500000000000000e+04 3.506646435731872202e+01
1.062500000000000000e+04 3.506118761380901816e+01
1.067500000000000000e+04 3.505273567721201289e+01
1.072500000000000000e+04 3.504899378548456923e+01
1.077500000000000000e+04 3.504279633209412026e+01
1.082500000000000000e+04 3.503528159604302061e+01
1.087500000000000000e+04 3.503128632136515819e+01
1.092500000000000000e+04 3.500843848396077362e+01
1.097500000000000000e+04 3.501731488376756829e+01
1.102500000000000000e+04 3.501785829465483602e+01
1.107500000000000000e+04 3.501361115465388707e+01
1.112500000000000000e+04 3.500806708900474717e+01
1.117500000000000000e+04 3.500163407511558944e+01
1.122500000000000000e+04 3.499782765375678650e+01
1.127500000000000000e+04 3.499035609486469411e+01
1.132500000000000000e+04 3.498538225021482617e+01
1.137500000000000000e+04 3.498007974314764112e+01
1.142500000000000000e+04 3.497411545008460365e+01
1.147500000000000000e+04 3.497209899415136647e+01
1.152500000000000000e+04 3.496775058932999514e+01
1.157500000000000000e+04 3.496081659234209127e+01
1.162500000000000000e+04 3.495390939720098800e+01
1.167500000000000000e+04 3.495021626869352360e+01
1.172500000000000000e+04 3.494804723540821101e+01
1.177500000000000000e+04 3.494022282925403999e+01
1.182500000000000000e+04 3.493561688837887402e+01
1.187500000000000000e+04 3.492823561457687731e+01
1.192500000000000000e+04 3.492851480309082746e+01
1.197500000000000000e+04 3.491668766302660742e+01
1.202500000000000000e+04 3.491769843472607704e+01
1.207500000000000000e+04 3.491163440837199516e+01
1.212500000000000000e+04 3.490781886568107240e+01
1.217500000000000000e+04 3.490475798903716509e+01
1.222500000000000000e+04 3.489953254732040477e+01
1.227500000000000000e+04 3.489455310238655272e+01
1.232500000000000000e+04 3.488996060832686652e+01
1.237500000000000000e+04 3.488567779625314813e+01
1.242500000000000000e+04 3.488101465976107818e+01
1.247500000000000000e+04 3.487706758090382664e+01
1.252500000000000000e+04 3.487131895975762319e+01
1.257500000000000000e+04 3.486761208058027250e+01
1.262500000000000000e+04 3.486300414895495692e+01
1.267500000000000000e+04 3.485821678276135316e+01
1.272500000000000000e+04 3.485491861495538046e+01
1.277500000000000000e+04 3.484959501112483338e+01
1.282500000000000000e+04 3.482407600170333950e+01
1.287500000000000000e+04 3.483951200920910907e+01
1.292500000000000000e+04 3.483499437043919045e+01
1.297500000000000000e+04 3.483396817143857049e+01
1.302500000000000000e+04 3.482866123554331494e+01
1.307500000000000000e+04 3.482616596390686681e+01
1.312500000000000000e+04 3.481959010407122435e+01
1.317500000000000000e+04 3.481582865714455011e+01
1.322500000000000000e+04 3.481295615060753335e+01
1.327500000000000000e+04 3.480591182654845284e+01
1.332500000000000000e+04 3.480501157753941754e+01
1.337500000000000000e+04 3.479999014756771203e+01
1.342500000000000000e+04 3.479856445327434500e+01
1.347500000000000000e+04 3.479452103194911672e+01
1.352500000000000000e+04 3.479095480281404207e+01
1.357500000000000000e+04 3.478417451106233216e+01
1.362500000000000000e+04 3.477992215880043858e+01
1.367500000000000000e+04 3.477814854936249134e+01
1.372500000000000000e+04 3.477628327691633103e+01
1.377500000000000000e+04 3.477191384605536228e+01
1.382500000000000000e+04 3.476926730426065149e+01
1.387500000000000000e+04 3.476347351294445076e+01
1.392500000000000000e+04 3.476259596553948228e+01
1.397500000000000000e+04 3.475996560709700134e+01
1.402500000000000000e+04 3.475331655375681805e+01
1.407500000000000000e+04 3.475304735397826761e+01
1.412500000000000000e+04 3.474772971265139887e+01
1.417500000000000000e+04 3.474699258668415069e+01
1.422500000000000000e+04 3.474040232314389698e+01
1.427500000000000000e+04 3.473460837312133265e+01
1.432500000000000000e+04 3.473611050521839161e+01
1.437500000000000000e+04 3.473446183774705531e+01
1.442500000000000000e+04 3.472508131150421917e+01
1.447500000000000000e+04 3.472780170126783617e+01
1.452500000000000000e+04 3.472177992880482833e+01
1.457000000000000000e+04 3.472083798047637515e+01
1.462000000000000000e+04 3.471925301922164664e+01
1.467500000000000000e+04 3.471640770635515594e+01
1.472500000000000000e+04 3.470907287903590088e+01
1.477500000000000000e+04 3.470907860248622967e+01
1.482500000000000000e+04 3.470587037625574567e+01
1.487500000000000000e+04 3.470066520731835169e+01
1.492500000000000000e+04 3.470228856152165520e+01
1.497500000000000000e+04 3.469669471654095361e+01
1.502500000000000000e+04 3.469240052033634925e+01
1.507500000000000000e+04 3.468699963490195870e+01
1.512500000000000000e+04 3.468954182138845255e+01
1.517500000000000000e+04 3.468804300739851953e+01
1.522500000000000000e+04 3.468777007000991119e+01
1.527500000000000000e+04 3.468311580464843757e+01
1.532500000000000000e+04 3.468003350215332148e+01
1.537500000000000000e+04 3.468338464007096178e+01
1.542500000000000000e+04 3.467705246072393521e+01
1.547500000000000000e+04 3.467973816545395493e+01
1.552500000000000000e+04 3.467489926854469218e+01
1.557500000000000000e+04 3.465512643993645980e+01
1.562500000000000000e+04 3.466756790424107493e+01
1.567500000000000000e+04 3.466179317547618410e+01
1.572500000000000000e+04 3.465923673308561348e+01
1.577500000000000000e+04 3.464491173555720138e+01
1.582500000000000000e+04 3.464940937643365970e+01
1.587500000000000000e+04 3.463581050824139140e+01
1.592500000000000000e+04 3.465143616741265475e+01
1.597500000000000000e+04 3.464012698342313001e+01
1.605000000000000000e+04 3.463939662725119462e+01
1.615000000000000000e+04 3.463037248393450085e+01
1.625000000000000000e+04 3.462745345288735166e+01
1.635000000000000000e+04 3.462885393631867004e+01
1.645000000000000000e+04 3.460208936359831000e+01
1.655000000000000000e+04 3.461432424102643068e+01
1.665000000000000000e+04 3.459498067989862591e+01
1.675000000000000000e+04 3.459407892134159113e+01
1.685000000000000000e+04 3.457388079775747514e+01
1.695000000000000000e+04 3.458147253011635769e+01
1.705000000000000000e+04 3.456730755856393245e+01
1.715000000000000000e+04 3.456323675251059058e+01
1.725000000000000000e+04 3.455460593999615071e+01
1.735000000000000000e+04 3.453528741752258213e+01
1.745000000000000000e+04 3.453837066146306967e+01
1.755000000000000000e+04 3.452941160234087192e+01
1.765000000000000000e+04 3.452382622423049696e+01
1.775000000000000000e+04 3.451407925032601298e+01
1.785000000000000000e+04 3.450787078655672957e+01
1.795000000000000000e+04 3.450049204770798639e+01
1.805000000000000000e+04 3.448967592431551310e+01
1.815000000000000000e+04 3.447745794570590760e+01
1.825000000000000000e+04 3.447412366404373785e+01
1.835000000000000000e+04 3.446714710951858507e+01
1.845000000000000000e+04 3.445831903119435680e+01
1.855000000000000000e+04 3.445193860190958191e+01
1.865000000000000000e+04 3.444147476271960073e+01
1.875000000000000000e+04 3.442684321605013054e+01
1.885000000000000000e+04 3.442819105886540143e+01
1.895000000000000000e+04 3.441406857679288578e+01
1.905000000000000000e+04 3.441462477253151775e+01
1.915000000000000000e+04 3.440582799189867558e+01
1.925000000000000000e+04 3.439902754859274836e+01
1.935000000000000000e+04 3.438814818362352099e+01
1.945000000000000000e+04 3.437388140650362800e+01
1.955000000000000000e+04 3.437506724767372646e+01
1.965000000000000000e+04 3.436755638147636915e+01
1.975000000000000000e+04 3.435903107704881876e+01
1.985000000000000000e+04 3.435245303545242024e+01
1.995000000000000000e+04 3.434515893246112483e+01
2.005000000000000000e+04 3.434132751488137814e+01
2.015000000000000000e+04 3.433475980754526802e+01
2.025000000000000000e+04 3.432378292898239636e+01
2.035000000000000000e+04 3.431637638333337748e+01
2.045000000000000000e+04 3.431314720983553457e+01
2.055000000000000000e+04 3.430516533560868453e+01
2.065000000000000000e+04 3.429660442954928357e+01
2.075000000000000000e+04 3.429020446467426098e+01
2.085000000000000000e+04 3.428301877661672137e+01
2.095000000000000000e+04 3.427420205664580521e+01
2.105000000000000000e+04 3.427024603196017694e+01
2.115000000000000000e+04 3.426171143995484414e+01
2.125000000000000000e+04 3.425483844686061730e+01
2.135000000000000000e+04 3.425001423404705037e+01
2.145000000000000000e+04 3.424281639659344023e+01
2.155000000000000000e+04 3.423562760094311130e+01
2.165000000000000000e+04 3.422149449758008899e+01
2.175000000000000000e+04 3.421953397155518672e+01
2.185000000000000000e+04 3.421372333398121413e+01
2.195000000000000000e+04 3.420800956413968663e+01
2.205000000000000000e+04 3.419789095247418231e+01
2.215000000000000000e+04 3.419522455314226761e+01
2.225000000000000000e+04 3.418464290318237886e+01
2.235000000000000000e+04 3.417924504232180993e+01
2.245000000000000000e+04 3.417328955609392693e+01
2.255000000000000000e+04 3.416728254783468088e+01
2.265000000000000000e+04 3.415922717549437237e+01
2.275000000000000000e+04 3.415484934974628572e+01
2.285000000000000000e+04 3.414627224489181856e+01
2.295000000000000000e+04 3.408603545125582457e+01
2.305000000000000000e+04 3.411107041225175607e+01
2.315000000000000000e+04 3.410495713945761054e+01
2.325000000000000000e+04 3.405052705846121341e+01
2.335000000000000000e+04 3.407573953752875440e+01
2.345000000000000000e+04 3.406530522258917415e+01
2.355000000000000000e+04 3.401343047234969674e+01
2.365000000000000000e+04 3.404418479658662022e+01
2.375000000000000000e+04 3.403232541956360535e+01
2.385000000000000000e+04 3.399070455127702672e+01
2.395000000000000000e+04 3.401574399178262809e+01
2.405000000000000000e+04 3.401154560164091833e+01
2.415000000000000000e+04 3.397374551712307778e+01
2.425000000000000000e+04 3.399510734866572648e+01
2.435000000000000000e+04 3.399073559184330406e+01
2.445000000000000000e+04 3.396616214154338564e+01
2.455000000000000000e+04 3.396687177660319179e+01
2.465000000000000000e+04 3.397632655665246659e+01
2.475000000000000000e+04 3.396203442749586543e+01
2.485000000000000000e+04 3.394392643883839611e+01
2.495000000000000000e+04 3.395156578978398443e+01
2.505000000000000000e+04 3.396353522539646974e+01
2.515000000000000000e+04 3.392801128483500150e+01
2.525000000000000000e+04 3.393762488764115659e+01
2.535000000000000000e+04 3.394091013221581221e+01
2.545000000000000000e+04 3.393106872265846619e+01
2.555000000000000000e+04 3.392199986474552276e+01
2.565000000000000000e+04 3.391874966943153424e+01
2.575000000000000000e+04 3.392272910849674616e+01
2.585000000000000000e+04 3.390178501078857209e+01
2.595000000000000000e+04 3.390485037219740150e+01
2.605000000000000000e+04 3.390648343426718725e+01
2.615000000000000000e+04 3.389170570610546918e+01
2.625000000000000000e+04 3.388424242898097560e+01
2.635000000000000000e+04 3.389079472311567542e+01
2.645000000000000000e+04 3.388832898891546819e+01
2.655000000000000000e+04 3.387842767423521906e+01
2.665000000000000000e+04 3.387020284821194593e+01
2.675000000000000000e+04 3.387300050022222564e+01
2.685000000000000000e+04 3.387049229832835806e+01
2.695000000000000000e+04 3.385850424001723979e+01
2.705000000000000000e+04 3.386032882165307001e+01
2.715000000000000000e+04 3.385525664586528194e+01
2.725000000000000000e+04 3.385337235981246806e+01
2.735000000000000000e+04 3.384056339692666882e+01
2.745000000000000000e+04 3.384122515393900699e+01
2.755000000000000000e+04 3.383533623358708553e+01
2.765000000000000000e+04 3.383052133187591437e+01
2.775000000000000000e+04 3.382357937734434472e+01
2.785000000000000000e+04 3.382273959535638141e+01
2.795000000000000000e+04 3.382053619480295481e+01
2.805000000000000000e+04 3.381476678669859126e+01
2.815000000000000000e+04 3.380680633566403515e+01
2.825000000000000000e+04 3.380398141237353826e+01
2.835000000000000000e+04 3.380078106577123265e+01
2.845000000000000000e+04 3.379519924950817256e+01
2.855000000000000000e+04 3.378942399668957819e+01
2.865000000000000000e+04 3.378384945517008475e+01
2.875000000000000000e+04 3.377504307824013097e+01
2.885000000000000000e+04 3.377498384745071291e+01
2.895000000000000000e+04 3.376997261709511378e+01
2.905000000000000000e+04 3.376461263893492770e+01
2.915000000000000000e+04 3.376049923303266098e+01
2.925000000000000000e+04 3.375299641237402426e+01
2.935000000000000000e+04 3.375117281176338224e+01
2.945000000000000000e+04 3.374427084726433179e+01
2.955000000000000000e+04 3.373922239820974056e+01
2.965000000000000000e+04 3.373547159352841618e+01
2.975000000000000000e+04 3.373033110022292647e+01
2.985000000000000000e+04 3.372461819249900117e+01
2.995000000000000000e+04 3.371947669185048113e+01
3.005000000000000000e+04 3.371413466047248875e+01
3.015000000000000000e+04 3.370985533201040596e+01
3.025000000000000000e+04 3.370376819964285886e+01
3.035000000000000000e+04 3.369323608078904186e+01
3.045000000000000000e+04 3.369190156928548419e+01
3.055000000000000000e+04 3.368785956709602658e+01
3.065000000000000000e+04 3.368272084195679383e+01
3.075000000000000000e+04 3.367821613591284091e+01
3.085000000000000000e+04 3.367211101302450516e+01
3.095000000000000000e+04 3.366691735369896321e+01
3.105000000000000000e+04 3.366292672154069265e+01
3.115000000000000000e+04 3.365559051606200569e+01
3.125000000000000000e+04 3.365195782719449369e+01
3.135000000000000000e+04 3.364715141537582355e+01
3.145000000000000000e+04 3.364183888366002151e+01
3.155000000000000000e+04 3.363597464336064036e+01
3.165000000000000000e+04 3.363086683725796178e+01
3.175000000000000000e+04 3.362635610486759674e+01
3.185000000000000000e+04 3.362108723237568597e+01
3.195000000000000000e+04 3.361642614103193694e+01
3.210000000000000000e+04 3.360838435995889029e+01
3.230000000000000000e+04 3.359799449521314330e+01
3.250000000000000000e+04 3.358780266023534722e+01
3.270000000000000000e+04 3.357761513000582454e+01
3.290000000000000000e+04 3.356396871318924013e+01
3.310000000000000000e+04 3.355683430650716303e+01
3.330000000000000000e+04 3.354671111253123428e+01
3.350000000000000000e+04 3.353779249066467827e+01
3.370000000000000000e+04 3.352769716471049577e+01
3.390000000000000000e+04 3.351722080579742169e+01
3.410000000000000000e+04 3.350741183191705375e+01
3.430000000000000000e+04 3.349888302101539495e+01
3.450000000000000000e+04 3.348942916763713384e+01
3.470000000000000000e+04 3.347983686034790907e+01
3.490000000000000000e+04 3.347054547345174313e+01
3.510000000000000000e+04 3.346138023209421419e+01
3.530000000000000000e+04 3.345115261493102565e+01
3.550000000000000000e+04 3.344236594462096690e+01
3.570000000000000000e+04 3.343257756436712924e+01
3.590000000000000000e+04 3.342426455297098187e+01
3.610000000000000000e+04 3.341485285636193225e+01
3.630000000000000000e+04 3.340690109423322696e+01
3.650000000000000000e+04 3.339555118913949627e+01
3.670000000000000000e+04 3.338772768131321556e+01
3.690000000000000000e+04 3.337600117845508407e+01
3.710000000000000000e+04 3.336827248788144828e+01
3.730000000000000000e+04 3.335969295573821114e+01
3.750000000000000000e+04 3.334660528276220504e+01
3.770000000000000000e+04 3.334329385806849189e+01
3.790000000000000000e+04 3.333446342786633210e+01
3.810000000000000000e+04 3.332504296156312762e+01
3.830000000000000000e+04 3.331738787451942585e+01
3.850000000000000000e+04 3.330990875531760764e+01
3.870000000000000000e+04 3.330008843345785863e+01
3.890000000000000000e+04 3.329218806412471565e+01
3.910000000000000000e+04 3.328189819525436377e+01
3.930000000000000000e+04 3.327566042320372475e+01
3.950000000000000000e+04 3.326612784604905926e+01
3.970000000000000000e+04 3.325860786243701739e+01
3.990000000000000000e+04 3.324817929431168295e+01
4.010000000000000000e+04 3.324014704118249597e+01
4.030000000000000000e+04 3.323205802838801759e+01
4.050000000000000000e+04 3.322246361908408119e+01
4.070000000000000000e+04 3.321718454617250416e+01
4.090000000000000000e+04 3.320918114181779401e+01
4.110000000000000000e+04 3.320155477672137323e+01
4.130000000000000000e+04 3.319366103252994549e+01
4.150000000000000000e+04 3.318524111786011588e+01
4.170000000000000000e+04 3.317430863465897062e+01
4.190000000000000000e+04 3.316859104868824204e+01
4.210000000000000000e+04 3.316017678002072699e+01
4.230000000000000000e+04 3.315428839620280854e+01
4.250000000000000000e+04 3.314510338803457046e+01
4.270000000000000000e+04 3.313822912639723484e+01
4.290000000000000000e+04 3.310881228034006085e+01
4.310000000000000000e+04 3.308259482775017801e+01
4.330000000000000000e+04 3.308809601632803776e+01
4.350000000000000000e+04 3.305969589972416145e+01
4.370000000000000000e+04 3.304469330412160133e+01
4.390000000000000000e+04 3.303407428914852062e+01
4.410000000000000000e+04 3.300468404948900059e+01
4.430000000000000000e+04 3.300295422339669216e+01
4.450000000000000000e+04 3.299033090147484160e+01
4.470000000000000000e+04 3.296695887850697204e+01
4.490000000000000000e+04 3.297484553487313264e+01
4.510000000000000000e+04 3.295856133579863467e+01
4.530000000000000000e+04 3.294098884081621037e+01
4.550000000000000000e+04 3.294457763751901780e+01
4.570000000000000000e+04 3.293701467846681652e+01
4.590000000000000000e+04 3.291516512649420179e+01
4.610000000000000000e+04 3.292387954720886256e+01
4.630000000000000000e+04 3.291121386441600549e+01
4.650000000000000000e+04 3.290397584758284921e+01
4.670000000000000000e+04 3.290156182268808749e+01
4.690000000000000000e+04 3.289537765022222260e+01
4.710000000000000000e+04 3.288497133174023901e+01
4.730000000000000000e+04 3.288955884505650573e+01
4.750000000000000000e+04 3.287900186610445985e+01
4.770000000000000000e+04 3.287329064852232108e+01
4.790000000000000000e+04 3.286697554795826193e+01
4.810000000000000000e+04 3.285516535040541442e+01
4.830000000000000000e+04 3.286112741786521951e+01
4.850000000000000000e+04 3.285132802866434076e+01
4.870000000000000000e+04 3.284087091547832671e+01
4.890000000000000000e+04 3.283764314331624234e+01
4.910000000000000000e+04 3.282999105394728900e+01
4.930000000000000000e+04 3.282406859371253915e+01
4.950000000000000000e+04 3.281579351587939186e+01
4.970000000000000000e+04 3.281570607471213918e+01
4.990000000000000000e+04 3.280766948639283953e+01
5.010000000000000000e+04 3.280464755516364050e+01
5.030000000000000000e+04 3.279875295948927771e+01
5.050000000000000000e+04 3.278697843245347343e+01
5.070000000000000000e+04 3.278418362296854127e+01
5.090000000000000000e+04 3.277938876130082235e+01
5.110000000000000000e+04 3.277062645603722757e+01
5.130000000000000000e+04 3.276343901066707076e+01
5.150000000000000000e+04 3.275889344108851731e+01
5.170000000000000000e+04 3.276080543334668960e+01
5.190000000000000000e+04 3.275085615509906489e+01
5.210000000000000000e+04 3.274535200228989140e+01
5.230000000000000000e+04 3.273875976049866665e+01
5.250000000000000000e+04 3.273630314406026542e+01
5.270000000000000000e+04 3.273767890059393437e+01
5.290000000000000000e+04 3.272322851331818327e+01
5.310000000000000000e+04 3.271604631373934069e+01
5.330000000000000000e+04 3.271495792180844830e+01
5.350000000000000000e+04 3.270920891677194220e+01
5.370000000000000000e+04 3.270430744763617525e+01
5.390000000000000000e+04 3.270001223487108177e+01
5.410000000000000000e+04 3.269503748209270810e+01
5.430000000000000000e+04 3.268638599488404850e+01
5.450000000000000000e+04 3.268636485074573983e+01
5.470000000000000000e+04 3.267664077902333730e+01
5.490000000000000000e+04 3.267437552692207703e+01
5.510000000000000000e+04 3.266563668753281746e+01
5.530000000000000000e+04 3.267176181164514048e+01
5.550000000000000000e+04 3.265663322051194228e+01
5.570000000000000000e+04 3.265789286959237359e+01
5.590000000000000000e+04 3.264925986753775788e+01
5.610000000000000000e+04 3.264861264032690968e+01
5.630000000000000000e+04 3.263774651209045174e+01
5.650000000000000000e+04 3.263757708067142715e+01
5.670000000000000000e+04 3.263150289200254406e+01
5.690000000000000000e+04 3.262204814782055706e+01
5.710000000000000000e+04 3.262225181173503330e+01
5.730000000000000000e+04 3.261731007529638049e+01
5.750000000000000000e+04 3.261165372537895735e+01
5.770000000000000000e+04 3.260590608841130233e+01
5.790000000000000000e+04 3.260383663739408178e+01
5.810000000000000000e+04 3.259702998626945458e+01
5.830000000000000000e+04 3.259243043093147207e+01
5.850000000000000000e+04 3.258757140475697156e+01
5.870000000000000000e+04 3.257994134055680746e+01
5.890000000000000000e+04 3.257601543216325268e+01
5.910000000000000000e+04 3.256820480051243294e+01
5.930000000000000000e+04 3.256740611491932924e+01
5.950000000000000000e+04 3.256065363398030854e+01
5.970000000000000000e+04 3.255815121978859139e+01
5.990000000000000000e+04 3.255304299365149490e+01
6.010000000000000000e+04 3.254818552868372450e+01
6.030000000000000000e+04 3.254294822026943024e+01
6.050000000000000000e+04 3.253566099668955758e+01
6.070000000000000000e+04 3.253139463159378408e+01
6.090000000000000000e+04 3.252593356101087352e+01
6.110000000000000000e+04 3.252015888284839917e+01
6.130000000000000000e+04 3.251646525114105657e+01
6.150000000000000000e+04 3.251232527018405705e+01
6.170000000000000000e+04 3.250925348657068525e+01
6.190000000000000000e+04 3.250329349733143403e+01
6.210000000000000000e+04 3.249960356977569376e+01
6.230000000000000000e+04 3.249297369543096892e+01
6.250000000000000000e+04 3.248636836339154854e+01
6.270000000000000000e+04 3.248182715418410282e+01
6.290000000000000000e+04 3.247704587723608682e+01
6.310000000000000000e+04 3.247217762878010916e+01
6.330000000000000000e+04 3.246884273015976419e+01
6.350000000000000000e+04 3.246284206233438852e+01
6.370000000000000000e+04 3.246011251606402936e+01
6.390000000000000000e+04 3.245228421203065494e+01
6.420000000000000000e+04 3.244638890706653456e+01
6.460000000000000000e+04 3.243566304637774067e+01
6.500000000000000000e+04 3.242635942388012893e+01
6.540000000000000000e+04 3.241611530474793312e+01
6.580000000000000000e+04 3.240716471412123667e+01
6.620000000000000000e+04 3.239677202326410566e+01
6.660000000000000000e+04 3.238726448839837957e+01
6.700000000000000000e+04 3.237795152204002136e+01
6.740000000000000000e+04 3.236772579385456794e+01
6.780000000000000000e+04 3.235816397048058235e+01
6.820000000000000000e+04 3.234846113840637827e+01
6.860000000000000000e+04 3.233939372012068247e+01
6.900000000000000000e+04 3.232923116380250406e+01
6.940000000000000000e+04 3.231989396213877797e+01
6.980000000000000000e+04 3.231033413998483184e+01
7.020000000000000000e+04 3.230072660464799128e+01
7.060000000000000000e+04 3.229165265372988358e+01
7.100000000000000000e+04 3.228209954914927948e+01
7.140000000000000000e+04 3.227287721359792272e+01
7.180000000000000000e+04 3.226329605345755169e+01
7.220000000000000000e+04 3.225414925331578786e+01
7.260000000000000000e+04 3.224475652072243292e+01
7.300000000000000000e+04 3.223560037215006702e+01
7.340000000000000000e+04 3.222630982500335506e+01
7.380000000000000000e+04 3.221726908643163512e+01
7.420000000000000000e+04 3.220792628628910137e+01
7.460000000000000000e+04 3.219690508350005587e+01
7.500000000000000000e+04 3.218786002732285567e+01
7.540000000000000000e+04 3.218061479460725138e+01
7.580000000000000000e+04 3.217205670732305833e+01
7.620000000000000000e+04 3.216309527708848748e+01
7.660000000000000000e+04 3.215429713120897759e+01
7.700000000000000000e+04 3.214537081320626299e+01
7.740000000000000000e+04 3.213665276796841397e+01
7.780000000000000000e+04 3.212778343576847817e+01
7.820000000000000000e+04 3.211912641830851101e+01
7.860000000000000000e+04 3.211051037445834311e+01
7.900000000000000000e+04 3.210179253297025070e+01
7.940000000000000000e+04 3.209327979897034311e+01
7.980000000000000000e+04 3.208465000160357761e+01
8.020000000000000000e+04 3.207609146018705104e+01
8.060000000000000000e+04 3.206759501732691575e+01
8.100000000000000000e+04 3.205935518123204986e+01
8.140000000000000000e+04 3.205081149175649102e+01
8.180000000000000000e+04 3.204235748144273543e+01
8.220000000000000000e+04 3.203417469400626771e+01
8.260000000000000000e+04 3.202589875925762897e+01
8.300000000000000000e+04 3.201750096359860720e+01
8.340000000000000000e+04 3.200939222330467970e+01
8.380000000000000000e+04 3.200120074035559981e+01
8.420000000000000000e+04 3.199310580078728350e+01
8.460000000000000000e+04 3.198491909251617571e+01
8.500000000000000000e+04 3.197706773891498955e+01
8.540000000000000000e+04 3.196911940061074375e+01
8.580000000000000000e+04 3.196106208538085269e+01
8.620000000000000000e+04 3.195315216043128004e+01
8.660000000000000000e+04 3.194538110145953524e+01
8.700000000000000000e+04 3.193752037990802961e+01
8.740000000000000000e+04 3.192955582178201013e+01
8.780000000000000000e+04 3.192174720726919190e+01
8.820000000000000000e+04 3.191385026454577911e+01
8.860000000000000000e+04 3.190636018202975066e+01
8.900000000000000000e+04 3.189851570871144304e+01
8.940000000000000000e+04 3.189112022045425832e+01
8.980000000000000000e+04 3.188336701582340993e+01
9.020000000000000000e+04 3.187580497059189710e+01
9.060000000000000000e+04 3.186814939044637640e+01
9.100000000000000000e+04 3.186041010294889020e+01
9.140000000000000000e+04 3.185316181692448723e+01
9.180000000000000000e+04 3.184583151481534458e+01
9.220000000000000000e+04 3.183841766862011013e+01
9.260000000000000000e+04 3.183092894125572059e+01
9.300000000000000000e+04 3.182365776671814928e+01
9.340000000000000000e+04 3.181623146381922140e+01
9.380000000000000000e+04 3.180891124909627621e+01
9.420000000000000000e+04 3.180163044252675775e+01
9.460000000000000000e+04 3.179441592609392586e+01
9.500000000000000000e+04 3.178709880735020477e+01
9.540000000000000000e+04 3.178006345484564577e+01
9.580000000000000000e+04 3.177286354555934622e+01
9.620000000000000000e+04 3.176568497870914243e+01
9.660000000000000000e+04 3.175864085573359219e+01
9.700000000000000000e+04 3.175159379621906552e+01
9.740000000000000000e+04 3.174424910901954888e+01
9.780000000000000000e+04 3.173749735635578162e+01
9.820000000000000000e+04 3.173045224055054803e+01
9.860000000000000000e+04 3.172365569209466685e+01
9.900000000000000000e+04 3.171661514708731744e+01
9.940000000000000000e+04 3.170975092451184452e+01
9.980000000000000000e+04 3.170291925458626281e+01
1.002000000000000000e+05 3.169603586951274821e+01
2.000000000000000000e+05 3.050634754375148816e+01
4.000000000000000000e+05 2.930339592798458170e+01
6.000000000000000000e+05 2.859629539276817667e+01
8.000000000000000000e+05 2.809323874775531493e+01
1.000000000000000000e+06 2.770240394306487630e+01
1.200000000000000000e+06 -inf
1.400000000000000000e+06 -inf
1.600000000000000000e+06 -inf
