2.733945528733375596e+00
2.730691129303904674e+00
2.716916977587770177e+00
2.479144899803729984e+00
2.251929095406592918e+00
2.126925776280400804e+00
1.159065094114092309e+00
3.485510066030670928e-01
-4.016021674276427922e-03
-1.259062533802248474e-01
-3.751863714172100628e-01
-4.687540646353511864e-01
-7.552030644625208344e-01
-8.103449491010665806e-01
-8.794235872186249026e-01
-1.005272339411216409e+00
-1.148952926061303392e+00
-1.183411339399265572e+00
-1.090970599097867089e+00
-1.084478391867410796e+00
-1.128059587530720442e+00
-1.230872447032241634e+00
-1.193260089525505885e+00
-1.327009910997525077e+00
-1.372033769319663810e+00
-1.309941499685475463e+00
-1.382441774368659670e+00
-1.591075668528769471e+00
-1.511836925124527831e+00
-1.656268367073371550e+00
-1.648717482670268186e+00
-1.728603115972834559e+00
-1.982255900167518181e+00
-1.916463710732220660e+00
-1.900589748005327762e+00
-2.027418774507036670e+00
-1.999655247456895601e+00
-2.053518739546762895e+00
-2.173027599988932579e+00
-2.084930040637984039e+00
-2.244712259060345438e+00
-2.313742609953523655e+00
-2.162728411541448015e+00
-2.851861177604375630e+00
-2.685348237280335226e+00
-2.677887612175594789e+00
-2.510359384371614766e+00
-2.590448384574095098e+00
-2.340494077393967753e+00
-2.584992105892430114e+00
-1.308863179592865134e+00
-1.306596924741505239e+00
-1.304676779965876499e+00
-1.302972631025065331e+00
-1.302148923958194260e+00
-1.300537856467805398e+00
-1.297511196666845779e+00
-1.645950031518095491e+00
-1.645255273484427461e+00
-1.644053716731046277e+00
-1.642759464784020462e+00
-1.641206631019225481e+00
-1.601056825948139029e+00
-1.625918642322934371e+00
-1.623697483552519527e+00
-1.619985944629801500e+00
-2.307518959370866263e+00
-3.685136728263792794e+00
-3.640240161989315215e+00
-4.096646644051912922e+00
-3.961816893707706733e+00
-3.906806533966432848e+00
-3.874300352399421943e+00
-3.861370257523000227e+00
-3.772127529430673309e+00
-3.534215591685369251e+00
-3.361813273590657847e+00
-3.422670930023008484e+00
-3.471293959960351838e+00
-3.695980420954325663e+00
-4.154258148301293474e+00
-2.378281188768711640e+00
-2.921551126375725449e+00
-2.920863044027875333e+00
-2.896316140317956034e+00
-2.895515029137362362e+00
-2.894023836454366450e+00
-2.893450607313979184e+00
-2.891385829674961716e+00
-2.339477341869913740e+00
-3.819483104479743929e+00
-4.884262301659203054e+00
-4.856306654336233208e+00
-4.832549400444169585e+00
-4.786350873378856008e+00
-4.749414023902236437e+00
-4.704232619865872600e+00
-4.662774930253061889e+00
-4.572680767881185382e+00
-4.560473929297830686e+00
-4.564991442561698420e+00
-4.562915773871614178e+00
-4.540968802606986543e+00
-4.379137647796863320e+00
-4.243896145346555571e+00
-4.341591666296157115e+00
-4.399438295646565855e+00
-4.453907545393009038e+00
-4.629551259681802478e+00
-4.678747366505429994e+00
-4.771954542412700562e+00
-3.092630499329126259e+00
-3.092630499329126259e+00
-3.091905536178899627e+00
-3.825551598797155339e+00
-3.825551598797155339e+00
-3.824515421313110508e+00
-3.823493400416070553e+00
-3.824327519487871196e+00
-3.823353147383020900e+00
-3.822420365236116169e+00
-3.821620575216063465e+00
-3.820719749043853142e+00
-3.821158123827107289e+00
-3.820182275931873761e+00
-3.819281603915888113e+00
-3.818426711218656511e+00
-3.817783763166915811e+00
-3.818245927809463591e+00
-3.818944083115597632e+00
-3.818146263252351513e+00
-3.817272471807252376e+00
-3.816489193586211304e+00
-3.816247953911989566e+00
-4.219741031336989856e+00
-4.219201109104447234e+00
-4.218629126774271931e+00
-4.226692920273934284e+00
-4.226370847182795210e+00
-4.225774331018209651e+00
-4.225347217948415057e+00
-4.224791427476159100e+00
-4.224471391420777877e+00
-4.601356260778839413e+00
-4.601035256594540712e+00
-4.633171609924621848e+00
-4.632872621369079624e+00
-4.632661098446044790e+00
-4.632318645600309814e+00
-4.631567236957637945e+00
-4.631102484992078772e+00
-4.630336233208646846e+00
-4.628849591959648180e+00
-4.213750863733820573e+00
-4.616528340188986057e+00
-5.419924575942525635e+00
-5.944937431605803013e+00
-6.718617377130832402e+00
-6.672010799830058403e+00
-6.644054342693939574e+00
-6.811773872220297399e+00
-6.775456076584197795e+00
-6.665560983418885144e+00
-6.626185099176489679e+00
-6.582094301437973805e+00
-6.521773512249023241e+00
-6.495538815728798987e+00
-6.476677571674153810e+00
-6.406658564163715930e+00
-6.398518811234423787e+00
-6.402624881512481991e+00
-6.418222170726932241e+00
-6.448989682192354245e+00
-6.434159352798074494e+00
-6.434372799431256063e+00
-6.447350639833976160e+00
-6.446193189533567569e+00
-6.445457650798259053e+00
-6.453422296340824538e+00
-6.457559843245486597e+00
-6.463849316099034681e+00
-6.463662861134873872e+00
-6.467319681524339892e+00
-6.474009321477629086e+00
-6.475795025464235799e+00
-6.523476469352682550e+00
-6.523035864429331809e+00
-6.522810736804554921e+00
-6.518113943650342357e+00
-6.505052498211138179e+00
-6.550398050227784985e+00
-6.550398050227784985e+00
-6.544314258922398153e+00
-6.523936184800914972e+00
-6.504368749272647854e+00
-6.675775074977265966e+00
-5.050064107144216941e+00
-5.048570372288288866e+00
-5.048570372288288866e+00
-5.048570372288288866e+00
-5.049204594800257517e+00
-5.047536199167819149e+00
-5.047536199167819149e+00
-5.047536199167819149e+00
-5.046131240438143095e+00
-5.046131240438143095e+00
-5.046131240438143095e+00
-5.046131240438143095e+00
-5.044796034012037467e+00
-5.045413901882534802e+00
-5.045413901882534802e+00
-5.043974731730403782e+00
-5.043974731730403782e+00
-5.044023102824080951e+00
-5.044369921021815806e+00
-5.043031781553930948e+00
-5.043031781553930948e+00
-5.043650104152818336e+00
-5.598359826213760826e+00
-5.598359826213760826e+00
-5.598359826213760826e+00
-5.598568770017337215e+00
-5.597487396847099284e+00
-5.597487396847099284e+00
-5.597487396847099284e+00
-5.596770141528405240e+00
-5.596770141528405240e+00
-5.596770141528405240e+00
-5.595827777253397528e+00
-5.595827777253397528e+00
-5.595827777253397528e+00
-5.595154617713434142e+00
-5.595450661969529449e+00
-5.595783203878324841e+00
-5.595783203878324841e+00
-5.594744440450629241e+00
-5.594744440450629241e+00
-5.594744440450629241e+00
-5.593887871889058339e+00
-5.593887871889058339e+00
-5.594236433416028831e+00
-5.593289662357046943e+00
-5.593361113748870572e+00
-5.593361113748870572e+00
-5.592509158155364979e+00
-5.592509158155364979e+00
-5.592509158155364979e+00
-5.591635227917476136e+00
-5.591931375646496782e+00
-5.592248526392658015e+00
-5.591351813658564041e+00
-5.591550214388451678e+00
-5.590794938109038270e+00
-5.590794938109038270e+00
-5.590794938109038270e+00
-5.590408579106340703e+00
-5.590408579106340703e+00
-5.590408579106340703e+00
-6.028276642425694831e+00
-6.028276642425694831e+00
-6.028276642425694831e+00
-6.027909296885909818e+00
-6.027909296885909818e+00
-6.027311115438727995e+00
-6.027311115438727995e+00
-6.027311115438727995e+00
-6.026942842567074798e+00
-6.032225069175266796e+00
-6.032332666794571807e+00
-6.031989655153545904e+00
-6.031789232436072901e+00
-6.031464829018480245e+00
-6.031464829018480245e+00
-6.031159839956989899e+00
-6.031159839956989899e+00
-6.031159839956989899e+00
-6.030846338242049853e+00
-6.030664906201135267e+00
-6.030315180196921254e+00
-6.030315180196921254e+00
-6.030498738692906535e+00
-6.030195978554076852e+00
-6.030195978554076852e+00
-6.029922893621358249e+00
-6.030055862828373137e+00
-6.415170894118489286e+00
-6.415170894118489286e+00
-6.415352703043828875e+00
-6.415390057927616851e+00
-6.415390057927616851e+00
-6.415618650011462698e+00
-6.414460826008265393e+00
-6.414658483848483250e+00
-6.414658483848483250e+00
-6.414828636727247790e+00
-6.414828636727247790e+00
-6.414993424710234926e+00
-6.655761500653019525e+00
-6.655530234821640079e+00
-6.655530234821640079e+00
-6.655371285694323014e+00
-6.655625366202642113e+00
-6.655411333073593561e+00
-6.655411333073593561e+00
-6.898383765818986824e+00
-6.898383765818986824e+00
-6.950239314554463199e+00
-6.950336557682956773e+00
-6.950336557682956773e+00
-6.950430904366041496e+00
-6.950572783108981412e+00
-6.949963901682711054e+00
-6.949963901682711054e+00
-6.950089850463283092e+00
-6.950247056065620654e+00
-6.950247056065620654e+00
-6.950432843524311899e+00
-6.950014312154855212e+00
-6.950201041109760780e+00
-6.950504006074331720e+00
-6.950836955566034092e+00
-6.951456404509587905e+00
-6.723724245447668224e+00
-6.098890893273064329e+00
-6.715040573863665152e+00
-6.956666899451067643e+00
-7.138578850506999807e+00
-7.283880813679167510e+00
-7.361954773935631025e+00
-7.545800362637111292e+00
-7.694724522330970373e+00
-7.719257507767108173e+00
-8.039978274596567331e+00
-8.336846093829135995e+00
-8.521035716827871198e+00
-8.382713468622364772e+00
-8.321714339752494638e+00
-8.256229798640129403e+00
-8.215378687969533189e+00
-8.130061833154933026e+00
-8.037560196832684412e+00
-7.964560280317170893e+00
-7.925780124136608151e+00
-7.885647258299549378e+00
-7.867826003154185344e+00
-7.851825670749231101e+00
-7.779721485829047545e+00
-7.779721485829047545e+00
-7.771719399780815607e+00
-7.770501857987849981e+00
-7.772473211195698894e+00
-7.774124571135495820e+00
-7.774622253066214128e+00
-7.776022318125893840e+00
-7.774926365867396605e+00
-7.776026525424667213e+00
-7.777840611898787060e+00
-7.779583158469633553e+00
-7.781226020595621407e+00
-7.780661474534094069e+00
-7.782296881879746664e+00
-7.782999926926022383e+00
-7.785118752541221099e+00
-7.785937918382669132e+00
-7.787719078264867534e+00
-7.788674953285759095e+00
-7.790356994452722006e+00
-7.792159339452650713e+00
-7.793945031507291787e+00
-7.795724698273167164e+00
-7.797241368810568396e+00
-8.127913406408861619e+00
-8.129673885960105650e+00
-8.131031955956487423e+00
-8.132635403254679929e+00
-8.134315067220230233e+00
-8.136062733911320066e+00
-8.136062733911320066e+00
-8.137642843931519820e+00
-8.139228142845670533e+00
-8.140957664689926432e+00
-8.142582446815012531e+00
-8.142731696775014072e+00
-8.144571801600159588e+00
-8.145828504726393859e+00
-8.147231196218376326e+00
-8.150280069015071405e+00
-8.148438766219998186e+00
-8.152112492462697091e+00
-8.152694697778573030e+00
-8.154252757096712045e+00
-8.154252757096712045e+00
-8.152445306532046132e+00
-8.152445306532046132e+00
-8.165020744529828178e+00
-8.165055236290724494e+00
-8.165060893056399038e+00
-8.164308926962778656e+00
-8.161980820065185327e+00
-8.168046361076951811e+00
-8.168046361076951811e+00
-8.168046361076951811e+00
-8.168046361076951811e+00
-8.174641888008917334e+00
-8.174642930194567114e+00
-8.174642930194567114e+00
-8.174642930194567114e+00
-8.177845209465047560e+00
-8.487276640034753683e+00
-8.490032436422186635e+00
-8.490032436422186635e+00
-8.489977563647041592e+00
-8.496657889225826210e+00
-8.494916737445899813e+00
-8.494916737445899813e+00
-8.497256696624903682e+00
-8.499579536995168993e+00
-8.497978750001188075e+00
-8.497988728712009276e+00
-8.503513870311868672e+00
-8.503513870311868672e+00
-8.503513870311868672e+00
-8.503499632334824199e+00
-8.503499632334824199e+00
-8.506447187702377732e+00
-8.506389202267875760e+00
-8.506389202267875760e+00
-8.508959520604582494e+00
-8.508959520604582494e+00
-8.508959520604582494e+00
-8.510634543140968233e+00
-8.510642395384618197e+00
-8.509174981915551328e+00
-8.512492650397115668e+00
-8.512508135191870551e+00
-8.512485793699463343e+00
-8.512195644987990306e+00
-8.512195644987990306e+00
-8.512195644987990306e+00
-8.512195644987990306e+00
-8.512134580543806450e+00
-8.872148233008605445e+00
-8.872148233008605445e+00
-8.872148233008605445e+00
-8.872148233008605445e+00
-8.871051559428225985e+00
-8.933684142012239704e+00
-8.933684142012239704e+00
-8.938548890876338859e+00
-8.950500817738863191e+00
-8.950500817738863191e+00
-9.120855345433824368e+00
-7.909411704552518962e+00
-7.909411704552518962e+00
-7.909108003328195302e+00
-7.909108003328195302e+00
-7.909108003328195302e+00
-7.909108003328195302e+00
-7.908626829561606009e+00
-7.908626829561606009e+00
-7.908626829561606009e+00
-7.908626829561606009e+00
-7.908174196752359997e+00
-7.908174196752359997e+00
-7.908174196752359997e+00
-7.908174196752359997e+00
-8.336355576350092278e+00
-8.336355576350092278e+00
-8.439370436870564873e+00
-8.439370436870564873e+00
-8.438814270015502217e+00
-8.438814270015502217e+00
-8.438814270015502217e+00
-8.438814270015502217e+00
-8.438517115201394247e+00
-8.438517115201394247e+00
-8.438836551030680866e+00
-8.438836551030680866e+00
-8.438446939810953396e+00
-8.438595943195176474e+00
-8.438595943195176474e+00
-8.438210397050774247e+00
-8.438563546875855081e+00
-8.438563546875855081e+00
-8.438563546875855081e+00
-8.438184005489354433e+00
-8.438184005489354433e+00
-8.438184005489354433e+00
-8.438184005489354433e+00
-9.051687014307907120e+00
-9.051687014307907120e+00
-9.051687014307907120e+00
-9.051514971622125927e+00
-9.051514971622125927e+00
-9.051514971622125927e+00
-9.051362245606640045e+00
-9.051150271354538646e+00
-9.051150271354538646e+00
-9.051150271354538646e+00
-9.050961520662930582e+00
-9.050961520662930582e+00
-9.050961520662930582e+00
-9.050892602999711656e+00
-9.051169952607912350e+00
-9.051169952607912350e+00
-9.051169952607912350e+00
-9.051008786195692934e+00
-9.051008786195692934e+00
-9.050865907182039649e+00
-9.485631675199153179e+00
-9.485631675199153179e+00
-9.485631675199153179e+00
-9.486115587149509309e+00
-9.486115587149509309e+00
-9.486115587149509309e+00
-9.502612273760147943e+00
-9.502612273760147943e+00
-9.502643076094347663e+00
-9.502976705522723222e+00
-9.502976705522723222e+00
-9.503054203361134711e+00
-9.502324329273660553e+00
-9.502324329273660553e+00
-9.502324329273660553e+00
-9.502786986681474701e+00
-9.502786986681474701e+00
-9.502786986681474701e+00
-9.503336600269133072e+00
-9.503336600269133072e+00
-9.503531454012989599e+00
-9.504280983282786366e+00
-9.504459664725725787e+00
-9.504828050465260247e+00
-9.505320355067938820e+00
-9.504492460231642070e+00
-9.505068787497235050e+00
-9.505757742125823029e+00
-9.506619384789933846e+00
-9.507697190396411813e+00
-9.509045468140797652e+00
-8.177413485051898689e+00
-8.413744786926592667e+00
-7.909500233088417431e+00
-7.904444185213858276e+00
-8.479334831997615396e+00
-8.148603517547389430e+00
-9.532515362121136704e+00
-9.531662927504926941e+00
-9.531708243678219006e+00
-9.715849042276506253e+00
-9.791856364966575299e+00
-9.826651669952155999e+00
-9.852529190092388589e+00
-9.870156139663668782e+00
-9.955603292065909216e+00
-9.999462667708186814e+00
-9.971835450324432415e+00
-9.930603023371409321e+00
-1.004757897362032537e+01
-1.019700807223519057e+01
-1.033960386985550883e+01
-1.048258761092568037e+01
-1.057256578060414753e+01
-1.066128216726854738e+01
-1.085508377811139269e+01
-1.090169528933877885e+01
-1.093349587724693350e+01
-1.057859327240911007e+01
-1.054184048637762849e+01
-1.042570694140499121e+01
-1.037555705140277240e+01
-1.030352220103895178e+01
-1.027150534434633045e+01
-1.022365702528860965e+01
-1.020573515231080641e+01
-1.016907026616318888e+01
-1.010172693576786607e+01
-1.008216387380090140e+01
-1.007445832720918055e+01
-1.006264354246048853e+01
-1.006271646633638817e+01
-1.006003049889238099e+01
-1.006009287480390668e+01
-1.006009287480390668e+01
-1.005801219435707594e+01
-1.005801219435707594e+01
-1.005801219435707594e+01
-1.005801219435707594e+01
-1.005801219435707594e+01
-1.005801219435707594e+01
-1.007255790853846555e+01
-1.007255790853846555e+01
-1.007255790853846555e+01
-1.007255790853846555e+01
-1.007255790853846555e+01
-1.007255790853846555e+01
-1.007015838083943748e+01
-1.007015838083943748e+01
-1.007015838083943748e+01
-1.007015838083943748e+01
-1.007015838083943748e+01
-1.007415867461407544e+01
-1.007415867461407544e+01
-1.007415867461407544e+01
-1.007533164987313690e+01
-1.007533164987313690e+01
-1.007533164987313690e+01
-1.007533164987313690e+01
-1.079906437510681094e+01
-1.079906437510681094e+01
-1.079909504388440666e+01
-1.079909504388440666e+01
-1.079909504388440666e+01
-1.079909504388440666e+01
-1.079909504388440666e+01
-1.079909504388440666e+01
-1.080377265479768667e+01
-1.080377265479768667e+01
-1.080377265479768667e+01
-1.080160198125023285e+01
-1.080160198125023285e+01
-1.080161700975281569e+01
-1.080161700975281569e+01
-1.080672939271254407e+01
-1.080672939271254407e+01
-1.080672939271254407e+01
-1.080672939271254407e+01
-1.080672939271254407e+01
-1.080672939271254407e+01
-1.080674535977995809e+01
-1.081079889093092561e+01
-1.080894510720123058e+01
-1.080894510720123058e+01
-1.080894510720123058e+01
-1.080894510720123058e+01
-1.080894510720123058e+01
-1.080894510720123058e+01
-1.081460478033700312e+01
-1.081460478033700312e+01
-1.081460478033700312e+01
-1.081460478033700312e+01
-1.081460478033700312e+01
-1.081288070146509206e+01
-1.081288070146509206e+01
-1.081289771370230923e+01
-1.081289771370230923e+01
-1.081292362750261304e+01
-1.081292362750261304e+01
-1.081292362750261304e+01
-1.082579011378503431e+01
-1.082579011378503431e+01
-1.082579011378503431e+01
-1.082584181535596279e+01
-1.082407455637411253e+01
-1.082407455637411253e+01
-1.082407455637411253e+01
-1.082407455637411253e+01
-1.082407455637411253e+01
-1.082407455637411253e+01
-1.082407455637411253e+01
-1.082407455637411253e+01
-1.082962537029693273e+01
-1.082962537029693273e+01
-1.082962537029693273e+01
-1.082753642377915781e+01
-1.082753642377915781e+01
-1.082753642377915781e+01
-1.082753642377915781e+01
-1.082753642377915781e+01
-1.082753642377915781e+01
-1.082753642377915781e+01
-1.083766313755423383e+01
-1.083766313755423383e+01
-1.083766313755423383e+01
-1.083766313755423383e+01
-1.083582014823321771e+01
-1.083582014823321771e+01
-1.083583004376169256e+01
-1.083583004376169256e+01
-1.083583004376169256e+01
-1.083583004376169256e+01
-1.083583004376169256e+01
-1.083583004376169256e+01
-1.083583004376169256e+01
-1.083583004376169256e+01
-1.083410780769538384e+01
-1.084923210385629133e+01
-1.084923210385629133e+01
-1.084923210385629133e+01
-1.084923210385629133e+01
-1.084923210385629133e+01
-1.084923210385629133e+01
-1.084923210385629133e+01
-1.084923210385629133e+01
-1.084923210385629133e+01
-1.084759788862047003e+01
-1.084759788862047003e+01
-1.084762586120728400e+01
-1.084762586120728400e+01
-1.085413035712771013e+01
-1.085413781022448454e+01
-1.085415990518021268e+01
-1.085415990518021268e+01
-1.085415990518021268e+01
-1.085415990518021268e+01
-1.085415990518021268e+01
-1.085254338378579497e+01
-1.085254338378579497e+01
-1.085254338378579497e+01
-1.086426851042362252e+01
-1.086426851042362252e+01
-1.086426851042362252e+01
-1.086426851042362252e+01
-1.086426851042362252e+01
-1.086426851042362252e+01
-1.086426851042362252e+01
-1.139651155881100841e+01
-1.139651155881100841e+01
-1.139654806020911693e+01
-1.139654806020911693e+01
-1.140589806103426973e+01
-1.140589806103426973e+01
-1.140589806103426973e+01
-1.143324687013728180e+01
-1.143324687013728180e+01
-1.143324687013728180e+01
-1.143173125289837344e+01
-1.143173125289837344e+01
-1.143173125289837344e+01
-1.143173125289837344e+01
-1.143994379849994303e+01
-1.143994379849994303e+01
-1.143994379849994303e+01
-1.143995155908359784e+01
-1.143995155908359784e+01
-1.143995155908359784e+01
-1.143849252286251605e+01
-1.143851492046915475e+01
-1.143851492046915475e+01
-1.143851492046915475e+01
-1.144768350794003986e+01
-1.144768350794003986e+01
-1.144768350794003986e+01
-1.144768350794003986e+01
-1.144768350794003986e+01
-1.144628634758568175e+01
-1.144628834417827612e+01
-1.144628834417827612e+01
-1.144628834417827612e+01
-1.144628834417827612e+01
-1.145751375403693295e+01
-1.145751375403693295e+01
-1.145751375403693295e+01
-1.145751375403693295e+01
-1.145751375403693295e+01
-1.145552890671601887e+01
-1.145554928481747048e+01
-1.145554928481747048e+01
-1.145559526145309803e+01
-1.145559526145309803e+01
-1.145559526145309803e+01
-1.147091663686854091e+01
-1.147091663686854091e+01
-1.147091663686854091e+01
-1.146994307603494079e+01
-1.146994307603494079e+01
-1.146994307603494079e+01
-1.146994307603494079e+01
-1.146994307603494079e+01
-1.146994126873182296e+01
-1.146994126873182296e+01
-1.146994126873182296e+01
-1.146994126873182296e+01
-1.146859494096252341e+01
-1.155320821643328877e+01
-1.155320821643328877e+01
-1.155320821643328877e+01
-1.155322758807156625e+01
-1.155322758807156625e+01
-1.155322758807156625e+01
-1.155322758807156625e+01
-1.155322758807156625e+01
-1.155322758807156625e+01
-1.155201271162765231e+01
-1.155201271162765231e+01
-1.155201271162765231e+01
-1.155201271162765231e+01
-1.155202370457024053e+01
-1.155202370457024053e+01
-1.155202370457024053e+01
-1.155202370457024053e+01
-1.155201003286340189e+01
-1.234254682035148321e+01
-1.234254682035148321e+01
-1.234254682035148321e+01
-1.234254682035148321e+01
-1.234254682035148321e+01
-1.234254489414496270e+01
-1.234254489414496270e+01
-1.234254489414496270e+01
-1.234254489414496270e+01
-1.234109990697990433e+01
-1.234109990697990433e+01
-1.114538720299859698e+01
-1.114538720299859698e+01
-1.114538720299859698e+01
-1.114538720299859698e+01
-1.114538720299859698e+01
-1.114538720299859698e+01
-1.114492549167539437e+01
-1.114492549167539437e+01
-1.114506134143756100e+01
-1.114527573945276195e+01
-1.114527573945276195e+01
-1.114527573945276195e+01
-1.114527573945276195e+01
-1.114527573945276195e+01
-1.114527573945276195e+01
-1.114484024308395327e+01
-1.114484024308395327e+01
-1.114500855025958259e+01
-1.114500855025958259e+01
-1.114500855025958259e+01
-1.114500855025958259e+01
-1.114500855025958259e+01
-1.114500855025958259e+01
-1.114467441417959748e+01
-1.114467441417959748e+01
-1.114589989820049531e+01
-1.114589989820049531e+01
-1.114589989820049531e+01
-1.114596385672991019e+01
-1.114596385672991019e+01
-1.114619494205295780e+01
-1.114570120174374956e+01
-1.114570120174374956e+01
-1.114570120174374956e+01
-1.114570120174374956e+01
-1.114570120174374956e+01
-1.114570120174374956e+01
-1.114570120174374956e+01
-1.114570120174374956e+01
-1.114523723632643737e+01
-1.114523723632643737e+01
-1.114523723632643737e+01
-1.114523723632643737e+01
-1.114525434458530206e+01
-1.114525434458530206e+01
-1.114525434458530206e+01
-1.114525434458530206e+01
-1.114491603018099575e+01
-1.114491603018099575e+01
-1.114491603018099575e+01
-1.114491603018099575e+01
-1.114511381804697621e+01
-1.114511381804697621e+01
-1.114511381804697621e+01
-1.114511381804697621e+01
-1.159629901379849315e+01
-1.159648433387627620e+01
-1.159648433387627620e+01
-1.159662387861617816e+01
-1.159662387861617816e+01
-1.159662387861617816e+01
-1.159675935171281935e+01
-1.159675935171281935e+01
-1.159654484145494280e+01
-1.159654484145494280e+01
-1.159654484145494280e+01
-1.159654484145494280e+01
-1.159654484145494280e+01
-1.159654484145494280e+01
-1.159654484145494280e+01
-1.159639646685621983e+01
-1.159639646685621983e+01
-1.159624250754109021e+01
-1.159624250754109021e+01
-1.159624250754109021e+01
-1.159624250754109021e+01
-1.159624250754109021e+01
-1.159624250754109021e+01
-1.159611023630990800e+01
-1.159611023630990800e+01
-1.159615876051099193e+01
-1.159615876051099193e+01
-1.159615876051099193e+01
-1.159615876051099193e+01
-1.159615876051099193e+01
-1.159603878267769339e+01
-1.159603878267769339e+01
-1.159622964370639586e+01
-1.159622964370639586e+01
-1.159622964370639586e+01
-1.159622964370639586e+01
-1.159622964370639586e+01
-1.159591096529322485e+01
-1.159591096529322485e+01
-1.159591096529322485e+01
-1.159604864470354180e+01
-1.159604864470354180e+01
-1.159604864470354180e+01
-1.159604864470354180e+01
-1.159593383627769825e+01
-1.159593383627769825e+01
-1.159593383627769825e+01
-1.159593383627769825e+01
-1.159593383627769825e+01
-1.159593383627769825e+01
-1.159593383627769825e+01
-1.193398223563645644e+01
-1.193398223563645644e+01
-1.193398223563645644e+01
-1.193398223563645644e+01
-1.193398223563645644e+01
-1.193398223563645644e+01
-1.193326396203701023e+01
-1.193331123506228586e+01
-1.193331123506228586e+01
-1.193343096057342834e+01
-1.193343096057342834e+01
-1.193343096057342834e+01
-1.193343096057342834e+01
-1.193358280777469815e+01
-1.193365355517591553e+01
-1.193365355517591553e+01
-1.193365355517591553e+01
-1.193365355517591553e+01
-1.193365355517591553e+01
-1.193365355517591553e+01
-1.193365355517591553e+01
-1.193379088125216470e+01
-1.193379088125216470e+01
-1.193379088125216470e+01
-1.193379088125216470e+01
-1.193379088125216470e+01
-1.193307630212736825e+01
-1.193312495992331179e+01
-1.193312495992331179e+01
-1.193327848126494928e+01
-1.193327848126494928e+01
-1.193327848126494928e+01
-1.193327848126494928e+01
-1.193327848126494928e+01
-1.193332824282453686e+01
-1.193332824282453686e+01
-1.193332824282453686e+01
-1.193332824282453686e+01
-1.193332824282453686e+01
-1.193332824282453686e+01
-1.193340823882936697e+01
-1.193340823882936697e+01
-1.193340823882936697e+01
-1.193340823882936697e+01
-1.193340823882936697e+01
-1.193282439769941661e+01
-1.209439739356822763e+01
-1.209439739356822763e+01
-1.209439739356822763e+01
-1.209439739356822763e+01
-1.209439739356822763e+01
-1.209439739356822763e+01
-1.209464661896155313e+01
-1.209464661896155313e+01
-1.209464661896155313e+01
-1.209464661896155313e+01
-1.209464661896155313e+01
-1.209464661896155313e+01
-1.209499348691034015e+01
-1.209499348691034015e+01
-1.209510395035145791e+01
-1.209510395035145791e+01
-1.209510395035145791e+01
-1.209510395035145791e+01
-1.209431824010999534e+01
-1.209431824010999534e+01
-1.209431824010999534e+01
-1.209431824010999534e+01
-1.209431824010999534e+01
-1.209431824010999534e+01
-1.209485661843308435e+01
-1.209498665155756747e+01
-1.209498665155756747e+01
-1.209498665155756747e+01
-1.209498665155756747e+01
-1.209498665155756747e+01
-1.209567092620611994e+01
-1.209578387358992657e+01
-1.209578387358992657e+01
-1.209578387358992657e+01
-1.209578387358992657e+01
-1.209669810098265685e+01
-1.209669810098265685e+01
-1.209554075745914403e+01
-1.209586089548120924e+01
-1.209611783072064917e+01
-1.209636823960532404e+01
-1.209662300818095559e+01
-1.209662300818095559e+01
-1.209695411533624920e+01
-1.209724735851800048e+01
