4.259817033345363768e+01
4.263247155315031733e+01
4.267734540063965909e+01
4.272891088171388674e+01
4.229829505961173197e+01
4.193091052250514394e+01
4.171090167594368125e+01
4.151812371296321658e+01
4.133200488118912119e+01
4.119285508355513059e+01
4.108969091133592144e+01
4.097309792357140878e+01
4.088754324280580477e+01
4.078472739822582582e+01
4.070268058161862967e+01
4.064552469456987893e+01
4.058227644049527782e+01
4.052098351398759490e+01
4.046837168089193426e+01
4.043798589855619952e+01
4.039646380164148809e+01
4.035887255400688645e+01
4.031678196063646880e+01
4.029129547009256385e+01
4.023654710031036075e+01
4.020006531796676086e+01
4.017927758754595402e+01
4.016931502824211009e+01
4.012860755087872633e+01
4.012408715798802916e+01
4.007861961338979029e+01
4.005540368555023178e+01
4.006966296980313302e+01
4.002703414777541013e+01
3.999245098164335843e+01
3.999825767501453555e+01
3.995991975111807903e+01
3.992926023692731263e+01
3.992240008031463105e+01
3.988366572157697476e+01
3.987018418575000567e+01
3.985937484495237015e+01
3.984055619634834500e+01
3.986903039486152522e+01
3.980088306153333377e+01
3.979111776432252157e+01
3.973535486932536998e+01
3.975059097776470196e+01
3.976507406882844009e+01
3.977393330024207074e+01
3.946902537218748819e+01
3.947307746669934403e+01
3.947732351498886771e+01
3.948183303999482519e+01
3.948429438992884855e+01
3.948862820621341996e+01
3.949385597559549410e+01
3.949766248391377133e+01
3.950182372769671701e+01
3.950543892340775187e+01
3.951074536658492065e+01
3.951550809449428669e+01
3.951902938688035505e+01
3.952437425654197511e+01
3.953070817658942815e+01
3.954152812447357235e+01
3.959066906663660035e+01
3.961846446484203454e+01
3.959322119920418004e+01
3.957509664376381409e+01
3.954340377652053462e+01
3.951636893426773156e+01
3.950480623519450774e+01
3.950042895041870850e+01
3.954880938949695235e+01
3.960633106324480224e+01
3.965161475916166722e+01
3.965052307063395176e+01
3.964590643793061275e+01
3.962098628651002485e+01
3.964536246779383788e+01
3.924679707377334381e+01
3.925061044519843279e+01
3.925336959253287716e+01
3.925695750258189776e+01
3.925983569445267563e+01
3.926551543104986308e+01
3.926959976223910331e+01
3.927749923128227039e+01
3.931799448897857019e+01
3.930907128702165920e+01
3.937431795103481136e+01
3.935755405022523945e+01
3.934087655792523464e+01
3.931210127601107018e+01
3.929036936826590676e+01
3.926129891527369864e+01
3.923835128052061805e+01
3.921857846376073553e+01
3.921406638901383701e+01
3.921948464364608355e+01
3.925078822773599541e+01
3.931285907964737447e+01
3.935576430961891958e+01
3.938252223980384059e+01
3.938035127936895208e+01
3.937602366280304977e+01
3.937601098558428703e+01
3.934994982352725401e+01
3.933970223482211281e+01
3.932989182477251688e+01
3.886911684931256161e+01
3.886911684931256161e+01
3.887172021365192620e+01
3.887360142678195984e+01
3.887360142678195984e+01
3.887548749579883633e+01
3.887735724943617299e+01
3.887822218750266501e+01
3.888000551407034777e+01
3.888179776998357795e+01
3.888365146319254961e+01
3.888532239097514775e+01
3.888586466489156379e+01
3.888767869503205077e+01
3.888936086445299622e+01
3.889096459170448838e+01
3.889283108548068668e+01
3.889340022031838373e+01
3.889498136316509402e+01
3.889648306230741071e+01
3.889813470318944866e+01
3.889962147168820650e+01
3.890168038484058854e+01
3.890322126131290759e+01
3.890454343217780320e+01
3.890594903875106070e+01
3.890754187997548286e+01
3.890940235001033898e+01
3.891081433545482327e+01
3.891221751545118934e+01
3.891354120260226068e+01
3.891539036697749054e+01
3.891662938212036948e+01
3.891802179973786480e+01
3.892076831303768358e+01
3.892222673949655132e+01
3.892453123009877203e+01
3.892621139298651656e+01
3.892992061557546890e+01
3.893274571280248608e+01
3.893658121870124234e+01
3.894385266650316169e+01
3.896350176003966936e+01
3.901185442315120611e+01
3.901313218126333027e+01
3.887249965255880113e+01
3.913196182409338775e+01
3.909318410354939033e+01
3.907031075000202236e+01
3.904889232333243854e+01
3.901992458925774088e+01
3.897891571404486655e+01
3.894881691279454117e+01
3.891589661636679409e+01
3.887524387164390305e+01
3.885679846542480220e+01
3.884374370159308398e+01
3.883236855654717345e+01
3.882952782737102382e+01
3.883232129926749110e+01
3.884300913064259930e+01
3.886444243040713786e+01
3.890179048666465889e+01
3.893920431847129748e+01
3.894906096757125624e+01
3.894817901489633272e+01
3.895022740268704098e+01
3.895635957983662223e+01
3.895952848364612464e+01
3.896440906920250313e+01
3.896662011495823208e+01
3.896943674113060752e+01
3.897166229126283099e+01
3.897304127529375251e+01
3.897388333617215039e+01
3.897354465211176944e+01
3.897337163176356967e+01
3.896976668615083383e+01
3.896244839824186101e+01
3.894857828577742254e+01
3.894857828577742254e+01
3.894428585822306133e+01
3.893149300881198371e+01
3.891714073103482008e+01
3.900556505557416642e+01
3.838875513121207206e+01
3.839047197819092361e+01
3.839047197819092361e+01
3.839047197819092361e+01
3.839120205619589399e+01
3.839312452386160146e+01
3.839312452386160146e+01
3.839312452386160146e+01
3.839475151310330148e+01
3.839475151310330148e+01
3.839475151310330148e+01
3.839475151310330148e+01
3.839630462174970660e+01
3.839701216331557987e+01
3.839701216331557987e+01
3.839868955377873760e+01
3.839868955377873760e+01
3.839869763308588801e+01
3.839892439576078687e+01
3.840048913959474675e+01
3.840048913959474675e+01
3.840116431658971408e+01
3.840272171557557357e+01
3.840272171557557357e+01
3.840272171557557357e+01
3.840281536637813531e+01
3.840449784893844765e+01
3.840449784893844765e+01
3.840449784893844765e+01
3.840679220853577647e+01
3.840679220853577647e+01
3.840679220853577647e+01
3.840826870441733831e+01
3.840826870441733831e+01
3.840826870441733831e+01
3.840956206899677738e+01
3.840977841739260867e+01
3.841051093775497804e+01
3.841051093775497804e+01
3.841214510047778674e+01
3.841214510047778674e+01
3.841214510047778674e+01
3.841349814168650312e+01
3.841349814168650312e+01
3.841414800656436057e+01
3.841564665510062326e+01
3.841566695221263217e+01
3.841566695221263217e+01
3.841702043100691810e+01
3.841702043100691810e+01
3.841702043100691810e+01
3.841841402153875151e+01
3.841905813455186092e+01
3.841928903860056721e+01
3.842072006118742422e+01
3.842080836311434666e+01
3.842201707747795325e+01
3.842201707747795325e+01
3.842201707747795325e+01
3.842370295080040421e+01
3.842370295080040421e+01
3.842370295080040421e+01
3.842502123459661334e+01
3.842502123459661334e+01
3.842502123459661334e+01
3.842619663847354161e+01
3.842619663847354161e+01
3.842811751658291541e+01
3.842811751658291541e+01
3.842811751658291541e+01
3.842930436988098108e+01
3.842953574148326368e+01
3.842957638038808454e+01
3.843064587148963085e+01
3.843127199751916123e+01
3.843228735620903080e+01
3.843228735620903080e+01
3.843324411529295048e+01
3.843324411529295048e+01
3.843324411529295048e+01
3.843422977628002002e+01
3.843480122683978095e+01
3.843590486897655012e+01
3.843590486897655012e+01
3.843599454790347636e+01
3.843695097079864098e+01
3.843695097079864098e+01
3.843781545566883295e+01
3.843864422444548268e+01
3.843959456528739338e+01
3.843959456528739338e+01
3.844041151912575316e+01
3.844041980305109973e+01
3.844041980305109973e+01
3.844121286038739527e+01
3.844185763810455114e+01
3.844274095371216049e+01
3.844274095371216049e+01
3.844350219304865846e+01
3.844350219304865846e+01
3.844424017460671905e+01
3.844482444203381988e+01
3.844567162302640639e+01
3.844567162302640639e+01
3.844643278528120334e+01
3.844664670873551415e+01
3.844743153716297002e+01
3.844743153716297002e+01
3.844886309294067672e+01
3.844886309294067672e+01
3.844966790350576957e+01
3.845061848673134364e+01
3.845061848673134364e+01
3.845154220281972357e+01
3.845162448148499834e+01
3.845330285849743746e+01
3.845330285849743746e+01
3.845452735721115545e+01
3.845605927154070969e+01
3.845605927154070969e+01
3.845787479208692616e+01
3.846021530223973173e+01
3.846203085454150994e+01
3.846498839971583550e+01
3.846825573469353543e+01
3.847438297756293935e+01
3.848232233240337052e+01
3.850915895818313572e+01
3.853158420891548985e+01
3.853605043641346128e+01
3.853765128345820301e+01
3.853680268221911831e+01
3.853012224997172552e+01
3.851086856266124414e+01
3.844436539973527545e+01
3.829853024589758093e+01
3.846726926169112915e+01
3.865262535559557477e+01
3.875761906097756082e+01
3.869004230603199801e+01
3.864292943937668667e+01
3.859140602763448413e+01
3.856019231095960720e+01
3.849673586482970222e+01
3.846807823738259202e+01
3.841789169585851482e+01
3.839458625751863963e+01
3.836893973934402879e+01
3.835782764335571926e+01
3.834799786986858550e+01
3.833964862383062666e+01
3.833964862383062666e+01
3.833637280063953057e+01
3.833588627429054441e+01
3.833708575198055257e+01
3.833809216863416935e+01
3.833839577250478214e+01
3.833925059002362445e+01
3.834072502741616972e+01
3.834139732037310466e+01
3.834250733056664728e+01
3.834357526036927766e+01
3.834458361656525938e+01
3.834637612705014931e+01
3.834739095122084507e+01
3.834816450579640446e+01
3.834947099009818317e+01
3.834997674891498320e+01
3.835107770877363009e+01
3.835309732671488803e+01
3.835413870168571293e+01
3.835533548892486522e+01
3.835644425902117405e+01
3.835755100651577010e+01
3.835849555352587004e+01
3.836013118544672551e+01
3.836123490581725548e+01
3.836208747824377951e+01
3.836309537114509993e+01
3.836418282776211441e+01
3.836710526454717751e+01
3.836710526454717751e+01
3.836810324502036451e+01
3.836910584638886235e+01
3.837020119319443268e+01
3.837152962694473501e+01
3.837365014721742540e+01
3.837481914846947006e+01
3.837561855778129427e+01
3.837651182634522229e+01
3.837847100149011226e+01
3.837902026734224137e+01
3.838136826402440960e+01
3.838174102779289854e+01
3.838273947741939196e+01
3.838273947741939196e+01
3.838327546548633507e+01
3.838327546548633507e+01
3.839137324025456621e+01
3.839146344943782907e+01
3.839172246103120045e+01
3.839123617591563686e+01
3.839191568065957938e+01
3.839584175721221015e+01
3.839584175721221015e+01
3.839584175721221015e+01
3.839584175721221015e+01
3.840165786895875044e+01
3.840165844799654593e+01
3.840165844799654593e+01
3.840165844799654593e+01
3.840375096237305286e+01
3.840416999113099905e+01
3.840601052824020201e+01
3.840601052824020201e+01
3.840623867287629878e+01
3.841064391716892601e+01
3.841114915351360537e+01
3.841114915351360537e+01
3.841269624151890127e+01
3.841423480235542343e+01
3.841469719564933172e+01
3.841471195850314757e+01
3.841838089932423372e+01
3.841838089932423372e+01
3.841838089932423372e+01
3.841992915731945857e+01
3.841992915731945857e+01
3.842189263075766803e+01
3.842211896199609100e+01
3.842211896199609100e+01
3.842534252583870824e+01
3.842534252583870824e+01
3.842534252583870824e+01
3.842646250497532634e+01
3.842647128314385441e+01
3.842688759871327875e+01
3.842910844818250382e+01
3.842913175029183037e+01
3.842911677640171320e+01
3.843023008916453875e+01
3.843023008916453875e+01
3.843023008916453875e+01
3.843023008916453875e+01
3.843046347193978818e+01
3.843622603902358037e+01
3.843622603902358037e+01
3.843622603902358037e+01
3.843622603902358037e+01
3.843660108927340957e+01
3.843879540860224608e+01
3.843879540860224608e+01
3.844204950173107704e+01
3.845126709751806260e+01
3.845126709751806260e+01
3.853467237977720572e+01
3.803700374227214809e+01
3.803700374227214809e+01
3.803852154686632048e+01
3.803852154686632048e+01
3.803852154686632048e+01
3.803852154686632048e+01
3.803934484082147094e+01
3.803934484082147094e+01
3.803934484082147094e+01
3.803934484082147094e+01
3.804012107760389938e+01
3.804012107760389938e+01
3.804012107760389938e+01
3.804012107760389938e+01
3.804098896173597666e+01
3.804098896173597666e+01
3.804154243293091042e+01
3.804154243293091042e+01
3.804244857913128186e+01
3.804244857913128186e+01
3.804244857913128186e+01
3.804244857913128186e+01
3.804293374405204986e+01
3.804293374405204986e+01
3.804316260788948512e+01
3.804316260788948512e+01
3.804399228628825824e+01
3.804408436560591156e+01
3.804408436560591156e+01
3.804471474486233973e+01
3.804526767439678281e+01
3.804526767439678281e+01
3.804526767439678281e+01
3.804588815574459204e+01
3.804588815574459204e+01
3.804588815574459204e+01
3.804588815574459204e+01
3.804658350627356356e+01
3.804658350627356356e+01
3.804658350627356356e+01
3.804718900064001730e+01
3.804718900064001730e+01
3.804718900064001730e+01
3.804772726447019693e+01
3.804847551900384417e+01
3.804847551900384417e+01
3.804847551900384417e+01
3.804914295170396343e+01
3.804914295170396343e+01
3.804914295170396343e+01
3.804957263936714185e+01
3.804981275566846932e+01
3.804981275566846932e+01
3.804981275566846932e+01
3.805038241588950143e+01
3.805038241588950143e+01
3.805088810266622090e+01
3.805160587580292741e+01
3.805160587580292741e+01
3.805160587580292741e+01
3.805266895465618404e+01
3.805266895465618404e+01
3.805266895465618404e+01
3.805333213858628483e+01
3.805333213858628483e+01
3.805334245456910480e+01
3.805418589328780854e+01
3.805418589328780854e+01
3.805423012107718250e+01
3.805573153154543320e+01
3.805573153154543320e+01
3.805573153154543320e+01
3.805689973116830060e+01
3.805689973116830060e+01
3.805689973116830060e+01
3.805828937750639795e+01
3.805828937750639795e+01
3.805847542471349243e+01
3.806037510265488777e+01
3.806082853820078071e+01
3.806176407517396854e+01
3.806287820427815660e+01
3.806476894028761393e+01
3.806623213316140664e+01
3.806798428527883971e+01
3.807018027531976401e+01
3.807293452678892720e+01
3.807639156556855653e+01
3.808147231699710034e+01
3.809498419883258435e+01
3.811521402938378600e+01
3.812387774108091776e+01
3.813515958515590398e+01
3.813718793697412934e+01
3.813858228206721890e+01
3.813948728937100441e+01
3.813961189954116549e+01
3.813894326411531210e+01
3.813705934543061460e+01
3.813346493824637662e+01
3.812647346098131607e+01
3.811733228972188670e+01
3.809542446278405237e+01
3.804986035288204960e+01
3.796428956587536163e+01
3.790330033838569079e+01
3.795201292484108535e+01
3.801667200409176672e+01
3.812036722809377665e+01
3.819091423699407528e+01
3.826313622826477001e+01
3.833761330043827087e+01
3.845610735945501801e+01
3.849741219962265859e+01
3.852586302300446164e+01
3.826809929169131408e+01
3.823816825929434060e+01
3.818702409400697206e+01
3.814785326184308900e+01
3.809339325857877867e+01
3.807187663252340570e+01
3.803723291943735774e+01
3.802470062044294252e+01
3.799955300444649708e+01
3.799236683782942237e+01
3.797903930806957362e+01
3.797384260957384328e+01
3.796593314502328553e+01
3.796618658760691289e+01
3.796447788648691102e+01
3.796451934869833167e+01
3.796451934869833167e+01
3.796512575494934083e+01
3.796512575494934083e+01
3.796512575494934083e+01
3.796512575494934083e+01
3.796512575494934083e+01
3.796512575494934083e+01
3.797486160403131805e+01
3.797486160403131805e+01
3.797486160403131805e+01
3.797486160403131805e+01
3.797486160403131805e+01
3.797486160403131805e+01
3.797553471111609724e+01
3.797553471111609724e+01
3.797553471111609724e+01
3.797553471111609724e+01
3.797553471111609724e+01
3.797822185965095798e+01
3.797822185965095798e+01
3.797822185965095798e+01
3.797844756821476864e+01
3.797844756821476864e+01
3.797844756821476864e+01
3.797844756821476864e+01
3.798207604060695530e+01
3.798207604060695530e+01
3.798212955601177754e+01
3.798212955601177754e+01
3.798212955601177754e+01
3.798212955601177754e+01
3.798212955601177754e+01
3.798212955601177754e+01
3.798538672594831667e+01
3.798538672594831667e+01
3.798538672594831667e+01
3.798600298770284667e+01
3.798600298770284667e+01
3.798601701475187298e+01
3.798601701475187298e+01
3.798950148268730231e+01
3.798950148268730231e+01
3.798950148268730231e+01
3.798950148268730231e+01
3.798950148268730231e+01
3.798950148268730231e+01
3.798972915217633783e+01
3.799250027449775757e+01
3.799302003603074240e+01
3.799302003603074240e+01
3.799302003603074240e+01
3.799302003603074240e+01
3.799302003603074240e+01
3.799302003603074240e+01
3.799689958856279759e+01
3.799689958856279759e+01
3.799689958856279759e+01
3.799689958856279759e+01
3.799689958856279759e+01
3.799737991597295661e+01
3.799737991597295661e+01
3.799739945386409801e+01
3.799739945386409801e+01
3.799743923437647908e+01
3.799743923437647908e+01
3.799743923437647908e+01
3.800631061801723831e+01
3.800631061801723831e+01
3.800631061801723831e+01
3.800642605761122894e+01
3.800718598457285680e+01
3.800718598457285680e+01
3.800718598457285680e+01
3.800718598457285680e+01
3.800718598457285680e+01
3.800718598457285680e+01
3.800718598457285680e+01
3.800718598457285680e+01
3.801103332785122291e+01
3.801103332785122291e+01
3.801103332785122291e+01
3.801160035176927465e+01
3.801160035176927465e+01
3.801160035176927465e+01
3.801160035176927465e+01
3.801160035176927465e+01
3.801160035176927465e+01
3.801160035176927465e+01
3.801865160576974034e+01
3.801865160576974034e+01
3.801865160576974034e+01
3.801865160576974034e+01
3.801914488119473390e+01
3.801914488119473390e+01
3.801934719845095856e+01
3.801934719845095856e+01
3.801934719845095856e+01
3.801934719845095856e+01
3.801934719845095856e+01
3.801934719845095856e+01
3.801934719845095856e+01
3.801934719845095856e+01
3.801980968942027772e+01
3.803047567877538881e+01
3.803047567877538881e+01
3.803047567877538881e+01
3.803047567877538881e+01
3.803047567877538881e+01
3.803047567877538881e+01
3.803047567877538881e+01
3.803047567877538881e+01
3.803047567877538881e+01
3.803090420187778875e+01
3.803090420187778875e+01
3.803095483885442007e+01
3.803095483885442007e+01
3.803554503093717898e+01
3.803575572893220169e+01
3.803579066938392828e+01
3.803579066938392828e+01
3.803579066938392828e+01
3.803579066938392828e+01
3.803579066938392828e+01
3.803621079154186191e+01
3.803621079154186191e+01
3.803621079154186191e+01
3.804452751510631003e+01
3.804452751510631003e+01
3.804452751510631003e+01
3.804452751510631003e+01
3.804452751510631003e+01
3.804452751510631003e+01
3.804452751510631003e+01
3.804502505252938960e+01
3.804502505252938960e+01
3.804511832399627735e+01
3.804511832399627735e+01
3.805183176450030658e+01
3.805183176450030658e+01
3.805183176450030658e+01
3.805201923788102647e+01
3.805201923788102647e+01
3.805201923788102647e+01
3.805241808434080042e+01
3.805241808434080042e+01
3.805241808434080042e+01
3.805241808434080042e+01
3.805835883494739846e+01
3.805835883494739846e+01
3.805835883494739846e+01
3.805836512914602565e+01
3.805836512914602565e+01
3.805836512914602565e+01
3.805873190093021208e+01
3.805877363609207720e+01
3.805877363609207720e+01
3.805877363609207720e+01
3.806543837590868407e+01
3.806543837590868407e+01
3.806543837590868407e+01
3.806543837590868407e+01
3.806543837590868407e+01
3.806578467694372137e+01
3.806598035151371562e+01
3.806598035151371562e+01
3.806598035151371562e+01
3.806598035151371562e+01
3.807418545822398670e+01
3.807418545822398670e+01
3.807418545822398670e+01
3.807418545822398670e+01
3.807418545822398670e+01
3.807466883972746530e+01
3.807470224499154199e+01
3.807470224499154199e+01
3.807482513532907831e+01
3.807482513532907831e+01
3.807482513532907831e+01
3.808650974639522957e+01
3.808650974639522957e+01
3.808650974639522957e+01
3.808674058374762694e+01
3.808674058374762694e+01
3.808674058374762694e+01
3.808674058374762694e+01
3.808674058374762694e+01
3.808692252981538218e+01
3.808692252981538218e+01
3.808692252981538218e+01
3.808692252981538218e+01
3.808724244316561425e+01
3.810684961777342039e+01
3.810684961777342039e+01
3.810684961777342039e+01
3.810689230848664266e+01
3.810689230848664266e+01
3.810689230848664266e+01
3.810689230848664266e+01
3.810689230848664266e+01
3.810689230848664266e+01
3.810716545573949077e+01
3.810716545573949077e+01
3.810716545573949077e+01
3.810716545573949077e+01
3.810718121642384659e+01
3.810718121642384659e+01
3.810718121642384659e+01
3.810718121642384659e+01
3.810736059388611352e+01
3.826989229023089933e+01
3.826989229023089933e+01
3.826989229023089933e+01
3.826989229023089933e+01
3.826989229023089933e+01
3.826994215509904507e+01
3.826994215509904507e+01
3.826994215509904507e+01
3.826994215509904507e+01
3.827017939732246532e+01
3.827017939732246532e+01
3.764693256965408352e+01
3.764693256965408352e+01
3.764693256965408352e+01
3.764693256965408352e+01
3.764693256965408352e+01
3.764693256965408352e+01
3.764764671003035801e+01
3.764764671003035801e+01
3.764773416406497120e+01
3.764817688934581952e+01
3.764817688934581952e+01
3.764817688934581952e+01
3.764817688934581952e+01
3.764817688934581952e+01
3.764817688934581952e+01
3.764885071681307949e+01
3.764885071681307949e+01
3.764897522727544299e+01
3.764897522727544299e+01
3.764897522727544299e+01
3.764897522727544299e+01
3.764897522727544299e+01
3.764897522727544299e+01
3.764949277272084061e+01
3.764949277272084061e+01
3.764971405825780693e+01
3.764971405825780693e+01
3.764971405825780693e+01
3.764974182334366759e+01
3.764974182334366759e+01
3.765021987614730392e+01
3.765098005612551901e+01
3.765098005612551901e+01
3.765098005612551901e+01
3.765098005612551901e+01
3.765098005612551901e+01
3.765098005612551901e+01
3.765098005612551901e+01
3.765098005612551901e+01
3.765169604697265981e+01
3.765169604697265981e+01
3.765169604697265981e+01
3.765169604697265981e+01
3.765170024241181324e+01
3.765170024241181324e+01
3.765170024241181324e+01
3.765170024241181324e+01
3.765222330987057830e+01
3.765222330987057830e+01
3.765222330987057830e+01
3.765222330987057830e+01
3.765263124730400079e+01
3.765263124730400079e+01
3.765263124730400079e+01
3.765263124730400079e+01
3.765316742342069745e+01
3.765336993690948475e+01
3.765336993690948475e+01
3.765347851413811497e+01
3.765347851413811497e+01
3.765347851413811497e+01
3.765357023259429070e+01
3.765357023259429070e+01
3.765420849520093327e+01
3.765420849520093327e+01
3.765420849520093327e+01
3.765420849520093327e+01
3.765420849520093327e+01
3.765420849520093327e+01
3.765420849520093327e+01
3.765465059519240754e+01
3.765465059519240754e+01
3.765510987294713630e+01
3.765510987294713630e+01
3.765510987294713630e+01
3.765510987294713630e+01
3.765510987294713630e+01
3.765510987294713630e+01
3.765550489077240570e+01
3.765550489077240570e+01
3.765552130958447208e+01
3.765552130958447208e+01
3.765552130958447208e+01
3.765552130958447208e+01
3.765552130958447208e+01
3.765587984402851873e+01
3.765587984402851873e+01
3.765608833608452244e+01
3.765608833608452244e+01
3.765608833608452244e+01
3.765608833608452244e+01
3.765608833608452244e+01
3.765704076521100774e+01
3.765704076521100774e+01
3.765704076521100774e+01
3.765714783771798579e+01
3.765714783771798579e+01
3.765714783771798579e+01
3.765714783771798579e+01
3.765749116499291205e+01
3.765749116499291205e+01
3.765749116499291205e+01
3.765749116499291205e+01
3.765749116499291205e+01
3.765749116499291205e+01
3.765749116499291205e+01
3.765780338216107737e+01
3.765780338216107737e+01
3.765780338216107737e+01
3.765780338216107737e+01
3.765780338216107737e+01
3.765780338216107737e+01
3.765822757388589537e+01
3.765851136887336281e+01
3.765851136887336281e+01
3.765859662013396303e+01
3.765859662013396303e+01
3.765859662013396303e+01
3.765859662013396303e+01
3.765881164115594970e+01
3.765923787132792455e+01
3.765923787132792455e+01
3.765923787132792455e+01
3.765923787132792455e+01
3.765923787132792455e+01
3.765923787132792455e+01
3.765923787132792455e+01
3.765959452402243812e+01
3.765959452402243812e+01
3.765959452402243812e+01
3.765959452402243812e+01
3.765959452402243812e+01
3.766007810905205133e+01
3.766036961979757791e+01
3.766036961979757791e+01
3.766049525486575078e+01
3.766049525486575078e+01
3.766049525486575078e+01
3.766049525486575078e+01
3.766049525486575078e+01
3.766079402655509512e+01
3.766079402655509512e+01
3.766079402655509512e+01
3.766079402655509512e+01
3.766079402655509512e+01
3.766079402655509512e+01
3.766127463142701970e+01
3.766127463142701970e+01
3.766127463142701970e+01
3.766127463142701970e+01
3.766127463142701970e+01
3.766190940903820206e+01
3.766234276511316637e+01
3.766234276511316637e+01
3.766234276511316637e+01
3.766234276511316637e+01
3.766234276511316637e+01
3.766234276511316637e+01
3.766279927109493286e+01
3.766279927109493286e+01
3.766279927109493286e+01
3.766279927109493286e+01
3.766279927109493286e+01
3.766279927109493286e+01
3.766343493867312731e+01
3.766343493867312731e+01
3.766351707360044543e+01
3.766351707360044543e+01
3.766351707360044543e+01
3.766351707360044543e+01
3.766473340239716094e+01
3.766473340239716094e+01
3.766473340239716094e+01
3.766473340239716094e+01
3.766473340239716094e+01
3.766473340239716094e+01
3.766571938272457487e+01
3.766583048067903405e+01
3.766583048067903405e+01
3.766583048067903405e+01
3.766583048067903405e+01
3.766583048067903405e+01
3.766708525483389280e+01
3.766729250534668694e+01
3.766729250534668694e+01
3.766729250534668694e+01
3.766729250534668694e+01
3.766897146802398311e+01
3.766897146802398311e+01
3.766939549417803335e+01
3.766987996818789952e+01
3.767035151350177102e+01
3.767081127340952662e+01
3.767127923290374980e+01
3.767127923290374980e+01
3.767188770575294399e+01
3.767242687473898854e+01
