2.812926067019074772e+00
2.780755634000534382e+00
2.675904324942311341e+00
2.089033871895372041e+00
1.984936810938143337e+00
1.610305625905916971e+00
1.031008654081940090e+00
6.690791589460330924e-01
6.269443803136147686e-01
4.587541779923383078e-01
3.031976695384811515e-01
1.074111420199190675e-01
4.003778289448260697e-02
1.122584776175809401e-01
2.482260061708852980e-02
-7.961831122662213489e-02
-2.027260625745653244e-01
-2.793458538530591562e-01
-4.661872322553543002e-01
-5.784026059312801227e-01
-6.993830446401114731e-01
-7.392100378249664150e-01
-7.774127563467183588e-01
-8.874308597844056123e-01
-8.466841314275120878e-01
-8.676068111454907639e-01
-9.781232746451823390e-01
-1.043625751976900329e+00
-1.112561200468479949e+00
-1.131985709354214720e+00
-1.213710149021273388e+00
-1.312968016727241949e+00
-1.373126220626971650e+00
-1.409196730606497860e+00
-1.451889071239951923e+00
-1.504830581548891599e+00
-1.590209472757349696e+00
-1.687789487490565898e+00
-1.675197059193220817e+00
-1.680875070264884696e+00
-1.868971379575640634e+00
-1.884836776925208790e+00
-1.741384502854593119e+00
-2.080977961368520646e+00
-2.034502352261042812e+00
-2.018723970080644303e+00
-2.075322747277337676e+00
-2.068911753277631327e+00
-2.578425991852662413e+00
-2.544491291555221135e+00
-1.958121519951804057e+00
-1.956274174247425224e+00
-1.954720633692525578e+00
-1.953437599010367176e+00
-1.952828367230971418e+00
-1.951617782232158538e+00
-1.949084717178315662e+00
-2.290805183138933554e+00
-2.290386454688201123e+00
-2.289483779511124251e+00
-2.288603946237865561e+00
-2.287438219816965379e+00
-2.254564832239937200e+00
-2.275647845329730856e+00
-2.273957807044192592e+00
-2.271188420133965824e+00
-2.919309474271819305e+00
-2.802626382883816269e+00
-2.783566027695024481e+00
-3.272400933236576215e+00
-3.312976208781372556e+00
-3.283760706777794081e+00
-3.266916455773630545e+00
-3.260159686900218290e+00
-3.438216051874392942e+00
-3.630590944072053183e+00
-3.685451375003534924e+00
-3.690548805749079175e+00
-3.682444747577702238e+00
-3.581200494769595455e+00
-3.292884054348774292e+00
-2.979701889499408729e+00
-3.512368569797233331e+00
-3.511894312073180924e+00
-3.496552816063813296e+00
-3.496031891732794161e+00
-3.495060656470669436e+00
-3.494769824457609531e+00
-3.493427309316900597e+00
-2.948274835104947034e+00
-4.300503859389023908e+00
-4.130498297992955870e+00
-4.111352994449838150e+00
-4.095542666072301330e+00
-4.065211749281991693e+00
-4.041656238712302063e+00
-4.014364491428362491e+00
-3.989828151815562496e+00
-4.019248775985213129e+00
-4.011498786555550922e+00
-4.013740907021176696e+00
-4.101559118018372807e+00
-4.236233498228076932e+00
-4.377627412072153668e+00
-4.425705151680880967e+00
-4.413684739936456936e+00
-4.394872704251532092e+00
-4.371916054803862473e+00
-4.239601650606998895e+00
-4.184417233331878094e+00
-4.055686056699806308e+00
-3.639668225934470147e+00
-3.639668225934470147e+00
-3.639282280784101875e+00
-4.361485702090544869e+00
-4.361485702090544869e+00
-4.360688725349288752e+00
-4.359903067435888957e+00
-4.360699022008385661e+00
-4.359949462929288089e+00
-4.359211493794039605e+00
-4.358571502870963954e+00
-4.357879671750023221e+00
-4.358348152386181340e+00
-4.357598388523873822e+00
-4.356906730388891980e+00
-4.356250535916075250e+00
-4.355781316694484318e+00
-4.356273979422119247e+00
-4.356085886415314690e+00
-4.355475422001945596e+00
-4.354807129060764836e+00
-4.354208331336304916e+00
-4.354178031680067562e+00
-4.749223259567509459e+00
-4.748824178901360327e+00
-4.748401542404343090e+00
-4.752841556314588267e+00
-4.752709525652490719e+00
-4.752271288672636373e+00
-4.751943132761076605e+00
-4.751535107903547939e+00
-4.751402158241069706e+00
-5.117846667765481250e+00
-5.117655571301805928e+00
-5.163362674521827067e+00
-5.163214573773746707e+00
-5.163123141711455588e+00
-5.162953565212800910e+00
-5.162581717697331207e+00
-5.162294011504095614e+00
-5.161915864165760759e+00
-5.161136574919290787e+00
-4.758019521127106799e+00
-5.155119660201112453e+00
-5.900176580403131865e+00
-5.943354157354777456e+00
-5.913700780069366836e+00
-5.878217476287316501e+00
-5.857449350162418966e+00
-6.033684823248878892e+00
-6.007195916492626964e+00
-6.024392579653781610e+00
-5.995732987897965494e+00
-5.964499253039253546e+00
-5.923101187060107797e+00
-5.905751057722194552e+00
-5.893498322593202943e+00
-5.939101813082381831e+00
-5.933125565215759956e+00
-5.935943724124412846e+00
-5.946724542992507523e+00
-5.968337506401148573e+00
-6.046420930270762994e+00
-6.113425981224385630e+00
-6.123909587842201852e+00
-6.122972150650667800e+00
-6.122165417126124609e+00
-6.128677020274128751e+00
-6.132042010279677768e+00
-6.137241424808050461e+00
-6.136905899965005240e+00
-6.139893375983650259e+00
-6.148003932702978069e+00
-6.149459688979848515e+00
-6.118885926472975356e+00
-6.118535007429276362e+00
-6.118355732893617116e+00
-6.114619889817477727e+00
-6.104023608875218443e+00
-6.045030748948703625e+00
-6.045030748948703625e+00
-6.040643418787725594e+00
-6.025203166266366317e+00
-6.010827183648723704e+00
-6.033789101994113224e+00
-5.480156599546188723e+00
-5.479016715918637814e+00
-5.479016715918637814e+00
-5.479016715918637814e+00
-5.479717730594708236e+00
-5.478444374169423092e+00
-5.478444374169423092e+00
-5.478444374169423092e+00
-5.477372977791275410e+00
-5.477372977791275410e+00
-5.477372977791275410e+00
-5.477372977791275410e+00
-5.476355536522178546e+00
-5.477036372473879311e+00
-5.477036372473879311e+00
-5.475939457583594461e+00
-5.475939457583594461e+00
-5.475951582506480619e+00
-5.476222252045012340e+00
-5.475202954629602381e+00
-5.475202954629602381e+00
-5.475855573468615844e+00
-6.020184550348067987e+00
-6.020184550348067987e+00
-6.020184550348067987e+00
-6.020312777666546822e+00
-6.019511375771000594e+00
-6.019511375771000594e+00
-6.019511375771000594e+00
-6.019130730748270430e+00
-6.019130730748270430e+00
-6.019130730748270430e+00
-6.018432588003183703e+00
-6.018432588003183703e+00
-6.018432588003183703e+00
-6.017906744216743320e+00
-6.018142283751791055e+00
-6.018548735653931558e+00
-6.018548735653931558e+00
-6.017779125412086927e+00
-6.017779125412086927e+00
-6.017779125412086927e+00
-6.017144860663109718e+00
-6.017144860663109718e+00
-6.017519549489748876e+00
-6.016818346346626711e+00
-6.016848604945675305e+00
-6.016848604945675305e+00
-6.016218002984642155e+00
-6.016218002984642155e+00
-6.016218002984642155e+00
-6.015571469904281265e+00
-6.015930973070749310e+00
-6.016182578659202029e+00
-6.015518812007281113e+00
-6.015639913738342948e+00
-6.015081118699621143e+00
-6.015081118699621143e+00
-6.015081118699621143e+00
-6.014928544129346299e+00
-6.014928544129346299e+00
-6.014928544129346299e+00
-6.436165617916820736e+00
-6.436165617916820736e+00
-6.436165617916820736e+00
-6.435945625438011852e+00
-6.435945625438011852e+00
-6.435587551852942845e+00
-6.435587551852942845e+00
-6.435587551852942845e+00
-6.435367200843117530e+00
-6.437545193947180167e+00
-6.437603068820093810e+00
-6.437399250484627800e+00
-6.437280189065301528e+00
-6.437087523995473681e+00
-6.437087523995473681e+00
-6.436906442528904648e+00
-6.436906442528904648e+00
-6.436906442528904648e+00
-6.436720360686616793e+00
-6.436612694962656533e+00
-6.436405211538786197e+00
-6.436405211538786197e+00
-6.436522013510941775e+00
-6.436342400859079937e+00
-6.436342400859079937e+00
-6.436180436732650278e+00
-6.436318537238268078e+00
-6.802733798448011626e+00
-6.802733798448011626e+00
-6.802992058045236767e+00
-6.803002427626233306e+00
-6.803002427626233306e+00
-6.803272764118317717e+00
-6.802215480401231140e+00
-6.802495449975357822e+00
-6.802495449975357822e+00
-6.802736418062312218e+00
-6.802736418062312218e+00
-6.802969751020305544e+00
-7.038024264526304918e+00
-7.037880186233048008e+00
-7.037880186233048008e+00
-7.037771199245567821e+00
-7.037978829435632910e+00
-7.037845432068174922e+00
-7.037845432068174922e+00
-7.269560591684420814e+00
-7.269560591684420814e+00
-7.341349824816054692e+00
-7.341548808691622519e+00
-7.341548808691622519e+00
-7.341741821173926930e+00
-7.341835217286313942e+00
-7.341389826981060907e+00
-7.341389826981060907e+00
-7.341645974913341810e+00
-7.341965583620652325e+00
-7.341965583620652325e+00
-7.342343147018135951e+00
-7.342084468451370860e+00
-7.342461631323597082e+00
-7.343073220978348914e+00
-7.343744839130865287e+00
-7.344992986376423616e+00
-7.129613870209861481e+00
-6.507098778127518912e+00
-7.126437137612457562e+00
-7.356062566644712142e+00
-7.519441267317277244e+00
-7.641443505872642206e+00
-7.673292872249680485e+00
-7.777945984765993082e+00
-7.702683782580741934e+00
-7.472393131324124305e+00
-7.598039052820919181e+00
-7.705862010942523099e+00
-7.743591511172510877e+00
-7.739494309720377885e+00
-7.694907396482956408e+00
-7.649261986694277482e+00
-7.621977386158272694e+00
-7.570394955533744863e+00
-7.596480814177334118e+00
-7.550269249602791000e+00
-7.526496895853912683e+00
-7.503166545664002207e+00
-7.493097215094802088e+00
-7.484210220285238080e+00
-7.506110536491227947e+00
-7.506110536491227947e+00
-7.501726915776197657e+00
-7.501235735680825911e+00
-7.502394813463624246e+00
-7.503367415838623877e+00
-7.503660833877031422e+00
-7.504487009425424127e+00
-7.503465038778232454e+00
-7.504114895870942270e+00
-7.505187936031781248e+00
-7.506220383447965716e+00
-7.507195313953601179e+00
-7.506497150161684395e+00
-7.507484477484588581e+00
-7.507215609669939838e+00
-7.508476467535961874e+00
-7.508964599240234961e+00
-7.510027256001341023e+00
-7.513405238499464289e+00
-7.514404789813021956e+00
-7.515581570163037739e+00
-7.516645964413381620e+00
-7.517708525346137982e+00
-7.518615447013269559e+00
-7.851261009725839735e+00
-7.852310543416908040e+00
-7.853121348721824546e+00
-7.854079965904513294e+00
-7.855131160448153516e+00
-7.855877581126415876e+00
-7.855877581126415876e+00
-7.856827190999359445e+00
-7.857781304189855653e+00
-7.858823799055482340e+00
-7.860052753854495755e+00
-7.859811223124255619e+00
-7.860924194893650352e+00
-7.861685371617625151e+00
-7.862535997878094207e+00
-7.864410406071507431e+00
-7.863012446465800664e+00
-7.865249156939126962e+00
-7.865604305769640980e+00
-7.866555644602356345e+00
-7.866555644602356345e+00
-7.865181450066017099e+00
-7.865181450066017099e+00
-7.872900819122174987e+00
-7.873010565263656169e+00
-7.873225440532078956e+00
-7.872761730005142233e+00
-7.870984483685570687e+00
-7.874728915764058534e+00
-7.874728915764058534e+00
-7.874728915764058534e+00
-7.874728915764058534e+00
-7.878589172748626801e+00
-7.878589667746837222e+00
-7.878589667746837222e+00
-7.878589667746837222e+00
-7.880587103537775917e+00
-8.190172711864288857e+00
-8.191939439472394113e+00
-8.191939439472394113e+00
-8.192069194479259409e+00
-8.196260126628708065e+00
-8.194929019407624082e+00
-8.194929019407624082e+00
-8.196401289531687340e+00
-8.197865696003443503e+00
-8.196640603258721569e+00
-8.196659861078000375e+00
-8.200153703336503952e+00
-8.200153703336503952e+00
-8.200153703336503952e+00
-8.200026679787915995e+00
-8.200026679787915995e+00
-8.201896636529202311e+00
-8.202022925749938409e+00
-8.202022925749938409e+00
-8.203447488499543638e+00
-8.203447488499543638e+00
-8.203447488499543638e+00
-8.204514561569400399e+00
-8.204525329989035498e+00
-8.203397401588430782e+00
-8.205513662622673010e+00
-8.205543780002688692e+00
-8.205529509809968758e+00
-8.205165009274667298e+00
-8.205165009274667298e+00
-8.205165009274667298e+00
-8.205165009274667298e+00
-8.205294413270692644e+00
-8.562374119302399222e+00
-8.562374119302399222e+00
-8.562374119302399222e+00
-8.562374119302399222e+00
-8.561583055386826402e+00
-8.530865840675852851e+00
-8.530865840675852851e+00
-8.533778522424960045e+00
-8.540930940029470619e+00
-8.540930940029470619e+00
-8.564475586916195482e+00
-8.192646502718336166e+00
-8.192646502718336166e+00
-8.192516906895313866e+00
-8.192516906895313866e+00
-8.192516906895313866e+00
-8.192516906895313866e+00
-8.192146777373855215e+00
-8.192146777373855215e+00
-8.192146777373855215e+00
-8.192146777373855215e+00
-8.191798688598092681e+00
-8.191798688598092681e+00
-8.191798688598092681e+00
-8.191798688598092681e+00
-8.605350712043506434e+00
-8.605350712043506434e+00
-8.702426502440122391e+00
-8.702426502440122391e+00
-8.701978403888414704e+00
-8.701978403888414704e+00
-8.701978403888414704e+00
-8.701978403888414704e+00
-8.701739034685854079e+00
-8.701739034685854079e+00
-8.701993203602015114e+00
-8.701993203602015114e+00
-8.701661965817132582e+00
-8.701773129277972529e+00
-8.701773129277972529e+00
-8.701462635426599590e+00
-8.701845625256996897e+00
-8.701845625256996897e+00
-8.701845625256996897e+00
-8.701539834851388378e+00
-8.701539834851388378e+00
-8.701539834851388378e+00
-8.701539834851388378e+00
-9.297670596453961878e+00
-9.297670596453961878e+00
-9.297670596453961878e+00
-9.297552533523305129e+00
-9.297552533523305129e+00
-9.297552533523305129e+00
-9.297447738800961758e+00
-9.297302309383493224e+00
-9.297302309383493224e+00
-9.297302309383493224e+00
-9.297172831737466225e+00
-9.297172831737466225e+00
-9.297172831737466225e+00
-9.297111178668084008e+00
-9.297365685762624565e+00
-9.297365685762624565e+00
-9.297365685762624565e+00
-9.297255063467160241e+00
-9.297255063467160241e+00
-9.297157004144446901e+00
-9.716524176553145153e+00
-9.716524176553145153e+00
-9.716524176553145153e+00
-9.717043467268567269e+00
-9.717043467268567269e+00
-9.717043467268567269e+00
-9.747585529188112830e+00
-9.747585529188112830e+00
-9.747595850366868930e+00
-9.747998160651890842e+00
-9.747998160651890842e+00
-9.748047663289863607e+00
-9.747442324910689848e+00
-9.747442324910689848e+00
-9.747442324910689848e+00
-9.747999665969866001e+00
-9.747999665969866001e+00
-9.747999665969866001e+00
-9.748661601164505086e+00
-9.748661601164505086e+00
-9.748840107149124634e+00
-9.749742702734858213e+00
-9.749957826964131158e+00
-9.750401289485788325e+00
-9.750949762331183379e+00
-9.750275926397090842e+00
-9.750968718337921004e+00
-9.751796653932309766e+00
-9.752831741047925718e+00
-9.754125922639978796e+00
-9.755743969316524655e+00
-8.442153953969327773e+00
-8.682263722530779049e+00
-8.196151207381799253e+00
-8.192202090376337509e+00
-8.769953026460131085e+00
-8.418731380481323967e+00
-9.783704470807833786e+00
-9.782916055925841903e+00
-9.782969825567532141e+00
-9.950310241710825565e+00
-1.001079640793922643e+01
-1.002805161316678451e+01
-1.003610675807927599e+01
-1.003136435800442072e+01
-1.000203508019082221e+01
-9.930502790862583140e+00
-9.815718379063238075e+00
-9.740574357454828913e+00
-9.769554916452444004e+00
-9.795554707116714610e+00
-9.884813082913183280e+00
-9.892342422190969486e+00
-9.953994967237774105e+00
-1.001510346679560648e+01
-1.006186880323957489e+01
-1.009794299354317459e+01
-1.012302117599028861e+01
-9.958311017279614319e+00
-9.932539392053222116e+00
-9.944664171850591927e+00
-9.909391964377478601e+00
-9.860902895322135819e+00
-9.839878175130577276e+00
-9.811442752641765352e+00
-9.800521480811774211e+00
-9.778731005801990506e+00
-9.802207484846691798e+00
-9.789990008161671753e+00
-9.785234670366389054e+00
-9.778006302023198870e+00
-9.778279135885055595e+00
-9.776760147612046481e+00
-9.776797989705780623e+00
-9.776797989705780623e+00
-9.775172500003570519e+00
-9.775172500003570519e+00
-9.775172500003570519e+00
-9.775172500003570519e+00
-9.775172500003570519e+00
-9.775172500003570519e+00
-9.784079822702636875e+00
-9.784079822702636875e+00
-9.784079822702636875e+00
-9.784079822702636875e+00
-9.784079822702636875e+00
-9.784079822702636875e+00
-9.782198225084705712e+00
-9.782198225084705712e+00
-9.782198225084705712e+00
-9.782198225084705712e+00
-9.782198225084705712e+00
-9.784655761772238947e+00
-9.784655761772238947e+00
-9.784655761772238947e+00
-9.786791573841718161e+00
-9.786791573841718161e+00
-9.786791573841718161e+00
-9.786791573841718161e+00
-1.050973323806398341e+01
-1.050973323806398341e+01
-1.050980028140156186e+01
-1.050980028140156186e+01
-1.050980028140156186e+01
-1.050980028140156186e+01
-1.050980028140156186e+01
-1.050980028140156186e+01
-1.051279096611377284e+01
-1.051279096611377284e+01
-1.051279096611377284e+01
-1.051109456085543847e+01
-1.051109456085543847e+01
-1.051110971062267474e+01
-1.051110971062267474e+01
-1.051427041370714832e+01
-1.051427041370714832e+01
-1.051427041370714832e+01
-1.051427041370714832e+01
-1.051427041370714832e+01
-1.051427041370714832e+01
-1.051447091252592614e+01
-1.051698600399978467e+01
-1.051553371518298619e+01
-1.051553371518298619e+01
-1.051553371518298619e+01
-1.051553371518298619e+01
-1.051553371518298619e+01
-1.051553371518298619e+01
-1.051905700565236579e+01
-1.051905700565236579e+01
-1.051905700565236579e+01
-1.051905700565236579e+01
-1.051905700565236579e+01
-1.051770481323794293e+01
-1.051770481323794293e+01
-1.051772756285707189e+01
-1.051772756285707189e+01
-1.051777686760302366e+01
-1.051777686760302366e+01
-1.051777686760302366e+01
-1.052584349365219829e+01
-1.052584349365219829e+01
-1.052584349365219829e+01
-1.052598772806171468e+01
-1.052481602256789373e+01
-1.052481602256789373e+01
-1.052481602256789373e+01
-1.052481602256789373e+01
-1.052481602256789373e+01
-1.052481602256789373e+01
-1.052481602256789373e+01
-1.052481602256789373e+01
-1.052831802964260177e+01
-1.052831802964260177e+01
-1.052831802964260177e+01
-1.052667130829398978e+01
-1.052667130829398978e+01
-1.052667130829398978e+01
-1.052667130829398978e+01
-1.052667130829398978e+01
-1.052667130829398978e+01
-1.052667130829398978e+01
-1.053309620384170842e+01
-1.053309620384170842e+01
-1.053309620384170842e+01
-1.053309620384170842e+01
-1.053163954315779627e+01
-1.053163954315779627e+01
-1.053181615758827760e+01
-1.053181615758827760e+01
-1.053181615758827760e+01
-1.053181615758827760e+01
-1.053181615758827760e+01
-1.053181615758827760e+01
-1.053181615758827760e+01
-1.053181615758827760e+01
-1.053045591038192086e+01
-1.054021999520406006e+01
-1.054021999520406006e+01
-1.054021999520406006e+01
-1.054021999520406006e+01
-1.054021999520406006e+01
-1.054021999520406006e+01
-1.054021999520406006e+01
-1.054021999520406006e+01
-1.054021999520406006e+01
-1.053892329986443244e+01
-1.053892329986443244e+01
-1.053898723439027840e+01
-1.053898723439027840e+01
-1.054318178318244748e+01
-1.054336448375194912e+01
-1.054340806050663204e+01
-1.054340806050663204e+01
-1.054340806050663204e+01
-1.054340806050663204e+01
-1.054340806050663204e+01
-1.054212316277694228e+01
-1.054212316277694228e+01
-1.054212316277694228e+01
-1.054973132067371289e+01
-1.054973132067371289e+01
-1.054973132067371289e+01
-1.054973132067371289e+01
-1.054973132067371289e+01
-1.054973132067371289e+01
-1.054973132067371289e+01
-1.108397010542474881e+01
-1.108397010542474881e+01
-1.108408230315763099e+01
-1.108408230315763099e+01
-1.109017189345414955e+01
-1.109017189345414955e+01
-1.109017189345414955e+01
-1.111818353642924606e+01
-1.111818353642924606e+01
-1.111818353642924606e+01
-1.111698037104584991e+01
-1.111698037104584991e+01
-1.111698037104584991e+01
-1.111698037104584991e+01
-1.112235473532222052e+01
-1.112235473532222052e+01
-1.112235473532222052e+01
-1.112236094964723598e+01
-1.112236094964723598e+01
-1.112236094964723598e+01
-1.112119617748047418e+01
-1.112124839656554443e+01
-1.112124839656554443e+01
-1.112124839656554443e+01
-1.112728531065159565e+01
-1.112728531065159565e+01
-1.112728531065159565e+01
-1.112728531065159565e+01
-1.112728531065159565e+01
-1.112616705253428151e+01
-1.112633484417166052e+01
-1.112633484417166052e+01
-1.112633484417166052e+01
-1.112633484417166052e+01
-1.113377752643771146e+01
-1.113377752643771146e+01
-1.113377752643771146e+01
-1.113377752643771146e+01
-1.113377752643771146e+01
-1.113218370614999664e+01
-1.113222507729934918e+01
-1.113222507729934918e+01
-1.113237227934089901e+01
-1.113237227934089901e+01
-1.113237227934089901e+01
-1.114185458494322134e+01
-1.114185458494322134e+01
-1.114185458494322134e+01
-1.114106955223642714e+01
-1.114106955223642714e+01
-1.114106955223642714e+01
-1.114106955223642714e+01
-1.114106955223642714e+01
-1.114122426622418338e+01
-1.114122426622418338e+01
-1.114122426622418338e+01
-1.114122426622418338e+01
-1.114013908621774362e+01
-1.112376263944893218e+01
-1.112376263944893218e+01
-1.112376263944893218e+01
-1.112382111018875541e+01
-1.112382111018875541e+01
-1.112382111018875541e+01
-1.112382111018875541e+01
-1.112382111018875541e+01
-1.112382111018875541e+01
-1.112286706495107147e+01
-1.112286706495107147e+01
-1.112286706495107147e+01
-1.112286706495107147e+01
-1.112288707714844982e+01
-1.112288707714844982e+01
-1.112288707714844982e+01
-1.112288707714844982e+01
-1.112305573107114220e+01
-1.174227197216607443e+01
-1.174227197216607443e+01
-1.174227197216607443e+01
-1.174227197216607443e+01
-1.174227197216607443e+01
-1.174233625393016212e+01
-1.174233625393016212e+01
-1.174233625393016212e+01
-1.174233625393016212e+01
-1.174119506344308483e+01
-1.174119506344308483e+01
-1.130430425020736251e+01
-1.130430425020736251e+01
-1.130430425020736251e+01
-1.130430425020736251e+01
-1.130430425020736251e+01
-1.130430425020736251e+01
-1.130393343240839066e+01
-1.130393343240839066e+01
-1.130402427146399980e+01
-1.130427498286000443e+01
-1.130427498286000443e+01
-1.130427498286000443e+01
-1.130427498286000443e+01
-1.130427498286000443e+01
-1.130427498286000443e+01
-1.130392514306777407e+01
-1.130392514306777407e+01
-1.130405617663999962e+01
-1.130405617663999962e+01
-1.130405617663999962e+01
-1.130405617663999962e+01
-1.130405617663999962e+01
-1.130405617663999962e+01
-1.130378779205473272e+01
-1.130378779205473272e+01
-1.130578278802069114e+01
-1.130578278802069114e+01
-1.130578278802069114e+01
-1.130580885815150083e+01
-1.130580885815150083e+01
-1.130607816614793393e+01
-1.130567955022991811e+01
-1.130567955022991811e+01
-1.130567955022991811e+01
-1.130567955022991811e+01
-1.130567955022991811e+01
-1.130567955022991811e+01
-1.130567955022991811e+01
-1.130567955022991811e+01
-1.130530505234732352e+01
-1.130530505234732352e+01
-1.130530505234732352e+01
-1.130530505234732352e+01
-1.130530789517595203e+01
-1.130530789517595203e+01
-1.130530789517595203e+01
-1.130530789517595203e+01
-1.130503487824939945e+01
-1.130503487824939945e+01
-1.130503487824939945e+01
-1.130503487824939945e+01
-1.130526504496037710e+01
-1.130526504496037710e+01
-1.130526504496037710e+01
-1.130526504496037710e+01
-1.174504209356835283e+01
-1.174522521023643762e+01
-1.174522521023643762e+01
-1.174533646867198833e+01
-1.174533646867198833e+01
-1.174533646867198833e+01
-1.174542922872494444e+01
-1.174542922872494444e+01
-1.174527939338062410e+01
-1.174527939338062410e+01
-1.174527939338062410e+01
-1.174527939338062410e+01
-1.174527939338062410e+01
-1.174527939338062410e+01
-1.174527939338062410e+01
-1.174517576682814202e+01
-1.174517576682814202e+01
-1.174506825113296138e+01
-1.174506825113296138e+01
-1.174506825113296138e+01
-1.174506825113296138e+01
-1.174506825113296138e+01
-1.174506825113296138e+01
-1.174497589024161393e+01
-1.174497589024161393e+01
-1.174498916480077959e+01
-1.174498916480077959e+01
-1.174498916480077959e+01
-1.174498916480077959e+01
-1.174498916480077959e+01
-1.174490540948851880e+01
-1.174490540948851880e+01
-1.174509393913001887e+01
-1.174509393913001887e+01
-1.174509393913001887e+01
-1.174509393913001887e+01
-1.174509393913001887e+01
-1.174487135652308645e+01
-1.174487135652308645e+01
-1.174487135652308645e+01
-1.174498107222840737e+01
-1.174498107222840737e+01
-1.174498107222840737e+01
-1.174498107222840737e+01
-1.174490087739523858e+01
-1.174490087739523858e+01
-1.174490087739523858e+01
-1.174490087739523858e+01
-1.174490087739523858e+01
-1.174490087739523858e+01
-1.174490087739523858e+01
-1.207232488570057605e+01
-1.207232488570057605e+01
-1.207232488570057605e+01
-1.207232488570057605e+01
-1.207232488570057605e+01
-1.207232488570057605e+01
-1.207165716440047198e+01
-1.207172710503703961e+01
-1.207172710503703961e+01
-1.207181104869378707e+01
-1.207181104869378707e+01
-1.207181104869378707e+01
-1.207181104869378707e+01
-1.207196585851116843e+01
-1.207207065365955323e+01
-1.207207065365955323e+01
-1.207207065365955323e+01
-1.207207065365955323e+01
-1.207207065365955323e+01
-1.207207065365955323e+01
-1.207207065365955323e+01
-1.207218930927345113e+01
-1.207218930927345113e+01
-1.207218930927345113e+01
-1.207218930927345113e+01
-1.207218930927345113e+01
-1.207149630606116375e+01
-1.207156823075321483e+01
-1.207156823075321483e+01
-1.207169356962729267e+01
-1.207169356962729267e+01
-1.207169356962729267e+01
-1.207169356962729267e+01
-1.207169356962729267e+01
-1.207176718036071605e+01
-1.207176718036071605e+01
-1.207176718036071605e+01
-1.207176718036071605e+01
-1.207176718036071605e+01
-1.207176718036071605e+01
-1.207188550750108824e+01
-1.207188550750108824e+01
-1.207188550750108824e+01
-1.207188550750108824e+01
-1.207188550750108824e+01
-1.207135562407812124e+01
-1.221609932513493213e+01
-1.221609932513493213e+01
-1.221609932513493213e+01
-1.221609932513493213e+01
-1.221609932513493213e+01
-1.221609932513493213e+01
-1.221637207620161725e+01
-1.221637207620161725e+01
-1.221637207620161725e+01
-1.221637207620161725e+01
-1.221637207620161725e+01
-1.221637207620161725e+01
-1.221675166222828146e+01
-1.221675166222828146e+01
-1.221683213974162996e+01
-1.221683213974162996e+01
-1.221683213974162996e+01
-1.221683213974162996e+01
-1.221615290605646820e+01
-1.221615290605646820e+01
-1.221615290605646820e+01
-1.221615290605646820e+01
-1.221615290605646820e+01
-1.221615290605646820e+01
-1.221674177252897131e+01
-1.221685205968259780e+01
-1.221685205968259780e+01
-1.221685205968259780e+01
-1.221685205968259780e+01
-1.221685205968259780e+01
-1.221760047847267749e+01
-1.221772400295885497e+01
-1.221772400295885497e+01
-1.221772400295885497e+01
-1.221772400295885497e+01
-1.221872373371767928e+01
-1.221872373371767928e+01
-1.221762991723438141e+01
-1.221793310105549857e+01
-1.221821394349012202e+01
-1.221848763743791544e+01
-1.221876608142176046e+01
-1.221876608142176046e+01
-1.221912793538521669e+01
-1.221944838792151700e+01
