# wavelength_obs(um)  flux_med(uJy)  flux_low(uJy)  flux_high(uJy)
4.655500e+01 3.320609e-05 2.745544e-04 8.510132e-07
5.273542e+01 6.531703e-04 4.069594e-03 2.658929e-05
5.891583e+01 6.463519e-03 3.220252e-02 3.792699e-04
6.509625e+01 3.936356e-02 1.636251e-01 3.106126e-03
7.127667e+01 1.681275e-01 6.016876e-01 1.694724e-02
7.745708e+01 5.500799e-01 1.735848e+00 6.811650e-02
8.363750e+01 1.466352e+00 4.156749e+00 2.163832e-01
8.981792e+01 3.329140e+00 8.603726e+00 5.714722e-01
9.599834e+01 6.651046e+00 1.585823e+01 1.302489e+00
1.021788e+02 1.198329e+01 2.661852e+01 2.634867e+00
1.083592e+02 1.984059e+01 4.139182e+01 4.833903e+00
1.145396e+02 3.063199e+01 6.042663e+01 8.178434e+00
1.207200e+02 4.461138e+01 8.369157e+01 1.293068e+01
1.269004e+02 6.185352e+01 1.108944e+02 1.930832e+01
1.330808e+02 8.225459e+01 1.415290e+02 2.746328e+01
1.392613e+02 1.055519e+02 1.749357e+02 3.746933e+01
1.454417e+02 1.313557e+02 2.103655e+02 4.931881e+01
1.516221e+02 1.591870e+02 2.470374e+02 6.292696e+01
1.578025e+02 1.885146e+02 2.841874e+02 7.814210e+01
1.639829e+02 2.187900e+02 3.211039e+02 9.475914e+01
1.701633e+02 2.494754e+02 3.571534e+02 1.125347e+02
1.763438e+02 2.800656e+02 3.917940e+02 1.312020e+02
1.825242e+02 3.101039e+02 4.245819e+02 1.504846e+02
1.887046e+02 3.391913e+02 4.551704e+02 1.701082e+02
1.948850e+02 3.669918e+02 4.833049e+02 1.898100e+02
2.010654e+02 3.932328e+02 5.088145e+02 2.093459e+02
2.072458e+02 4.177031e+02 5.316024e+02 2.284955e+02
2.134263e+02 4.402490e+02 5.516349e+02 2.470654e+02
2.196067e+02 4.607685e+02 5.689312e+02 2.648904e+02
2.257871e+02 4.792058e+02 5.835533e+02 2.818335e+02
2.319675e+02 4.955443e+02 5.955964e+02 2.977854e+02
2.381479e+02 5.098007e+02 6.051814e+02 3.126628e+02
2.443283e+02 5.220189e+02 6.124472e+02 3.264063e+02
2.505088e+02 5.322648e+02 6.175448e+02 3.389780e+02
2.566892e+02 5.406209e+02 6.206323e+02 3.503590e+02
2.628696e+02 5.471824e+02 6.218707e+02 3.605470e+02
2.690500e+02 5.520532e+02 6.214206e+02 3.695538e+02
2.752304e+02 5.553429e+02 6.194394e+02 3.774029e+02
2.814108e+02 5.571638e+02 6.160796e+02 3.841274e+02
2.875913e+02 5.576291e+02 6.114873e+02 3.897680e+02
2.937717e+02 5.568508e+02 6.058008e+02 3.943716e+02
2.999521e+02 5.549384e+02 5.991504e+02 3.979892e+02
3.061325e+02 5.519981e+02 5.916578e+02 4.006748e+02
3.123129e+02 5.481315e+02 5.834359e+02 4.024844e+02
3.184933e+02 5.434352e+02 5.745891e+02 4.034750e+02
3.246738e+02 5.380008e+02 5.652132e+02 4.037035e+02
3.308542e+02 5.319142e+02 5.553956e+02 4.032263e+02
3.370346e+02 5.252555e+02 5.452162e+02 4.020987e+02
3.432150e+02 5.180994e+02 5.347470e+02 4.003743e+02
3.493954e+02 5.105150e+02 5.240534e+02 3.981051e+02
3.555758e+02 5.025660e+02 5.131938e+02 3.953408e+02
3.617563e+02 4.943109e+02 5.022208e+02 3.921286e+02
3.679367e+02 4.858032e+02 4.911811e+02 3.885137e+02
3.741171e+02 4.770918e+02 4.801163e+02 3.845384e+02
3.802975e+02 4.682209e+02 4.690630e+02 3.802427e+02
3.864779e+02 4.592307e+02 4.580538e+02 3.756640e+02
3.926583e+02 4.501576e+02 4.471167e+02 3.708373e+02
3.988388e+02 4.410340e+02 4.362767e+02 3.657952e+02
4.050192e+02 4.318893e+02 4.255549e+02 3.605678e+02
4.111996e+02 4.227496e+02 4.149697e+02 3.551830e+02
4.173800e+02 4.136380e+02 4.045368e+02 3.496668e+02
4.235604e+02 4.045752e+02 3.942695e+02 3.440427e+02
4.297409e+02 3.955792e+02 3.841787e+02 3.383326e+02
4.359213e+02 3.866661e+02 3.742736e+02 3.325565e+02
4.421017e+02 3.778497e+02 3.645614e+02 3.267324e+02
4.482821e+02 3.691421e+02 3.550479e+02 3.208771e+02
4.544625e+02 3.605536e+02 3.457376e+02 3.150056e+02
4.606429e+02 3.520931e+02 3.366336e+02 3.091314e+02
4.668234e+02 3.437680e+02 3.277379e+02 3.032669e+02
4.730038e+02 3.355846e+02 3.190517e+02 2.974232e+02
4.791842e+02 3.275480e+02 3.105754e+02 2.916102e+02
4.853646e+02 3.196623e+02 3.023083e+02 2.858368e+02
4.915450e+02 3.119307e+02 2.942495e+02 2.801108e+02
4.977254e+02 3.043556e+02 2.863972e+02 2.744393e+02
5.039059e+02 2.969386e+02 2.787495e+02 2.688285e+02
5.100863e+02 2.896808e+02 2.713038e+02 2.632837e+02
5.162667e+02 2.825826e+02 2.640571e+02 2.578098e+02
5.224471e+02 2.756440e+02 2.570064e+02 2.524107e+02
5.286275e+02 2.688645e+02 2.501482e+02 2.470899e+02
5.348079e+02 2.622432e+02 2.434789e+02 2.418505e+02
5.409884e+02 2.557789e+02 2.369948e+02 2.366948e+02
5.471688e+02 2.494700e+02 2.306920e+02 2.316250e+02
5.533492e+02 2.433148e+02 2.245664e+02 2.266427e+02
5.595296e+02 2.373112e+02 2.186140e+02 2.217490e+02
5.657100e+02 2.314571e+02 2.128307e+02 2.169450e+02
5.718904e+02 2.257501e+02 2.072123e+02 2.122314e+02
5.780709e+02 2.201876e+02 2.017548e+02 2.076084e+02
5.842513e+02 2.147672e+02 1.964539e+02 2.030762e+02
5.904317e+02 2.094860e+02 1.913055e+02 1.986348e+02
5.966121e+02 2.043414e+02 1.863056e+02 1.942837e+02
6.027925e+02 1.993305e+02 1.814501e+02 1.900227e+02
6.089729e+02 1.944504e+02 1.767350e+02 1.858511e+02
6.151534e+02 1.896983e+02 1.721563e+02 1.817682e+02
6.213338e+02 1.850713e+02 1.677102e+02 1.777731e+02
6.275142e+02 1.805664e+02 1.633930e+02 1.738648e+02
6.336946e+02 1.761807e+02 1.592007e+02 1.700423e+02
6.398750e+02 1.719115e+02 1.551299e+02 1.663044e+02
6.460554e+02 1.677557e+02 1.511768e+02 1.626500e+02
6.522359e+02 1.637106e+02 1.473381e+02 1.590778e+02
6.584163e+02 1.597733e+02 1.436103e+02 1.555866e+02
6.645967e+02 1.559411e+02 1.399901e+02 1.521748e+02
6.707771e+02 1.522113e+02 1.364743e+02 1.488412e+02
6.769575e+02 1.485811e+02 1.330596e+02 1.455844e+02
6.831379e+02 1.450479e+02 1.297430e+02 1.424028e+02
6.893184e+02 1.416091e+02 1.265216e+02 1.392952e+02
6.954988e+02 1.382622e+02 1.233923e+02 1.362600e+02
7.016792e+02 1.350046e+02 1.203525e+02 1.332958e+02
7.078596e+02 1.318340e+02 1.173992e+02 1.304010e+02
7.140400e+02 1.287479e+02 1.145300e+02 1.275743e+02
7.202204e+02 1.257440e+02 1.117422e+02 1.248143e+02
7.264009e+02 1.228200e+02 1.090332e+02 1.221193e+02
7.325813e+02 1.199737e+02 1.064008e+02 1.194881e+02
7.387617e+02 1.172030e+02 1.038424e+02 1.169192e+02
7.449421e+02 1.145056e+02 1.013558e+02 1.144112e+02
7.511225e+02 1.118796e+02 9.893886e+01 1.119626e+02
7.573029e+02 1.093229e+02 9.658936e+01 1.095722e+02
7.634834e+02 1.068336e+02 9.430524e+01 1.072386e+02
7.696638e+02 1.044097e+02 9.208449e+01 1.049604e+02
7.758442e+02 1.020495e+02 8.992516e+01 1.027364e+02
7.820246e+02 9.975107e+01 8.782536e+01 1.005651e+02
7.882050e+02 9.751269e+01 8.578326e+01 9.844549e+01
7.943855e+02 9.533266e+01 8.379711e+01 9.637617e+01
8.005659e+02 9.320931e+01 8.186518e+01 9.435596e+01
8.067463e+02 9.114105e+01 7.998582e+01 9.238366e+01
8.129267e+02 8.912630e+01 7.815743e+01 9.045810e+01
8.191071e+02 8.716354e+01 7.637846e+01 8.857812e+01
8.252875e+02 8.525130e+01 7.464739e+01 8.674261e+01
8.314680e+02 8.338815e+01 7.296280e+01 8.495046e+01
8.376484e+02 8.157268e+01 7.132325e+01 8.320059e+01
8.438288e+02 7.980356e+01 6.972741e+01 8.149196e+01
8.500092e+02 7.807947e+01 6.817394e+01 7.982354e+01
8.561896e+02 7.639913e+01 6.666158e+01 7.819431e+01
8.623700e+02 7.476131e+01 6.518910e+01 7.660330e+01
8.685505e+02 7.316481e+01 6.375530e+01 7.504955e+01
8.747309e+02 7.160847e+01 6.235903e+01 7.353212e+01
8.809113e+02 7.009115e+01 6.099918e+01 7.205010e+01
8.870917e+02 6.861177e+01 5.967466e+01 7.060260e+01
8.932721e+02 6.716925e+01 5.838442e+01 6.918875e+01
8.994525e+02 6.576257e+01 5.712747e+01 6.780770e+01
9.056330e+02 6.439072e+01 5.590281e+01 6.645862e+01
9.118134e+02 6.305274e+01 5.470950e+01 6.514071e+01
9.179938e+02 6.174768e+01 5.354663e+01 6.385318e+01
9.241742e+02 6.047463e+01 5.241331e+01 6.259527e+01
9.303546e+02 5.923270e+01 5.130867e+01 6.136622e+01
9.365350e+02 5.802103e+01 5.023189e+01 6.016532e+01
9.427155e+02 5.683879e+01 4.918217e+01 5.899184e+01
9.488959e+02 5.568517e+01 4.815872e+01 5.784511e+01
9.550763e+02 5.455938e+01 4.716078e+01 5.672445e+01
9.612567e+02 5.346066e+01 4.618764e+01 5.562920e+01
9.674371e+02 5.238827e+01 4.523857e+01 5.455873e+01
9.736175e+02 5.134149e+01 4.431291e+01 5.351241e+01
9.797980e+02 5.031964e+01 4.340997e+01 5.248964e+01
9.859784e+02 4.932202e+01 4.252913e+01 5.148983e+01
9.921588e+02 4.834799e+01 4.166975e+01 5.051240e+01
9.983392e+02 4.739691e+01 4.083125e+01 4.955680e+01
1.004520e+03 4.646816e+01 4.001302e+01 4.862248e+01
1.010700e+03 4.556115e+01 3.921451e+01 4.770892e+01
1.016880e+03 4.467529e+01 3.843517e+01 4.681558e+01
1.023061e+03 4.381003e+01 3.767446e+01 4.594198e+01
1.029241e+03 4.296480e+01 3.693188e+01 4.508763e+01
1.035422e+03 4.213908e+01 3.620693e+01 4.425204e+01
1.041602e+03 4.133236e+01 3.549911e+01 4.343476e+01
1.047783e+03 4.054413e+01 3.480797e+01 4.263533e+01
1.053963e+03 3.977391e+01 3.413304e+01 4.185331e+01
1.060143e+03 3.902122e+01 3.347389e+01 4.108829e+01
1.066324e+03 3.828561e+01 3.283010e+01 4.033983e+01
1.072504e+03 3.756663e+01 3.220124e+01 3.960753e+01
1.078685e+03 3.686385e+01 3.158691e+01 3.889101e+01
1.084865e+03 3.617685e+01 3.098674e+01 3.818987e+01
1.091045e+03 3.550522e+01 3.040033e+01 3.750374e+01
1.097226e+03 3.484857e+01 2.982732e+01 3.683225e+01
1.103406e+03 3.420651e+01 2.926736e+01 3.617506e+01
1.109587e+03 3.357866e+01 2.872010e+01 3.553182e+01
1.115767e+03 3.296467e+01 2.818522e+01 3.490219e+01
1.121948e+03 3.236419e+01 2.766237e+01 3.428584e+01
1.128128e+03 3.177686e+01 2.715125e+01 3.368246e+01
1.134308e+03 3.120236e+01 2.665156e+01 3.309173e+01
1.140489e+03 3.064036e+01 2.616299e+01 3.251335e+01
1.146669e+03 3.009056e+01 2.568526e+01 3.194703e+01
1.152850e+03 2.955263e+01 2.521809e+01 3.139248e+01
1.159030e+03 2.902630e+01 2.476121e+01 3.084943e+01
1.165210e+03 2.851126e+01 2.431435e+01 3.031759e+01
1.171391e+03 2.800724e+01 2.387726e+01 2.979671e+01
1.177571e+03 2.751396e+01 2.344969e+01 2.928652e+01
1.183752e+03 2.703117e+01 2.303139e+01 2.878678e+01
1.189932e+03 2.655860e+01 2.262214e+01 2.829724e+01
1.196113e+03 2.609599e+01 2.222171e+01 2.781767e+01
1.202293e+03 2.564312e+01 2.182987e+01 2.734782e+01
1.208473e+03 2.519974e+01 2.144641e+01 2.688748e+01
1.214654e+03 2.476561e+01 2.107112e+01 2.643642e+01
1.220834e+03 2.434052e+01 2.070380e+01 2.599444e+01
1.227015e+03 2.392425e+01 2.034425e+01 2.556131e+01
1.233195e+03 2.351659e+01 1.999228e+01 2.513683e+01
1.239375e+03 2.311732e+01 1.964770e+01 2.472082e+01
1.245556e+03 2.272625e+01 1.931033e+01 2.431306e+01
1.251736e+03 2.234319e+01 1.898000e+01 2.391338e+01
1.257917e+03 2.196793e+01 1.865653e+01 2.352160e+01
1.264097e+03 2.160030e+01 1.833976e+01 2.313752e+01
1.270278e+03 2.124012e+01 1.802952e+01 2.276098e+01
1.276458e+03 2.088722e+01 1.772566e+01 2.239181e+01
1.282638e+03 2.054141e+01 1.742803e+01 2.202983e+01
1.288819e+03 2.020254e+01 1.713647e+01 2.167490e+01
1.294999e+03 1.987043e+01 1.685084e+01 2.132684e+01
1.301180e+03 1.954495e+01 1.657101e+01 2.098552e+01
1.307360e+03 1.922593e+01 1.629682e+01 2.065076e+01
1.313540e+03 1.891322e+01 1.602816e+01 2.032244e+01
1.319721e+03 1.860667e+01 1.576488e+01 2.000041e+01
1.325901e+03 1.830616e+01 1.550687e+01 1.968453e+01
1.332082e+03 1.801153e+01 1.525400e+01 1.937466e+01
1.338262e+03 1.772265e+01 1.500614e+01 1.907067e+01
1.344443e+03 1.743939e+01 1.476319e+01 1.877243e+01
1.350623e+03 1.716163e+01 1.452503e+01 1.847982e+01
1.356803e+03 1.688924e+01 1.429155e+01 1.819271e+01
1.362984e+03 1.662210e+01 1.406264e+01 1.791098e+01
1.369164e+03 1.636009e+01 1.383820e+01 1.763452e+01
1.375345e+03 1.610310e+01 1.361812e+01 1.736321e+01
1.381525e+03 1.585101e+01 1.340231e+01 1.709695e+01
1.387705e+03 1.560372e+01 1.319067e+01 1.683562e+01
1.393886e+03 1.536111e+01 1.298310e+01 1.657911e+01
1.400066e+03 1.512309e+01 1.277951e+01 1.632733e+01
1.406247e+03 1.488955e+01 1.257981e+01 1.608017e+01
1.412427e+03 1.466040e+01 1.238392e+01 1.583753e+01
1.418608e+03 1.443554e+01 1.219175e+01 1.559932e+01
1.424788e+03 1.421487e+01 1.200322e+01 1.536545e+01
1.430968e+03 1.399830e+01 1.181825e+01 1.513582e+01
1.437149e+03 1.378575e+01 1.163675e+01 1.491034e+01
1.443329e+03 1.357713e+01 1.145865e+01 1.468893e+01
1.449510e+03 1.337235e+01 1.128389e+01 1.447150e+01
1.455690e+03 1.317132e+01 1.111237e+01 1.425796e+01
1.461870e+03 1.297398e+01 1.094404e+01 1.404825e+01
1.468051e+03 1.278024e+01 1.077882e+01 1.384227e+01
1.474231e+03 1.259002e+01 1.061665e+01 1.363995e+01
1.480412e+03 1.240325e+01 1.045745e+01 1.344121e+01
1.486592e+03 1.221985e+01 1.030117e+01 1.324599e+01
1.492773e+03 1.203976e+01 1.014775e+01 1.305420e+01
1.498953e+03 1.186290e+01 9.997116e+00 1.286578e+01
1.505133e+03 1.168921e+01 9.849214e+00 1.268066e+01
1.511314e+03 1.151862e+01 9.703987e+00 1.249877e+01
1.517494e+03 1.135106e+01 9.561377e+00 1.232005e+01
1.523675e+03 1.118648e+01 9.421328e+00 1.214443e+01
1.529855e+03 1.102480e+01 9.283787e+00 1.197185e+01
1.536035e+03 1.086598e+01 9.148701e+00 1.180224e+01
1.542216e+03 1.070994e+01 9.016018e+00 1.163556e+01
1.548396e+03 1.055664e+01 8.885688e+00 1.147173e+01
1.554577e+03 1.040602e+01 8.757663e+00 1.131070e+01
1.560757e+03 1.025802e+01 8.631893e+00 1.115242e+01
1.566938e+03 1.011258e+01 8.508333e+00 1.099684e+01
1.573118e+03 9.969668e+00 8.386937e+00 1.084389e+01
1.579298e+03 9.829218e+00 8.267660e+00 1.069352e+01
1.585479e+03 9.691183e+00 8.150458e+00 1.054569e+01
1.591659e+03 9.555515e+00 8.035290e+00 1.040035e+01
1.597840e+03 9.422166e+00 7.922114e+00 1.025744e+01
1.604020e+03 9.291090e+00 7.810889e+00 1.011692e+01
1.610200e+03 9.162241e+00 7.701575e+00 9.978748e+00
1.616381e+03 9.035575e+00 7.594135e+00 9.842868e+00
1.622561e+03 8.911048e+00 7.488529e+00 9.709239e+00
1.628742e+03 8.788619e+00 7.384722e+00 9.577818e+00
1.634922e+03 8.668245e+00 7.282677e+00 9.448564e+00
1.641103e+03 8.549886e+00 7.182360e+00 9.321432e+00
1.647283e+03 8.433502e+00 7.083735e+00 9.196384e+00
1.653463e+03 8.319056e+00 6.986768e+00 9.073379e+00
1.659644e+03 8.206508e+00 6.891429e+00 8.952378e+00
1.665824e+03 8.095822e+00 6.797683e+00 8.833343e+00
1.672005e+03 7.986961e+00 6.705499e+00 8.716236e+00
1.678185e+03 7.879891e+00 6.614848e+00 8.601022e+00
1.684365e+03 7.774576e+00 6.525699e+00 8.487663e+00
1.690546e+03 7.670984e+00 6.438022e+00 8.376126e+00
1.696726e+03 7.569080e+00 6.351790e+00 8.266375e+00
1.702907e+03 7.468832e+00 6.266973e+00 8.158378e+00
1.709087e+03 7.370209e+00 6.183545e+00 8.052102e+00
1.715268e+03 7.273180e+00 6.101479e+00 7.947514e+00
1.721448e+03 7.177714e+00 6.020749e+00 7.844583e+00
1.727628e+03 7.083782e+00 5.941328e+00 7.743278e+00
1.733809e+03 6.991355e+00 5.863192e+00 7.643570e+00
1.739989e+03 6.900405e+00 5.786317e+00 7.545429e+00
1.746170e+03 6.810903e+00 5.710679e+00 7.448825e+00
1.752350e+03 6.722823e+00 5.636253e+00 7.353731e+00
1.758530e+03 6.636138e+00 5.563017e+00 7.260119e+00
1.764711e+03 6.550822e+00 5.490949e+00 7.167962e+00
1.770891e+03 6.466849e+00 5.420027e+00 7.077233e+00
1.777072e+03 6.384195e+00 5.350229e+00 6.987907e+00
1.783252e+03 6.302836e+00 5.281534e+00 6.899958e+00
1.789433e+03 6.222746e+00 5.213921e+00 6.813361e+00
1.795613e+03 6.143904e+00 5.147372e+00 6.728091e+00
1.801793e+03 6.066286e+00 5.081865e+00 6.644126e+00
1.807974e+03 5.989870e+00 5.017381e+00 6.561441e+00
1.814154e+03 5.914634e+00 4.953902e+00 6.480013e+00
1.820335e+03 5.840557e+00 4.891410e+00 6.399821e+00
1.826515e+03 5.767616e+00 4.829885e+00 6.320841e+00
1.832695e+03 5.695793e+00 4.769311e+00 6.243053e+00
1.838876e+03 5.625066e+00 4.709670e+00 6.166436e+00
1.845056e+03 5.555417e+00 4.650945e+00 6.090968e+00
1.851237e+03 5.486825e+00 4.593119e+00 6.016630e+00
1.857417e+03 5.419271e+00 4.536177e+00 5.943402e+00
1.863598e+03 5.352738e+00 4.480102e+00 5.871264e+00
1.869778e+03 5.287207e+00 4.424878e+00 5.800196e+00
1.875958e+03 5.222661e+00 4.370492e+00 5.730182e+00
1.882139e+03 5.159081e+00 4.316926e+00 5.661201e+00
1.888319e+03 5.096451e+00 4.264168e+00 5.593237e+00
1.894500e+03 5.034753e+00 4.212201e+00 5.526271e+00
1.900680e+03 4.973973e+00 4.161014e+00 5.460286e+00
1.906861e+03 4.914093e+00 4.110591e+00 5.395266e+00
1.913041e+03 4.855098e+00 4.060919e+00 5.331194e+00
1.919221e+03 4.796972e+00 4.011985e+00 5.268053e+00
1.925402e+03 4.739701e+00 3.963776e+00 5.205828e+00
1.931582e+03 4.683269e+00 3.916279e+00 5.144503e+00
1.937763e+03 4.627662e+00 3.869482e+00 5.084063e+00
1.943943e+03 4.572866e+00 3.823373e+00 5.024493e+00
1.950123e+03 4.518867e+00 3.777939e+00 4.965777e+00
1.956304e+03 4.465651e+00 3.733170e+00 4.907902e+00
1.962484e+03 4.413204e+00 3.689053e+00 4.850854e+00
1.968665e+03 4.361515e+00 3.645577e+00 4.794618e+00
1.974845e+03 4.310569e+00 3.602731e+00 4.739181e+00
1.981026e+03 4.260354e+00 3.560506e+00 4.684529e+00
1.987206e+03 4.210857e+00 3.518889e+00 4.630650e+00
1.993386e+03 4.162067e+00 3.477870e+00 4.577531e+00
1.999567e+03 4.113972e+00 3.437440e+00 4.525158e+00
2.005747e+03 4.066560e+00 3.397588e+00 4.473520e+00
2.011928e+03 4.019820e+00 3.358305e+00 4.422605e+00
2.018108e+03 3.973739e+00 3.319581e+00 4.372400e+00
2.024288e+03 3.928308e+00 3.281406e+00 4.322894e+00
2.030469e+03 3.883516e+00 3.243772e+00 4.274075e+00
2.036649e+03 3.839351e+00 3.206669e+00 4.225933e+00
2.042830e+03 3.795804e+00 3.170088e+00 4.178456e+00
2.049010e+03 3.752864e+00 3.134021e+00 4.131633e+00
2.055191e+03 3.710521e+00 3.098459e+00 4.085454e+00
2.061371e+03 3.668766e+00 3.063395e+00 4.039908e+00
2.067551e+03 3.627589e+00 3.028818e+00 3.994985e+00
2.073732e+03 3.586980e+00 2.994723e+00 3.950675e+00
2.079912e+03 3.546930e+00 2.961100e+00 3.906969e+00
2.086093e+03 3.507430e+00 2.927942e+00 3.863855e+00
2.092273e+03 3.468471e+00 2.895241e+00 3.821326e+00
2.098453e+03 3.430045e+00 2.862990e+00 3.779371e+00
2.104634e+03 3.392142e+00 2.831181e+00 3.737982e+00
2.110814e+03 3.354755e+00 2.799808e+00 3.697150e+00
2.116995e+03 3.317874e+00 2.768864e+00 3.656865e+00
2.123175e+03 3.281493e+00 2.738340e+00 3.617119e+00
2.129356e+03 3.245602e+00 2.708231e+00 3.577903e+00
2.135536e+03 3.210195e+00 2.678530e+00 3.539210e+00
2.141716e+03 3.175263e+00 2.649230e+00 3.501030e+00
2.147897e+03 3.140799e+00 2.620326e+00 3.463357e+00
2.154077e+03 3.106795e+00 2.591809e+00 3.426181e+00
2.160258e+03 3.073244e+00 2.563676e+00 3.389496e+00
2.166438e+03 3.040140e+00 2.535918e+00 3.353293e+00
2.172618e+03 3.007474e+00 2.508531e+00 3.317565e+00
2.178799e+03 2.975241e+00 2.481509e+00 3.282306e+00
2.184979e+03 2.943432e+00 2.454845e+00 3.247506e+00
2.191160e+03 2.912043e+00 2.428535e+00 3.213160e+00
2.197340e+03 2.881066e+00 2.402572e+00 3.179261e+00
2.203521e+03 2.850494e+00 2.376952e+00 3.145801e+00
2.209701e+03 2.820323e+00 2.351668e+00 3.112774e+00
2.215881e+03 2.790544e+00 2.326716e+00 3.080173e+00
2.222062e+03 2.761153e+00 2.302090e+00 3.047992e+00
2.228242e+03 2.732143e+00 2.277786e+00 3.016224e+00
2.234423e+03 2.703508e+00 2.253798e+00 2.984863e+00
2.240603e+03 2.675243e+00 2.230121e+00 2.953904e+00
2.246783e+03 2.647342e+00 2.206752e+00 2.923339e+00
2.252964e+03 2.619800e+00 2.183684e+00 2.893163e+00
2.259144e+03 2.592611e+00 2.160914e+00 2.863370e+00
2.265325e+03 2.565769e+00 2.138437e+00 2.833955e+00
2.271505e+03 2.539270e+00 2.116248e+00 2.804911e+00
2.277686e+03 2.513108e+00 2.094343e+00 2.776233e+00
2.283866e+03 2.487279e+00 2.072717e+00 2.747916e+00
2.290046e+03 2.461776e+00 2.051368e+00 2.719955e+00
2.296227e+03 2.436596e+00 2.030289e+00 2.692343e+00
2.302407e+03 2.411733e+00 2.009478e+00 2.665077e+00
2.308588e+03 2.387183e+00 1.988930e+00 2.638150e+00
2.314768e+03 2.362941e+00 1.968641e+00 2.611558e+00
2.320948e+03 2.339002e+00 1.948608e+00 2.585296e+00
2.327129e+03 2.315363e+00 1.928826e+00 2.559359e+00
2.333309e+03 2.292018e+00 1.909292e+00 2.533742e+00
2.339490e+03 2.268963e+00 1.890002e+00 2.508440e+00
2.345670e+03 2.246194e+00 1.870953e+00 2.483450e+00
2.351851e+03 2.223707e+00 1.852141e+00 2.458766e+00
2.358031e+03 2.201497e+00 1.833562e+00 2.434385e+00
2.364211e+03 2.179561e+00 1.815213e+00 2.410301e+00
2.370392e+03 2.157895e+00 1.797091e+00 2.386510e+00
2.376572e+03 2.136494e+00 1.779192e+00 2.363008e+00
2.382753e+03 2.115355e+00 1.761513e+00 2.339792e+00
2.388933e+03 2.094474e+00 1.744051e+00 2.316856e+00
2.395113e+03 2.073847e+00 1.726803e+00 2.294197e+00
2.401294e+03 2.053471e+00 1.709766e+00 2.271811e+00
2.407474e+03 2.033342e+00 1.692936e+00 2.249695e+00
2.413655e+03 2.013456e+00 1.676310e+00 2.227843e+00
2.419835e+03 1.993810e+00 1.659887e+00 2.206253e+00
2.426016e+03 1.974400e+00 1.643661e+00 2.184920e+00
2.432196e+03 1.955224e+00 1.627632e+00 2.163842e+00
2.438376e+03 1.936278e+00 1.611796e+00 2.143014e+00
2.444557e+03 1.917558e+00 1.596150e+00 2.122433e+00
2.450737e+03 1.899061e+00 1.580692e+00 2.102096e+00
2.456918e+03 1.880785e+00 1.565418e+00 2.081999e+00
2.463098e+03 1.862725e+00 1.550327e+00 2.062139e+00
2.469278e+03 1.844880e+00 1.535416e+00 2.042512e+00
2.475459e+03 1.827246e+00 1.520682e+00 2.023115e+00
2.481639e+03 1.809819e+00 1.506122e+00 2.003945e+00
2.487820e+03 1.792598e+00 1.491735e+00 1.985000e+00
2.494000e+03 1.775579e+00 1.477517e+00 1.966275e+00
2.500181e+03 1.758760e+00 1.463467e+00 1.947767e+00
2.506361e+03 1.742137e+00 1.449582e+00 1.929475e+00
2.512541e+03 1.725709e+00 1.435860e+00 1.911394e+00
2.518722e+03 1.709471e+00 1.422298e+00 1.893522e+00
2.524902e+03 1.693422e+00 1.408894e+00 1.875856e+00
2.531083e+03 1.677559e+00 1.395647e+00 1.858394e+00
2.537263e+03 1.661880e+00 1.382553e+00 1.841132e+00
2.543443e+03 1.646382e+00 1.369612e+00 1.824067e+00
2.549624e+03 1.631062e+00 1.356820e+00 1.807198e+00
2.555804e+03 1.615918e+00 1.344175e+00 1.790521e+00
2.561985e+03 1.600948e+00 1.331677e+00 1.774034e+00
2.568165e+03 1.586149e+00 1.319321e+00 1.757734e+00
2.574346e+03 1.571519e+00 1.307108e+00 1.741618e+00
2.580526e+03 1.557055e+00 1.295034e+00 1.725685e+00
2.586706e+03 1.542756e+00 1.283099e+00 1.709932e+00
2.592887e+03 1.528620e+00 1.271299e+00 1.694356e+00
2.599067e+03 1.514643e+00 1.259633e+00 1.678955e+00
2.605248e+03 1.500824e+00 1.248100e+00 1.663727e+00
2.611428e+03 1.487161e+00 1.236697e+00 1.648670e+00
2.617608e+03 1.473651e+00 1.225423e+00 1.633780e+00
2.623789e+03 1.460294e+00 1.214276e+00 1.619056e+00
2.629969e+03 1.447085e+00 1.203255e+00 1.604496e+00
2.636150e+03 1.434025e+00 1.192357e+00 1.590098e+00
2.642330e+03 1.421110e+00 1.181581e+00 1.575859e+00
2.648511e+03 1.408339e+00 1.170926e+00 1.561778e+00
2.654691e+03 1.395709e+00 1.160389e+00 1.547851e+00
2.660871e+03 1.383220e+00 1.149970e+00 1.534078e+00
2.667052e+03 1.370868e+00 1.139667e+00 1.520456e+00
2.673232e+03 1.358653e+00 1.129477e+00 1.506984e+00
2.679413e+03 1.346573e+00 1.119400e+00 1.493659e+00
2.685593e+03 1.334625e+00 1.109435e+00 1.480479e+00
2.691773e+03 1.322808e+00 1.099579e+00 1.467443e+00
2.697954e+03 1.311121e+00 1.089832e+00 1.454549e+00
2.704134e+03 1.299561e+00 1.080191e+00 1.441794e+00
2.710315e+03 1.288127e+00 1.070656e+00 1.429178e+00
2.716495e+03 1.276817e+00 1.061225e+00 1.416697e+00
2.722676e+03 1.265631e+00 1.051896e+00 1.404352e+00
2.728856e+03 1.254565e+00 1.042670e+00 1.392139e+00
2.735036e+03 1.243619e+00 1.033543e+00 1.380057e+00
2.741217e+03 1.232791e+00 1.024515e+00 1.368105e+00
2.747397e+03 1.222080e+00 1.015585e+00 1.356281e+00
2.753578e+03 1.211483e+00 1.006751e+00 1.344583e+00
2.759758e+03 1.201001e+00 9.980117e-01 1.333009e+00
2.765938e+03 1.190630e+00 9.893666e-01 1.321559e+00
2.772119e+03 1.180370e+00 9.808142e-01 1.310230e+00
2.778299e+03 1.170220e+00 9.723532e-01 1.299021e+00
2.784480e+03 1.160177e+00 9.639826e-01 1.287930e+00
2.790660e+03 1.150241e+00 9.557012e-01 1.276957e+00
2.796841e+03 1.140411e+00 9.475077e-01 1.266098e+00
2.803021e+03 1.130684e+00 9.394013e-01 1.255354e+00
2.809201e+03 1.121059e+00 9.313806e-01 1.244723e+00
2.815382e+03 1.111537e+00 9.234447e-01 1.234203e+00
2.821562e+03 1.102114e+00 9.155925e-01 1.223792e+00
2.827743e+03 1.092790e+00 9.078229e-01 1.213490e+00
2.833923e+03 1.083563e+00 9.001349e-01 1.203296e+00
2.840103e+03 1.074433e+00 8.925275e-01 1.193207e+00
2.846284e+03 1.065398e+00 8.849997e-01 1.183222e+00
2.852464e+03 1.056457e+00 8.775505e-01 1.173341e+00
2.858645e+03 1.047609e+00 8.701789e-01 1.163562e+00
2.864825e+03 1.038852e+00 8.628839e-01 1.153884e+00
2.871006e+03 1.030186e+00 8.556646e-01 1.144305e+00
2.877186e+03 1.021610e+00 8.485202e-01 1.134824e+00
2.883366e+03 1.013122e+00 8.414495e-01 1.125440e+00
2.889547e+03 1.004721e+00 8.344518e-01 1.116153e+00
2.895727e+03 9.964060e-01 8.275262e-01 1.106960e+00
2.901908e+03 9.881764e-01 8.206717e-01 1.097860e+00
2.908088e+03 9.800309e-01 8.138875e-01 1.088853e+00
2.914268e+03 9.719685e-01 8.071728e-01 1.079938e+00
2.920449e+03 9.639882e-01 8.005266e-01 1.071112e+00
2.926629e+03 9.560890e-01 7.939482e-01 1.062376e+00
2.932810e+03 9.482698e-01 7.874368e-01 1.053728e+00
2.938990e+03 9.405298e-01 7.809915e-01 1.045167e+00
2.945171e+03 9.328680e-01 7.746115e-01 1.036692e+00
2.951351e+03 9.252834e-01 7.682960e-01 1.028302e+00
2.957531e+03 9.177751e-01 7.620443e-01 1.019996e+00
2.963712e+03 9.103423e-01 7.558556e-01 1.011773e+00
2.969892e+03 9.029839e-01 7.497291e-01 1.003631e+00
2.976073e+03 8.956992e-01 7.436642e-01 9.955711e-01
2.982253e+03 8.884872e-01 7.376600e-01 9.875909e-01
2.988433e+03 8.813471e-01 7.317158e-01 9.796898e-01
2.994614e+03 8.742781e-01 7.258310e-01 9.718669e-01
3.000794e+03 8.672792e-01 7.200048e-01 9.641213e-01
3.006975e+03 8.603496e-01 7.142365e-01 9.564520e-01
3.013155e+03 8.534886e-01 7.085255e-01 9.488581e-01
3.019336e+03 8.466954e-01 7.028710e-01 9.413388e-01
3.025516e+03 8.399691e-01 6.972724e-01 9.338932e-01
3.031696e+03 8.333089e-01 6.917291e-01 9.265205e-01
3.037877e+03 8.267141e-01 6.862404e-01 9.192197e-01
3.044057e+03 8.201840e-01 6.808056e-01 9.119902e-01
3.050238e+03 8.137177e-01 6.754241e-01 9.048309e-01
3.056418e+03 8.073145e-01 6.700953e-01 8.977412e-01
3.062598e+03 8.009737e-01 6.648186e-01 8.907202e-01
3.068779e+03 7.946946e-01 6.595934e-01 8.837671e-01
3.074959e+03 7.884764e-01 6.544191e-01 8.768811e-01
3.081140e+03 7.823185e-01 6.492951e-01 8.700616e-01
3.087320e+03 7.762201e-01 6.442208e-01 8.633076e-01
3.093501e+03 7.701807e-01 6.391956e-01 8.566186e-01
3.099681e+03 7.641994e-01 6.342189e-01 8.499936e-01
3.105861e+03 7.582756e-01 6.292903e-01 8.434321e-01
3.112042e+03 7.524087e-01 6.244092e-01 8.369332e-01
3.118222e+03 7.465980e-01 6.195750e-01 8.304963e-01
3.124403e+03 7.408429e-01 6.147871e-01 8.241206e-01
3.130583e+03 7.351427e-01 6.100451e-01 8.178055e-01
3.136763e+03 7.294969e-01 6.053484e-01 8.115503e-01
3.142944e+03 7.239048e-01 6.006965e-01 8.053543e-01
3.149124e+03 7.183657e-01 5.960890e-01 7.992169e-01
3.155305e+03 7.128792e-01 5.915252e-01 7.931373e-01
3.161485e+03 7.074446e-01 5.870047e-01 7.871150e-01
3.167666e+03 7.020613e-01 5.825271e-01 7.811493e-01
3.173846e+03 6.967287e-01 5.780918e-01 7.752395e-01
3.180026e+03 6.914463e-01 5.736983e-01 7.693851e-01
3.186207e+03 6.862136e-01 5.693462e-01 7.635854e-01
3.192387e+03 6.810298e-01 5.650351e-01 7.578398e-01
3.198568e+03 6.758946e-01 5.607644e-01 7.521477e-01
3.204748e+03 6.708074e-01 5.565337e-01 7.465086e-01
3.210928e+03 6.657676e-01 5.523426e-01 7.409218e-01
3.217109e+03 6.607748e-01 5.481906e-01 7.353867e-01
3.223289e+03 6.558283e-01 5.440773e-01 7.299028e-01
3.229470e+03 6.509277e-01 5.400022e-01 7.244696e-01
3.235650e+03 6.460724e-01 5.359650e-01 7.190864e-01
3.241831e+03 6.412621e-01 5.319652e-01 7.137528e-01
3.248011e+03 6.364961e-01 5.280025e-01 7.084681e-01
3.254191e+03 6.317740e-01 5.240763e-01 7.032319e-01
3.260372e+03 6.270953e-01 5.201863e-01 6.980436e-01
3.266552e+03 6.224596e-01 5.163321e-01 6.929027e-01
3.272733e+03 6.178663e-01 5.125133e-01 6.878087e-01
3.278913e+03 6.133151e-01 5.087295e-01 6.827610e-01
3.285093e+03 6.088053e-01 5.049804e-01 6.777593e-01
3.291274e+03 6.043367e-01 5.012655e-01 6.728029e-01
3.297454e+03 5.999087e-01 4.975845e-01 6.678913e-01
3.303635e+03 5.955210e-01 4.939370e-01 6.630242e-01
3.309815e+03 5.911730e-01 4.903227e-01 6.582010e-01
3.315996e+03 5.868643e-01 4.867411e-01 6.534213e-01
3.322176e+03 5.825946e-01 4.831920e-01 6.486845e-01
3.328356e+03 5.783634e-01 4.796750e-01 6.439903e-01
3.334537e+03 5.741702e-01 4.761898e-01 6.393381e-01
3.340717e+03 5.700148e-01 4.727359e-01 6.347276e-01
3.346898e+03 5.658966e-01 4.693131e-01 6.301582e-01
3.353078e+03 5.618153e-01 4.659211e-01 6.256296e-01
3.359258e+03 5.577705e-01 4.625594e-01 6.211413e-01
3.365439e+03 5.537618e-01 4.592278e-01 6.166929e-01
3.371619e+03 5.497888e-01 4.559260e-01 6.122840e-01
3.377800e+03 5.458511e-01 4.526537e-01 6.079141e-01
3.383980e+03 5.419484e-01 4.494104e-01 6.035828e-01
3.390161e+03 5.380803e-01 4.461960e-01 5.992898e-01
3.396341e+03 5.342464e-01 4.430101e-01 5.950345e-01
3.402521e+03 5.304464e-01 4.398524e-01 5.908168e-01
3.408702e+03 5.266799e-01 4.367226e-01 5.866360e-01
3.414882e+03 5.229466e-01 4.336205e-01 5.824919e-01
3.421063e+03 5.192460e-01 4.305456e-01 5.783841e-01
3.427243e+03 5.155780e-01 4.274979e-01 5.743122e-01
3.433423e+03 5.119420e-01 4.244768e-01 5.702757e-01
3.439604e+03 5.083379e-01 4.214823e-01 5.662745e-01
3.445784e+03 5.047652e-01 4.185140e-01 5.623080e-01
3.451965e+03 5.012237e-01 4.155716e-01 5.583759e-01
3.458145e+03 4.977129e-01 4.126548e-01 5.544780e-01
3.464326e+03 4.942327e-01 4.097635e-01 5.506137e-01
3.470506e+03 4.907826e-01 4.068973e-01 5.467828e-01
3.476686e+03 4.873624e-01 4.040560e-01 5.429849e-01
3.482867e+03 4.839717e-01 4.012392e-01 5.392198e-01
3.489047e+03 4.806103e-01 3.984469e-01 5.354869e-01
3.495228e+03 4.772779e-01 3.956786e-01 5.317861e-01
3.501408e+03 4.739741e-01 3.929342e-01 5.281170e-01
3.507588e+03 4.706987e-01 3.902135e-01 5.244793e-01
3.513769e+03 4.674513e-01 3.875161e-01 5.208726e-01
3.519949e+03 4.642318e-01 3.848418e-01 5.172967e-01
3.526130e+03 4.610397e-01 3.821904e-01 5.137512e-01
3.532310e+03 4.578748e-01 3.795617e-01 5.102358e-01
3.538491e+03 4.547369e-01 3.769554e-01 5.067502e-01
3.544671e+03 4.516257e-01 3.743714e-01 5.032941e-01
3.550851e+03 4.485409e-01 3.718093e-01 4.998673e-01
3.557032e+03 4.454822e-01 3.692690e-01 4.964693e-01
3.563212e+03 4.424494e-01 3.667502e-01 4.931000e-01
3.569393e+03 4.394421e-01 3.642527e-01 4.897591e-01
3.575573e+03 4.364603e-01 3.617763e-01 4.864462e-01
3.581753e+03 4.335035e-01 3.593208e-01 4.831611e-01
3.587934e+03 4.305716e-01 3.568860e-01 4.799035e-01
3.594114e+03 4.276643e-01 3.544717e-01 4.766731e-01
3.600295e+03 4.247813e-01 3.520777e-01 4.734696e-01
3.606475e+03 4.219225e-01 3.497037e-01 4.702929e-01
3.612656e+03 4.190875e-01 3.473496e-01 4.671426e-01
3.618836e+03 4.162761e-01 3.450151e-01 4.640184e-01
3.625016e+03 4.134882e-01 3.427001e-01 4.609202e-01
3.631197e+03 4.107234e-01 3.404044e-01 4.578476e-01
3.637377e+03 4.079815e-01 3.381278e-01 4.548003e-01
3.643558e+03 4.052624e-01 3.358701e-01 4.517783e-01
3.649738e+03 4.025657e-01 3.336311e-01 4.487811e-01
3.655918e+03 3.998913e-01 3.314106e-01 4.458086e-01
3.662099e+03 3.972389e-01 3.292084e-01 4.428605e-01
3.668279e+03 3.946084e-01 3.270244e-01 4.399366e-01
3.674460e+03 3.919995e-01 3.248584e-01 4.370366e-01
3.680640e+03 3.894120e-01 3.227102e-01 4.341603e-01
3.686821e+03 3.868456e-01 3.205797e-01 4.313075e-01
3.693001e+03 3.843003e-01 3.184666e-01 4.284779e-01
3.699181e+03 3.817757e-01 3.163708e-01 4.256714e-01
3.705362e+03 3.792717e-01 3.142921e-01 4.228876e-01
3.711542e+03 3.767881e-01 3.122303e-01 4.201264e-01
3.717723e+03 3.743247e-01 3.101854e-01 4.173876e-01
3.723903e+03 3.718813e-01 3.081571e-01 4.146709e-01
3.730083e+03 3.694576e-01 3.061452e-01 4.119762e-01
3.736264e+03 3.670536e-01 3.041496e-01 4.093031e-01
3.742444e+03 3.646690e-01 3.021702e-01 4.066516e-01
3.748625e+03 3.623035e-01 3.002068e-01 4.040214e-01
3.754805e+03 3.599572e-01 2.982592e-01 4.014123e-01
3.760986e+03 3.576297e-01 2.963274e-01 3.988241e-01
3.767166e+03 3.553208e-01 2.944110e-01 3.962565e-01
3.773346e+03 3.530305e-01 2.925100e-01 3.937095e-01
3.779527e+03 3.507585e-01 2.906243e-01 3.911828e-01
3.785707e+03 3.485046e-01 2.887537e-01 3.886762e-01
3.791888e+03 3.462687e-01 2.868980e-01 3.861895e-01
3.798068e+03 3.440507e-01 2.850571e-01 3.837226e-01
3.804249e+03 3.418502e-01 2.832309e-01 3.812752e-01
3.810429e+03 3.396672e-01 2.814192e-01 3.788471e-01
3.816609e+03 3.375015e-01 2.796219e-01 3.764383e-01
3.822790e+03 3.353530e-01 2.778388e-01 3.740484e-01
3.828970e+03 3.332214e-01 2.760699e-01 3.716774e-01
3.835151e+03 3.311067e-01 2.743149e-01 3.693250e-01
3.841331e+03 3.290086e-01 2.725738e-01 3.669911e-01
3.847511e+03 3.269270e-01 2.708465e-01 3.646754e-01
3.853692e+03 3.248618e-01 2.691327e-01 3.623779e-01
3.859872e+03 3.228127e-01 2.674324e-01 3.600984e-01
3.866053e+03 3.207797e-01 2.657454e-01 3.578367e-01
3.872233e+03 3.187626e-01 2.640716e-01 3.555925e-01
3.878414e+03 3.167612e-01 2.624109e-01 3.533659e-01
3.884594e+03 3.147755e-01 2.607632e-01 3.511565e-01
3.890774e+03 3.128052e-01 2.591284e-01 3.489643e-01
3.896955e+03 3.108502e-01 2.575062e-01 3.467890e-01
3.903135e+03 3.089103e-01 2.558967e-01 3.446306e-01
3.909316e+03 3.069855e-01 2.542997e-01 3.424888e-01
3.915496e+03 3.050756e-01 2.527150e-01 3.403636e-01
3.921676e+03 3.031804e-01 2.511427e-01 3.382547e-01
3.927857e+03 3.012999e-01 2.495824e-01 3.361621e-01
3.934037e+03 2.994338e-01 2.480342e-01 3.340855e-01
3.940218e+03 2.975821e-01 2.464980e-01 3.320248e-01
3.946398e+03 2.957446e-01 2.449735e-01 3.299799e-01
3.952579e+03 2.939212e-01 2.434608e-01 3.279506e-01
3.958759e+03 2.921117e-01 2.419596e-01 3.259368e-01
3.964939e+03 2.903161e-01 2.404700e-01 3.239383e-01
3.971120e+03 2.885342e-01 2.389917e-01 3.219551e-01
3.977300e+03 2.867659e-01 2.375247e-01 3.199869e-01
3.983481e+03 2.850110e-01 2.360690e-01 3.180337e-01
3.989661e+03 2.832694e-01 2.346243e-01 3.160952e-01
3.995841e+03 2.815411e-01 2.331905e-01 3.141714e-01
4.002022e+03 2.798258e-01 2.317677e-01 3.122622e-01
4.008202e+03 2.781236e-01 2.303556e-01 3.103673e-01
4.014383e+03 2.764342e-01 2.289543e-01 3.084867e-01
4.020563e+03 2.747575e-01 2.275635e-01 3.066203e-01
4.026744e+03 2.730935e-01 2.261832e-01 3.047679e-01
4.032924e+03 2.714419e-01 2.248133e-01 3.029293e-01
4.039104e+03 2.698028e-01 2.234537e-01 3.011046e-01
4.045285e+03 2.681760e-01 2.221044e-01 2.992934e-01
4.051465e+03 2.665613e-01 2.207651e-01 2.974958e-01
4.057646e+03 2.649588e-01 2.194359e-01 2.957116e-01
4.063826e+03 2.633682e-01 2.181166e-01 2.939407e-01
4.070006e+03 2.617894e-01 2.168072e-01 2.921829e-01
4.076187e+03 2.602224e-01 2.155075e-01 2.904382e-01
4.082367e+03 2.586671e-01 2.142176e-01 2.887064e-01
4.088548e+03 2.571233e-01 2.129372e-01 2.869875e-01
4.094728e+03 2.555909e-01 2.116663e-01 2.852812e-01
4.100909e+03 2.540699e-01 2.104049e-01 2.835875e-01
4.107089e+03 2.525601e-01 2.091527e-01 2.819064e-01
4.113269e+03 2.510615e-01 2.079099e-01 2.802375e-01
4.119450e+03 2.495739e-01 2.066762e-01 2.785810e-01
4.125630e+03 2.480972e-01 2.054516e-01 2.769366e-01
4.131811e+03 2.466314e-01 2.042360e-01 2.753042e-01
4.137991e+03 2.451764e-01 2.030294e-01 2.736838e-01
4.144171e+03 2.437320e-01 2.018316e-01 2.720753e-01
4.150352e+03 2.422982e-01 2.006426e-01 2.704785e-01
4.156532e+03 2.408749e-01 1.994623e-01 2.688933e-01
4.162713e+03 2.394619e-01 1.982906e-01 2.673196e-01
4.168893e+03 2.380593e-01 1.971275e-01 2.657574e-01
4.175074e+03 2.366668e-01 1.959729e-01 2.642065e-01
4.181254e+03 2.352845e-01 1.948266e-01 2.626669e-01
4.187434e+03 2.339122e-01 1.936887e-01 2.611384e-01
4.193615e+03 2.325499e-01 1.925591e-01 2.596209e-01
4.199795e+03 2.311974e-01 1.914376e-01 2.581144e-01
4.205976e+03 2.298546e-01 1.903243e-01 2.566187e-01
4.212156e+03 2.285216e-01 1.892189e-01 2.551338e-01
4.218336e+03 2.271981e-01 1.881216e-01 2.536596e-01
4.224517e+03 2.258842e-01 1.870322e-01 2.521959e-01
4.230697e+03 2.245797e-01 1.859506e-01 2.507427e-01
4.236878e+03 2.232846e-01 1.848768e-01 2.493000e-01
4.243058e+03 2.219988e-01 1.838107e-01 2.478675e-01
4.249239e+03 2.207221e-01 1.827522e-01 2.464452e-01
4.255419e+03 2.194546e-01 1.817013e-01 2.450331e-01
4.261599e+03 2.181961e-01 1.806580e-01 2.436311e-01
4.267780e+03 2.169466e-01 1.796220e-01 2.422390e-01
4.273960e+03 2.157060e-01 1.785935e-01 2.408567e-01
4.280141e+03 2.144742e-01 1.775722e-01 2.394843e-01
4.286321e+03 2.132511e-01 1.765582e-01 2.381216e-01
4.292501e+03 2.120367e-01 1.755515e-01 2.367685e-01
4.298682e+03 2.108309e-01 1.745518e-01 2.354250e-01
4.304862e+03 2.096336e-01 1.735592e-01 2.340909e-01
4.311043e+03 2.084447e-01 1.725737e-01 2.327662e-01
4.317223e+03 2.072643e-01 1.715951e-01 2.314508e-01
4.323404e+03 2.060921e-01 1.706234e-01 2.301447e-01
4.329584e+03 2.049282e-01 1.696585e-01 2.288477e-01
4.335764e+03 2.037724e-01 1.687004e-01 2.275598e-01
4.341945e+03 2.026248e-01 1.677490e-01 2.262808e-01
4.348125e+03 2.014851e-01 1.668043e-01 2.250109e-01
4.354306e+03 2.003535e-01 1.658662e-01 2.237497e-01
4.360486e+03 1.992297e-01 1.649347e-01 2.224974e-01
4.366666e+03 1.981138e-01 1.640097e-01 2.212537e-01
4.372847e+03 1.970056e-01 1.630911e-01 2.200187e-01
4.379027e+03 1.959051e-01 1.621789e-01 2.187923e-01
4.385208e+03 1.948123e-01 1.612731e-01 2.175743e-01
4.391388e+03 1.937270e-01 1.603735e-01 2.163648e-01
4.397569e+03 1.926493e-01 1.594802e-01 2.151636e-01
4.403749e+03 1.915790e-01 1.585931e-01 2.139707e-01
4.409929e+03 1.905161e-01 1.577121e-01 2.127860e-01
4.416110e+03 1.894605e-01 1.568372e-01 2.116094e-01
4.422290e+03 1.884122e-01 1.559683e-01 2.104410e-01
4.428471e+03 1.873711e-01 1.551054e-01 2.092805e-01
4.434651e+03 1.863372e-01 1.542484e-01 2.081280e-01
4.440831e+03 1.853103e-01 1.533973e-01 2.069834e-01
4.447012e+03 1.842905e-01 1.525521e-01 2.058466e-01
4.453192e+03 1.832776e-01 1.517126e-01 2.047176e-01
4.459373e+03 1.822717e-01 1.508789e-01 2.035962e-01
4.465553e+03 1.812726e-01 1.500509e-01 2.024825e-01
4.471734e+03 1.802803e-01 1.492285e-01 2.013763e-01
4.477914e+03 1.792948e-01 1.484118e-01 2.002777e-01
4.484094e+03 1.783160e-01 1.476006e-01 1.991865e-01
4.490275e+03 1.773438e-01 1.467949e-01 1.981027e-01
4.496455e+03 1.763782e-01 1.459946e-01 1.970262e-01
4.502636e+03 1.754192e-01 1.451998e-01 1.959570e-01
4.508816e+03 1.744666e-01 1.444104e-01 1.948950e-01
4.514996e+03 1.735204e-01 1.436263e-01 1.938401e-01
4.521177e+03 1.725806e-01 1.428475e-01 1.927923e-01
4.527357e+03 1.716472e-01 1.420740e-01 1.917516e-01
4.533538e+03 1.707200e-01 1.413056e-01 1.907179e-01
4.539718e+03 1.697991e-01 1.405424e-01 1.896910e-01
4.545899e+03 1.688843e-01 1.397844e-01 1.886711e-01
4.552079e+03 1.679757e-01 1.390314e-01 1.876579e-01
4.558259e+03 1.670731e-01 1.382835e-01 1.866515e-01
4.564440e+03 1.661765e-01 1.375406e-01 1.856519e-01
4.570620e+03 1.652860e-01 1.368026e-01 1.846588e-01
4.576801e+03 1.644013e-01 1.360696e-01 1.836724e-01
4.582981e+03 1.635226e-01 1.353414e-01 1.826925e-01
4.589161e+03 1.626497e-01 1.346181e-01 1.817191e-01
4.595342e+03 1.617826e-01 1.338996e-01 1.807522e-01
4.601522e+03 1.609212e-01 1.331859e-01 1.797916e-01
4.607703e+03 1.600655e-01 1.324768e-01 1.788374e-01
4.613883e+03 1.592155e-01 1.317725e-01 1.778895e-01
4.620064e+03 1.583711e-01 1.310729e-01 1.769478e-01
4.626244e+03 1.575323e-01 1.303778e-01 1.760124e-01
4.632424e+03 1.566990e-01 1.296874e-01 1.750830e-01
4.638605e+03 1.558711e-01 1.290015e-01 1.741598e-01
4.644785e+03 1.550487e-01 1.283201e-01 1.732426e-01
4.650966e+03 1.542317e-01 1.276431e-01 1.723314e-01
4.657146e+03 1.534201e-01 1.269706e-01 1.714262e-01
4.663326e+03 1.526137e-01 1.263026e-01 1.705269e-01
4.669507e+03 1.518126e-01 1.256388e-01 1.696334e-01
4.675687e+03 1.510168e-01 1.249795e-01 1.687458e-01
4.681868e+03 1.502261e-01 1.243244e-01 1.678639e-01
4.688048e+03 1.494406e-01 1.236736e-01 1.669878e-01
4.694229e+03 1.486602e-01 1.230270e-01 1.661173e-01
4.700409e+03 1.478849e-01 1.223847e-01 1.652525e-01
4.706589e+03 1.471145e-01 1.217465e-01 1.643933e-01
4.712770e+03 1.463492e-01 1.211124e-01 1.635396e-01
4.718950e+03 1.455888e-01 1.204825e-01 1.626914e-01
4.725131e+03 1.448334e-01 1.198566e-01 1.618487e-01
4.731311e+03 1.440828e-01 1.192348e-01 1.610114e-01
4.737491e+03 1.433370e-01 1.186170e-01 1.601796e-01
4.743672e+03 1.425961e-01 1.180031e-01 1.593530e-01
4.749852e+03 1.418599e-01 1.173932e-01 1.585318e-01
4.756033e+03 1.411284e-01 1.167873e-01 1.577158e-01
4.762213e+03 1.404016e-01 1.161852e-01 1.569050e-01
4.768394e+03 1.396795e-01 1.155870e-01 1.560994e-01
4.774574e+03 1.389620e-01 1.149926e-01 1.552990e-01
4.780754e+03 1.382491e-01 1.144020e-01 1.545036e-01
4.786935e+03 1.375407e-01 1.138152e-01 1.537133e-01
4.793115e+03 1.368368e-01 1.132321e-01 1.529281e-01
4.799296e+03 1.361374e-01 1.126527e-01 1.521478e-01
4.805476e+03 1.354425e-01 1.120771e-01 1.513725e-01
4.811656e+03 1.347519e-01 1.115051e-01 1.506021e-01
4.817837e+03 1.340658e-01 1.109367e-01 1.498365e-01
4.824017e+03 1.333840e-01 1.103719e-01 1.490758e-01
4.830198e+03 1.327065e-01 1.098107e-01 1.483199e-01
4.836378e+03 1.320333e-01 1.092530e-01 1.475688e-01
4.842559e+03 1.313643e-01 1.086989e-01 1.468224e-01
4.848739e+03 1.306995e-01 1.081483e-01 1.460806e-01
4.854919e+03 1.300389e-01 1.076011e-01 1.453436e-01
4.861100e+03 1.293825e-01 1.070574e-01 1.446111e-01
4.867280e+03 1.287302e-01 1.065171e-01 1.438833e-01
4.873461e+03 1.280820e-01 1.059802e-01 1.431600e-01
4.879641e+03 1.274378e-01 1.054466e-01 1.424412e-01
4.885821e+03 1.267977e-01 1.049164e-01 1.417269e-01
4.892002e+03 1.261616e-01 1.043895e-01 1.410171e-01
4.898182e+03 1.255294e-01 1.038659e-01 1.403117e-01
4.904363e+03 1.249012e-01 1.033456e-01 1.396106e-01
4.910543e+03 1.242769e-01 1.028285e-01 1.389139e-01
4.916724e+03 1.236564e-01 1.023146e-01 1.382216e-01
4.922904e+03 1.230398e-01 1.018039e-01 1.375335e-01
4.929084e+03 1.224271e-01 1.012964e-01 1.368497e-01
4.935265e+03 1.218181e-01 1.007920e-01 1.361701e-01
4.941445e+03 1.212129e-01 1.002908e-01 1.354947e-01
4.947626e+03 1.206115e-01 9.979267e-02 1.348235e-01
4.953806e+03 1.200137e-01 9.929760e-02 1.341564e-01
4.959986e+03 1.194197e-01 9.880560e-02 1.334934e-01
4.966167e+03 1.188292e-01 9.831662e-02 1.328345e-01
4.972347e+03 1.182425e-01 9.783065e-02 1.321796e-01
4.978528e+03 1.176593e-01 9.734768e-02 1.315288e-01
4.984708e+03 1.170797e-01 9.686766e-02 1.308819e-01
4.990889e+03 1.165037e-01 9.639060e-02 1.302390e-01
4.997069e+03 1.159311e-01 9.591645e-02 1.296000e-01
5.003249e+03 1.153621e-01 9.544521e-02 1.289649e-01
5.009430e+03 1.147966e-01 9.497684e-02 1.283337e-01
5.015610e+03 1.142345e-01 9.451133e-02 1.277063e-01
5.021791e+03 1.136758e-01 9.404867e-02 1.270827e-01
5.027971e+03 1.131205e-01 9.358882e-02 1.264629e-01
5.034151e+03 1.125686e-01 9.313176e-02 1.258469e-01
5.040332e+03 1.120200e-01 9.267749e-02 1.252346e-01
5.046512e+03 1.114748e-01 9.222597e-02 1.246260e-01
5.052693e+03 1.109329e-01 9.177718e-02 1.240211e-01
5.058873e+03 1.103942e-01 9.133112e-02 1.234198e-01
5.065054e+03 1.098588e-01 9.088774e-02 1.228222e-01
5.071234e+03 1.093266e-01 9.044705e-02 1.222282e-01
5.077414e+03 1.087977e-01 9.000902e-02 1.216377e-01
5.083595e+03 1.082719e-01 8.957362e-02 1.210508e-01
5.089775e+03 1.077493e-01 8.914085e-02 1.204674e-01
5.095956e+03 1.072298e-01 8.871067e-02 1.198875e-01
5.102136e+03 1.067134e-01 8.828308e-02 1.193110e-01
5.108316e+03 1.062001e-01 8.785805e-02 1.187380e-01
5.114497e+03 1.056899e-01 8.743557e-02 1.181685e-01
5.120677e+03 1.051828e-01 8.701561e-02 1.176023e-01
5.126858e+03 1.046786e-01 8.659817e-02 1.170395e-01
5.133038e+03 1.041775e-01 8.618321e-02 1.164800e-01
5.139219e+03 1.036794e-01 8.577073e-02 1.159239e-01
5.145399e+03 1.031842e-01 8.536071e-02 1.153711e-01
5.151579e+03 1.026920e-01 8.495312e-02 1.148216e-01
5.157760e+03 1.022026e-01 8.454796e-02 1.142753e-01
5.163940e+03 1.017162e-01 8.414519e-02 1.137322e-01
5.170121e+03 1.012327e-01 8.374482e-02 1.131924e-01
5.176301e+03 1.007520e-01 8.334682e-02 1.126557e-01
5.182481e+03 1.002742e-01 8.295117e-02 1.121222e-01
5.188662e+03 9.979916e-02 8.255785e-02 1.115919e-01
5.194842e+03 9.932694e-02 8.216686e-02 1.110646e-01
5.201023e+03 9.885750e-02 8.177817e-02 1.105405e-01
5.207203e+03 9.839082e-02 8.139177e-02 1.100194e-01
5.213384e+03 9.792688e-02 8.100763e-02 1.095014e-01
5.219564e+03 9.746566e-02 8.062576e-02 1.089864e-01
5.225744e+03 9.700714e-02 8.024612e-02 1.084745e-01
5.231925e+03 9.655130e-02 7.986871e-02 1.079655e-01
5.238105e+03 9.609814e-02 7.949351e-02 1.074595e-01
5.244286e+03 9.564761e-02 7.912050e-02 1.069564e-01
5.250466e+03 9.519972e-02 7.874967e-02 1.064563e-01
5.256646e+03 9.475443e-02 7.838100e-02 1.059591e-01
5.262827e+03 9.431173e-02 7.801447e-02 1.054648e-01
5.269007e+03 9.387161e-02 7.765008e-02 1.049733e-01
5.275188e+03 9.343404e-02 7.728781e-02 1.044847e-01
5.281368e+03 9.299901e-02 7.692764e-02 1.039989e-01
5.287549e+03 9.256650e-02 7.656956e-02 1.035159e-01
5.293729e+03 9.213649e-02 7.621355e-02 1.030358e-01
5.299909e+03 9.170897e-02 7.585961e-02 1.025583e-01
5.306090e+03 9.128391e-02 7.550770e-02 1.020837e-01
5.312270e+03 9.086131e-02 7.515783e-02 1.016117e-01
5.318451e+03 9.044114e-02 7.480998e-02 1.011425e-01
5.324631e+03 9.002338e-02 7.446413e-02 1.006760e-01
5.330811e+03 8.960803e-02 7.412027e-02 1.002122e-01
5.336992e+03 8.919506e-02 7.377838e-02 9.975097e-02
5.343172e+03 8.878446e-02 7.343846e-02 9.929242e-02
5.349353e+03 8.837621e-02 7.310048e-02 9.883649e-02
5.355533e+03 8.797029e-02 7.276445e-02 9.838316e-02
5.361714e+03 8.756670e-02 7.243033e-02 9.793243e-02
5.367894e+03 8.716541e-02 7.209812e-02 9.748426e-02
5.374074e+03 8.676641e-02 7.176781e-02 9.703864e-02
5.380255e+03 8.636968e-02 7.143938e-02 9.659555e-02
5.386435e+03 8.597520e-02 7.111282e-02 9.615498e-02
5.392616e+03 8.558297e-02 7.078812e-02 9.571691e-02
5.398796e+03 8.519296e-02 7.046527e-02 9.528133e-02
5.404976e+03 8.480517e-02 7.014424e-02 9.484820e-02
5.411157e+03 8.441957e-02 6.982504e-02 9.441753e-02
5.417337e+03 8.403615e-02 6.950764e-02 9.398929e-02
5.423518e+03 8.365490e-02 6.919204e-02 9.356347e-02
5.429698e+03 8.327580e-02 6.887822e-02 9.314004e-02
5.435879e+03 8.289884e-02 6.856618e-02 9.271900e-02
5.442059e+03 8.252400e-02 6.825589e-02 9.230033e-02
5.448239e+03 8.215127e-02 6.794735e-02 9.188401e-02
5.454420e+03 8.178064e-02 6.764055e-02 9.147002e-02
5.460600e+03 8.141209e-02 6.733547e-02 9.105835e-02
5.466781e+03 8.104560e-02 6.703210e-02 9.064899e-02
5.472961e+03 8.068116e-02 6.673043e-02 9.024192e-02
5.479141e+03 8.031877e-02 6.643045e-02 8.983712e-02
5.485322e+03 7.995840e-02 6.613215e-02 8.943458e-02
5.491502e+03 7.960004e-02 6.583552e-02 8.903428e-02
5.497683e+03 7.924368e-02 6.554054e-02 8.863622e-02
5.503863e+03 7.888930e-02 6.524721e-02 8.824036e-02
5.510044e+03 7.853690e-02 6.495551e-02 8.784671e-02
5.516224e+03 7.818646e-02 6.466544e-02 8.745524e-02
5.522404e+03 7.783796e-02 6.437698e-02 8.706594e-02
5.528585e+03 7.749139e-02 6.409011e-02 8.667879e-02
5.534765e+03 7.714675e-02 6.380484e-02 8.629379e-02
5.540946e+03 7.680401e-02 6.352115e-02 8.591092e-02
5.547126e+03 7.646316e-02 6.323903e-02 8.553015e-02
5.553306e+03 7.612420e-02 6.295847e-02 8.515149e-02
5.559487e+03 7.578711e-02 6.267946e-02 8.477491e-02
5.565667e+03 7.545188e-02 6.240198e-02 8.440041e-02
5.571848e+03 7.511849e-02 6.212604e-02 8.402796e-02
5.578028e+03 7.478693e-02 6.185161e-02 8.365756e-02
5.584209e+03 7.445720e-02 6.157870e-02 8.328919e-02
5.590389e+03 7.412927e-02 6.130728e-02 8.292283e-02
5.596569e+03 7.380314e-02 6.103735e-02 8.255848e-02
5.602750e+03 7.347880e-02 6.076890e-02 8.219613e-02
5.608930e+03 7.315623e-02 6.050192e-02 8.183575e-02
5.615111e+03 7.283542e-02 6.023639e-02 8.147734e-02
5.621291e+03 7.251636e-02 5.997232e-02 8.112088e-02
5.627472e+03 7.219905e-02 5.970969e-02 8.076636e-02
5.633652e+03 7.188346e-02 5.944849e-02 8.041376e-02
5.639832e+03 7.156958e-02 5.918872e-02 8.006309e-02
5.646013e+03 7.125742e-02 5.893035e-02 7.971431e-02
5.652193e+03 7.094694e-02 5.867339e-02 7.936743e-02
5.658374e+03 7.063815e-02 5.841783e-02 7.902242e-02
5.664554e+03 7.033104e-02 5.816365e-02 7.867928e-02
5.670734e+03 7.002558e-02 5.791084e-02 7.833799e-02
5.676915e+03 6.972178e-02 5.765941e-02 7.799855e-02
5.683095e+03 6.941961e-02 5.740933e-02 7.766093e-02
5.689276e+03 6.911908e-02 5.716060e-02 7.732514e-02
5.695456e+03 6.882016e-02 5.691322e-02 7.699114e-02
5.701637e+03 6.852285e-02 5.666716e-02 7.665895e-02
5.707817e+03 6.822715e-02 5.642244e-02 7.632854e-02
5.713997e+03 6.793303e-02 5.617902e-02 7.599990e-02
5.720178e+03 6.764048e-02 5.593691e-02 7.567302e-02
5.726358e+03 6.734951e-02 5.569611e-02 7.534789e-02
5.732539e+03 6.706009e-02 5.545659e-02 7.502449e-02
5.738719e+03 6.677222e-02 5.521835e-02 7.470283e-02
5.744899e+03 6.648589e-02 5.498139e-02 7.438288e-02
5.751080e+03 6.620109e-02 5.474570e-02 7.406463e-02
5.757260e+03 6.591781e-02 5.451126e-02 7.374808e-02
5.763441e+03 6.563603e-02 5.427807e-02 7.343322e-02
5.769621e+03 6.535575e-02 5.404612e-02 7.312002e-02
5.775802e+03 6.507697e-02 5.381541e-02 7.280849e-02
5.781982e+03 6.479966e-02 5.358592e-02 7.249861e-02
5.788162e+03 6.452382e-02 5.335765e-02 7.219037e-02
5.794343e+03 6.424945e-02 5.313059e-02 7.188376e-02
5.800523e+03 6.397652e-02 5.290474e-02 7.157877e-02
5.806704e+03 6.370504e-02 5.268008e-02 7.127539e-02
5.812884e+03 6.343500e-02 5.245660e-02 7.097361e-02
5.819064e+03 6.316638e-02 5.223431e-02 7.067342e-02
5.825245e+03 6.289917e-02 5.201319e-02 7.037482e-02
5.831425e+03 6.263337e-02 5.179323e-02 7.007778e-02
5.837606e+03 6.236897e-02 5.157444e-02 6.978230e-02
5.843786e+03 6.210596e-02 5.135679e-02 6.948837e-02
5.849967e+03 6.184433e-02 5.114029e-02 6.919598e-02
5.856147e+03 6.158407e-02 5.092492e-02 6.890512e-02
5.862327e+03 6.132517e-02 5.071068e-02 6.861579e-02
5.868508e+03 6.106763e-02 5.049756e-02 6.832796e-02
5.874688e+03 6.081143e-02 5.028556e-02 6.804164e-02
5.880869e+03 6.055657e-02 5.007467e-02 6.775681e-02
5.887049e+03 6.030305e-02 4.986488e-02 6.747347e-02
5.893229e+03 6.005084e-02 4.965618e-02 6.719160e-02
5.899410e+03 5.979994e-02 4.944857e-02 6.691119e-02
5.905590e+03 5.955035e-02 4.924204e-02 6.663224e-02
5.911771e+03 5.930206e-02 4.903658e-02 6.635474e-02
5.917951e+03 5.905506e-02 4.883219e-02 6.607868e-02
5.924132e+03 5.880933e-02 4.862886e-02 6.580404e-02
5.930312e+03 5.856488e-02 4.842658e-02 6.553083e-02
5.936492e+03 5.832170e-02 4.822536e-02 6.525903e-02
5.942673e+03 5.807977e-02 4.802517e-02 6.498863e-02
5.948853e+03 5.783909e-02 4.782602e-02 6.471962e-02
5.955034e+03 5.759965e-02 4.762789e-02 6.445200e-02
5.961214e+03 5.736144e-02 4.743079e-02 6.418576e-02
5.967394e+03 5.712446e-02 4.723470e-02 6.392088e-02
5.973575e+03 5.688870e-02 4.703963e-02 6.365737e-02
5.979755e+03 5.665415e-02 4.684555e-02 6.339521e-02
5.985936e+03 5.642081e-02 4.665247e-02 6.313439e-02
5.992116e+03 5.618866e-02 4.646039e-02 6.287491e-02
5.998297e+03 5.595770e-02 4.626928e-02 6.261675e-02
6.004477e+03 5.572792e-02 4.607916e-02 6.235992e-02
6.010657e+03 5.549932e-02 4.589001e-02 6.210439e-02
6.016838e+03 5.527188e-02 4.570182e-02 6.185017e-02
6.023018e+03 5.504560e-02 4.551460e-02 6.159724e-02
6.029199e+03 5.482048e-02 4.532833e-02 6.134560e-02
6.035379e+03 5.459650e-02 4.514301e-02 6.109524e-02
6.041559e+03 5.437366e-02 4.495863e-02 6.084615e-02
6.047740e+03 5.415196e-02 4.477519e-02 6.059833e-02
6.053920e+03 5.393138e-02 4.459269e-02 6.035176e-02
6.060101e+03 5.371192e-02 4.441111e-02 6.010644e-02
6.066281e+03 5.349357e-02 4.423044e-02 5.986236e-02
6.072462e+03 5.327632e-02 4.405070e-02 5.961951e-02
6.078642e+03 5.306017e-02 4.387186e-02 5.937789e-02
6.084822e+03 5.284512e-02 4.369393e-02 5.913749e-02
6.091003e+03 5.263115e-02 4.351690e-02 5.889830e-02
6.097183e+03 5.241826e-02 4.334076e-02 5.866032e-02
6.103364e+03 5.220644e-02 4.316550e-02 5.842353e-02
6.109544e+03 5.199568e-02 4.299113e-02 5.818793e-02
6.115724e+03 5.178599e-02 4.281764e-02 5.795351e-02
6.121905e+03 5.157734e-02 4.264501e-02 5.772027e-02
6.128085e+03 5.136975e-02 4.247326e-02 5.748820e-02
6.134266e+03 5.116319e-02 4.230236e-02 5.725729e-02
6.140446e+03 5.095767e-02 4.213233e-02 5.702753e-02
6.146627e+03 5.075318e-02 4.196314e-02 5.679892e-02
6.152807e+03 5.054970e-02 4.179480e-02 5.657145e-02
6.158987e+03 5.034725e-02 4.162730e-02 5.634512e-02
6.165168e+03 5.014580e-02 4.146063e-02 5.611991e-02
6.171348e+03 4.994535e-02 4.129480e-02 5.589582e-02
6.177529e+03 4.974591e-02 4.112979e-02 5.567285e-02
6.183709e+03 4.954745e-02 4.096560e-02 5.545098e-02
6.189889e+03 4.934998e-02 4.080223e-02 5.523021e-02
6.196070e+03 4.915349e-02 4.063967e-02 5.501054e-02
6.202250e+03 4.895798e-02 4.047792e-02 5.479196e-02
6.208431e+03 4.876343e-02 4.031696e-02 5.457445e-02
6.214611e+03 4.856984e-02 4.015681e-02 5.435802e-02
6.220792e+03 4.837722e-02 3.999745e-02 5.414266e-02
6.226972e+03 4.818554e-02 3.983887e-02 5.392836e-02
6.233152e+03 4.799481e-02 3.968108e-02 5.371512e-02
6.239333e+03 4.780502e-02 3.952406e-02 5.350293e-02
6.245513e+03 4.761616e-02 3.936782e-02 5.329178e-02
6.251694e+03 4.742823e-02 3.921235e-02 5.308166e-02
6.257874e+03 4.724122e-02 3.905764e-02 5.287258e-02
6.264054e+03 4.705514e-02 3.890370e-02 5.266452e-02
6.270235e+03 4.686996e-02 3.875050e-02 5.245749e-02
6.276415e+03 4.668570e-02 3.859806e-02 5.225146e-02
6.282596e+03 4.650233e-02 3.844637e-02 5.204644e-02
6.288776e+03 4.631986e-02 3.829542e-02 5.184243e-02
6.294957e+03 4.613828e-02 3.814520e-02 5.163941e-02
6.301137e+03 4.595759e-02 3.799572e-02 5.143738e-02
6.307317e+03 4.577778e-02 3.784697e-02 5.123633e-02
6.313498e+03 4.559885e-02 3.769895e-02 5.103626e-02
6.319678e+03 4.542078e-02 3.755164e-02 5.083716e-02
6.325859e+03 4.524359e-02 3.740505e-02 5.063903e-02
6.332039e+03 4.506725e-02 3.725918e-02 5.044187e-02
6.338219e+03 4.489177e-02 3.711401e-02 5.024565e-02
6.344400e+03 4.471714e-02 3.696955e-02 5.005039e-02
6.350580e+03 4.454335e-02 3.682579e-02 4.985607e-02
6.356761e+03 4.437041e-02 3.668272e-02 4.966269e-02
6.362941e+03 4.419830e-02 3.654035e-02 4.947025e-02
6.369122e+03 4.402702e-02 3.639866e-02 4.927873e-02
6.375302e+03 4.385657e-02 3.625766e-02 4.908814e-02
6.381482e+03 4.368695e-02 3.611734e-02 4.889846e-02
6.387663e+03 4.351813e-02 3.597769e-02 4.870970e-02
6.393843e+03 4.335013e-02 3.583872e-02 4.852184e-02
6.400024e+03 4.318294e-02 3.570041e-02 4.833489e-02
6.406204e+03 4.301655e-02 3.556277e-02 4.814883e-02
6.412384e+03 4.285096e-02 3.542579e-02 4.796366e-02
6.418565e+03 4.268616e-02 3.528947e-02 4.777938e-02
6.424745e+03 4.252216e-02 3.515380e-02 4.759598e-02
6.430926e+03 4.235893e-02 3.501878e-02 4.741346e-02
6.437106e+03 4.219649e-02 3.488441e-02 4.723181e-02
6.443287e+03 4.203482e-02 3.475067e-02 4.705102e-02
6.449467e+03 4.187393e-02 3.461758e-02 4.687110e-02
6.455647e+03 4.171380e-02 3.448512e-02 4.669203e-02
6.461828e+03 4.155443e-02 3.435330e-02 4.651382e-02
6.468008e+03 4.139582e-02 3.422210e-02 4.633645e-02
6.474189e+03 4.123796e-02 3.409152e-02 4.615992e-02
6.480369e+03 4.108086e-02 3.396156e-02 4.598423e-02
6.486549e+03 4.092450e-02 3.383223e-02 4.580938e-02
6.492730e+03 4.076888e-02 3.370350e-02 4.563535e-02
6.498910e+03 4.061400e-02 3.357538e-02 4.546214e-02
6.505091e+03 4.045985e-02 3.344788e-02 4.528975e-02
6.511271e+03 4.030642e-02 3.332097e-02 4.511818e-02
6.517452e+03 4.015373e-02 3.319466e-02 4.494742e-02
6.523632e+03 4.000175e-02 3.306895e-02 4.477746e-02
6.529812e+03 3.985049e-02 3.294384e-02 4.460830e-02
6.535993e+03 3.969994e-02 3.281931e-02 4.443993e-02
6.542173e+03 3.955010e-02 3.269537e-02 4.427236e-02
6.548354e+03 3.940097e-02 3.257201e-02 4.410557e-02
6.554534e+03 3.925253e-02 3.244923e-02 4.393957e-02
6.560714e+03 3.910479e-02 3.232703e-02 4.377434e-02
6.566895e+03 3.895774e-02 3.220540e-02 4.360989e-02
6.573075e+03 3.881139e-02 3.208434e-02 4.344621e-02
6.579256e+03 3.866571e-02 3.196385e-02 4.328329e-02
6.585436e+03 3.852072e-02 3.184392e-02 4.312113e-02
6.591617e+03 3.837640e-02 3.172455e-02 4.295973e-02
6.597797e+03 3.823276e-02 3.160574e-02 4.279908e-02
6.603977e+03 3.808979e-02 3.148748e-02 4.263918e-02
6.610158e+03 3.794748e-02 3.136977e-02 4.248002e-02
6.616338e+03 3.780584e-02 3.125262e-02 4.232160e-02
6.622519e+03 3.766485e-02 3.113600e-02 4.216392e-02
6.628699e+03 3.752452e-02 3.101993e-02 4.200696e-02
6.634879e+03 3.738484e-02 3.090440e-02 4.185074e-02
6.641060e+03 3.724580e-02 3.078940e-02 4.169524e-02
6.647240e+03 3.710741e-02 3.067494e-02 4.154046e-02
6.653421e+03 3.696966e-02 3.056100e-02 4.138639e-02
6.659601e+03 3.683255e-02 3.044760e-02 4.123304e-02
6.665782e+03 3.669607e-02 3.033471e-02 4.108039e-02
6.671962e+03 3.656022e-02 3.022235e-02 4.092845e-02
6.678142e+03 3.642500e-02 3.011051e-02 4.077721e-02
6.684323e+03 3.629040e-02 2.999918e-02 4.062666e-02
6.690503e+03 3.615642e-02 2.988837e-02 4.047680e-02
6.696684e+03 3.602305e-02 2.977806e-02 4.032763e-02
6.702864e+03 3.589030e-02 2.966826e-02 4.017915e-02
6.709044e+03 3.575816e-02 2.955897e-02 4.003135e-02
6.715225e+03 3.562662e-02 2.945018e-02 3.988422e-02
6.721405e+03 3.549569e-02 2.934188e-02 3.973777e-02
6.727586e+03 3.536535e-02 2.923409e-02 3.959199e-02
6.733766e+03 3.523561e-02 2.912678e-02 3.944687e-02
6.739947e+03 3.510646e-02 2.901997e-02 3.930242e-02
6.746127e+03 3.497791e-02 2.891364e-02 3.915862e-02
6.752307e+03 3.484994e-02 2.880780e-02 3.901548e-02
6.758488e+03 3.472255e-02 2.870244e-02 3.887299e-02
6.764668e+03 3.459574e-02 2.859756e-02 3.873115e-02
6.770849e+03 3.446951e-02 2.849316e-02 3.858996e-02
6.777029e+03 3.434385e-02 2.838924e-02 3.844940e-02
6.783209e+03 3.421876e-02 2.828578e-02 3.830948e-02
6.789390e+03 3.409424e-02 2.818280e-02 3.817020e-02
6.795570e+03 3.397029e-02 2.808028e-02 3.803154e-02
6.801751e+03 3.384689e-02 2.797822e-02 3.789352e-02
6.807931e+03 3.372406e-02 2.787663e-02 3.775611e-02
6.814112e+03 3.360178e-02 2.777550e-02 3.761933e-02
6.820292e+03 3.348005e-02 2.767483e-02 3.748316e-02
6.826472e+03 3.335887e-02 2.757461e-02 3.734761e-02
6.832653e+03 3.323823e-02 2.747484e-02 3.721267e-02
6.838833e+03 3.311814e-02 2.737552e-02 3.707834e-02
6.845014e+03 3.299860e-02 2.727665e-02 3.694461e-02
6.851194e+03 3.287958e-02 2.717822e-02 3.681148e-02
6.857374e+03 3.276111e-02 2.708024e-02 3.667894e-02
6.863555e+03 3.264316e-02 2.698269e-02 3.654701e-02
6.869735e+03 3.252574e-02 2.688558e-02 3.641566e-02
6.875916e+03 3.240885e-02 2.678891e-02 3.628490e-02
6.882096e+03 3.229248e-02 2.669267e-02 3.615472e-02
6.888277e+03 3.217664e-02 2.659687e-02 3.602513e-02
6.894457e+03 3.206131e-02 2.650149e-02 3.589611e-02
6.900637e+03 3.194649e-02 2.640653e-02 3.576768e-02
6.906818e+03 3.183219e-02 2.631200e-02 3.563981e-02
6.912998e+03 3.171839e-02 2.621789e-02 3.551251e-02
6.919179e+03 3.160511e-02 2.612421e-02 3.538578e-02
6.925359e+03 3.149232e-02 2.603093e-02 3.525961e-02
6.931539e+03 3.138004e-02 2.593808e-02 3.513400e-02
6.937720e+03 3.126826e-02 2.584563e-02 3.500895e-02
6.943900e+03 3.115697e-02 2.575360e-02 3.488445e-02
6.950081e+03 3.104618e-02 2.566197e-02 3.476051e-02
6.956261e+03 3.093587e-02 2.557075e-02 3.463711e-02
6.962442e+03 3.082606e-02 2.547993e-02 3.451426e-02
6.968622e+03 3.071673e-02 2.538952e-02 3.439195e-02
6.974802e+03 3.060788e-02 2.529951e-02 3.427018e-02
6.980983e+03 3.049952e-02 2.520989e-02 3.414894e-02
6.987163e+03 3.039163e-02 2.512067e-02 3.402825e-02
6.993344e+03 3.028421e-02 2.503184e-02 3.390808e-02
6.999524e+03 3.017727e-02 2.494340e-02 3.378844e-02
7.005704e+03 3.007080e-02 2.485535e-02 3.366933e-02
7.011885e+03 2.996480e-02 2.476769e-02 3.355073e-02
7.018065e+03 2.985926e-02 2.468042e-02 3.343266e-02
7.024246e+03 2.975419e-02 2.459352e-02 3.331511e-02
7.030426e+03 2.964958e-02 2.450701e-02 3.319807e-02
7.036607e+03 2.954542e-02 2.442088e-02 3.308155e-02
7.042787e+03 2.944172e-02 2.433512e-02 3.296553e-02
7.048967e+03 2.933848e-02 2.424974e-02 3.285002e-02
7.055148e+03 2.923568e-02 2.416473e-02 3.273501e-02
7.061328e+03 2.913333e-02 2.408010e-02 3.262051e-02
7.067509e+03 2.903143e-02 2.399583e-02 3.250650e-02
7.073689e+03 2.892998e-02 2.391193e-02 3.239299e-02
7.079869e+03 2.882896e-02 2.382840e-02 3.227998e-02
7.086050e+03 2.872839e-02 2.374523e-02 3.216745e-02
7.092230e+03 2.862825e-02 2.366242e-02 3.205542e-02
7.098411e+03 2.852855e-02 2.357997e-02 3.194387e-02
7.104591e+03 2.842927e-02 2.349788e-02 3.183280e-02
7.110772e+03 2.833043e-02 2.341614e-02 3.172221e-02
7.116952e+03 2.823202e-02 2.333476e-02 3.161211e-02
7.123132e+03 2.813403e-02 2.325373e-02 3.150247e-02
7.129313e+03 2.803647e-02 2.317305e-02 3.139332e-02
7.135493e+03 2.793933e-02 2.309272e-02 3.128463e-02
7.141674e+03 2.784261e-02 2.301274e-02 3.117641e-02
7.147854e+03 2.774630e-02 2.293310e-02 3.106866e-02
7.154034e+03 2.765041e-02 2.285381e-02 3.096137e-02
7.160215e+03 2.755493e-02 2.277486e-02 3.085454e-02
7.166395e+03 2.745986e-02 2.269624e-02 3.074817e-02
7.172576e+03 2.736520e-02 2.261797e-02 3.064226e-02
7.178756e+03 2.727095e-02 2.254003e-02 3.053680e-02
7.184937e+03 2.717710e-02 2.246243e-02 3.043180e-02
7.191117e+03 2.708366e-02 2.238515e-02 3.032724e-02
7.197297e+03 2.699061e-02 2.230821e-02 3.022314e-02
7.203478e+03 2.689797e-02 2.223160e-02 3.011947e-02
7.209658e+03 2.680571e-02 2.215532e-02 3.001625e-02
7.215839e+03 2.671386e-02 2.207936e-02 2.991347e-02
7.222019e+03 2.662239e-02 2.200373e-02 2.981113e-02
7.228199e+03 2.653132e-02 2.192842e-02 2.970923e-02
7.234380e+03 2.644063e-02 2.185343e-02 2.960775e-02
7.240560e+03 2.635033e-02 2.177876e-02 2.950671e-02
7.246741e+03 2.626041e-02 2.170441e-02 2.940610e-02
7.252921e+03 2.617088e-02 2.163038e-02 2.930592e-02
7.259102e+03 2.608173e-02 2.155666e-02 2.920616e-02
7.265282e+03 2.599295e-02 2.148325e-02 2.910683e-02
7.271462e+03 2.590455e-02 2.141015e-02 2.900791e-02
7.277643e+03 2.581653e-02 2.133736e-02 2.890942e-02
7.283823e+03 2.572887e-02 2.126489e-02 2.881134e-02
7.290004e+03 2.564159e-02 2.119272e-02 2.871367e-02
7.296184e+03 2.555468e-02 2.112085e-02 2.861642e-02
7.302364e+03 2.546813e-02 2.104929e-02 2.851958e-02
7.308545e+03 2.538195e-02 2.097803e-02 2.842315e-02
7.314725e+03 2.529613e-02 2.090707e-02 2.832712e-02
7.320906e+03 2.521068e-02 2.083640e-02 2.823149e-02
7.327086e+03 2.512558e-02 2.076604e-02 2.813627e-02
7.333267e+03 2.504084e-02 2.069597e-02 2.804145e-02
7.339447e+03 2.495646e-02 2.062620e-02 2.794703e-02
7.345627e+03 2.487243e-02 2.055672e-02 2.785300e-02
7.351808e+03 2.478876e-02 2.048753e-02 2.775937e-02
7.357988e+03 2.470543e-02 2.041863e-02 2.766612e-02
7.364169e+03 2.462245e-02 2.035002e-02 2.757327e-02
7.370349e+03 2.453983e-02 2.028170e-02 2.748081e-02
7.376529e+03 2.445754e-02 2.021367e-02 2.738873e-02
7.382710e+03 2.437560e-02 2.014591e-02 2.729704e-02
7.388890e+03 2.429400e-02 2.007844e-02 2.720573e-02
7.395071e+03 2.421275e-02 2.001126e-02 2.711480e-02
7.401251e+03 2.413183e-02 1.994435e-02 2.702425e-02
7.407432e+03 2.405124e-02 1.987772e-02 2.693407e-02
7.413612e+03 2.397100e-02 1.981137e-02 2.684427e-02
7.419792e+03 2.389108e-02 1.974529e-02 2.675484e-02
7.425973e+03 2.381150e-02 1.967949e-02 2.666579e-02
7.432153e+03 2.373225e-02 1.961396e-02 2.657710e-02
7.438334e+03 2.365333e-02 1.954871e-02 2.648878e-02
7.444514e+03 2.357473e-02 1.948372e-02 2.640083e-02
7.450694e+03 2.349646e-02 1.941900e-02 2.631324e-02
7.456875e+03 2.341851e-02 1.935455e-02 2.622601e-02
7.463055e+03 2.334089e-02 1.929037e-02 2.613914e-02
7.469236e+03 2.326358e-02 1.922645e-02 2.605263e-02
7.475416e+03 2.318660e-02 1.916280e-02 2.596648e-02
7.481597e+03 2.310993e-02 1.909941e-02 2.588068e-02
7.487777e+03 2.303358e-02 1.903628e-02 2.579524e-02
7.493957e+03 2.295754e-02 1.897341e-02 2.571014e-02
7.500138e+03 2.288182e-02 1.891080e-02 2.562540e-02
7.506318e+03 2.280640e-02 1.884845e-02 2.554100e-02
7.512499e+03 2.273130e-02 1.878635e-02 2.545695e-02
7.518679e+03 2.265650e-02 1.872451e-02 2.537325e-02
7.524860e+03 2.258201e-02 1.866292e-02 2.528988e-02
7.531040e+03 2.250783e-02 1.860158e-02 2.520686e-02
7.537220e+03 2.243395e-02 1.854050e-02 2.512418e-02
7.543401e+03 2.236037e-02 1.847966e-02 2.504184e-02
7.549581e+03 2.228709e-02 1.841907e-02 2.495983e-02
7.555762e+03 2.221411e-02 1.835874e-02 2.487815e-02
7.561942e+03 2.214143e-02 1.829864e-02 2.479681e-02
7.568122e+03 2.206904e-02 1.823879e-02 2.471580e-02
7.574303e+03 2.199695e-02 1.817919e-02 2.463512e-02
7.580483e+03 2.192516e-02 1.811983e-02 2.455477e-02
7.586664e+03 2.185365e-02 1.806071e-02 2.447475e-02
7.592844e+03 2.178244e-02 1.800183e-02 2.439505e-02
7.599025e+03 2.171151e-02 1.794319e-02 2.431567e-02
7.605205e+03 2.164087e-02 1.788479e-02 2.423661e-02
7.611385e+03 2.157052e-02 1.782662e-02 2.415788e-02
7.617566e+03 2.150046e-02 1.776869e-02 2.407946e-02
7.623746e+03 2.143067e-02 1.771100e-02 2.400136e-02
7.629927e+03 2.136117e-02 1.765354e-02 2.392358e-02
7.636107e+03 2.129195e-02 1.759631e-02 2.384611e-02
7.642287e+03 2.122301e-02 1.753931e-02 2.376895e-02
7.648468e+03 2.115435e-02 1.748254e-02 2.369211e-02
7.654648e+03 2.108596e-02 1.742600e-02 2.361557e-02
7.660829e+03 2.101785e-02 1.736969e-02 2.353934e-02
7.667009e+03 2.095002e-02 1.731360e-02 2.346342e-02
7.673190e+03 2.088245e-02 1.725774e-02 2.338780e-02
7.679370e+03 2.081516e-02 1.720211e-02 2.331249e-02
7.685550e+03 2.074814e-02 1.714670e-02 2.323747e-02
7.691731e+03 2.068139e-02 1.709151e-02 2.316276e-02
7.697911e+03 2.061490e-02 1.703654e-02 2.308835e-02
7.704092e+03 2.054868e-02 1.698180e-02 2.301424e-02
7.710272e+03 2.048273e-02 1.692727e-02 2.294042e-02
7.716452e+03 2.041704e-02 1.687296e-02 2.286690e-02
7.722633e+03 2.035161e-02 1.681886e-02 2.279367e-02
7.728813e+03 2.028644e-02 1.676499e-02 2.272073e-02
7.734994e+03 2.022154e-02 1.671133e-02 2.264808e-02
7.741174e+03 2.015689e-02 1.665788e-02 2.257573e-02
7.747355e+03 2.009250e-02 1.660464e-02 2.250366e-02
7.753535e+03 2.002837e-02 1.655162e-02 2.243188e-02
7.759715e+03 1.996449e-02 1.649881e-02 2.236038e-02
7.765896e+03 1.990086e-02 1.644621e-02 2.228917e-02
7.772076e+03 1.983749e-02 1.639381e-02 2.221823e-02
7.778257e+03 1.977437e-02 1.634163e-02 2.214758e-02
7.784437e+03 1.971150e-02 1.628965e-02 2.207722e-02
7.790617e+03 1.964887e-02 1.623788e-02 2.200712e-02
7.796798e+03 1.958650e-02 1.618631e-02 2.193731e-02
7.802978e+03 1.952437e-02 1.613495e-02 2.186777e-02
7.809159e+03 1.946249e-02 1.608379e-02 2.179851e-02
7.815339e+03 1.940085e-02 1.603283e-02 2.172952e-02
7.821520e+03 1.933946e-02 1.598208e-02 2.166080e-02
7.827700e+03 1.927831e-02 1.593152e-02 2.159235e-02
7.833880e+03 1.921740e-02 1.588116e-02 2.152417e-02
7.840061e+03 1.915673e-02 1.583100e-02 2.145626e-02
7.846241e+03 1.909629e-02 1.578104e-02 2.138862e-02
7.852422e+03 1.903610e-02 1.573128e-02 2.132124e-02
7.858602e+03 1.897614e-02 1.568171e-02 2.125413e-02
7.864782e+03 1.891641e-02 1.563233e-02 2.118728e-02
7.870963e+03 1.885692e-02 1.558315e-02 2.112069e-02
7.877143e+03 1.879767e-02 1.553417e-02 2.105437e-02
7.883324e+03 1.873864e-02 1.548537e-02 2.098830e-02
7.889504e+03 1.867985e-02 1.543676e-02 2.092249e-02
7.895685e+03 1.862129e-02 1.538835e-02 2.085694e-02
7.901865e+03 1.856295e-02 1.534012e-02 2.079164e-02
7.908045e+03 1.850485e-02 1.529209e-02 2.072660e-02
7.914226e+03 1.844697e-02 1.524424e-02 2.066181e-02
7.920406e+03 1.838931e-02 1.519657e-02 2.059728e-02
7.926587e+03 1.833188e-02 1.514909e-02 2.053299e-02
7.932767e+03 1.827467e-02 1.510180e-02 2.046896e-02
7.938947e+03 1.821769e-02 1.505469e-02 2.040517e-02
7.945128e+03 1.816093e-02 1.500777e-02 2.034163e-02
7.951308e+03 1.810438e-02 1.496102e-02 2.027834e-02
7.957489e+03 1.804806e-02 1.491446e-02 2.021529e-02
7.963669e+03 1.799195e-02 1.486808e-02 2.015249e-02
7.969850e+03 1.793607e-02 1.482188e-02 2.008993e-02
7.976030e+03 1.788040e-02 1.477585e-02 2.002761e-02
7.982210e+03 1.782494e-02 1.473001e-02 1.996554e-02
7.988391e+03 1.776970e-02 1.468434e-02 1.990370e-02
7.994571e+03 1.771467e-02 1.463885e-02 1.984210e-02
8.000752e+03 1.765985e-02 1.459353e-02 1.978074e-02
8.006932e+03 1.760525e-02 1.454839e-02 1.971962e-02
8.013112e+03 1.755085e-02 1.450343e-02 1.965873e-02
8.019293e+03 1.749667e-02 1.445863e-02 1.959807e-02
8.025473e+03 1.744269e-02 1.441401e-02 1.953765e-02
8.031654e+03 1.738892e-02 1.436956e-02 1.947746e-02
8.037834e+03 1.733536e-02 1.432528e-02 1.941750e-02
8.044015e+03 1.728200e-02 1.428117e-02 1.935777e-02
8.050195e+03 1.722885e-02 1.423723e-02 1.929827e-02
8.056375e+03 1.717590e-02 1.419346e-02 1.923900e-02
8.062556e+03 1.712316e-02 1.414986e-02 1.917996e-02
8.068736e+03 1.707061e-02 1.410642e-02 1.912114e-02
8.074917e+03 1.701827e-02 1.406315e-02 1.906254e-02
8.081097e+03 1.696612e-02 1.402005e-02 1.900417e-02
8.087277e+03 1.691418e-02 1.397711e-02 1.894602e-02
8.093458e+03 1.686243e-02 1.393433e-02 1.888810e-02
8.099638e+03 1.681089e-02 1.389172e-02 1.883039e-02
8.105819e+03 1.675953e-02 1.384926e-02 1.877290e-02
8.111999e+03 1.670838e-02 1.380698e-02 1.871564e-02
8.118180e+03 1.665741e-02 1.376485e-02 1.865859e-02
8.124360e+03 1.660665e-02 1.372288e-02 1.860175e-02
8.130540e+03 1.655607e-02 1.368107e-02 1.854514e-02
8.136721e+03 1.650569e-02 1.363942e-02 1.848873e-02
8.142901e+03 1.645549e-02 1.359793e-02 1.843254e-02
8.149082e+03 1.640549e-02 1.355659e-02 1.837657e-02
8.155262e+03 1.635568e-02 1.351541e-02 1.832080e-02
8.161442e+03 1.630605e-02 1.347439e-02 1.826525e-02
8.167623e+03 1.625661e-02 1.343353e-02 1.820991e-02
8.173803e+03 1.620736e-02 1.339281e-02 1.815477e-02
8.179984e+03 1.615830e-02 1.335225e-02 1.809984e-02
8.186164e+03 1.610942e-02 1.331185e-02 1.804512e-02
8.192345e+03 1.606072e-02 1.327159e-02 1.799061e-02
8.198525e+03 1.601221e-02 1.323149e-02 1.793630e-02
8.204705e+03 1.596388e-02 1.319154e-02 1.788220e-02
8.210886e+03 1.591574e-02 1.315174e-02 1.782829e-02
8.217066e+03 1.586777e-02 1.311209e-02 1.777460e-02
8.223247e+03 1.581998e-02 1.307259e-02 1.772110e-02
8.229427e+03 1.577238e-02 1.303323e-02 1.766780e-02
8.235607e+03 1.572495e-02 1.299403e-02 1.761471e-02
8.241788e+03 1.567770e-02 1.295497e-02 1.756181e-02
8.247968e+03 1.563062e-02 1.291606e-02 1.750911e-02
8.254149e+03 1.558372e-02 1.287729e-02 1.745660e-02
8.260329e+03 1.553700e-02 1.283867e-02 1.740430e-02
8.266510e+03 1.549045e-02 1.280019e-02 1.735219e-02
8.272690e+03 1.544408e-02 1.276186e-02 1.730027e-02
8.278870e+03 1.539788e-02 1.272367e-02 1.724855e-02
8.285051e+03 1.535185e-02 1.268562e-02 1.719701e-02
8.291231e+03 1.530599e-02 1.264771e-02 1.714568e-02
8.297412e+03 1.526031e-02 1.260994e-02 1.709453e-02
8.303592e+03 1.521479e-02 1.257232e-02 1.704357e-02
8.309772e+03 1.516944e-02 1.253483e-02 1.699280e-02
8.315953e+03 1.512426e-02 1.249749e-02 1.694222e-02
8.322133e+03 1.507925e-02 1.246028e-02 1.689183e-02
8.328314e+03 1.503441e-02 1.242321e-02 1.684162e-02
8.334494e+03 1.498973e-02 1.238628e-02 1.679160e-02
8.340675e+03 1.494521e-02 1.234949e-02 1.674177e-02
8.346855e+03 1.490087e-02 1.231283e-02 1.669211e-02
8.353035e+03 1.485668e-02 1.227630e-02 1.664265e-02
8.359216e+03 1.481266e-02 1.223992e-02 1.659336e-02
8.365396e+03 1.476880e-02 1.220366e-02 1.654426e-02
8.371577e+03 1.472511e-02 1.216754e-02 1.649534e-02
8.377757e+03 1.468157e-02 1.213156e-02 1.644660e-02
8.383937e+03 1.463819e-02 1.209570e-02 1.639803e-02
8.390118e+03 1.459498e-02 1.205998e-02 1.634965e-02
8.396298e+03 1.455192e-02 1.202439e-02 1.630145e-02
8.402479e+03 1.450902e-02 1.198893e-02 1.625342e-02
8.408659e+03 1.446628e-02 1.195360e-02 1.620557e-02
8.414840e+03 1.442370e-02 1.191840e-02 1.615789e-02
8.421020e+03 1.438127e-02 1.188333e-02 1.611039e-02
8.427200e+03 1.433900e-02 1.184839e-02 1.606306e-02
8.433381e+03 1.429688e-02 1.181358e-02 1.601591e-02
8.439561e+03 1.425492e-02 1.177889e-02 1.596892e-02
8.445742e+03 1.421311e-02 1.174433e-02 1.592211e-02
8.451922e+03 1.417145e-02 1.170990e-02 1.587547e-02
8.458102e+03 1.412995e-02 1.167559e-02 1.582900e-02
8.464283e+03 1.408860e-02 1.164141e-02 1.578270e-02
8.470463e+03 1.404739e-02 1.160735e-02 1.573657e-02
8.476644e+03 1.400634e-02 1.157342e-02 1.569061e-02
8.482824e+03 1.396544e-02 1.153961e-02 1.564482e-02
8.489005e+03 1.392469e-02 1.150592e-02 1.559919e-02
8.495185e+03 1.388408e-02 1.147236e-02 1.555372e-02
8.501365e+03 1.384362e-02 1.143892e-02 1.550842e-02
8.507546e+03 1.380331e-02 1.140560e-02 1.546329e-02
8.513726e+03 1.376315e-02 1.137240e-02 1.541832e-02
8.519907e+03 1.372313e-02 1.133932e-02 1.537351e-02
8.526087e+03 1.368325e-02 1.130636e-02 1.532887e-02
8.532267e+03 1.364352e-02 1.127352e-02 1.528439e-02
8.538448e+03 1.360394e-02 1.124080e-02 1.524006e-02
8.544628e+03 1.356449e-02 1.120820e-02 1.519590e-02
8.550809e+03 1.352519e-02 1.117571e-02 1.515190e-02
8.556989e+03 1.348604e-02 1.114335e-02 1.510805e-02
8.563170e+03 1.344702e-02 1.111110e-02 1.506437e-02
8.569350e+03 1.340814e-02 1.107896e-02 1.502084e-02
8.575530e+03 1.336941e-02 1.104695e-02 1.497747e-02
8.581711e+03 1.333081e-02 1.101504e-02 1.493425e-02
8.587891e+03 1.329235e-02 1.098325e-02 1.489119e-02
8.594072e+03 1.325403e-02 1.095158e-02 1.484829e-02
8.600252e+03 1.321585e-02 1.092002e-02 1.480553e-02
8.606432e+03 1.317780e-02 1.088858e-02 1.476294e-02
8.612613e+03 1.313990e-02 1.085724e-02 1.472049e-02
8.618793e+03 1.310212e-02 1.082602e-02 1.467820e-02
8.624974e+03 1.306448e-02 1.079491e-02 1.463605e-02
8.631154e+03 1.302698e-02 1.076391e-02 1.459406e-02
8.637335e+03 1.298961e-02 1.073303e-02 1.455222e-02
8.643515e+03 1.295238e-02 1.070225e-02 1.451053e-02
8.649695e+03 1.291528e-02 1.067158e-02 1.446899e-02
8.655876e+03 1.287831e-02 1.064103e-02 1.442759e-02
8.662056e+03 1.284147e-02 1.061058e-02 1.438635e-02
8.668237e+03 1.280476e-02 1.058024e-02 1.434525e-02
8.674417e+03 1.276819e-02 1.055001e-02 1.430429e-02
8.680597e+03 1.273174e-02 1.051988e-02 1.426348e-02
8.686778e+03 1.269543e-02 1.048987e-02 1.422282e-02
8.692958e+03 1.265924e-02 1.045996e-02 1.418230e-02
8.699139e+03 1.262318e-02 1.043016e-02 1.414193e-02
8.705319e+03 1.258725e-02 1.040046e-02 1.410170e-02
8.711500e+03 1.255145e-02 1.037087e-02 1.406161e-02
8.717680e+03 1.251577e-02 1.034138e-02 1.402166e-02
8.723860e+03 1.248023e-02 1.031200e-02 1.398185e-02
8.730041e+03 1.244480e-02 1.028272e-02 1.394219e-02
8.736221e+03 1.240950e-02 1.025354e-02 1.390266e-02
8.742402e+03 1.237433e-02 1.022447e-02 1.386328e-02
8.748582e+03 1.233928e-02 1.019550e-02 1.382403e-02
8.754762e+03 1.230436e-02 1.016663e-02 1.378493e-02
8.760943e+03 1.226955e-02 1.013787e-02 1.374596e-02
8.767123e+03 1.223487e-02 1.010921e-02 1.370713e-02
8.773304e+03 1.220032e-02 1.008064e-02 1.366843e-02
8.779484e+03 1.216588e-02 1.005218e-02 1.362987e-02
8.785665e+03 1.213157e-02 1.002382e-02 1.359145e-02
8.791845e+03 1.209737e-02 9.995558e-03 1.355316e-02
8.798025e+03 1.206330e-02 9.967395e-03 1.351500e-02
8.804206e+03 1.202934e-02 9.939331e-03 1.347698e-02
8.810386e+03 1.199551e-02 9.911366e-03 1.343910e-02
8.816567e+03 1.196179e-02 9.883499e-03 1.340134e-02
8.822747e+03 1.192819e-02 9.855729e-03 1.336372e-02
8.828927e+03 1.189471e-02 9.828057e-03 1.332623e-02
8.835108e+03 1.186135e-02 9.800481e-03 1.328887e-02
8.841288e+03 1.182810e-02 9.773002e-03 1.325164e-02
8.847469e+03 1.179497e-02 9.745619e-03 1.321454e-02
8.853649e+03 1.176196e-02 9.718332e-03 1.317757e-02
8.859830e+03 1.172906e-02 9.691140e-03 1.314073e-02
8.866010e+03 1.169627e-02 9.664042e-03 1.310402e-02
8.872190e+03 1.166360e-02 9.637039e-03 1.306743e-02
8.878371e+03 1.163104e-02 9.610130e-03 1.303097e-02
8.884551e+03 1.159860e-02 9.583315e-03 1.299464e-02
8.890732e+03 1.156627e-02 9.556593e-03 1.295844e-02
8.896912e+03 1.153405e-02 9.529964e-03 1.292236e-02
8.903092e+03 1.150194e-02 9.503427e-03 1.288641e-02
8.909273e+03 1.146995e-02 9.476983e-03 1.285058e-02
8.915453e+03 1.143806e-02 9.450630e-03 1.281487e-02
8.921634e+03 1.140629e-02 9.424368e-03 1.277929e-02
8.927814e+03 1.137462e-02 9.398198e-03 1.274383e-02
8.933995e+03 1.134307e-02 9.372118e-03 1.270850e-02
8.940175e+03 1.131162e-02 9.346128e-03 1.267328e-02
8.946355e+03 1.128028e-02 9.320228e-03 1.263819e-02
8.952536e+03 1.124906e-02 9.294418e-03 1.260322e-02
8.958716e+03 1.121793e-02 9.268696e-03 1.256837e-02
8.964897e+03 1.118692e-02 9.243064e-03 1.253364e-02
8.971077e+03 1.115601e-02 9.217519e-03 1.249903e-02
8.977257e+03 1.112521e-02 9.192063e-03 1.246454e-02
8.983438e+03 1.109452e-02 9.166694e-03 1.243017e-02
8.989618e+03 1.106393e-02 9.141413e-03 1.239591e-02
8.995799e+03 1.103345e-02 9.116219e-03 1.236178e-02
9.001979e+03 1.100307e-02 9.091111e-03 1.232776e-02
9.008160e+03 1.097279e-02 9.066089e-03 1.229385e-02
9.014340e+03 1.094262e-02 9.041153e-03 1.226007e-02
9.020520e+03 1.091255e-02 9.016302e-03 1.222640e-02
9.026701e+03 1.088259e-02 8.991537e-03 1.219284e-02
9.032881e+03 1.085273e-02 8.966857e-03 1.215940e-02
9.039062e+03 1.082297e-02 8.942261e-03 1.212607e-02
9.045242e+03 1.079331e-02 8.917749e-03 1.209286e-02
9.051422e+03 1.076375e-02 8.893320e-03 1.205976e-02
9.057603e+03 1.073429e-02 8.868975e-03 1.202677e-02
9.063783e+03 1.070494e-02 8.844714e-03 1.199390e-02
9.069964e+03 1.067568e-02 8.820535e-03 1.196114e-02
9.076144e+03 1.064653e-02 8.796438e-03 1.192849e-02
9.082325e+03 1.061747e-02 8.772423e-03 1.189595e-02
9.088505e+03 1.058851e-02 8.748490e-03 1.186352e-02
9.094685e+03 1.055965e-02 8.724639e-03 1.183120e-02
9.100866e+03 1.053089e-02 8.700869e-03 1.179899e-02
9.107046e+03 1.050223e-02 8.677179e-03 1.176689e-02
9.113227e+03 1.047366e-02 8.653569e-03 1.173490e-02
9.119407e+03 1.044519e-02 8.630040e-03 1.170301e-02
9.125587e+03 1.041682e-02 8.606591e-03 1.167124e-02
9.131768e+03 1.038854e-02 8.583221e-03 1.163957e-02
9.137948e+03 1.036036e-02 8.559930e-03 1.160801e-02
9.144129e+03 1.033227e-02 8.536717e-03 1.157656e-02
9.150309e+03 1.030428e-02 8.513584e-03 1.154521e-02
9.156490e+03 1.027638e-02 8.490528e-03 1.151397e-02
9.162670e+03 1.024858e-02 8.467550e-03 1.148283e-02
9.168850e+03 1.022087e-02 8.444650e-03 1.145180e-02
9.175031e+03 1.019326e-02 8.421827e-03 1.142088e-02
9.181211e+03 1.016573e-02 8.399081e-03 1.139005e-02
9.187392e+03 1.013830e-02 8.376411e-03 1.135934e-02
9.193572e+03 1.011097e-02 8.353818e-03 1.132872e-02
9.199752e+03 1.008372e-02 8.331300e-03 1.129821e-02
9.205933e+03 1.005657e-02 8.308858e-03 1.126780e-02
9.212113e+03 1.002950e-02 8.286492e-03 1.123749e-02
9.218294e+03 1.000253e-02 8.264201e-03 1.120728e-02
9.224474e+03 9.975649e-03 8.241984e-03 1.117718e-02
9.230655e+03 9.948857e-03 8.219842e-03 1.114717e-02
9.236835e+03 9.922155e-03 8.197774e-03 1.111727e-02
9.243015e+03 9.895542e-03 8.175780e-03 1.108746e-02
9.249196e+03 9.869018e-03 8.153859e-03 1.105776e-02
9.255376e+03 9.842583e-03 8.132012e-03 1.102815e-02
9.261557e+03 9.816236e-03 8.110237e-03 1.099864e-02
9.267737e+03 9.789976e-03 8.088536e-03 1.096924e-02
9.273917e+03 9.763805e-03 8.066906e-03 1.093993e-02
9.280098e+03 9.737720e-03 8.045349e-03 1.091071e-02
9.286278e+03 9.711723e-03 8.023864e-03 1.088160e-02
9.292459e+03 9.685812e-03 8.002450e-03 1.085258e-02
9.298639e+03 9.659987e-03 7.981107e-03 1.082366e-02
9.304820e+03 9.634248e-03 7.959836e-03 1.079483e-02
9.311000e+03 9.608594e-03 7.938635e-03 1.076610e-02
