9.100000000000000000e+01 -inf
9.400000000000000000e+01 -inf
9.600000000000000000e+01 -inf
9.800000000000000000e+01 -inf
1.000000000000000000e+02 -inf
1.020000000000000000e+02 -inf
1.040000000000000000e+02 -inf
1.060000000000000000e+02 -inf
1.080000000000000000e+02 -inf
1.100000000000000000e+02 -inf
1.140000000000000000e+02 -inf
1.180000000000000000e+02 -inf
1.210000000000000000e+02 -inf
1.250000000000000000e+02 -inf
1.270000000000000000e+02 -inf
1.280000000000000000e+02 -inf
1.310000000000000000e+02 -inf
1.320000000000000000e+02 -inf
1.340000000000000000e+02 -inf
1.370000000000000000e+02 -inf
1.400000000000000000e+02 -inf
1.430000000000000000e+02 -inf
1.470000000000000000e+02 -inf
1.510000000000000000e+02 -inf
1.550000000000000000e+02 -inf
1.590000000000000000e+02 -inf
1.620000000000000000e+02 -inf
1.660000000000000000e+02 -inf
1.700000000000000000e+02 -inf
1.730000000000000000e+02 -inf
1.770000000000000000e+02 -inf
1.800000000000000000e+02 -inf
1.820000000000000000e+02 -inf
1.860000000000000000e+02 -inf
1.910000000000000000e+02 -inf
1.940000000000000000e+02 -inf
1.980000000000000000e+02 -inf
2.020000000000000000e+02 -inf
2.050000000000000000e+02 -inf
2.100000000000000000e+02 -inf
2.160000000000000000e+02 -inf
2.200000000000000000e+02 -inf
2.230000000000000000e+02 -inf
2.270000000000000000e+02 -inf
2.300000000000000000e+02 2.140009589430036385e+01
2.340000000000000000e+02 2.178184102769580832e+01
2.400000000000000000e+02 2.220565359445083331e+01
2.460000000000000000e+02 2.263840977867102922e+01
2.520000000000000000e+02 2.301272206864000935e+01
2.570000000000000000e+02 2.326364955998862172e+01
2.600000000000000000e+02 2.347292710666604876e+01
2.640000000000000000e+02 2.370032884035768106e+01
2.690000000000000000e+02 2.394588508372000035e+01
2.740000000000000000e+02 2.420941548312930180e+01
2.790000000000000000e+02 2.446730668126583552e+01
2.840000000000000000e+02 2.474881281157425406e+01
2.900000000000000000e+02 2.503112797521138688e+01
2.960000000000000000e+02 2.530103308998899081e+01
3.010000000000000000e+02 2.551794668326567006e+01
3.080000000000000000e+02 2.580814022514334738e+01
3.180000000000000000e+02 2.621848645962485236e+01
3.280000000000000000e+02 2.658046138177364526e+01
3.380000000000000000e+02 2.693848309334925517e+01
3.480000000000000000e+02 2.726685937550299599e+01
3.570000000000000000e+02 2.762445750732472405e+01
3.660000000000000000e+02 2.789839006403825294e+01
3.750000000000000000e+02 2.813680091681440487e+01
3.850000000000000000e+02 2.839886011873720761e+01
3.950000000000000000e+02 2.865061495440125583e+01
4.050000000000000000e+02 2.888278467879585065e+01
4.140000000000000000e+02 2.908844973901997122e+01
4.220000000000000000e+02 2.925669691527501470e+01
4.300000000000000000e+02 2.942538256162353605e+01
4.410000000000000000e+02 2.964448209912092480e+01
4.510000000000000000e+02 2.983270812684284934e+01
4.600000000000000000e+02 2.999241092774713024e+01
4.700000000000000000e+02 3.016824333283086901e+01
4.800000000000000000e+02 3.033358228906579512e+01
4.900000000000000000e+02 3.049596530519518467e+01
5.000000000000000000e+02 3.064922819154763545e+01
5.060000000000000000e+02 3.204619258424671102e+01
5.120000000000000000e+02 3.293062838028389194e+01
5.200000000000000000e+02 3.302141472527826949e+01
5.300000000000000000e+02 3.315015960217937163e+01
5.400000000000000000e+02 3.319017135992724832e+01
5.500000000000000000e+02 3.338819767401578531e+01
5.600000000000000000e+02 3.346860831803454772e+01
5.700000000000000000e+02 3.357815305376057324e+01
5.800000000000000000e+02 3.357038431109873500e+01
5.900000000000000000e+02 3.371124330894612342e+01
6.000000000000000000e+02 3.380344854657871423e+01
6.100000000000000000e+02 3.389704872954591508e+01
6.200000000000000000e+02 3.395463052038238061e+01
6.300000000000000000e+02 3.402260415220091971e+01
6.400000000000000000e+02 3.405447266936171502e+01
6.500000000000000000e+02 3.413020428260490036e+01
6.580000000000000000e+02 3.419351396523798314e+01
6.650000000000000000e+02 3.422430173253037111e+01
6.750000000000000000e+02 3.425380160647875272e+01
6.850000000000000000e+02 3.429815542584783827e+01
6.950000000000000000e+02 3.438892042060037824e+01
7.050000000000000000e+02 3.442290635551206890e+01
7.160000000000000000e+02 3.448207147664616912e+01
7.260000000000000000e+02 3.452036722618397135e+01
7.350000000000000000e+02 3.455081930685369684e+01
7.450000000000000000e+02 3.461422066642664674e+01
7.550000000000000000e+02 3.465976593039372489e+01
7.650000000000000000e+02 3.470436208516041887e+01
7.750000000000000000e+02 3.474821962713841117e+01
7.850000000000000000e+02 3.478821856523534706e+01
7.950000000000000000e+02 3.481624387371675056e+01
8.050000000000000000e+02 3.484914199922869926e+01
8.150000000000000000e+02 3.487661462171201521e+01
8.250000000000000000e+02 3.492159196291996182e+01
8.350000000000000000e+02 3.490266888727581573e+01
8.450000000000000000e+02 3.496705045445565219e+01
8.550000000000000000e+02 3.499374752406350808e+01
8.650000000000000000e+02 3.502985238342341745e+01
8.750000000000000000e+02 3.506723266313679943e+01
8.850000000000000000e+02 3.510740580538887912e+01
8.950000000000000000e+02 3.513594233892916918e+01
9.050000000000000000e+02 3.514000707613870134e+01
9.150000000000000000e+02 3.536205223553669441e+01
9.250000000000000000e+02 3.620266296116031413e+01
9.350000000000000000e+02 3.668671170037575990e+01
9.450000000000000000e+02 3.710752588754715475e+01
9.550000000000000000e+02 3.730291161842586689e+01
9.650000000000000000e+02 3.737209271505325603e+01
9.750000000000000000e+02 3.646948886687160041e+01
9.850000000000000000e+02 3.729185061072924157e+01
9.950000000000000000e+02 3.730560926096688945e+01
1.005000000000000000e+03 3.746644347310255796e+01
1.015000000000000000e+03 3.744593735576813742e+01
1.025000000000000000e+03 3.698694350235317074e+01
1.035000000000000000e+03 3.726809373890247912e+01
1.045000000000000000e+03 3.755399864695688450e+01
1.055000000000000000e+03 3.752633189438599004e+01
1.065000000000000000e+03 3.741639683650369363e+01
1.075000000000000000e+03 3.749211184201206493e+01
1.085000000000000000e+03 3.737403637834015768e+01
1.095000000000000000e+03 3.750382329318673413e+01
1.105000000000000000e+03 3.745845590974244033e+01
1.115000000000000000e+03 3.743047279244914449e+01
1.125000000000000000e+03 3.736637331517352578e+01
1.135000000000000000e+03 3.748055824422259263e+01
1.145000000000000000e+03 3.742960128271108999e+01
1.155000000000000000e+03 3.745083644282848212e+01
1.165000000000000000e+03 3.745673639295274171e+01
1.175000000000000000e+03 3.726613900538198720e+01
1.185000000000000000e+03 3.745038368887291824e+01
1.195000000000000000e+03 3.733471631250790068e+01
1.205000000000000000e+03 3.714311796601293736e+01
1.215000000000000000e+03 3.694991685883750421e+01
1.225000000000000000e+03 3.730974610846968886e+01
1.235000000000000000e+03 3.743775524015035217e+01
1.245000000000000000e+03 3.745182731194933012e+01
1.255000000000000000e+03 3.742635443747678181e+01
1.265000000000000000e+03 3.738620578177199860e+01
1.275000000000000000e+03 3.744650030944112729e+01
1.285000000000000000e+03 3.744765914544633745e+01
1.295000000000000000e+03 3.732738931440196950e+01
1.305000000000000000e+03 3.734405712595913229e+01
1.315000000000000000e+03 3.742704228827417978e+01
1.325000000000000000e+03 3.739291162541501023e+01
1.335000000000000000e+03 3.733997956906674176e+01
1.345000000000000000e+03 3.740053406561733595e+01
1.355000000000000000e+03 3.738602946795140980e+01
1.365000000000000000e+03 3.733407875891305139e+01
1.375000000000000000e+03 3.733879303733323241e+01
1.385000000000000000e+03 3.734031831712621852e+01
1.395000000000000000e+03 3.725270778474653355e+01
1.405000000000000000e+03 3.727631256786012415e+01
1.415000000000000000e+03 3.729145129482733978e+01
1.425000000000000000e+03 3.729508403450325460e+01
1.435000000000000000e+03 3.729863219797586282e+01
1.442000000000000000e+03 3.731255860116618095e+01
1.447000000000000000e+03 3.730761184504837047e+01
1.455000000000000000e+03 3.729452622902056191e+01
1.465000000000000000e+03 3.725444366032896681e+01
1.475000000000000000e+03 3.725724273734693526e+01
1.485000000000000000e+03 3.725409018733138566e+01
1.495000000000000000e+03 3.725089754975620338e+01
1.505000000000000000e+03 3.721336858639010359e+01
1.512000000000000000e+03 3.715439848636728470e+01
1.517000000000000000e+03 3.717745271904841786e+01
1.525000000000000000e+03 3.718567929110744785e+01
1.535000000000000000e+03 3.711869070946923443e+01
1.545000000000000000e+03 3.713098812028817974e+01
1.555000000000000000e+03 3.711250252492529000e+01
1.565000000000000000e+03 3.713222991880862622e+01
1.575000000000000000e+03 3.715642949657662797e+01
1.585000000000000000e+03 3.716478217945559948e+01
1.595000000000000000e+03 3.716575800128725859e+01
1.605000000000000000e+03 3.716689509509134837e+01
1.615000000000000000e+03 3.716548418724471503e+01
1.625000000000000000e+03 3.714476379666282924e+01
1.635000000000000000e+03 3.717128612940881283e+01
1.645000000000000000e+03 3.716951629932614765e+01
1.655000000000000000e+03 3.714784944554406820e+01
1.665000000000000000e+03 3.717423825409894533e+01
1.672000000000000000e+03 3.714467159587735523e+01
1.677000000000000000e+03 3.717150059408582763e+01
1.685000000000000000e+03 3.717765817345774337e+01
1.695000000000000000e+03 3.715067954738997003e+01
1.705000000000000000e+03 3.713133914832712890e+01
1.715000000000000000e+03 3.710298082078057291e+01
1.725000000000000000e+03 3.709847161290437612e+01
1.735000000000000000e+03 3.712275302609094751e+01
1.745000000000000000e+03 3.710558230958304193e+01
1.755000000000000000e+03 3.712283894540142626e+01
1.765000000000000000e+03 3.709596676070115961e+01
1.775000000000000000e+03 3.708694216608346039e+01
1.785000000000000000e+03 3.709442938463862305e+01
1.795000000000000000e+03 3.711485311030557455e+01
1.805000000000000000e+03 3.711568155867230701e+01
1.815000000000000000e+03 3.706392534708089670e+01
1.825000000000000000e+03 3.708306895129759084e+01
1.835000000000000000e+03 3.706218856549446627e+01
1.845000000000000000e+03 3.702200162019741470e+01
1.855000000000000000e+03 3.701216794185233283e+01
1.865000000000000000e+03 3.702159643246137222e+01
1.875000000000000000e+03 3.705989660154921239e+01
1.885000000000000000e+03 3.700848364800698675e+01
1.895000000000000000e+03 3.697660743922361348e+01
1.905000000000000000e+03 3.701650364899721524e+01
1.915000000000000000e+03 3.698438629650043907e+01
1.925000000000000000e+03 3.696987079492802764e+01
1.935000000000000000e+03 3.699438407253585837e+01
1.945000000000000000e+03 3.700248055719568185e+01
1.955000000000000000e+03 3.696235133396851325e+01
1.967000000000000000e+03 3.700205607934933028e+01
1.976000000000000000e+03 3.701724798849714659e+01
1.984000000000000000e+03 3.698435002218400314e+01
1.995000000000000000e+03 3.697272434194256618e+01
2.005000000000000000e+03 3.698956055638483065e+01
2.015000000000000000e+03 3.697498142029458279e+01
2.025000000000000000e+03 3.699717435822372380e+01
2.035000000000000000e+03 3.695687310016749194e+01
2.045000000000000000e+03 3.696885928822371170e+01
2.055000000000000000e+03 3.695314619589183280e+01
2.065000000000000000e+03 3.695430552912779376e+01
2.074000000000000000e+03 3.697990149065711307e+01
2.078000000000000000e+03 3.693604893921755661e+01
2.085000000000000000e+03 3.695922571108224020e+01
2.095000000000000000e+03 3.693251206043440504e+01
2.105000000000000000e+03 3.694358261611020566e+01
2.115000000000000000e+03 3.694418569778642336e+01
2.125000000000000000e+03 3.694938026634163464e+01
2.135000000000000000e+03 3.693219577458108915e+01
2.145000000000000000e+03 3.691804864337716907e+01
2.155000000000000000e+03 3.693698412676921805e+01
2.165000000000000000e+03 3.693024049636023420e+01
2.175000000000000000e+03 3.692445701695713467e+01
2.185000000000000000e+03 3.690881730584894171e+01
2.195000000000000000e+03 3.692180930338099643e+01
2.205000000000000000e+03 3.691257548068836059e+01
2.215000000000000000e+03 3.689948360971470009e+01
2.225000000000000000e+03 3.688354487498702383e+01
2.235000000000000000e+03 3.689353621249621540e+01
2.245000000000000000e+03 3.688730363614340035e+01
2.255000000000000000e+03 3.687052507982626537e+01
2.265000000000000000e+03 3.687961776532161196e+01
2.275000000000000000e+03 3.687922186786754963e+01
2.285000000000000000e+03 3.688231971428075440e+01
2.295000000000000000e+03 3.685901255546280453e+01
2.305000000000000000e+03 3.686099853419413819e+01
2.315000000000000000e+03 3.684286390993140969e+01
2.325000000000000000e+03 3.674822484456110772e+01
2.335000000000000000e+03 3.681645786112033392e+01
2.345000000000000000e+03 3.681375201414890341e+01
2.355000000000000000e+03 3.682270080400328993e+01
2.365000000000000000e+03 3.680651462797519002e+01
2.375000000000000000e+03 3.680663110613873812e+01
2.385000000000000000e+03 3.679289769208119765e+01
2.395000000000000000e+03 3.680421451212637862e+01
2.405000000000000000e+03 3.678666146163759265e+01
2.415000000000000000e+03 3.678983987752597784e+01
2.425000000000000000e+03 3.679548216536771577e+01
2.435000000000000000e+03 3.677745653978382023e+01
2.445000000000000000e+03 3.678840387109848109e+01
2.455000000000000000e+03 3.678497102454171852e+01
2.465000000000000000e+03 3.677677694344274073e+01
2.475000000000000000e+03 3.676711577986822022e+01
2.485000000000000000e+03 3.677375458719447465e+01
2.495000000000000000e+03 3.674868462660025159e+01
2.505000000000000000e+03 3.677028614409051954e+01
2.513000000000000000e+03 3.674224033475164219e+01
2.518000000000000000e+03 3.675987465315979819e+01
2.525000000000000000e+03 3.674336821086460958e+01
2.535000000000000000e+03 3.673937816821647573e+01
2.545000000000000000e+03 3.672816561050527184e+01
2.555000000000000000e+03 3.674020588263869769e+01
2.565000000000000000e+03 3.673386049431245226e+01
2.575000000000000000e+03 3.674270709357024600e+01
2.585000000000000000e+03 3.673858716890437393e+01
2.595000000000000000e+03 3.673402854501571824e+01
2.605000000000000000e+03 3.672390770379210778e+01
2.615000000000000000e+03 3.671941703490722375e+01
2.625000000000000000e+03 3.671994826960894187e+01
2.635000000000000000e+03 3.671835510680288905e+01
2.645000000000000000e+03 3.672835386797839874e+01
2.655000000000000000e+03 3.672541675460578858e+01
2.665000000000000000e+03 3.670638180252569782e+01
2.675000000000000000e+03 3.671308032663969811e+01
2.685000000000000000e+03 3.670842812586130322e+01
2.695000000000000000e+03 3.669606119641514397e+01
2.705000000000000000e+03 3.669500411881262636e+01
2.715000000000000000e+03 3.668723145167936650e+01
2.725000000000000000e+03 3.668382249970903786e+01
2.735000000000000000e+03 3.669037734172189857e+01
2.745000000000000000e+03 3.666338511025301727e+01
2.755000000000000000e+03 3.666275524665654473e+01
2.765000000000000000e+03 3.666462004222816518e+01
2.775000000000000000e+03 3.667257944893594157e+01
2.785000000000000000e+03 3.666708742282899891e+01
2.795000000000000000e+03 3.663471220341477874e+01
2.805000000000000000e+03 3.664764092125491146e+01
2.815000000000000000e+03 3.666048228278768306e+01
2.825000000000000000e+03 3.665553531020108835e+01
2.835000000000000000e+03 3.663561816503776924e+01
2.845000000000000000e+03 3.663597283879914812e+01
2.855000000000000000e+03 3.663386915050237036e+01
2.865000000000000000e+03 3.663993280860500334e+01
2.875000000000000000e+03 3.663191815172500299e+01
2.885000000000000000e+03 3.663003199643475227e+01
2.895000000000000000e+03 3.662405136885448087e+01
2.910000000000000000e+03 3.662504685223636614e+01
2.930000000000000000e+03 3.661485956922864204e+01
2.950000000000000000e+03 3.660439155345850537e+01
2.970000000000000000e+03 3.660068607010862252e+01
2.990000000000000000e+03 3.659298757239968580e+01
3.010000000000000000e+03 3.658638497080380603e+01
3.030000000000000000e+03 3.658278406623901446e+01
3.050000000000000000e+03 3.657435288636827408e+01
3.070000000000000000e+03 3.656665577948986368e+01
3.090000000000000000e+03 3.655853907927043167e+01
3.110000000000000000e+03 3.655071612103724021e+01
3.130000000000000000e+03 3.654313400995137329e+01
3.150000000000000000e+03 3.653758223884010192e+01
3.170000000000000000e+03 3.652830996861470680e+01
3.190000000000000000e+03 3.651630568695168222e+01
3.210000000000000000e+03 3.651469449725625793e+01
3.230000000000000000e+03 3.650717561372785269e+01
3.250000000000000000e+03 3.650071339337263510e+01
3.270000000000000000e+03 3.649403670535421185e+01
3.290000000000000000e+03 3.648717003194643382e+01
3.310000000000000000e+03 3.648165060736315723e+01
3.330000000000000000e+03 3.647358051523977451e+01
3.350000000000000000e+03 3.646542884327232059e+01
3.370000000000000000e+03 3.645892267907067463e+01
3.390000000000000000e+03 3.645203835245145285e+01
3.410000000000000000e+03 3.644673855169104115e+01
3.430000000000000000e+03 3.643477096221133138e+01
3.450000000000000000e+03 3.642901335282797959e+01
3.470000000000000000e+03 3.642471021071473558e+01
3.490000000000000000e+03 3.641822316892751132e+01
3.510000000000000000e+03 3.641368412164443669e+01
3.530000000000000000e+03 3.640785520295052891e+01
3.550000000000000000e+03 3.640188605237720765e+01
3.570000000000000000e+03 3.639528110151647411e+01
3.590000000000000000e+03 3.638541284057654224e+01
3.610000000000000000e+03 3.637951782241763254e+01
3.630000000000000000e+03 3.637424441508657935e+01
3.640000000000000000e+03 3.637380911272009598e+01
3.650000000000000000e+03 3.637134056789369652e+01
3.670000000000000000e+03 3.636033064470562692e+01
3.690000000000000000e+03 3.634428686962890254e+01
3.710000000000000000e+03 3.637085435042882153e+01
3.730000000000000000e+03 3.637227441900657254e+01
3.750000000000000000e+03 3.642888811975373642e+01
3.770000000000000000e+03 3.643077330535657410e+01
3.790000000000000000e+03 3.646190940394129143e+01
3.810000000000000000e+03 3.648860000215137234e+01
3.830000000000000000e+03 3.642364711661517163e+01
3.850000000000000000e+03 3.649538200720937198e+01
3.870000000000000000e+03 3.650059669911608751e+01
3.890000000000000000e+03 3.639564086326330283e+01
3.910000000000000000e+03 3.649588984984116280e+01
3.930000000000000000e+03 3.648081348931715695e+01
3.950000000000000000e+03 3.648288905675991600e+01
3.970000000000000000e+03 3.636355119409533643e+01
3.990000000000000000e+03 3.646880835282584599e+01
4.010000000000000000e+03 3.647050041160100875e+01
4.030000000000000000e+03 3.645362045774103876e+01
4.050000000000000000e+03 3.645940510233994303e+01
4.070000000000000000e+03 3.644510357963789460e+01
4.090000000000000000e+03 3.641623612293293633e+01
4.110000000000000000e+03 3.634899546764296474e+01
4.130000000000000000e+03 3.642090666595706239e+01
4.150000000000000000e+03 3.642191824762501540e+01
4.170000000000000000e+03 3.641742242710053290e+01
4.190000000000000000e+03 3.641427049692448747e+01
4.210000000000000000e+03 3.640866037765877650e+01
4.230000000000000000e+03 3.639868120219936998e+01
4.250000000000000000e+03 3.639353707859714149e+01
4.270000000000000000e+03 3.638050605549215533e+01
4.290000000000000000e+03 3.638015313327419165e+01
4.310000000000000000e+03 3.636858063591418500e+01
4.330000000000000000e+03 3.633019143997358213e+01
4.350000000000000000e+03 3.628743105964093729e+01
4.370000000000000000e+03 3.635628599301772113e+01
4.390000000000000000e+03 3.634573153965222048e+01
4.410000000000000000e+03 3.634499914198705284e+01
4.430000000000000000e+03 3.634077239811470861e+01
4.450000000000000000e+03 3.633833038919829761e+01
4.470000000000000000e+03 3.632233541022504397e+01
4.490000000000000000e+03 3.632607059020583051e+01
4.510000000000000000e+03 3.632905471519127616e+01
4.530000000000000000e+03 3.631537786361917597e+01
4.550000000000000000e+03 3.631031168320203051e+01
4.570000000000000000e+03 3.631142209436536916e+01
4.590000000000000000e+03 3.630218241028387638e+01
4.610000000000000000e+03 3.629830395371120488e+01
4.630000000000000000e+03 3.628924796721271662e+01
4.650000000000000000e+03 3.628500059708223802e+01
4.670000000000000000e+03 3.628372291144151518e+01
4.690000000000000000e+03 3.627934555851521736e+01
4.710000000000000000e+03 3.626455906249702110e+01
4.730000000000000000e+03 3.626467605140656758e+01
4.750000000000000000e+03 3.626044020697072767e+01
4.770000000000000000e+03 3.625639238955160693e+01
4.790000000000000000e+03 3.625044742629064842e+01
4.810000000000000000e+03 3.624384591104538345e+01
4.830000000000000000e+03 3.623926909859670076e+01
4.850000000000000000e+03 3.620462588144894767e+01
4.870000000000000000e+03 3.614924964527953932e+01
4.890000000000000000e+03 3.622382031872838581e+01
4.910000000000000000e+03 3.622195636252406814e+01
4.930000000000000000e+03 3.620836113469383122e+01
4.950000000000000000e+03 3.621097051373503461e+01
4.970000000000000000e+03 3.620405854913617105e+01
4.990000000000000000e+03 3.619427535119757522e+01
5.010000000000000000e+03 3.617617811644277026e+01
5.030000000000000000e+03 3.618278871739246938e+01
5.050000000000000000e+03 3.617222941611282749e+01
5.070000000000000000e+03 3.617490862477248470e+01
5.090000000000000000e+03 3.616590217850822597e+01
5.110000000000000000e+03 3.616197621482088920e+01
5.130000000000000000e+03 3.615228185971866992e+01
5.150000000000000000e+03 3.614527081273998022e+01
5.170000000000000000e+03 3.613711442170621524e+01
5.190000000000000000e+03 3.613630133982320558e+01
5.210000000000000000e+03 3.613179591300644944e+01
5.230000000000000000e+03 3.614027463248170591e+01
5.250000000000000000e+03 3.614024705065426701e+01
5.270000000000000000e+03 3.612573061773055372e+01
5.290000000000000000e+03 3.613581873692728408e+01
5.310000000000000000e+03 3.613665440913027282e+01
5.330000000000000000e+03 3.612067191242388731e+01
5.350000000000000000e+03 3.612541151516710158e+01
5.370000000000000000e+03 3.612166293868911993e+01
5.390000000000000000e+03 3.611327529523827451e+01
5.410000000000000000e+03 3.610931041396282382e+01
5.430000000000000000e+03 3.610431542413126493e+01
5.450000000000000000e+03 3.609985839873273505e+01
5.470000000000000000e+03 3.609425401916636389e+01
5.490000000000000000e+03 3.609205228698351675e+01
5.510000000000000000e+03 3.608592147379476955e+01
5.530000000000000000e+03 3.608962605695525383e+01
5.550000000000000000e+03 3.608766402984379340e+01
5.570000000000000000e+03 3.608361029071900816e+01
5.590000000000000000e+03 3.607784350933836492e+01
5.610000000000000000e+03 3.607569699416400510e+01
5.630000000000000000e+03 3.607065885615106993e+01
5.650000000000000000e+03 3.606835639851123432e+01
5.670000000000000000e+03 3.606235238806405619e+01
5.690000000000000000e+03 3.606564187672339017e+01
5.710000000000000000e+03 3.605568867888696616e+01
5.730000000000000000e+03 3.606483764378204171e+01
5.750000000000000000e+03 3.605416049578086302e+01
5.770000000000000000e+03 3.605342531918893201e+01
5.790000000000000000e+03 3.604211108932246788e+01
5.810000000000000000e+03 3.604691376241383693e+01
5.830000000000000000e+03 3.605026574382306137e+01
5.850000000000000000e+03 3.604056859877015029e+01
5.870000000000000000e+03 3.603024623894651057e+01
5.890000000000000000e+03 3.601620571725616315e+01
5.910000000000000000e+03 3.602750293512564639e+01
5.930000000000000000e+03 3.602611563575381126e+01
5.950000000000000000e+03 3.602101000872406189e+01
5.970000000000000000e+03 3.602487375621730337e+01
5.990000000000000000e+03 3.601512005913170356e+01
6.010000000000000000e+03 3.601188935506754518e+01
6.030000000000000000e+03 3.601699098201744675e+01
6.050000000000000000e+03 3.601724115591511577e+01
6.070000000000000000e+03 3.601522935525366620e+01
6.090000000000000000e+03 3.600394946045327060e+01
6.110000000000000000e+03 3.600259561496514493e+01
6.130000000000000000e+03 3.598878506490727602e+01
6.150000000000000000e+03 3.599013963548316042e+01
6.170000000000000000e+03 3.597620633704114823e+01
6.190000000000000000e+03 3.598309393814202650e+01
6.210000000000000000e+03 3.597487029489550991e+01
6.230000000000000000e+03 3.596526473204986019e+01
6.250000000000000000e+03 3.595624844527878139e+01
6.270000000000000000e+03 3.596296306674990717e+01
6.290000000000000000e+03 3.596872068398145927e+01
6.310000000000000000e+03 3.596078989821699423e+01
6.330000000000000000e+03 3.596328572547511726e+01
6.350000000000000000e+03 3.595768352892932285e+01
6.370000000000000000e+03 3.595467212927252376e+01
6.390000000000000000e+03 3.595844400799777674e+01
6.410000000000000000e+03 3.595259649233766908e+01
6.430000000000000000e+03 3.595169626540695162e+01
6.450000000000000000e+03 3.594847251725287407e+01
6.470000000000000000e+03 3.594705347964975317e+01
6.490000000000000000e+03 3.593673275300925241e+01
6.510000000000000000e+03 3.594434309804177019e+01
6.530000000000000000e+03 3.593984284944130536e+01
6.550000000000000000e+03 3.592311151963541960e+01
6.570000000000000000e+03 3.588462672382286911e+01
6.590000000000000000e+03 3.593137495352846145e+01
6.610000000000000000e+03 3.593353298696284526e+01
6.630000000000000000e+03 3.593065449592035776e+01
6.650000000000000000e+03 3.593060808889272550e+01
6.670000000000000000e+03 3.591754714073181276e+01
6.690000000000000000e+03 3.591267335152667783e+01
6.710000000000000000e+03 3.589730176641300829e+01
6.730000000000000000e+03 3.590117296776768541e+01
6.750000000000000000e+03 3.589371179968878778e+01
6.770000000000000000e+03 3.589226409545872798e+01
6.790000000000000000e+03 3.588487721689905641e+01
6.810000000000000000e+03 3.588917238292476242e+01
6.830000000000000000e+03 3.589216346647396705e+01
6.850000000000000000e+03 3.588613974250520755e+01
6.870000000000000000e+03 3.588996849160881197e+01
6.890000000000000000e+03 3.589620546986952121e+01
6.910000000000000000e+03 3.589648532131205627e+01
6.930000000000000000e+03 3.589176115215001772e+01
6.950000000000000000e+03 3.589245250937372589e+01
6.970000000000000000e+03 3.589892685016648954e+01
6.990000000000000000e+03 3.589359790502195580e+01
7.010000000000000000e+03 3.589224700541443269e+01
7.030000000000000000e+03 3.589725508126894482e+01
7.050000000000000000e+03 3.590136539785338243e+01
7.070000000000000000e+03 3.588537315300803954e+01
7.090000000000000000e+03 3.586077295027088496e+01
7.110000000000000000e+03 3.583257781846657508e+01
7.130000000000000000e+03 3.582162381439484733e+01
7.150000000000000000e+03 3.582153667160793020e+01
7.170000000000000000e+03 3.582840798361046808e+01
7.190000000000000000e+03 3.582510495930039696e+01
7.210000000000000000e+03 3.582996246597151924e+01
7.230000000000000000e+03 3.584087014004583693e+01
7.250000000000000000e+03 3.584852002450794117e+01
7.270000000000000000e+03 3.585372622705214951e+01
7.290000000000000000e+03 3.585348729756958619e+01
7.310000000000000000e+03 3.586254749416196574e+01
7.330000000000000000e+03 3.586541430588896162e+01
7.350000000000000000e+03 3.586742246705860282e+01
7.370000000000000000e+03 3.587826051110958048e+01
7.390000000000000000e+03 3.587427536499468772e+01
7.410000000000000000e+03 3.587509373926863532e+01
7.430000000000000000e+03 3.587792226283950470e+01
7.450000000000000000e+03 3.587990019608529479e+01
7.470000000000000000e+03 3.588009114229405583e+01
7.490000000000000000e+03 3.587976179127053200e+01
7.510000000000000000e+03 3.588521880152722332e+01
7.530000000000000000e+03 3.588946453530989800e+01
7.550000000000000000e+03 3.589001503854011332e+01
7.570000000000000000e+03 3.588794368558648529e+01
7.590000000000000000e+03 3.588349628148091597e+01
7.610000000000000000e+03 3.588030775901462732e+01
7.630000000000000000e+03 3.587004530490860787e+01
7.650000000000000000e+03 3.586027853789288145e+01
7.670000000000000000e+03 3.584492493617847231e+01
7.690000000000000000e+03 3.584651932114563522e+01
7.710000000000000000e+03 3.584036375494369508e+01
7.730000000000000000e+03 3.583641499812833331e+01
7.750000000000000000e+03 3.583580352762685095e+01
7.770000000000000000e+03 3.583592657648777902e+01
7.790000000000000000e+03 3.584469786689875548e+01
7.810000000000000000e+03 3.584392352664509929e+01
7.830000000000000000e+03 3.583751876586359231e+01
7.850000000000000000e+03 3.582787921237862605e+01
7.870000000000000000e+03 3.584065203937971944e+01
7.890000000000000000e+03 3.582738790898939385e+01
7.910000000000000000e+03 3.582165016884761144e+01
7.930000000000000000e+03 3.582884923572660085e+01
7.950000000000000000e+03 3.582231098901624478e+01
7.970000000000000000e+03 3.583713471724090027e+01
7.990000000000000000e+03 3.583926968898327203e+01
8.010000000000000000e+03 3.584551074826512718e+01
8.030000000000000000e+03 3.584380840488568509e+01
8.050000000000000000e+03 3.584540317563835288e+01
8.070000000000000000e+03 3.584313379398275146e+01
8.090000000000000000e+03 3.583836960331169053e+01
8.110000000000000000e+03 3.583993013902220071e+01
8.130000000000000000e+03 3.584948856789753791e+01
8.150000000000000000e+03 3.585029335233428327e+01
8.170000000000000000e+03 3.585406718753371536e+01
8.190000000000000000e+03 3.584802968014282953e+01
8.210000000000000000e+03 3.584494169399099661e+01
8.230000000000000000e+03 3.585474142860078928e+01
8.250000000000000000e+03 3.585102274634174790e+01
8.270000000000000000e+03 3.585788095323319169e+01
8.290000000000000000e+03 3.585337625845821918e+01
8.310000000000000000e+03 3.583525297448692015e+01
8.330000000000000000e+03 3.583450468033244363e+01
8.350000000000000000e+03 3.583285534976808151e+01
8.370000000000000000e+03 3.583414953173729600e+01
8.390000000000000000e+03 3.582142357077817252e+01
8.410000000000000000e+03 3.583342792908855046e+01
8.430000000000000000e+03 3.580603973766415749e+01
8.450000000000000000e+03 3.578498387788354762e+01
8.470000000000000000e+03 3.578991630459607620e+01
8.490000000000000000e+03 3.580084245450731828e+01
8.510000000000000000e+03 3.577781914010058983e+01
8.530000000000000000e+03 3.580749921314197337e+01
8.550000000000000000e+03 3.577773497782634138e+01
8.570000000000000000e+03 3.581991012801299235e+01
8.590000000000000000e+03 3.580950268483877608e+01
8.610000000000000000e+03 3.581301554736075587e+01
8.630000000000000000e+03 3.583268442568638079e+01
8.650000000000000000e+03 3.583468169445674079e+01
8.670000000000000000e+03 3.579115252832643534e+01
8.690000000000000000e+03 3.582366420042000499e+01
8.710000000000000000e+03 3.584016812841031907e+01
8.730000000000000000e+03 3.584008217975814148e+01
8.750000000000000000e+03 3.582002895889766592e+01
8.770000000000000000e+03 3.583864965697429028e+01
8.790000000000000000e+03 3.584559163086106537e+01
8.810000000000000000e+03 3.583523033733900576e+01
8.830000000000000000e+03 3.584012356340974037e+01
8.850000000000000000e+03 3.584062536775945063e+01
8.870000000000000000e+03 3.581971885937483080e+01
8.890000000000000000e+03 3.584490655957034733e+01
8.910000000000000000e+03 3.585104938248813511e+01
8.930000000000000000e+03 3.583910916857192319e+01
8.950000000000000000e+03 3.583891643548051320e+01
8.970000000000000000e+03 3.584021111656583969e+01
8.990000000000000000e+03 3.583874553292822895e+01
9.010000000000000000e+03 3.581011664603043698e+01
9.030000000000000000e+03 3.582690492536010396e+01
9.050000000000000000e+03 3.584565097912999931e+01
9.070000000000000000e+03 3.584468628762798659e+01
9.090000000000000000e+03 3.582909110521634233e+01
9.110000000000000000e+03 3.583230185708956839e+01
9.130000000000000000e+03 3.584118521097639132e+01
9.150000000000000000e+03 3.583591059011580171e+01
9.170000000000000000e+03 3.583460881927365449e+01
9.190000000000000000e+03 3.584012855420342447e+01
9.210000000000000000e+03 3.581799840022107873e+01
9.230000000000000000e+03 3.579902634707386255e+01
9.250000000000000000e+03 3.580958486007327224e+01
9.270000000000000000e+03 3.581078540485263062e+01
9.290000000000000000e+03 3.580663153169913215e+01
9.310000000000000000e+03 3.581345641488763221e+01
9.330000000000000000e+03 3.581176041375902486e+01
9.350000000000000000e+03 3.580830262875994663e+01
9.370000000000000000e+03 3.579922975205870728e+01
9.390000000000000000e+03 3.580870854883533383e+01
9.410000000000000000e+03 3.579827819464017580e+01
9.430000000000000000e+03 3.580871448213728314e+01
9.450000000000000000e+03 3.579875554930559645e+01
9.470000000000000000e+03 3.580843407467158812e+01
9.490000000000000000e+03 3.580940255610661183e+01
9.510000000000000000e+03 3.580400757350106744e+01
9.530000000000000000e+03 3.580173231656902999e+01
9.550000000000000000e+03 3.577648220665560785e+01
9.570000000000000000e+03 3.579366018075491951e+01
9.590000000000000000e+03 3.580703667797240541e+01
9.610000000000000000e+03 3.579936534277418758e+01
9.630000000000000000e+03 3.580177839063392042e+01
9.650000000000000000e+03 3.578985230775248283e+01
9.670000000000000000e+03 3.578886761324049814e+01
9.690000000000000000e+03 3.579823529165974350e+01
9.710000000000000000e+03 3.579243796107942899e+01
9.730000000000000000e+03 3.578914852224226451e+01
9.750000000000000000e+03 3.578673000093191092e+01
9.770000000000000000e+03 3.578828334438122738e+01
9.790000000000000000e+03 3.577978828263635336e+01
9.810000000000000000e+03 3.579408347490095110e+01
9.830000000000000000e+03 3.578668140910117756e+01
9.850000000000000000e+03 3.579342374399466564e+01
9.870000000000000000e+03 3.578942149845088494e+01
9.890000000000000000e+03 3.578806863391558579e+01
9.910000000000000000e+03 3.578512163699726045e+01
9.930000000000000000e+03 3.578470553742509708e+01
9.950000000000000000e+03 3.578300886037101236e+01
9.970000000000000000e+03 3.578389413361654903e+01
9.990000000000000000e+03 3.578177778770739792e+01
1.002500000000000000e+04 3.577106725319227820e+01
1.007500000000000000e+04 3.576081869795152102e+01
1.012500000000000000e+04 3.576845800578584544e+01
1.017500000000000000e+04 3.576136735957374668e+01
1.022500000000000000e+04 3.575967416378394148e+01
1.027500000000000000e+04 3.575799862373661142e+01
1.032500000000000000e+04 3.574777368553809964e+01
1.037500000000000000e+04 3.574204144888945933e+01
1.042500000000000000e+04 3.574242840331754678e+01
1.047500000000000000e+04 3.573802131800928805e+01
1.052500000000000000e+04 3.573669702119332214e+01
1.057500000000000000e+04 3.572816743843780785e+01
1.062500000000000000e+04 3.572694899148901015e+01
1.067500000000000000e+04 3.571572675348775050e+01
1.072500000000000000e+04 3.571469113911732762e+01
1.077500000000000000e+04 3.570907999987427672e+01
1.082500000000000000e+04 3.570078851414007914e+01
1.087500000000000000e+04 3.570033212719003757e+01
1.092500000000000000e+04 3.569471053952354112e+01
1.097500000000000000e+04 3.569286634869126829e+01
1.102500000000000000e+04 3.569354863690212909e+01
1.107500000000000000e+04 3.569027691443519501e+01
1.112500000000000000e+04 3.568610155107925408e+01
1.117500000000000000e+04 3.567929698014139461e+01
1.122500000000000000e+04 3.567732165667682409e+01
1.127500000000000000e+04 3.566873678696476446e+01
1.132500000000000000e+04 3.566539251663542132e+01
1.137500000000000000e+04 3.565974504133770751e+01
1.142500000000000000e+04 3.565443915639245631e+01
1.147500000000000000e+04 3.565715748328548074e+01
1.152500000000000000e+04 3.565459310799623438e+01
1.157500000000000000e+04 3.564622697199507684e+01
1.162500000000000000e+04 3.563851007896789014e+01
1.167500000000000000e+04 3.563737437885895787e+01
1.172500000000000000e+04 3.563880936046009396e+01
1.177500000000000000e+04 3.562895080709176199e+01
1.182500000000000000e+04 3.562517833479139995e+01
1.187500000000000000e+04 3.561634288127211079e+01
1.192500000000000000e+04 3.562181979467139570e+01
1.197500000000000000e+04 3.560449551274235347e+01
1.202500000000000000e+04 3.561265730751475900e+01
1.207500000000000000e+04 3.560638961678682790e+01
1.212500000000000000e+04 3.560510462339803439e+01
1.217500000000000000e+04 3.560384366462156436e+01
1.222500000000000000e+04 3.559947688220478312e+01
1.227500000000000000e+04 3.559507023011440197e+01
1.232500000000000000e+04 3.558973043866876651e+01
1.237500000000000000e+04 3.558848662651025307e+01
1.242500000000000000e+04 3.558364226573304023e+01
1.247500000000000000e+04 3.558131139491360528e+01
1.252500000000000000e+04 3.557471365001028829e+01
1.257500000000000000e+04 3.557319140914243150e+01
1.262500000000000000e+04 3.556989508278427792e+01
1.267500000000000000e+04 3.556395911560304768e+01
1.272500000000000000e+04 3.556308524712447650e+01
1.277500000000000000e+04 3.556292071942714017e+01
1.282500000000000000e+04 3.554065334554576339e+01
1.287500000000000000e+04 3.555164124136435078e+01
1.292500000000000000e+04 3.554216489138300261e+01
1.297500000000000000e+04 3.554919822997661782e+01
1.302500000000000000e+04 3.554136878393657639e+01
1.307500000000000000e+04 3.554447128136170164e+01
1.312500000000000000e+04 3.553347381658651472e+01
1.317500000000000000e+04 3.553342529150827289e+01
1.322500000000000000e+04 3.553355497764698612e+01
1.327500000000000000e+04 3.552451966100228731e+01
1.332500000000000000e+04 3.552930689991366364e+01
1.337500000000000000e+04 3.552284410633163247e+01
1.342500000000000000e+04 3.552625592900328400e+01
1.347500000000000000e+04 3.552272956391171022e+01
1.352500000000000000e+04 3.552118280004741990e+01
1.357500000000000000e+04 3.551362762344696478e+01
1.362500000000000000e+04 3.550993565087471637e+01
1.367500000000000000e+04 3.551266107534651439e+01
1.372500000000000000e+04 3.551424397836566271e+01
1.377500000000000000e+04 3.551023428923554803e+01
1.382500000000000000e+04 3.551124912047716009e+01
1.387500000000000000e+04 3.550413758204381054e+01
1.392500000000000000e+04 3.550785986976805475e+01
1.397500000000000000e+04 3.550793733651379114e+01
1.402500000000000000e+04 3.549926496052469815e+01
1.407500000000000000e+04 3.550443486648252644e+01
1.412500000000000000e+04 3.549784226029258605e+01
1.417500000000000000e+04 3.550207948773109479e+01
1.422500000000000000e+04 3.549522926483990659e+01
1.427500000000000000e+04 3.548498361638149845e+01
1.432500000000000000e+04 3.549559869721518623e+01
1.437500000000000000e+04 3.549527909267780501e+01
1.442500000000000000e+04 3.548312041735592004e+01
1.447500000000000000e+04 3.549202838397498283e+01
1.452500000000000000e+04 3.548688642562673579e+01
1.457000000000000000e+04 3.548894988038076548e+01
1.462000000000000000e+04 3.548956794559336458e+01
1.467500000000000000e+04 3.548883731522555252e+01
1.472500000000000000e+04 3.547999022015306991e+01
1.477500000000000000e+04 3.548463784784201636e+01
1.482500000000000000e+04 3.548374706751936714e+01
1.487500000000000000e+04 3.547940425126994057e+01
1.492500000000000000e+04 3.548975207795884046e+01
1.497500000000000000e+04 3.548190592179037139e+01
1.502500000000000000e+04 3.548014454968522813e+01
1.507500000000000000e+04 3.547507387848128246e+01
1.512500000000000000e+04 3.548229068187881552e+01
1.517500000000000000e+04 3.548229578647261917e+01
1.522500000000000000e+04 3.548352146270439533e+01
1.527500000000000000e+04 3.548665586614220047e+01
1.532500000000000000e+04 3.548294455644007428e+01
1.537500000000000000e+04 3.548865693195503468e+01
1.542500000000000000e+04 3.548708757416754622e+01
1.547500000000000000e+04 3.548766977487219521e+01
1.552500000000000000e+04 3.548006060311718812e+01
1.557500000000000000e+04 3.545202429199945726e+01
1.562500000000000000e+04 3.546562718484961607e+01
1.567500000000000000e+04 3.546583969439672757e+01
1.572500000000000000e+04 3.548036817517764518e+01
1.577500000000000000e+04 3.543329402816576845e+01
1.582500000000000000e+04 3.544563684029094475e+01
1.587500000000000000e+04 3.544566040805330687e+01
1.592500000000000000e+04 3.545985424555308896e+01
1.597500000000000000e+04 3.544031592582575030e+01
1.605000000000000000e+04 3.548173044391694475e+01
1.615000000000000000e+04 3.548048551540323103e+01
1.625000000000000000e+04 3.548027681554892609e+01
1.635000000000000000e+04 3.547989593335015712e+01
1.645000000000000000e+04 3.547016299436506159e+01
1.655000000000000000e+04 3.546755778555622385e+01
1.665000000000000000e+04 3.546098659754967741e+01
1.675000000000000000e+04 3.545041523800960448e+01
1.685000000000000000e+04 3.544039015627838296e+01
1.695000000000000000e+04 3.544146746018975591e+01
1.705000000000000000e+04 3.542550711004565045e+01
1.715000000000000000e+04 3.542494169251587266e+01
1.725000000000000000e+04 3.540805325806304182e+01
1.735000000000000000e+04 3.540099654268830420e+01
1.745000000000000000e+04 3.539551133812364014e+01
1.755000000000000000e+04 3.538689907505136034e+01
1.765000000000000000e+04 3.538176748002160110e+01
1.775000000000000000e+04 3.537101422686922803e+01
1.785000000000000000e+04 3.536943818835166553e+01
1.795000000000000000e+04 3.535803733875857091e+01
1.805000000000000000e+04 3.534729177477466067e+01
1.815000000000000000e+04 3.534243123592482050e+01
1.825000000000000000e+04 3.533314155891184072e+01
1.835000000000000000e+04 3.532416014197237786e+01
1.845000000000000000e+04 3.531493058856562328e+01
1.855000000000000000e+04 3.531235827318735687e+01
1.865000000000000000e+04 3.529793994191994955e+01
1.875000000000000000e+04 3.529224294402951045e+01
1.885000000000000000e+04 3.528822482033191221e+01
1.895000000000000000e+04 3.526586723841099058e+01
1.905000000000000000e+04 3.527805781255661088e+01
1.915000000000000000e+04 3.526827695471002500e+01
1.925000000000000000e+04 3.526351920805709739e+01
1.935000000000000000e+04 3.524901754963406120e+01
1.945000000000000000e+04 3.523899919893827359e+01
1.955000000000000000e+04 3.524117184355741017e+01
1.965000000000000000e+04 3.523296678303337615e+01
1.975000000000000000e+04 3.522176532834069462e+01
1.985000000000000000e+04 3.521862091683250640e+01
1.995000000000000000e+04 3.521280836608345766e+01
2.005000000000000000e+04 3.521226731578815361e+01
2.015000000000000000e+04 3.520501518205294644e+01
2.025000000000000000e+04 3.518967904704697958e+01
2.035000000000000000e+04 3.518581832258412589e+01
2.045000000000000000e+04 3.518737050024132884e+01
2.055000000000000000e+04 3.517811181227128259e+01
2.065000000000000000e+04 3.516989833722988124e+01
2.075000000000000000e+04 3.516500198589476867e+01
2.085000000000000000e+04 3.515588404685504287e+01
2.095000000000000000e+04 3.514693119991265746e+01
2.105000000000000000e+04 3.514711090420436790e+01
2.115000000000000000e+04 3.513751862440167884e+01
2.125000000000000000e+04 3.512990984506943448e+01
2.135000000000000000e+04 3.512976218867019895e+01
2.145000000000000000e+04 3.512212990539084956e+01
2.155000000000000000e+04 3.511369299450140602e+01
2.165000000000000000e+04 3.510728291950790947e+01
2.175000000000000000e+04 3.509773334049921800e+01
2.185000000000000000e+04 3.509369042827190555e+01
2.195000000000000000e+04 3.508889209961507305e+01
2.205000000000000000e+04 3.507429923719844567e+01
2.215000000000000000e+04 3.507907389860285718e+01
2.225000000000000000e+04 3.506263332565616508e+01
2.235000000000000000e+04 3.505918045191670984e+01
2.245000000000000000e+04 3.505377714967394809e+01
2.255000000000000000e+04 3.505118790294800135e+01
2.265000000000000000e+04 3.503775096581436799e+01
2.275000000000000000e+04 3.504084619991594707e+01
2.285000000000000000e+04 3.502919643597313382e+01
2.295000000000000000e+04 3.494002497422219733e+01
2.305000000000000000e+04 3.497950143728846228e+01
2.315000000000000000e+04 3.497299966929926285e+01
2.325000000000000000e+04 3.489272572935306727e+01
2.335000000000000000e+04 3.493785407962256784e+01
2.345000000000000000e+04 3.491206952959846888e+01
2.355000000000000000e+04 3.483787638603464387e+01
2.365000000000000000e+04 3.489607500977451338e+01
2.375000000000000000e+04 3.487007684776723693e+01
2.385000000000000000e+04 3.481420716980686336e+01
2.395000000000000000e+04 3.486240527223189645e+01
2.405000000000000000e+04 3.485015405880985639e+01
2.415000000000000000e+04 3.479812558243710896e+01
2.425000000000000000e+04 3.483865599708772010e+01
2.435000000000000000e+04 3.482853624775973600e+01
2.445000000000000000e+04 3.479848674462213864e+01
2.455000000000000000e+04 3.480254003263458884e+01
2.465000000000000000e+04 3.481995224857961091e+01
2.475000000000000000e+04 3.480198880461760069e+01
2.485000000000000000e+04 3.477638921402640904e+01
2.495000000000000000e+04 3.479384223927426234e+01
2.505000000000000000e+04 3.481227800275300410e+01
2.515000000000000000e+04 3.476330875850739943e+01
2.525000000000000000e+04 3.479032952552541502e+01
2.535000000000000000e+04 3.478773473299244756e+01
2.545000000000000000e+04 3.477967818757056762e+01
2.555000000000000000e+04 3.476945016913802533e+01
2.565000000000000000e+04 3.477156367114254465e+01
2.575000000000000000e+04 3.477641523093758735e+01
2.585000000000000000e+04 3.474812786927498109e+01
2.595000000000000000e+04 3.475392734150234730e+01
2.605000000000000000e+04 3.476485076490096304e+01
2.615000000000000000e+04 3.475145766995376562e+01
2.625000000000000000e+04 3.474442284837955697e+01
2.635000000000000000e+04 3.475014332005603990e+01
2.645000000000000000e+04 3.474751759982791555e+01
2.655000000000000000e+04 3.473832726679903971e+01
2.665000000000000000e+04 3.472877923431060054e+01
2.675000000000000000e+04 3.474484239182611134e+01
2.685000000000000000e+04 3.473841089147308736e+01
2.695000000000000000e+04 3.471875752647841296e+01
2.705000000000000000e+04 3.472933702003042811e+01
2.715000000000000000e+04 3.472375540736748434e+01
2.725000000000000000e+04 3.472655730934349094e+01
2.735000000000000000e+04 3.470582569709725362e+01
2.745000000000000000e+04 3.471380152266561936e+01
2.755000000000000000e+04 3.471567582523913131e+01
2.765000000000000000e+04 3.470598180842628722e+01
2.775000000000000000e+04 3.469221541044917956e+01
2.785000000000000000e+04 3.469875418426752844e+01
2.795000000000000000e+04 3.469979471619070921e+01
2.805000000000000000e+04 3.469435999757892120e+01
2.815000000000000000e+04 3.468187433155266319e+01
2.825000000000000000e+04 3.468302319158448199e+01
2.835000000000000000e+04 3.468352709510980958e+01
2.845000000000000000e+04 3.467753354981081060e+01
2.855000000000000000e+04 3.467082999554225609e+01
2.865000000000000000e+04 3.466769352897278367e+01
2.875000000000000000e+04 3.466431823142606561e+01
2.885000000000000000e+04 3.465989515365429696e+01
2.895000000000000000e+04 3.465510745736740006e+01
2.905000000000000000e+04 3.464950149206333663e+01
2.915000000000000000e+04 3.464716606516952879e+01
2.925000000000000000e+04 3.463595427180671749e+01
2.935000000000000000e+04 3.463926936181227489e+01
2.945000000000000000e+04 3.463138409470143131e+01
2.955000000000000000e+04 3.462680571623765502e+01
2.965000000000000000e+04 3.462527358286367729e+01
2.975000000000000000e+04 3.462091781823601622e+01
2.985000000000000000e+04 3.461381751281982844e+01
2.995000000000000000e+04 3.460946693628416426e+01
3.005000000000000000e+04 3.460430499294051288e+01
3.015000000000000000e+04 3.460181204883814132e+01
3.025000000000000000e+04 3.459452420520583615e+01
3.035000000000000000e+04 3.458825941760533595e+01
3.045000000000000000e+04 3.458644009807351694e+01
3.055000000000000000e+04 3.458012933733552785e+01
3.065000000000000000e+04 3.457551366945807558e+01
3.075000000000000000e+04 3.457179658093832586e+01
3.085000000000000000e+04 3.456366712500764748e+01
3.095000000000000000e+04 3.455975587634695501e+01
3.105000000000000000e+04 3.455753540056807083e+01
3.115000000000000000e+04 3.454856919068824084e+01
3.125000000000000000e+04 3.454623585270063302e+01
3.135000000000000000e+04 3.454142908498299391e+01
3.145000000000000000e+04 3.453588233521708162e+01
3.155000000000000000e+04 3.453079887157442585e+01
3.165000000000000000e+04 3.452369420176524528e+01
3.175000000000000000e+04 3.452173129778697103e+01
3.185000000000000000e+04 3.451610987822929388e+01
3.195000000000000000e+04 3.451209718203371324e+01
3.210000000000000000e+04 3.450377018346559765e+01
3.230000000000000000e+04 3.449257250585744572e+01
3.250000000000000000e+04 3.448296619152603171e+01
3.270000000000000000e+04 3.447225538069750428e+01
3.290000000000000000e+04 3.446221675231450376e+01
3.310000000000000000e+04 3.445216072742879021e+01
3.330000000000000000e+04 3.444180080595311466e+01
3.350000000000000000e+04 3.443410696709929653e+01
3.370000000000000000e+04 3.442355159883521054e+01
3.390000000000000000e+04 3.441333380611815329e+01
3.410000000000000000e+04 3.440248298166123675e+01
3.430000000000000000e+04 3.439509579430494313e+01
3.450000000000000000e+04 3.438620472329875355e+01
3.470000000000000000e+04 3.437666514514820193e+01
3.490000000000000000e+04 3.436757951718095683e+01
3.510000000000000000e+04 3.435907657251749470e+01
3.530000000000000000e+04 3.434811613637213412e+01
3.550000000000000000e+04 3.434047910632737199e+01
3.570000000000000000e+04 3.433093916705703919e+01
3.590000000000000000e+04 3.432144811090157077e+01
3.610000000000000000e+04 3.431386418710611963e+01
3.630000000000000000e+04 3.430502357027840077e+01
3.650000000000000000e+04 3.429398209893587079e+01
3.670000000000000000e+04 3.428524839139244307e+01
3.690000000000000000e+04 3.427339605579958004e+01
3.710000000000000000e+04 3.426326958357175556e+01
3.730000000000000000e+04 3.425778987356782324e+01
3.750000000000000000e+04 3.424524770866556622e+01
3.770000000000000000e+04 3.424087194485563401e+01
3.790000000000000000e+04 3.423209300198581673e+01
3.810000000000000000e+04 3.422465458122273674e+01
3.830000000000000000e+04 3.421745748416373800e+01
3.850000000000000000e+04 3.420973572970486742e+01
3.870000000000000000e+04 3.419815185130619994e+01
3.890000000000000000e+04 3.419118996328595017e+01
3.910000000000000000e+04 3.418398969475483540e+01
3.930000000000000000e+04 3.417599647182114353e+01
3.950000000000000000e+04 3.416468139503114543e+01
3.970000000000000000e+04 3.415738008689476146e+01
3.990000000000000000e+04 3.414551985308493443e+01
4.010000000000000000e+04 3.413999476426801039e+01
4.030000000000000000e+04 3.413426501670472391e+01
4.050000000000000000e+04 3.412508523875636257e+01
4.070000000000000000e+04 3.411807298319172332e+01
4.090000000000000000e+04 3.411045860934437712e+01
4.110000000000000000e+04 3.410254493302696233e+01
4.130000000000000000e+04 3.409567551855858625e+01
4.150000000000000000e+04 3.408687490962412880e+01
4.170000000000000000e+04 3.407831268747040099e+01
4.190000000000000000e+04 3.407004814942448689e+01
4.210000000000000000e+04 3.406148208924289378e+01
4.230000000000000000e+04 3.405704578199436128e+01
4.250000000000000000e+04 3.404707859484538801e+01
4.270000000000000000e+04 3.404104647684123108e+01
4.290000000000000000e+04 3.400022589572873954e+01
4.310000000000000000e+04 3.395261911607830996e+01
4.330000000000000000e+04 3.396118169651713004e+01
4.350000000000000000e+04 3.392429486201776001e+01
4.370000000000000000e+04 3.390425316892435603e+01
4.390000000000000000e+04 3.388668416136007977e+01
4.410000000000000000e+04 3.385355788806335653e+01
4.430000000000000000e+04 3.384944468550146723e+01
4.450000000000000000e+04 3.383748461003606423e+01
4.470000000000000000e+04 3.381131049432747204e+01
4.490000000000000000e+04 3.381966579161509401e+01
4.510000000000000000e+04 3.380199591978475837e+01
4.530000000000000000e+04 3.378595643218839939e+01
4.550000000000000000e+04 3.379068050922290922e+01
4.570000000000000000e+04 3.378324392769751938e+01
4.590000000000000000e+04 3.376227673920411121e+01
4.610000000000000000e+04 3.377341984003778208e+01
4.630000000000000000e+04 3.375982787305633082e+01
4.650000000000000000e+04 3.375652806370445091e+01
4.670000000000000000e+04 3.375993530549096988e+01
4.690000000000000000e+04 3.374759063375480395e+01
4.710000000000000000e+04 3.373752083665252144e+01
4.730000000000000000e+04 3.374704249249192856e+01
4.750000000000000000e+04 3.373355831487460676e+01
4.770000000000000000e+04 3.372827878503977672e+01
4.790000000000000000e+04 3.372682156906421369e+01
4.810000000000000000e+04 3.371067292185322373e+01
4.830000000000000000e+04 3.372157002310089524e+01
4.850000000000000000e+04 3.371151344154051088e+01
4.870000000000000000e+04 3.370025968127335148e+01
4.890000000000000000e+04 3.369481217628167258e+01
4.910000000000000000e+04 3.369056822554191655e+01
4.930000000000000000e+04 3.368430338221367037e+01
4.950000000000000000e+04 3.367296819022897125e+01
4.970000000000000000e+04 3.367863894021519400e+01
4.990000000000000000e+04 3.367060838665759803e+01
5.010000000000000000e+04 3.366643800626744110e+01
5.030000000000000000e+04 3.366106308854705276e+01
5.050000000000000000e+04 3.364879250875784322e+01
5.070000000000000000e+04 3.365032739472239598e+01
5.090000000000000000e+04 3.364282220917942112e+01
5.110000000000000000e+04 3.363566413416237566e+01
5.130000000000000000e+04 3.363453422490306366e+01
5.150000000000000000e+04 3.362474282957431626e+01
5.170000000000000000e+04 3.362861432846423781e+01
5.190000000000000000e+04 3.362032393472431835e+01
5.210000000000000000e+04 3.361741798086774935e+01
5.230000000000000000e+04 3.360828122848517552e+01
5.250000000000000000e+04 3.360742827684675404e+01
5.270000000000000000e+04 3.361193714301562352e+01
5.290000000000000000e+04 3.359726025125623039e+01
5.310000000000000000e+04 3.358892501368156047e+01
5.330000000000000000e+04 3.359062808637548869e+01
5.350000000000000000e+04 3.358492349843120905e+01
5.370000000000000000e+04 3.358129306591786900e+01
5.390000000000000000e+04 3.357791501557282743e+01
5.410000000000000000e+04 3.357414419577654030e+01
5.430000000000000000e+04 3.356419329181834854e+01
5.450000000000000000e+04 3.356775210007278076e+01
5.470000000000000000e+04 3.355551838517529717e+01
5.490000000000000000e+04 3.355663949837992988e+01
5.510000000000000000e+04 3.354658180485024133e+01
5.530000000000000000e+04 3.355961756474424362e+01
5.550000000000000000e+04 3.353991465145278283e+01
5.570000000000000000e+04 3.354406651999161681e+01
5.590000000000000000e+04 3.353540597827441161e+01
5.610000000000000000e+04 3.353802421948892487e+01
5.630000000000000000e+04 3.352478073004371595e+01
5.650000000000000000e+04 3.352750886531962493e+01
5.670000000000000000e+04 3.352229392994266988e+01
5.690000000000000000e+04 3.351069573527693279e+01
5.710000000000000000e+04 3.351477970737610690e+01
5.730000000000000000e+04 3.351026467525440466e+01
5.750000000000000000e+04 3.350464684824335393e+01
5.770000000000000000e+04 3.349982971523072450e+01
5.790000000000000000e+04 3.349990679646255387e+01
5.810000000000000000e+04 3.349250759212522865e+01
5.830000000000000000e+04 3.348881485536909963e+01
5.850000000000000000e+04 3.348403395215333944e+01
5.870000000000000000e+04 3.347543365286023231e+01
5.890000000000000000e+04 3.347287598082673554e+01
5.910000000000000000e+04 3.346782608977229501e+01
5.930000000000000000e+04 3.346577151040356313e+01
5.950000000000000000e+04 3.345808477591050689e+01
5.970000000000000000e+04 3.345755856986815502e+01
5.990000000000000000e+04 3.345314722934017482e+01
6.010000000000000000e+04 3.344829157737117242e+01
6.030000000000000000e+04 3.344315112537982770e+01
6.050000000000000000e+04 3.343542923081849239e+01
6.070000000000000000e+04 3.343175884998994007e+01
6.090000000000000000e+04 3.342620416862707344e+01
6.110000000000000000e+04 3.342080086634132385e+01
6.130000000000000000e+04 3.341858541694742257e+01
6.150000000000000000e+04 3.341523603293304490e+01
6.170000000000000000e+04 3.341327473772893342e+01
6.190000000000000000e+04 3.340674390887159007e+01
6.210000000000000000e+04 3.340432174361839657e+01
6.230000000000000000e+04 3.339715783130011317e+01
6.250000000000000000e+04 3.338984264526601464e+01
6.270000000000000000e+04 3.338539325941879810e+01
6.290000000000000000e+04 3.338166241732255202e+01
6.310000000000000000e+04 3.337686846033709287e+01
6.330000000000000000e+04 3.337513914684647176e+01
6.350000000000000000e+04 3.336873294031587278e+01
6.370000000000000000e+04 3.336730087530715139e+01
6.390000000000000000e+04 3.336006120167011346e+01
6.420000000000000000e+04 3.335389855730819164e+01
6.460000000000000000e+04 3.334313517186619436e+01
6.500000000000000000e+04 3.333439229489515299e+01
6.540000000000000000e+04 3.332457163399623568e+01
6.580000000000000000e+04 3.331652312269675775e+01
6.620000000000000000e+04 3.330633846765911699e+01
6.660000000000000000e+04 3.329715350668736562e+01
6.700000000000000000e+04 3.328835089622818799e+01
6.740000000000000000e+04 3.327823596367898062e+01
6.780000000000000000e+04 3.326896312066408967e+01
6.820000000000000000e+04 3.325934485879584201e+01
6.860000000000000000e+04 3.325103957207480221e+01
6.900000000000000000e+04 3.324105075626398786e+01
6.940000000000000000e+04 3.323197968489174059e+01
6.980000000000000000e+04 3.322271536863119934e+01
7.020000000000000000e+04 3.321312563136110896e+01
7.060000000000000000e+04 3.320447108893833388e+01
7.100000000000000000e+04 3.319500637996584658e+01
7.140000000000000000e+04 3.318621957322299920e+01
7.180000000000000000e+04 3.317672303614398999e+01
7.220000000000000000e+04 3.316794291272923090e+01
7.260000000000000000e+04 3.315859595279616201e+01
7.300000000000000000e+04 3.314965397514241374e+01
7.340000000000000000e+04 3.314026754303177569e+01
7.380000000000000000e+04 3.313148850665599809e+01
7.420000000000000000e+04 3.312160457746186637e+01
7.460000000000000000e+04 3.311248744823841150e+01
7.500000000000000000e+04 3.310366255570954763e+01
7.540000000000000000e+04 3.309480148092833218e+01
7.580000000000000000e+04 3.308682954272906329e+01
7.620000000000000000e+04 3.307822616666547333e+01
7.660000000000000000e+04 3.306935981505121447e+01
7.700000000000000000e+04 3.306038169890692302e+01
7.740000000000000000e+04 3.305179427516727486e+01
7.780000000000000000e+04 3.304323991451789055e+01
7.820000000000000000e+04 3.303437889667011973e+01
7.860000000000000000e+04 3.302605548487388631e+01
7.900000000000000000e+04 3.301739450341835891e+01
7.940000000000000000e+04 3.300885341800217532e+01
7.980000000000000000e+04 3.300062822931654694e+01
8.020000000000000000e+04 3.299154934414986684e+01
8.060000000000000000e+04 3.298323744476682862e+01
8.100000000000000000e+04 3.297521638272551314e+01
8.140000000000000000e+04 3.296661847883672891e+01
8.180000000000000000e+04 3.295879236019568737e+01
8.220000000000000000e+04 3.295039791440388655e+01
8.260000000000000000e+04 3.294213331316564108e+01
8.300000000000000000e+04 3.293403393638098464e+01
8.340000000000000000e+04 3.292551824921238790e+01
8.380000000000000000e+04 3.291733209068720356e+01
8.420000000000000000e+04 3.290956693631783736e+01
8.460000000000000000e+04 3.290138060743223747e+01
8.500000000000000000e+04 3.289341842127274163e+01
8.540000000000000000e+04 3.288556106969504356e+01
8.580000000000000000e+04 3.287781186980305392e+01
8.620000000000000000e+04 3.287007636873710936e+01
8.660000000000000000e+04 3.286242203685286256e+01
8.700000000000000000e+04 3.285442355732613606e+01
8.740000000000000000e+04 3.284672808822064383e+01
8.780000000000000000e+04 3.283892185610567793e+01
8.820000000000000000e+04 3.283084472108104990e+01
8.860000000000000000e+04 3.282320575402398788e+01
8.900000000000000000e+04 3.281585587641656332e+01
8.940000000000000000e+04 3.280810429918800963e+01
8.980000000000000000e+04 3.280025467344101031e+01
9.020000000000000000e+04 3.279320137181797179e+01
9.060000000000000000e+04 3.278578603288674742e+01
9.100000000000000000e+04 3.277735942050829010e+01
9.140000000000000000e+04 3.277062987803887495e+01
9.180000000000000000e+04 3.276331931137391962e+01
9.220000000000000000e+04 3.275641337642541373e+01
9.260000000000000000e+04 3.274882183626410637e+01
9.300000000000000000e+04 3.274156448017633636e+01
9.340000000000000000e+04 3.273418471376664485e+01
9.380000000000000000e+04 3.272695959045027791e+01
9.420000000000000000e+04 3.271977490268839261e+01
9.460000000000000000e+04 3.271243483196395374e+01
9.500000000000000000e+04 3.270532189937630108e+01
9.540000000000000000e+04 3.269821914557682874e+01
9.580000000000000000e+04 3.269116868168809731e+01
9.620000000000000000e+04 3.268407430927484825e+01
9.660000000000000000e+04 3.267708665173122284e+01
9.700000000000000000e+04 3.267009894774693635e+01
9.740000000000000000e+04 3.266240460770448806e+01
9.780000000000000000e+04 3.265603949775616854e+01
9.820000000000000000e+04 3.264910315718385192e+01
9.860000000000000000e+04 3.264217600413453368e+01
9.900000000000000000e+04 3.263551687304295257e+01
9.940000000000000000e+04 3.262846408311913393e+01
9.980000000000000000e+04 3.262170186728748433e+01
1.002000000000000000e+05 3.261488238687673658e+01
2.000000000000000000e+05 3.143175697388286594e+01
4.000000000000000000e+05 3.023338019524246789e+01
6.000000000000000000e+05 2.952835566906343701e+01
8.000000000000000000e+05 2.902702657611619941e+01
1.000000000000000000e+06 2.863747350365236599e+01
1.200000000000000000e+06 -inf
1.400000000000000000e+06 -inf
1.600000000000000000e+06 -inf
