2.736383603689372723e+00
2.736426415962833314e+00
2.736440489887288496e+00
2.279807554165455219e+00
2.309782653383400941e+00
2.562719186989108611e+00
2.540215669943242105e+00
2.482985896765829814e+00
2.335214908128113720e+00
2.295709336465793893e+00
2.073034272769734176e+00
1.708871267166188090e+00
1.803667990587482173e+00
1.551825238932232232e+00
1.391523834565010720e+00
1.204419821005269897e+00
1.128437800128623492e+00
1.404543883215111144e+00
1.249130086461954114e+00
1.113018698016313701e+00
6.071830316906249303e-01
9.924918015571169150e-01
8.892441276745296497e-01
8.070304191596958665e-01
6.266738418175971104e-01
-1.406448786974021647e-01
5.918461828237904232e-01
5.330452224502573166e-01
4.864020197548026836e-01
-2.821293791996902223e-01
4.706758708468852248e-01
4.489615606265410230e-01
-5.030762126774958043e-01
2.610011069186707888e-01
2.143309129277329028e-01
1.662193626984317940e-01
-2.524366843533301097e-01
-4.013022568432449144e-02
-4.901663314831330304e-02
-5.558725238668602575e-01
-5.435635575253462415e-01
-4.066914380113733629e-01
-9.306694739525104287e-01
-2.971130081402686973e-01
-1.994260057043646117e-01
3.549319059362299189e-01
3.570240897376575351e-01
2.226179430775608314e-01
2.655444819430781145e-01
2.666765627109900505e-01
2.688685096052735313e-01
2.702270383728281877e-01
2.092903087333808088e-01
6.047042434545098905e-02
6.179416722947737861e-02
6.367188699106966776e-02
6.614715715276468788e-02
-9.506587267535668850e-01
-1.227441351606764597e+00
-1.011164376874687187e+00
-9.550870311144703528e-01
-8.784338360876231544e-01
-7.887150043985041714e-01
-7.971072007987903829e-01
-8.979230581162503944e-01
-9.061403492689326100e-01
-2.002968223659054858e-01
-1.994903467649641049e-01
-2.612670719185909984e-01
-2.588624527302924583e-01
-2.570583831087498439e-01
-4.554564305608950203e-01
-4.536075156871777203e-01
-4.520878164057337556e-01
-4.393840728871662438e-01
-2.563396331291613706e+00
-2.050276642731491794e+00
-1.840795210452910835e+00
-1.715779998858333766e+00
-1.647702862514340616e+00
-1.608876432223578012e+00
-1.568482815212810966e+00
-1.460169728739336925e+00
-1.470414403088286193e+00
-1.478373506807141968e+00
-1.486272040587802046e+00
-1.495230339617165338e+00
-6.208032730771053664e-01
-6.204972686588565711e-01
-6.198772374370575822e-01
-6.187174032518489852e-01
-6.176250207088253008e-01
-6.170113911453238842e-01
-6.159927521739605449e-01
-6.154271237068434930e-01
-6.143560027022726411e-01
-6.138690670468630595e-01
-8.579916545961452368e-01
-8.572368404811372411e-01
-8.570009105417588646e-01
-8.566717456096870631e-01
-8.552391609260889815e-01
-8.547752875574241571e-01
-8.109578352981456906e-01
-8.095212707056486101e-01
-8.091544700104258414e-01
-8.087375954375735088e-01
-8.072979527302053260e-01
-8.059343986875440180e-01
-8.055649644064681869e-01
-8.042140620783517768e-01
-1.085495894370137826e+00
-1.085101102323391409e+00
-1.084384452240429342e+00
-1.083474394930369566e+00
-1.082405785697937217e+00
-7.933655750957409047e-01
-1.070760994412782940e+00
-2.133230026196103690e+00
-3.300424419111938068e+00
-3.300649986480479914e+00
-3.162548387140359463e+00
-2.935346062514016641e+00
-2.813928824705857146e+00
-2.759549387086653649e+00
-2.660781297519272837e+00
-2.636789891800457752e+00
-2.549741326326588897e+00
-2.486363958114129691e+00
-2.493697383061385331e+00
-2.391800317253015784e+00
-2.395140605456863803e+00
-2.420451549023213467e+00
-2.429250844334671200e+00
-2.364139932151009482e+00
-2.372017576148804707e+00
-2.375055479539529557e+00
-2.381752293461678605e+00
-2.393034111769297478e+00
-2.469154718687482042e+00
-2.581975471403398448e+00
-1.297568278289317423e+00
-1.297568278289317423e+00
-1.299020498419424019e+00
-1.611540989787301204e+00
-1.611540989787301204e+00
-1.610552948015073316e+00
-1.610552948015073316e+00
-1.610037048165481766e+00
-1.610037048165481766e+00
-1.608970073333676254e+00
-1.608970073333676254e+00
-1.608970073333676254e+00
-1.608457730696743582e+00
-1.609030842055012123e+00
-1.608022467212674167e+00
-1.608022467212674167e+00
-1.607039740508106274e+00
-1.607604684629363012e+00
-1.606676744501827958e+00
-1.606676744501827958e+00
-1.605718866987388971e+00
-1.606174346846167111e+00
-1.605212057758233168e+00
-1.605782552689835496e+00
-1.604870435166797060e+00
-1.604870435166797060e+00
-1.604354806157419766e+00
-1.604354806157419766e+00
-1.603493104486444221e+00
-1.603493104486444221e+00
-1.602999796260794918e+00
-1.602999796260794918e+00
-1.602091644811734827e+00
-1.601239638547163002e+00
-1.601825156943885275e+00
-1.601549964234425083e+00
-1.601549964234425083e+00
-1.600654761121013792e+00
-1.600654761121013792e+00
-1.600262541524571036e+00
-1.599433785094231508e+00
-1.599433785094231508e+00
-1.598585216833440681e+00
-1.598698319372434229e+00
-1.598698319372434229e+00
-1.597882389360099964e+00
-1.597882389360099964e+00
-1.597497678376276209e+00
-1.596733229725091796e+00
-1.596733229725091796e+00
-1.595933066920486976e+00
-1.595604494959296904e+00
-1.927987466915751513e+00
-1.928562744285900132e+00
-1.928270949248769073e+00
-1.927886565894728399e+00
-1.927629355896580465e+00
-1.927629355896580465e+00
-1.927352593834991579e+00
-1.926972411985598876e+00
-1.926715460742947750e+00
-1.926459403745611088e+00
-1.926459403745611088e+00
-1.926516219140816499e+00
-1.926254120989314256e+00
-1.926009474192619253e+00
-1.925772018464570134e+00
-1.925407018837620665e+00
-1.925156265848645853e+00
-1.924892600579807045e+00
-1.924641730229798897e+00
-1.924386245461619405e+00
-1.924543076228464766e+00
-1.924277548661527337e+00
-1.923749014051156392e+00
-1.923271516912148815e+00
-1.922191619018777331e+00
-1.550429211637826210e+00
-1.915397431944646511e+00
-1.914323702650338577e+00
-2.274607790376890204e+00
-2.569374636957542535e+00
-2.905245552312106572e+00
-3.666707249823788928e+00
-3.867825075443070748e+00
-3.795104942095120393e+00
-3.783965129850434206e+00
-3.778106505720836950e+00
-3.776934900949117324e+00
-3.787854811475054095e+00
-3.787682579983708386e+00
-3.756541553691877589e+00
-3.775892341482125047e+00
-3.749657049093450656e+00
-3.723208758552744246e+00
-3.621364207235304278e+00
-3.571305535324129643e+00
-3.534641313060402190e+00
-3.476153192526665325e+00
-3.449806853459028044e+00
-3.458026141893045580e+00
-3.428547397011464604e+00
-3.401111293859547136e+00
-3.371694776520341108e+00
-3.340589888649566408e+00
-3.346544075478503633e+00
-3.312249829231461717e+00
-3.281232396500106230e+00
-3.287953212347272114e+00
-3.258801071368842894e+00
-3.262011687500228518e+00
-3.237321632117311498e+00
-3.241783973991293255e+00
-3.246190391767964645e+00
-3.249685043275505336e+00
-3.223030877343188383e+00
-3.586386655872140228e+00
-3.589171621176773908e+00
-3.596674774818689357e+00
-3.599762415434891505e+00
-3.604223732049039342e+00
-3.610871076308524774e+00
-3.611660974876892638e+00
-3.617081822493906973e+00
-3.622859176898273859e+00
-3.623640340369947754e+00
-3.628718916622255986e+00
-3.633443304347697023e+00
-3.635863852040160271e+00
-3.677710719521122940e+00
-3.677583916479285620e+00
-3.717271227599923122e+00
-3.758016541255839726e+00
-3.800938749244937576e+00
-3.844033206725620655e+00
-4.401042156809743311e+00
-2.472966010215777999e+00
-2.472966010215777999e+00
-2.472572787724597099e+00
-2.472572787724597099e+00
-2.471969095304805020e+00
-2.472586132321510810e+00
-2.471979645561042105e+00
-2.471979645561042105e+00
-2.471979645561042105e+00
-2.471354321974563728e+00
-2.471354321974563728e+00
-2.470770147413173579e+00
-2.470770147413173579e+00
-2.470824220258735160e+00
-2.470824220258735160e+00
-2.470197956462423683e+00
-2.470197956462423683e+00
-2.470436164717951577e+00
-2.469875438841600435e+00
-2.469875438841600435e+00
-2.469329199591712598e+00
-2.469925353936596402e+00
-2.469330914424160639e+00
-2.469330914424160639e+00
-2.468783071941158980e+00
-2.468783071941158980e+00
-2.468243077858482515e+00
-2.468243077858482515e+00
-2.467674202670028905e+00
-2.468279076220566637e+00
-2.467759376686524675e+00
-2.467759376686524675e+00
-2.467222165565583936e+00
-2.467472524730252470e+00
-2.466919592923197069e+00
-2.487499306860560200e+00
-2.488055226166889788e+00
-2.487524906222735588e+00
-2.487524906222735588e+00
-2.487002753514222064e+00
-2.486493632789800845e+00
-2.486493632789800845e+00
-2.485969185207228094e+00
-2.486492061469077530e+00
-2.485951349070025351e+00
-2.931209688090857135e+00
-2.931209688090857135e+00
-2.931191032579955280e+00
-2.931333722772554662e+00
-2.484138307676248658e+00
-2.483639192828619002e+00
-2.483601857518813905e+00
-2.482913964876450219e+00
-2.481700970397177741e+00
-2.479884167801725159e+00
-2.021755756182203267e+00
-2.468296144047924745e+00
-2.466869065505442826e+00
-2.466006677283106185e+00
-2.464855797648501934e+00
-2.930392682830023077e+00
-2.930352637326795406e+00
-2.930304746573000330e+00
-3.147316405695971930e+00
-3.350402685410907022e+00
-3.660798229560779937e+00
-3.962393934871314194e+00
-4.321117196615244183e+00
-4.597353793465393856e+00
-4.745438186239864464e+00
-4.699585551574610776e+00
-4.668672040559091130e+00
-4.651705737717948708e+00
-4.642809475678941311e+00
-4.634964227075800913e+00
-4.629855510839718136e+00
-4.624136025595141142e+00
-4.621267089807545858e+00
-4.617292266283062219e+00
-4.621263051153856161e+00
-4.621263051153856161e+00
-4.576928900369959585e+00
-4.576928900369959585e+00
-4.576928900369959585e+00
-4.610873393863392344e+00
-4.607794993697878816e+00
-4.587212662035711652e+00
-4.587212662035711652e+00
-4.617327574047504157e+00
-4.617327574047504157e+00
-4.588766311809718168e+00
-4.585505958896129108e+00
-4.546799021180151890e+00
-4.546799021180151890e+00
-4.492463816715703828e+00
-4.503278005194363942e+00
-4.450953529242509532e+00
-4.459906785793696038e+00
-4.413342469464710760e+00
-4.421037590326267086e+00
-4.394777511668195302e+00
-4.394777511668195302e+00
-4.378466486682887293e+00
-4.378466486682887293e+00
-4.378852384701851008e+00
-4.381975701212541097e+00
-4.348848150767053333e+00
-4.354088255999520207e+00
-4.359706024049247119e+00
-4.327794635399547118e+00
-4.329341074308349135e+00
-4.331851307396555661e+00
-4.338515934252653139e+00
-4.340630890397445540e+00
-4.308828415478329177e+00
-4.314292932275253456e+00
-4.315000308738959234e+00
-4.316999881642319181e+00
-4.322790170785428820e+00
-4.327576081083461368e+00
-4.331313424740867113e+00
-4.335475566273041537e+00
-4.335814481954491484e+00
-4.335814481954491484e+00
-4.307458037565213615e+00
-4.310868752876043430e+00
-4.317523289262592989e+00
-4.319073200263580325e+00
-4.320650479564263513e+00
-4.320650479564263513e+00
-4.328744317361635119e+00
-4.331870886066436555e+00
-4.335811572568927019e+00
-4.341425980520128292e+00
-4.339751230645268798e+00
-4.343548893781142617e+00
-4.350872602410832179e+00
-4.351949155973806604e+00
-4.353507031259014504e+00
-4.359183629742010346e+00
-4.359591126060521127e+00
-4.363457305932251451e+00
-4.366719877395460969e+00
-4.370759712750284187e+00
-4.376080976750434282e+00
-4.375890199924411306e+00
-4.378678867600535263e+00
-4.380981269734553152e+00
-4.420646469055810712e+00
-4.425607102390772596e+00
-4.425454233939836612e+00
-4.464709071035875887e+00
-4.473190144904613419e+00
-4.473190144904613419e+00
-4.512655577176451160e+00
-4.548928602697245971e+00
-4.545802347950929523e+00
-4.592500808522666844e+00
-4.592500808522666844e+00
-4.627142501527544027e+00
-4.937463220258238472e+00
-5.297057413264928627e+00
-3.189056261747231336e+00
-3.189056261747231336e+00
-3.189056261747231336e+00
-3.189056261747231336e+00
-3.188822091194515096e+00
-3.188822091194515096e+00
-3.188822091194515096e+00
-3.188822091194515096e+00
-3.188822091194515096e+00
-3.188822091194515096e+00
-3.188582615402191678e+00
-3.188903998915006532e+00
-3.188903998915006532e+00
-3.188903998915006532e+00
-3.188903998915006532e+00
-3.188644650233354749e+00
-3.188644650233354749e+00
-3.188644650233354749e+00
-3.188644650233354749e+00
-3.188644650233354749e+00
-3.188414195793495942e+00
-3.188414195793495942e+00
-3.188414195793495942e+00
-3.188414195793495942e+00
-3.188549084581754567e+00
-3.188549084581754567e+00
-3.188549084581754567e+00
-3.188549084581754567e+00
-3.188549084581754567e+00
-3.188323151395373145e+00
-3.188323151395373145e+00
-3.188323151395373145e+00
-3.188323151395373145e+00
-3.188323151395373145e+00
-3.188103314896581608e+00
-3.188103314896581608e+00
-3.188437815712136469e+00
-3.188437815712136469e+00
-3.188199322621886100e+00
-3.188199322621886100e+00
-3.188199322621886100e+00
-3.188199322621886100e+00
-3.188199322621886100e+00
-3.187982525589308835e+00
-3.187982525589308835e+00
-3.187982525589308835e+00
-3.187982525589308835e+00
-3.187982525589308835e+00
-3.188074657499938347e+00
-3.188074657499938347e+00
-3.188074657499938347e+00
-3.188074657499938347e+00
-3.187863110759251217e+00
-3.187863110759251217e+00
-3.187863110759251217e+00
-3.187863110759251217e+00
-3.187661096792551163e+00
-3.187661096792551163e+00
-3.187661096792551163e+00
-3.187661096792551163e+00
-3.188016322330999408e+00
-3.187787880059558709e+00
-3.187787880059558709e+00
-3.187787880059558709e+00
-3.187787880059558709e+00
-3.187587576220348495e+00
-3.187587576220348495e+00
-3.187587576220348495e+00
-3.187587576220348495e+00
-3.187386250531027088e+00
-3.187386250531027088e+00
-3.187386250531027088e+00
-3.187687539906185474e+00
-3.187491983474707968e+00
-3.187491983474707968e+00
-3.187491983474707968e+00
-3.187491983474707968e+00
-3.187297482832458950e+00
-3.187297482832458950e+00
-3.187297482832458950e+00
-3.187297482832458950e+00
-3.187086001275345026e+00
-3.187086001275345026e+00
-3.187401549916571319e+00
-3.451220759533782712e+00
-3.451220759533782712e+00
-3.451220759533782712e+00
-3.451220759533782712e+00
-3.451192481897168651e+00
-3.451192481897168651e+00
-3.451192481897168651e+00
-3.451192481897168651e+00
-3.451164326620680178e+00
-3.451164326620680178e+00
-3.451208190040910839e+00
-3.451179830043043850e+00
-3.451179830043043850e+00
-3.451179830043043850e+00
-3.451179830043043850e+00
-3.451150677006039835e+00
-3.451150677006039835e+00
-3.451150677006039835e+00
-3.451123266099914488e+00
-3.451123266099914488e+00
-3.451123266099914488e+00
-3.451167546286370680e+00
-3.451139345953126991e+00
-3.451139345953126991e+00
-3.451139345953126991e+00
-3.451111777344042508e+00
-3.451111777344042508e+00
-3.451111777344042508e+00
-3.451081910973383682e+00
-3.451081910973383682e+00
-3.451081910973383682e+00
-3.451081910973383682e+00
-3.451096633539336711e+00
-3.451096633539336711e+00
-3.451096633539336711e+00
-3.451068795108846565e+00
-3.451068795108846565e+00
-3.451068795108846565e+00
-3.451037013788828212e+00
-3.451037013788828212e+00
-3.451037013788828212e+00
-3.451008559319610036e+00
-3.451008559319610036e+00
-3.451054682286255559e+00
-3.451023876402611545e+00
-3.451023876402611545e+00
-3.450992019359766072e+00
-3.450992019359766072e+00
-3.450981126912762598e+00
-3.450972177049127509e+00
-3.450946055751550556e+00
-3.450941238343543382e+00
-3.450920966197441153e+00
-3.450949835800948495e+00
-3.450925089552251634e+00
-3.450911715005717362e+00
-3.450885560001135666e+00
-3.450871165667243279e+00
-3.450838111210599024e+00
-3.450818519744594415e+00
-3.450770123861386818e+00
-3.450739773714820657e+00
-3.183366358734735613e+00
-3.182485104264351605e+00
-2.926599302661698765e+00
-3.179822068598716189e+00
-3.179518674255740862e+00
-3.179174867766593859e+00
-3.241695408550883339e+00
-3.241497269200781073e+00
-3.241291466444230274e+00
-3.241190492130072709e+00
-3.240994522643668052e+00
-3.241076377828762567e+00
-3.517252379588521549e+00
-3.517278074744132788e+00
-3.517303907128614959e+00
-3.517321196786465709e+00
-3.517344939899753609e+00
-3.517372782207058179e+00
-3.517388965426658576e+00
-3.517416206068942230e+00
-3.555862372652057068e+00
-3.555842927459643033e+00
-3.555908513813851535e+00
-3.555985145847007090e+00
-3.556019929503922317e+00
-3.997479549645527985e+00
-3.997833734801841565e+00
-4.315775648567041323e+00
-4.317024330532832188e+00
-4.317482273226806555e+00
-4.567524680639653667e+00
-4.725101376758120253e+00
-4.873552686026148884e+00
-4.910949582080825770e+00
-5.015451840566178099e+00
-5.079727923513339682e+00
-5.245438198000005769e+00
-5.282296536627163697e+00
-5.310752479356891875e+00
-5.293548804039946098e+00
-5.398659586674546595e+00
-5.398659586674546595e+00
-5.458944394717342163e+00
-5.516149813489253262e+00
-5.516149813489253262e+00
-5.566036703513635331e+00
-5.566036703513635331e+00
-5.616231080922435837e+00
-5.664292672281008301e+00
-5.661005828106326909e+00
-5.762971418640597143e+00
-5.762971418640597143e+00
-5.811135902564379840e+00
-5.811135902564379840e+00
-5.864369518357656297e+00
-5.864369518357656297e+00
-5.967529181158368168e+00
-5.967529181158368168e+00
-5.964346815271190927e+00
-6.017274724428489208e+00
-6.070976827193745429e+00
-6.070976827193745429e+00
-6.126492217121744410e+00
-6.126492217121744410e+00
-6.249211611079460660e+00
-6.249211611079460660e+00
-6.326751229415140010e+00
-6.390825669480187265e+00
-6.390825669480187265e+00
-6.366026663334438673e+00
-6.366026663334438673e+00
-6.465992262996253181e+00
-6.566804434521777090e+00
-3.488439365023932481e+00
-3.488439365023932481e+00
-3.488439365023932481e+00
-3.488439365023935590e+00
-3.488439365023935590e+00
-3.488439365023935590e+00
-3.488439365023935590e+00
-3.488439365023935590e+00
-3.488439365023935590e+00
-3.488439365023935590e+00
-3.488439365023935590e+00
-3.488439365023935590e+00
-3.488439365023936034e+00
-3.488439365023936034e+00
-3.488439365023936034e+00
-3.488439365023936034e+00
-3.488439365023936034e+00
-3.488439365023936034e+00
-3.488439365023936034e+00
-3.488439365023936034e+00
-3.488439365023939587e+00
-3.488439365023939587e+00
-3.488439365023939587e+00
-3.488439365023939587e+00
-3.488439365023939587e+00
-3.488439365023939587e+00
-3.488439365023939587e+00
-3.488439365023939587e+00
-3.488439365023939587e+00
-3.488439365023936034e+00
-3.488439365023936034e+00
-3.488439365023936034e+00
-3.488439365023936034e+00
-3.488439365023936034e+00
-3.488439365023936034e+00
-3.488439365023936034e+00
-3.488439365023936034e+00
-3.488439365023939143e+00
-3.488439365023939143e+00
-3.488439365023939143e+00
-3.488439365023939143e+00
-3.488439365023939143e+00
-3.488439365023939143e+00
-3.488439365023939143e+00
-3.488439365023939143e+00
-3.488439365023936034e+00
-3.488439365023936034e+00
-3.488439365023936034e+00
-3.488439365023936034e+00
-3.488439365023936034e+00
-3.488439365023936034e+00
-3.488439365023936034e+00
-3.488439365023936034e+00
-3.488439365023936034e+00
-3.488439365023936034e+00
-3.488439365023936034e+00
-3.488439365023936034e+00
-3.488439365023936034e+00
-3.488439365023936034e+00
-3.488439365023936034e+00
-3.488439365023936034e+00
-3.488439365023939587e+00
-3.488439365023939587e+00
-3.488439365023939587e+00
-3.488439365023939587e+00
-3.488439365023939587e+00
-3.488439365023939587e+00
-3.488439365023939587e+00
-3.488439365023939587e+00
-3.488439365023936034e+00
-3.488439365023936034e+00
-3.488439365023936034e+00
-3.488439365023936034e+00
-3.488439365023936034e+00
-3.488439365023936034e+00
-3.488439365023936034e+00
-3.488439365023936034e+00
-3.488439365023936034e+00
-3.488439365023936034e+00
-3.488439365023936034e+00
-3.488439365023936034e+00
-3.488439365023936034e+00
-3.488439365023936034e+00
-3.488439365023936034e+00
-3.488439365023939587e+00
-3.488439365023939587e+00
-3.488439365023939587e+00
-3.488439365023939587e+00
-3.488439365023939587e+00
-3.488439365023939587e+00
-3.488439365023939587e+00
-3.488439365023939587e+00
-3.488439365023936034e+00
-3.488439365023936034e+00
-3.488439365023936034e+00
-3.488439365023936034e+00
-3.488439365023936034e+00
-3.488439365023936034e+00
-3.488439365023936034e+00
-3.488439365023936034e+00
-3.488439365023936034e+00
-3.488439365023936034e+00
-3.488439365023936034e+00
-3.488439365023936034e+00
-3.488439365023936034e+00
-3.488439365023936034e+00
-3.488439365023936034e+00
-3.488439365023936034e+00
-3.488439365023936034e+00
-3.488439365023936034e+00
-3.488439365023936034e+00
-3.488439365023936034e+00
-3.488439365023936034e+00
-3.488439365023935590e+00
-3.488439365023935590e+00
-3.488439365023935590e+00
-3.488439365023935590e+00
-3.488439365023935590e+00
-3.488439365023935590e+00
-3.488439365023935590e+00
-3.488439365023936034e+00
-3.488439365023936034e+00
-3.488439365023936034e+00
-3.488439365023936034e+00
-3.488439365023936034e+00
-3.488439365023936034e+00
-3.488439365023936034e+00
-3.488439365023932037e+00
-3.488439365023932037e+00
-3.488439365023932037e+00
-3.488439365023932037e+00
-3.488439365023932037e+00
-3.488439365023932037e+00
-3.488439365023932037e+00
-3.488439365023936034e+00
-3.488439365023936034e+00
-3.488439365023936034e+00
-3.488439365023936034e+00
-3.488439365023936034e+00
-3.488439365023936034e+00
-4.041726147159532267e+00
-4.041726147159532267e+00
-4.041726147159532267e+00
-4.041726147159532267e+00
-4.041726147159532267e+00
-4.041726147159532267e+00
-4.041726147159532267e+00
-4.041726147159525162e+00
-4.041726147159525162e+00
-4.041726147159525162e+00
-4.041726147159525162e+00
-4.041726147159525162e+00
-4.041726147159525162e+00
-4.041726147159525162e+00
-4.041726147159525162e+00
-4.041726147159525162e+00
-4.041726147159525162e+00
-4.041726147159525162e+00
-4.041726147159525162e+00
-4.041726147159525162e+00
-4.041726147159525162e+00
-4.041726147159525162e+00
-4.041726147159525162e+00
-4.041726147159525162e+00
-4.041726147159525162e+00
-4.041726147159525162e+00
-4.041726147159532267e+00
-4.041726147159532267e+00
-4.041726147159532267e+00
-4.041726147159532267e+00
-4.041726147159532267e+00
-4.041726147159532267e+00
-4.041726147159525162e+00
-4.041726147159525162e+00
-4.041726147159525162e+00
-4.041726147159525162e+00
-4.041726147159525162e+00
-4.041726147159525162e+00
-4.041726147159525162e+00
-4.041726147159525162e+00
-4.041726147159525162e+00
-4.041726147159525162e+00
-4.041726147159525162e+00
-4.041726147159528715e+00
-4.041726147159528715e+00
-4.041726147159528715e+00
-4.041726147159528715e+00
-4.041726147159528715e+00
-4.041726147159528715e+00
-4.041726147159528715e+00
-4.041726147159528715e+00
-4.041726147159528715e+00
-4.041726147159528715e+00
-4.041726147159528715e+00
-4.041726147159528715e+00
-4.041726147159525162e+00
-4.041726147159525162e+00
-4.041726147159525162e+00
-4.041726147159525162e+00
-4.041726147159525162e+00
-4.041726147159525162e+00
-4.041726147159525162e+00
-4.041726147159525162e+00
-4.041726147159525162e+00
-4.041726147159525162e+00
-4.041726147159525162e+00
-4.041726147159527827e+00
-4.041726147159527827e+00
-4.041726147159527827e+00
-4.041726147159527827e+00
-4.041726147159527827e+00
-4.041726147159528715e+00
-4.041726147159528715e+00
-4.041726147159528715e+00
-4.041726147159528715e+00
-4.041726147159528715e+00
-4.041726147159525162e+00
-4.041726147159525162e+00
-4.041726147159525162e+00
-4.041726147159525162e+00
-4.041726147159525162e+00
-4.041726147159532267e+00
-4.041726147159532267e+00
-4.041726147159532267e+00
-4.041726147159532267e+00
-4.041726147159532267e+00
-4.041726147159532267e+00
-4.041726147159532267e+00
-4.041726147159532267e+00
-4.041726147159532267e+00
-4.041726147159532267e+00
-4.041726147159532267e+00
-4.041726147159532267e+00
-4.041726147159532267e+00
-4.041726147159532267e+00
-4.041726147159532267e+00
-4.041726147159528715e+00
-4.041726147159528715e+00
-4.041726147159528715e+00
-4.041726147159528715e+00
-4.041726147159528715e+00
-4.041726147159528715e+00
-4.041726147159528715e+00
-4.041726147159528715e+00
-4.041726147159528715e+00
-4.041726147159532267e+00
-4.041726147159532267e+00
-4.041726147159532267e+00
-4.041726147159528715e+00
-4.041726147159525162e+00
-4.041726147159532267e+00
-4.041726147159532267e+00
-4.041726147159532267e+00
-4.041726147159527827e+00
-4.041726147159525162e+00
-4.041726147159532267e+00
-4.041726147159528715e+00
-4.041726147159528715e+00
-4.041726147159524274e+00
-4.041726147159532267e+00
-4.041726147159525162e+00
-4.041726147159525162e+00
-4.041726147159527827e+00
-4.041726147159525162e+00
-4.041726147159528715e+00
-4.041726147159528715e+00
-4.041726147159528715e+00
-4.041726147159525162e+00
-4.041726147159532267e+00
-4.041726147159525162e+00
-4.041726147159528715e+00
-4.041726147159528715e+00
-3.488439365023936034e+00
-3.488439365023936034e+00
-3.488439365023936034e+00
-3.488439365023936034e+00
-3.488439365023939587e+00
-3.488439365023932037e+00
-3.488439365023932037e+00
-3.488439365023936034e+00
-3.488439365023939587e+00
-3.488439365023939587e+00
-3.488439365023939587e+00
-3.488439365023939587e+00
-3.488439365023939587e+00
-3.488439365023936034e+00
-3.488439365023936034e+00
-3.488439365023939587e+00
-3.488439365023939587e+00
-3.488439365023932037e+00
-3.488439365023932481e+00
-3.488439365023932481e+00
-3.488439365023936034e+00
-3.488439365023936034e+00
-4.041726147159532267e+00
-4.041726147159525162e+00
-4.099921318969108164e+00
-4.099921318969108164e+00
-4.099921318969104611e+00
-4.099921318969104611e+00
-4.099921318969108164e+00
-4.099921318969108164e+00
-4.099921318969104611e+00
-4.099921318969104611e+00
-4.099921318969104611e+00
-4.099921318969101058e+00
-4.099921318969104611e+00
-4.099921318969104611e+00
-4.099921318969101058e+00
-4.099921318969101058e+00
-4.099921318969104611e+00
-4.099921318969108164e+00
-4.099921318969108164e+00
-4.099921318969104611e+00
-4.099921318969101058e+00
-4.099921318969101058e+00
-4.099921318969108164e+00
-4.099921318969108164e+00
-4.099921318969105499e+00
-4.099921318969104611e+00
-4.099921318969104611e+00
-4.099921318969104611e+00
-4.099921318969108164e+00
-4.099921318969108164e+00
-4.099921318969108164e+00
-4.099921318969108164e+00
-4.572229098548956649e+00
-4.572229098548961090e+00
-4.572229098548961090e+00
-4.572229098548961090e+00
-4.572229098548963755e+00
-4.572229098548963755e+00
-4.572229098548960202e+00
-4.572229098548960202e+00
-4.572229098548957538e+00
-4.572229098548961090e+00
-4.572229098548961090e+00
-4.572229098548964643e+00
-4.572229098548961090e+00
-4.572229098548961090e+00
-5.125093220737677591e+00
-5.125093220737677591e+00
