4.334670965020106337e+01
4.340610083240635930e+01
4.347664850466811970e+01
4.358691779577887360e+01
4.314016989705572058e+01
4.279265640827242834e+01
4.254729765695583410e+01
4.235494178720787772e+01
4.219907618606124799e+01
4.201165243847134434e+01
4.193728576839095012e+01
4.185339129653058876e+01
4.172045084833250428e+01
4.163291372734370555e+01
4.158214100599964524e+01
4.152566308937400663e+01
4.144298146131680483e+01
4.133506827969278419e+01
4.131460825103357593e+01
4.129314968993519130e+01
4.126717659994325516e+01
4.123608995359339957e+01
4.121228726632390504e+01
4.118755442600253502e+01
4.116021340632622127e+01
4.114054855100359021e+01
4.108159248090147031e+01
4.103579891917772215e+01
4.098095161759246707e+01
4.097247343048425705e+01
4.094357847261826322e+01
4.092502765293139078e+01
4.093554191301107892e+01
4.089971559100852971e+01
4.088222062504096499e+01
4.086114610459328134e+01
4.085068806970136990e+01
4.083700896547654224e+01
4.081476327377365010e+01
4.081709448529134932e+01
4.082059136005298683e+01
4.079508267967472790e+01
4.078930309867145354e+01
4.074146453148000546e+01
4.070528098364238190e+01
4.038296539076918634e+01
4.038861362687143242e+01
4.039383557155824178e+01
4.040000428126988652e+01
4.040490941250374135e+01
4.041199726643125700e+01
4.041859674624081578e+01
4.042496066031345237e+01
4.043317014303742951e+01
4.043938911230089417e+01
4.044799038040583383e+01
4.045830025277770403e+01
4.052466459394688059e+01
4.056781017935755074e+01
4.058979002072196351e+01
4.060772092735456340e+01
4.062181534873773359e+01
4.063531883761397268e+01
4.064780250215214608e+01
4.066147378204654217e+01
4.067475931911634746e+01
4.017734060862377987e+01
4.018237869643100169e+01
4.018698541446023853e+01
4.019225854529445030e+01
4.019874772118492956e+01
4.020360876813533935e+01
4.021201710705030052e+01
4.021857572730522179e+01
4.027854036683487493e+01
4.025581458847435812e+01
4.033699896892298398e+01
4.036387235350753144e+01
4.038173300328804771e+01
4.039749314549894166e+01
4.041042464996935024e+01
4.042356435578334128e+01
4.043603890310464521e+01
4.044629992864442869e+01
4.045740061358237938e+01
4.046892674847055105e+01
4.048109177037459716e+01
3.982458020210889060e+01
3.982726971740952138e+01
3.983041753531549034e+01
3.983272627462251592e+01
3.983491338533237780e+01
3.983806102580335562e+01
3.984011766455324732e+01
3.984260111572962870e+01
3.984478203433657484e+01
3.984762621548892270e+01
3.985214513559299121e+01
3.985427311652052396e+01
3.985750462224349633e+01
3.985993082887355854e+01
3.986425887282904057e+01
3.986708353977408592e+01
3.986928919158878415e+01
3.987329866431066705e+01
3.987573977584073504e+01
3.987844249672129848e+01
3.988252474248126589e+01
3.988643094251855814e+01
3.988917222516134586e+01
3.989309090369519595e+01
3.989748369274403217e+01
3.990003956045924127e+01
3.990408766463956169e+01
3.990928596151693597e+01
3.991583528808490655e+01
3.993158772557312375e+01
3.999202886138911595e+01
4.001564198089138813e+01
3.995270721952010717e+01
3.995607666031914107e+01
4.001909721432213729e+01
4.005064377699093825e+01
4.007146832338816722e+01
4.008642843507439579e+01
4.010152856619242812e+01
4.011047618055546593e+01
4.012499125445557269e+01
4.013581141025225207e+01
4.014574936615161249e+01
4.015600962277409991e+01
4.016272579650470220e+01
4.017271954718235349e+01
4.018162924804645542e+01
4.019022420127127759e+01
4.019840416008321426e+01
4.020499850889196125e+01
4.021198793966877361e+01
4.022415054854234739e+01
4.023087882020152506e+01
4.024111857711932316e+01
3.937084507714512682e+01
3.937084507714512682e+01
3.937216997172693311e+01
3.937465476067423253e+01
3.937465476067423253e+01
3.937687135318975606e+01
3.937687135318975606e+01
3.938008579429630629e+01
3.938008579429630629e+01
3.938250165897759558e+01
3.938250165897759558e+01
3.938250165897759558e+01
3.938560678528933323e+01
3.938598302747580249e+01
3.938827983326278570e+01
3.938827983326278570e+01
3.939053203106546164e+01
3.939148881716845096e+01
3.939362037311402531e+01
3.939362037311402531e+01
3.939583364292830936e+01
3.939679681299418945e+01
3.939902685907705404e+01
3.939940031772897555e+01
3.940151923141111467e+01
3.940151923141111467e+01
3.940464574797228181e+01
3.940464574797228181e+01
3.940666489545336049e+01
3.940666489545336049e+01
3.940964206507903356e+01
3.940964206507903356e+01
3.941178833450076979e+01
3.941381322909454354e+01
3.941419518487936102e+01
3.941717916280281031e+01
3.941717916280281031e+01
3.941931445783495747e+01
3.941931445783495747e+01
3.942214081884004173e+01
3.942413325629897258e+01
3.942413325629897258e+01
3.942618440148560666e+01
3.942927630713588627e+01
3.942927630713588627e+01
3.943125768492166117e+01
3.943125768492166117e+01
3.943396870306295909e+01
3.943583902951732512e+01
3.943583902951732512e+01
3.943780679383060317e+01
3.944053947415501682e+01
3.944232707186900200e+01
3.944275066092562554e+01
3.944469189235375950e+01
3.944726293372775672e+01
3.944899222200642441e+01
3.944899222200642441e+01
3.945086098990603318e+01
3.945336857575594536e+01
3.945513678180908812e+01
3.945690635865972240e+01
3.945690635865972240e+01
3.945966046306551078e+01
3.946147787032047916e+01
3.946318147597217774e+01
3.946484171582272893e+01
3.946740666723007251e+01
3.946917799214486422e+01
3.947104870759491035e+01
3.947283649173553499e+01
3.947561229211042644e+01
3.947782947419760546e+01
3.947973336492412244e+01
3.948354890777078197e+01
3.948702654893985198e+01
3.949500031189235472e+01
3.952247290122031131e+01
3.954899458244712207e+01
3.955820337060664826e+01
3.956840445997515587e+01
3.957799822742160245e+01
3.958168822877392756e+01
3.947770315702032917e+01
3.954147711817287814e+01
3.952830845302037233e+01
3.952021247313153651e+01
3.951597751235173916e+01
3.951817317861957690e+01
3.952607661326534583e+01
3.952635595569932292e+01
3.954885402253139404e+01
3.956629373375329806e+01
3.959437094189557627e+01
3.960608703407351072e+01
3.962227056811437365e+01
3.962870153740060175e+01
3.964056933443053765e+01
3.965096091348858920e+01
3.965771947300865463e+01
3.966444444500737632e+01
3.967318847221552147e+01
3.968095264566095182e+01
3.968582022626266337e+01
3.969428127753153746e+01
3.969930586479772927e+01
3.970504393717427405e+01
3.971230080056654543e+01
3.971835090184448802e+01
3.972348988665923031e+01
3.972935692077662395e+01
3.973447337438347660e+01
3.973838442790603409e+01
3.974503441540723259e+01
3.974810568633202479e+01
3.975533666694462198e+01
3.975928430492650989e+01
3.976230654449672386e+01
3.976914203074910859e+01
3.977462109410237190e+01
3.977869701218128284e+01
3.978482264920114631e+01
3.978827392991092893e+01
3.979324514997956896e+01
3.979855205273419472e+01
3.980225777779081398e+01
3.980693123408338607e+01
3.981380188472053305e+01
3.981603502184344734e+01
3.982010444804309657e+01
3.982271700557022598e+01
3.982952423983991252e+01
3.983342801730233873e+01
3.984146711394568285e+01
3.984265437988844383e+01
3.976641345285121076e+01
3.902572935694547596e+01
3.902572935694547596e+01
3.902810098970856245e+01
3.902810098970856245e+01
3.903006062055336400e+01
3.903094914101453128e+01
3.903291756963837145e+01
3.903291756963837145e+01
3.903291756963837145e+01
3.903495800358267331e+01
3.903495800358267331e+01
3.903687423391671985e+01
3.903687423391671985e+01
3.903965981978856803e+01
3.903965981978856803e+01
3.904172396706049142e+01
3.904172396706049142e+01
3.904191323116549484e+01
3.904376720562542857e+01
3.904376720562542857e+01
3.904558210506628058e+01
3.904643582034982785e+01
3.904841035128741566e+01
3.904841035128741566e+01
3.905023931340620891e+01
3.905023931340620891e+01
3.905205079964426318e+01
3.905205079964426318e+01
3.905396862716074935e+01
3.905483185393531187e+01
3.905658288986332138e+01
3.905658288986332138e+01
3.905840150632549523e+01
3.905859994160571347e+01
3.906047680682416257e+01
3.906220154470167927e+01
3.906302687701280263e+01
3.906489859847991397e+01
3.906489859847991397e+01
3.906675057640740079e+01
3.906856508793007521e+01
3.906856508793007521e+01
3.907044334572618993e+01
3.907121700692123056e+01
3.907315363562865684e+01
3.907521628940991576e+01
3.907521628940991576e+01
3.907723896774508177e+01
3.907895280537405824e+01
3.908073519279493269e+01
3.908256308751974473e+01
3.908540196855774695e+01
3.908793652433719501e+01
3.909244729808003882e+01
3.909930471320488721e+01
3.912254660113126192e+01
3.914617997591059861e+01
3.915236595075932513e+01
3.915886594692339173e+01
3.916397680618268851e+01
3.916874706827571373e+01
3.917421833408589293e+01
3.918085315704155391e+01
3.918578160279535894e+01
3.919105455597397025e+01
3.919415805134175201e+01
3.918774768284333732e+01
3.914105445053334620e+01
3.909159786856654506e+01
3.920794723688270977e+01
3.917102496499442310e+01
3.914950252881924797e+01
3.913623621334372160e+01
3.912932554322607359e+01
3.912325766036216379e+01
3.911931974097876719e+01
3.911492366540900179e+01
3.911272361857961499e+01
3.911308774014223388e+01
3.911612703502156307e+01
3.911612703502156307e+01
3.912947363139419110e+01
3.912947363139419110e+01
3.912947363139419110e+01
3.915603307029458335e+01
3.915666588412593541e+01
3.919053853397505804e+01
3.919053853397505804e+01
3.921498440902781368e+01
3.921498440902781368e+01
3.922567331897596432e+01
3.922624910381190944e+01
3.924215249637637726e+01
3.924215249637637726e+01
3.924788400149878953e+01
3.925694676467912814e+01
3.926094947021509540e+01
3.926852261311533709e+01
3.927289846690878505e+01
3.927945498017221837e+01
3.928520850437426759e+01
3.928520850437426759e+01
3.930096354673717940e+01
3.930096354673717940e+01
3.930438682073074119e+01
3.930709024924483685e+01
3.931242935998889720e+01
3.931699413670391152e+01
3.932189575135487303e+01
3.932587295029060215e+01
3.933036158221475631e+01
3.933256616862277610e+01
3.933842681044963285e+01
3.934028889272435947e+01
3.934487718689995006e+01
3.934971871057477699e+01
3.935346353777348583e+01
3.935523736675376938e+01
3.936037916163071060e+01
3.936463486446666593e+01
3.936821876756368965e+01
3.937192717338416514e+01
3.937517694290181680e+01
3.937517694290181680e+01
3.938170573258234697e+01
3.938476588767612441e+01
3.939074365099457964e+01
3.939213729076242032e+01
3.939640471804104038e+01
3.939640471804104038e+01
3.940369391744704330e+01
3.940651332708615939e+01
3.941006975716307181e+01
3.941514221497587300e+01
3.941675886084144764e+01
3.942019218828441751e+01
3.942682152704685450e+01
3.942779691975822232e+01
3.942920881550816148e+01
3.943728708371372704e+01
3.943765695824453843e+01
3.944116781923630555e+01
3.944413282053795911e+01
3.944780705896866380e+01
3.945265156043204513e+01
3.945530725926168714e+01
3.945784829043851261e+01
3.946020554631633104e+01
3.946357784340553110e+01
3.946809070898623872e+01
3.947083935621711248e+01
3.947251041215952228e+01
3.948021657457583444e+01
3.948021657457583444e+01
3.948254081966319973e+01
3.948392979289122451e+01
3.948426015772234621e+01
3.949551385810264037e+01
3.949551385810264037e+01
3.949562904988182765e+01
3.947128888759506538e+01
3.950737470666912543e+01
3.855499646129536018e+01
3.855499646129536018e+01
3.855499646129536018e+01
3.855499646129536018e+01
3.855733996997127377e+01
3.855733996997127377e+01
3.855733996997127377e+01
3.855733996997127377e+01
3.855733996997127377e+01
3.855733996997127377e+01
3.855975073108609763e+01
3.856035771321730010e+01
3.856035771321730010e+01
3.856035771321730010e+01
3.856035771321730010e+01
3.856296385409216043e+01
3.856296385409216043e+01
3.856296385409216043e+01
3.856296385409216043e+01
3.856296385409216043e+01
3.856529384619783229e+01
3.856529384619783229e+01
3.856529384619783229e+01
3.856529384619783229e+01
3.856818943204599748e+01
3.856818943204599748e+01
3.856818943204599748e+01
3.856818943204599748e+01
3.856818943204599748e+01
3.857047906135164794e+01
3.857047906135164794e+01
3.857047906135164794e+01
3.857047906135164794e+01
3.857047906135164794e+01
3.857271943483348764e+01
3.857271943483348764e+01
3.857335041945307808e+01
3.857335041945307808e+01
3.857577448295563016e+01
3.857577448295563016e+01
3.857577448295563016e+01
3.857577448295563016e+01
3.857577448295563016e+01
3.857799071815607306e+01
3.857799071815607306e+01
3.857799071815607306e+01
3.857799071815607306e+01
3.857799071815607306e+01
3.858081540237792240e+01
3.858081540237792240e+01
3.858081540237792240e+01
3.858081540237792240e+01
3.858298466243532232e+01
3.858298466243532232e+01
3.858298466243532232e+01
3.858298466243532232e+01
3.858506709358389486e+01
3.858506709358389486e+01
3.858506709358389486e+01
3.858506709358389486e+01
3.858573642593113107e+01
3.858808291412145763e+01
3.858808291412145763e+01
3.858808291412145763e+01
3.858808291412145763e+01
3.859015163925509739e+01
3.859015163925509739e+01
3.859015163925509739e+01
3.859015163925509739e+01
3.859224163580704214e+01
3.859224163580704214e+01
3.859224163580704214e+01
3.859280889780746548e+01
3.859483365769473551e+01
3.859483365769473551e+01
3.859483365769473551e+01
3.859483365769473551e+01
3.859685758953999368e+01
3.859685758953999368e+01
3.859685758953999368e+01
3.859685758953999368e+01
3.859906976954851388e+01
3.859906976954851388e+01
3.859966343059979010e+01
3.860167628879875679e+01
3.860167628879875679e+01
3.860167628879875679e+01
3.860167628879875679e+01
3.860367555893253666e+01
3.860367555893253666e+01
3.860367555893253666e+01
3.860367555893253666e+01
3.860567562844335043e+01
3.860567562844335043e+01
3.860623180158286516e+01
3.860824113817542980e+01
3.860824113817542980e+01
3.860824113817542980e+01
3.860824113817542980e+01
3.861031667798189204e+01
3.861031667798189204e+01
3.861031667798189204e+01
3.861227753664292806e+01
3.861227753664292806e+01
3.861227753664292806e+01
3.861283843236248714e+01
3.861485014929561999e+01
3.861485014929561999e+01
3.861485014929561999e+01
3.861682610827253370e+01
3.861682610827253370e+01
3.861682610827253370e+01
3.861897724133655885e+01
3.861897724133655885e+01
3.861897724133655885e+01
3.861897724133655885e+01
3.862148047556781449e+01
3.862148047556781449e+01
3.862148047556781449e+01
3.862349038764962472e+01
3.862349038764962472e+01
3.862349038764962472e+01
3.862579672455537150e+01
3.862579672455537150e+01
3.862579672455537150e+01
3.862787237169054322e+01
3.862787237169054322e+01
3.862845498652276888e+01
3.863069578085908518e+01
3.863069578085908518e+01
3.863302560236691363e+01
3.863302560236691363e+01
3.863382516259416377e+01
3.863448326144577294e+01
3.863640988606317705e+01
3.863676616404690378e+01
3.863826871760503678e+01
3.863951953746578738e+01
3.864135166520468800e+01
3.864234518651873174e+01
3.864429487120866469e+01
3.864537172275530708e+01
3.864785498181845469e+01
3.864933372846039816e+01
3.865300892158075641e+01
3.865533011569682742e+01
3.866226879434496766e+01
3.867617499674152270e+01
3.869200255284895462e+01
3.870916681094840328e+01
3.871309987013697196e+01
3.871760285761911291e+01
3.871972908410744196e+01
3.872286270663770580e+01
3.872614282667449714e+01
3.872776171941200118e+01
3.873092180558039388e+01
3.873306292675044205e+01
3.873606617099471805e+01
3.873901751653447434e+01
3.874200509665421066e+01
3.874401629727525176e+01
3.874679354052835833e+01
3.875007318270090195e+01
3.875199096773756935e+01
3.875523846274489870e+01
3.875854497336190718e+01
3.876094612078513535e+01
3.876406314071513037e+01
3.876773315995565383e+01
3.876940910296362119e+01
3.877318002193307933e+01
3.877482472514712697e+01
3.877787305085668379e+01
3.878056890443556881e+01
3.878156018248881765e+01
3.878303682098271565e+01
3.878243838613263961e+01
3.877895233535903685e+01
3.877548216810572512e+01
3.876402052163675194e+01
3.875559652928320986e+01
3.872652305177364696e+01
3.867110353912910625e+01
3.864056998001154852e+01
3.862576451395911192e+01
3.866618527972576658e+01
3.866618527972576658e+01
3.871898414692799406e+01
3.876966497598124306e+01
3.876966497598124306e+01
3.881462719886204127e+01
3.881462719886204127e+01
3.886035779939108892e+01
3.890456587978828651e+01
3.890483924288571416e+01
3.895227319596489224e+01
3.895227319596489224e+01
3.899726319832745958e+01
3.899726319832745958e+01
3.904735165985592005e+01
3.904735165985592005e+01
3.914484353185456200e+01
3.914484353185456200e+01
3.914499638541997228e+01
3.919568383423820990e+01
3.924736539764060694e+01
3.924736539764060694e+01
3.930103051744721654e+01
3.930103051744721654e+01
3.935578392397435010e+01
3.935578392397435010e+01
3.943133915575299397e+01
3.949743065464028291e+01
3.949743065464028291e+01
3.947314890543262322e+01
3.947314890543262322e+01
3.957059422666037563e+01
3.966986185816051602e+01
3.783000713758029576e+01
3.783000713758029576e+01
3.783000713758029576e+01
3.783321113758029242e+01
3.783321113758029242e+01
3.783321113758029242e+01
3.783321113758029242e+01
3.783321113758029242e+01
3.783321113758029242e+01
3.783321113758029242e+01
3.783321113758029242e+01
3.783321113758029242e+01
3.783633613758028957e+01
3.783633613758028957e+01
3.783633613758028957e+01
3.783633613758028957e+01
3.783633613758028957e+01
3.783633613758028957e+01
3.783633613758028957e+01
3.783633613758028957e+01
3.783913413758029520e+01
3.783913413758029520e+01
3.783913413758029520e+01
3.783913413758029520e+01
3.783913413758029520e+01
3.783913413758029520e+01
3.783913413758029520e+01
3.783913413758029520e+01
3.783913413758029520e+01
3.784215813758029867e+01
3.784215813758029867e+01
3.784215813758029867e+01
3.784215813758029867e+01
3.784215813758029867e+01
3.784215813758029867e+01
3.784215813758029867e+01
3.784215813758029867e+01
3.784515113758029514e+01
3.784515113758029514e+01
3.784515113758029514e+01
3.784515113758029514e+01
3.784515113758029514e+01
3.784515113758029514e+01
3.784515113758029514e+01
3.784515113758029514e+01
3.784817513758029861e+01
3.784817513758029861e+01
3.784817513758029861e+01
3.784817513758029861e+01
3.784817513758029861e+01
3.784817513758029861e+01
3.784817513758029861e+01
3.784817513758029861e+01
3.785106213758029980e+01
3.785106213758029980e+01
3.785106213758029980e+01
3.785106213758029980e+01
3.785106213758029980e+01
3.785106213758029980e+01
3.785106213758029980e+01
3.785106213758029980e+01
3.785419613758029556e+01
3.785419613758029556e+01
3.785419613758029556e+01
3.785419613758029556e+01
3.785419613758029556e+01
3.785419613758029556e+01
3.785419613758029556e+01
3.785419613758029556e+01
3.785688813758029880e+01
3.785688813758029880e+01
3.785688813758029880e+01
3.785688813758029880e+01
3.785688813758029880e+01
3.785688813758029880e+01
3.785688813758029880e+01
3.785688813758029880e+01
3.785957913758029747e+01
3.785957913758029747e+01
3.785957913758029747e+01
3.785957913758029747e+01
3.785957913758029747e+01
3.785957913758029747e+01
3.785957913758029747e+01
3.786267313758029474e+01
3.786267313758029474e+01
3.786267313758029474e+01
3.786267313758029474e+01
3.786267313758029474e+01
3.786267313758029474e+01
3.786267313758029474e+01
3.786267313758029474e+01
3.786530013758029156e+01
3.786530013758029156e+01
3.786530013758029156e+01
3.786530013758029156e+01
3.786530013758029156e+01
3.786530013758029156e+01
3.786530013758029156e+01
3.786792613758029802e+01
3.786792613758029802e+01
3.786792613758029802e+01
3.786792613758029802e+01
3.786792613758029802e+01
3.786792613758029802e+01
3.786792613758029802e+01
3.787038513758029978e+01
3.787038513758029978e+01
3.787038513758029978e+01
3.787038513758029978e+01
3.787038513758029978e+01
3.787038513758029978e+01
3.787038513758029978e+01
3.787293613758029664e+01
3.787293613758029664e+01
3.787293613758029664e+01
3.787293613758029664e+01
3.787293613758029664e+01
3.787293613758029664e+01
3.787293613758029664e+01
3.787547713758029033e+01
3.787547713758029033e+01
3.787547713758029033e+01
3.787547713758029033e+01
3.787547713758029033e+01
3.787547713758029033e+01
3.787547713758029033e+01
3.787793513758029462e+01
3.787793513758029462e+01
3.787793513758029462e+01
3.787793513758029462e+01
3.787793513758029462e+01
3.787793513758029462e+01
3.787793513758029462e+01
3.788089713758029120e+01
3.788089713758029120e+01
3.788089713758029120e+01
3.788089713758029120e+01
3.788089713758029120e+01
3.788089713758029120e+01
3.788317713758029015e+01
3.788317713758029015e+01
3.788317713758029015e+01
3.788317713758029015e+01
3.788317713758029015e+01
3.788317713758029015e+01
3.788317713758029015e+01
3.788548713758029862e+01
3.788548713758029862e+01
3.788548713758029862e+01
3.788548713758029862e+01
3.788548713758029862e+01
3.788548713758029862e+01
3.788813313758029722e+01
3.788813313758029722e+01
3.788813313758029722e+01
3.788813313758029722e+01
3.788813313758029722e+01
3.788813313758029722e+01
3.788813313758029722e+01
3.789045813758029624e+01
3.789045813758029624e+01
3.789045813758029624e+01
3.789045813758029624e+01
3.789045813758029624e+01
3.789045813758029624e+01
3.789275113758029079e+01
3.789275113758029079e+01
3.789275113758029079e+01
3.789275113758029079e+01
3.789275113758029079e+01
3.789275113758029079e+01
3.789494913758029782e+01
3.789494913758029782e+01
3.789494913758029782e+01
3.789494913758029782e+01
3.789494913758029782e+01
3.789494913758029782e+01
3.789719413758029987e+01
3.789719413758029987e+01
3.789719413758029987e+01
3.789719413758029987e+01
3.789719413758029987e+01
3.789938013758029456e+01
3.789938013758029456e+01
3.789938013758029456e+01
3.789938013758029456e+01
3.789938013758029456e+01
3.789938013758029456e+01
3.790162313758029455e+01
3.790162313758029455e+01
3.790162313758029455e+01
3.790162313758029455e+01
3.790162313758029455e+01
3.790162313758029455e+01
3.790406213758029708e+01
3.790406213758029708e+01
3.790406213758029708e+01
3.790406213758029708e+01
3.790406213758029708e+01
3.790631913758029725e+01
3.790631913758029725e+01
3.790631913758029725e+01
3.790631913758029725e+01
3.790631913758029725e+01
3.790631913758029725e+01
3.790846213758029393e+01
3.790846213758029393e+01
3.790846213758029393e+01
3.790846213758029393e+01
3.790846213758029393e+01
3.791069613758029533e+01
3.791069613758029533e+01
3.791069613758029533e+01
3.791069613758029533e+01
3.791069613758029533e+01
3.791288113758029965e+01
3.791288113758029965e+01
3.791288113758029965e+01
3.791288113758029965e+01
3.791288113758029965e+01
3.791528213758029153e+01
3.791528213758029153e+01
3.791528213758029153e+01
3.791528213758029153e+01
3.791528213758029153e+01
3.791764113758028998e+01
3.791764113758028998e+01
3.791764113758028998e+01
3.791764113758028998e+01
3.791764113758028998e+01
3.792001613758029066e+01
3.792001613758029066e+01
3.792001613758029066e+01
3.792001613758029066e+01
3.792001613758029066e+01
3.792246613758029383e+01
3.792246613758029383e+01
3.792246613758029383e+01
3.792246613758029383e+01
3.792246613758029383e+01
3.792515413758029297e+01
3.792515413758029297e+01
3.792515413758029297e+01
3.792515413758029297e+01
3.792807013758029200e+01
3.792807013758029200e+01
3.792807013758029200e+01
3.792891613758029479e+01
3.792985813758029678e+01
3.793065913758029239e+01
3.793065913758029239e+01
3.793149313758028995e+01
3.793247913758029455e+01
3.793336913758029993e+01
3.793429613758029006e+01
3.793535313758029304e+01
3.793535313758029304e+01
3.793673013758029811e+01
3.793784213758029011e+01
3.793902113758029770e+01
3.794029313758029787e+01
3.794165313758029612e+01
3.794311813758029928e+01
3.794471913758029302e+01
3.794471913758029302e+01
3.794664613758029503e+01
3.794850513758029820e+01
3.795073113758029137e+01
3.795330613758029870e+01
3.795625713758029462e+01
3.796029913758029295e+01
3.796547513758029879e+01
3.797235613758029160e+01
3.798297213758029045e+01
3.798297213758029045e+01
3.800034913758029376e+01
3.801652313758029322e+01
3.801652313758029322e+01
3.802259113758029230e+01
3.802550913758029338e+01
3.802550913758029338e+01
3.802832813758029573e+01
3.802832813758029573e+01
3.803101313758029534e+01
3.803254513758029987e+01
3.803254513758029987e+01
3.803489213758029308e+01
3.803489213758029308e+01
3.803737613758029568e+01
3.803893513758029599e+01
3.803893513758029599e+01
3.804132313758029227e+01
3.804132313758029227e+01
3.804338413758028992e+01
3.804473713758029874e+01
3.804676813758029397e+01
3.804676813758029397e+01
3.804886013758029151e+01
3.804886013758029151e+01
3.805099513758029417e+01
3.805099513758029417e+01
3.805309613758029741e+01
3.805523813758028950e+01
3.805523813758028950e+01
3.805717213758029516e+01
3.805912713758029042e+01
3.805912713758029042e+01
3.806106213758029355e+01
3.806106213758029355e+01
3.806351113758029214e+01
3.806534813758029401e+01
3.806534813758029401e+01
3.806776413758029776e+01
3.806996613758029468e+01
3.806996613758029468e+01
3.807220313758029562e+01
3.807220313758029562e+01
3.807445113758029720e+01
3.807613713758028950e+01
3.807613713758028950e+01
3.807843813758029228e+01
3.808114213758029365e+01
3.808114213758029365e+01
3.808326413758029361e+01
3.808326413758029361e+01
3.808540513758029533e+01
3.808817913758029761e+01
3.808817913758029761e+01
3.809036213758029987e+01
3.809293313758029598e+01
3.809293313758029598e+01
3.809550813758029619e+01
3.809550813758029619e+01
3.809816613758029291e+01
3.810084613758029093e+01
3.810084613758029093e+01
3.810330113758029569e+01
3.810574813758029222e+01
3.810574813758029222e+01
3.810846713758029125e+01
3.810846713758029125e+01
