2.841778986468193935e+00
2.842202995120189701e+00
2.842329252802101802e+00
1.979471605810788626e+00
1.983185110257453587e+00
2.180270384931301209e+00
2.097387435838055314e+00
1.944577665225415197e+00
1.710959498536729129e+00
1.636288880247154243e+00
1.381516444022692802e+00
1.148181806117106074e+00
1.052319654547612560e+00
8.688263769260392566e-01
7.161564617646100084e-01
5.516084665184942670e-01
5.005335793052679838e-01
6.342553868947242712e-01
4.795895376367055318e-01
3.867860157128207854e-01
2.635860785846200760e-01
2.281300543231078726e-01
1.400726543526780721e-01
7.065868828022693615e-02
-8.179411390433070916e-02
-1.627686237923927914e-01
-1.416028251146565775e-01
-1.753439622480839066e-01
-2.030820711064630357e-01
-2.265473485634597051e-01
-2.447116306396046603e-01
-2.748759341052436911e-01
-4.241524333366668564e-01
-4.282298558974638736e-01
-4.622805689958940367e-01
-4.971396826026084348e-01
-6.259338444306328242e-01
-7.075659601612102056e-01
-7.277259068538894926e-01
-6.890521350831564362e-01
-1.173319263862426132e+00
-1.080079553738177767e+00
-1.009968826108266438e+00
-9.726442129068822995e-01
-9.022768037011583697e-01
-3.960366495335653769e-01
-3.943025003380494775e-01
-5.239380748585673597e-01
-4.865910787085105937e-01
-4.857044584297278700e-01
-4.838749720548118916e-01
-4.827986370681773831e-01
-5.400515781654335878e-01
-6.835836274215194575e-01
-6.825296546853586444e-01
-6.809979230954122942e-01
-6.789992116321038607e-01
-1.543716440770157350e+00
-1.731353919433508803e+00
-1.592246984378577590e+00
-1.577174575056837336e+00
-1.528840637679928838e+00
-1.464048146748770707e+00
-1.472208312918821260e+00
-1.573441168587075056e+00
-1.581437577320117693e+00
-9.239574129941555691e-01
-9.233455093212505904e-01
-9.806977295243203274e-01
-9.786392587066394810e-01
-9.771219262572214959e-01
-1.166831519160745234e+00
-1.165337755134443709e+00
-1.164113617640975651e+00
-1.153910529549951880e+00
-2.142090630728714640e+00
-2.363820913670886537e+00
-2.337775709581176198e+00
-2.255300273478012318e+00
-2.228818226206147557e+00
-2.207139058948557331e+00
-2.182458400233799445e+00
-2.102520850657229712e+00
-2.112593746801830985e+00
-2.120426702513913852e+00
-2.128207835553664218e+00
-2.137028229444240424e+00
-1.304809631236175660e+00
-1.304505397985608717e+00
-1.304026177048093205e+00
-1.303022361215710578e+00
-1.302077253655931077e+00
-1.301602904756723023e+00
-1.300721821867525829e+00
-1.300230939415301989e+00
-1.299304933936511919e+00
-1.298937705164673329e+00
-1.532673959635459049e+00
-1.532020214255426449e+00
-1.531826539028226186e+00
-1.531546118318357186e+00
-1.530291081713604617e+00
-1.529925634257481626e+00
-1.495794942899380642e+00
-1.494584629369879014e+00
-1.494281043668482134e+00
-1.493960834564592943e+00
-1.492748589902197942e+00
-1.491601001298757723e+00
-1.491323293481190415e+00
-1.490186790963721641e+00
-1.758397681565802673e+00
-1.758074641070102695e+00
-1.757504240408670926e+00
-1.756780178841459872e+00
-1.755921496714864638e+00
-1.481119896295153726e+00
-1.746709416815688476e+00
-2.731716664736085320e+00
-2.868041240976594519e+00
-2.868111006458854195e+00
-3.038869252026147549e+00
-3.122288517055861856e+00
-3.119983376467891034e+00
-3.124095125558018271e+00
-3.093979008520642004e+00
-3.094645416395616078e+00
-3.052287816407099008e+00
-3.018736224147530844e+00
-3.025917402877532858e+00
-2.956817715241278677e+00
-2.960097860976186546e+00
-2.994648792244338775e+00
-3.003343218632609890e+00
-2.955627369780847502e+00
-2.963423712542852861e+00
-2.966431570359801206e+00
-2.973060861764452056e+00
-2.984235650412032648e+00
-3.042766522819823738e+00
-3.112676697768665512e+00
-1.934815291592121511e+00
-1.934815291592121511e+00
-1.936123109733100645e+00
-2.237732642412308071e+00
-2.237732642412308071e+00
-2.236855225429877247e+00
-2.236855225429877247e+00
-2.236443202863859447e+00
-2.236443202863859447e+00
-2.235495833800567489e+00
-2.235495833800567489e+00
-2.235495833800567489e+00
-2.235084025332988666e+00
-2.235569617693003774e+00
-2.234674409635371450e+00
-2.234674409635371450e+00
-2.233802195948640268e+00
-2.234322006607927680e+00
-2.233498418897184035e+00
-2.233498418897184035e+00
-2.232648468184912804e+00
-2.233096697560128518e+00
-2.232242736639221015e+00
-2.232725669250291922e+00
-2.231916413143550049e+00
-2.231916413143550049e+00
-2.231500620113637812e+00
-2.231500620113637812e+00
-2.230736195682100131e+00
-2.230736195682100131e+00
-2.230337532461564631e+00
-2.230337532461564631e+00
-2.229532014556896868e+00
-2.228776469869169219e+00
-2.229271552481649099e+00
-2.229044857105630051e+00
-2.229044857105630051e+00
-2.228251153456414002e+00
-2.228251153456414002e+00
-2.227943192903010683e+00
-2.227208475420967115e+00
-2.227208475420967115e+00
-2.226456359119888706e+00
-2.226573093852972640e+00
-2.226573093852972640e+00
-2.225849972961244649e+00
-2.225849972961244649e+00
-2.225545695937079405e+00
-2.224868264100797965e+00
-2.224868264100797965e+00
-2.224159328930328527e+00
-2.223907418261610758e+00
-2.541261184071760937e+00
-2.541746498860840919e+00
-2.541500052399357390e+00
-2.541175446284593242e+00
-2.540958261164385945e+00
-2.540958261164385945e+00
-2.540724588870870271e+00
-2.550672715368502708e+00
-2.550476550597230663e+00
-2.550281095838830669e+00
-2.550281095838830669e+00
-2.550331129562022348e+00
-2.550131058067007128e+00
-2.549944333776433592e+00
-2.549763121819037970e+00
-2.549456617337541697e+00
-2.549265433618029153e+00
-2.549064433368022797e+00
-2.548873214013129829e+00
-2.548650570355245115e+00
-2.548803914321414510e+00
-2.548601537047278764e+00
-2.548174606024919520e+00
-2.547811041437103796e+00
-2.546989163055308758e+00
-2.192106906009497980e+00
-2.541806530171442979e+00
-2.540993378885339826e+00
-2.880985894412389392e+00
-3.150075495681945892e+00
-3.425593860695368420e+00
-3.426149438231934852e+00
-3.454032829742268440e+00
-3.460014468075963912e+00
-3.450472490083710486e+00
-3.445468369959681088e+00
-3.444356503560082494e+00
-3.453690323460295808e+00
-3.453680746104181853e+00
-3.503558820454319100e+00
-3.520414314596867822e+00
-3.574335630093087968e+00
-3.604852325158686810e+00
-3.654061661986006015e+00
-3.671148208368094412e+00
-3.686788827840386418e+00
-3.702669813015952549e+00
-3.684618034360885641e+00
-3.692388749250521407e+00
-3.689299713517172563e+00
-3.686666292235140752e+00
-3.682892570845286428e+00
-3.682507585756267687e+00
-3.688203049990248061e+00
-3.687424413438213922e+00
-3.684813941971677664e+00
-3.691325588850715711e+00
-3.693206268879779763e+00
-3.696298315330240225e+00
-3.695817959745171688e+00
-3.700163595658172433e+00
-3.704440506756074836e+00
-3.707845584703588049e+00
-3.697889867531203301e+00
-4.060812753501489070e+00
-4.063544514363116811e+00
-4.070879190684271620e+00
-4.073890067064208864e+00
-4.078253318331066524e+00
-4.084757543853735129e+00
-4.085522252492479467e+00
-4.090827306540384178e+00
-4.096482799489473692e+00
-4.097249690202875883e+00
-4.102222609188616254e+00
-4.106842645140941883e+00
-4.109213827786404316e+00
-4.134108966493767134e+00
-4.133975868394970554e+00
-4.149014653618984028e+00
-4.158215705874122037e+00
-4.172150764443097515e+00
-4.181160625004593179e+00
-4.041750895952652911e+00
-3.051882513740660219e+00
-3.051882513740660219e+00
-3.051508774941350310e+00
-3.051508774941350310e+00
-3.050968254540940006e+00
-3.051538932175188457e+00
-3.050995829470773746e+00
-3.050995829470773746e+00
-3.050995829470773746e+00
-3.050435941623044656e+00
-3.050435941623044656e+00
-3.049912973099202507e+00
-3.049912973099202507e+00
-3.049979682245555157e+00
-3.049979682245555157e+00
-3.049419025792564852e+00
-3.049419025792564852e+00
-3.049613416798043097e+00
-3.049111552463409591e+00
-3.049111552463409591e+00
-3.048622719477654286e+00
-3.049173623798411725e+00
-3.048641577166648631e+00
-3.048641577166648631e+00
-3.048151304418572405e+00
-3.048151304418572405e+00
-3.047668118957513439e+00
-3.047668118957513439e+00
-3.047159159149202878e+00
-3.047717816025373505e+00
-3.047252778296551501e+00
-3.047252778296551501e+00
-3.046772132395656474e+00
-3.046976298463769606e+00
-3.046481704480247021e+00
-3.078760506258702900e+00
-3.079248534060762044e+00
-3.078795654293749795e+00
-3.078795654293749795e+00
-3.078349828070610528e+00
-3.077915204336798105e+00
-3.077915204336798105e+00
-3.077467574431185238e+00
-3.077926300169370855e+00
-3.077464735442441146e+00
-3.500670655102179563e+00
-3.500670655102179563e+00
-3.500687360688464977e+00
-3.500824714766303192e+00
-3.075903128098930406e+00
-3.075477467263143083e+00
-3.075458047922489335e+00
-3.074871446517068563e+00
-3.073837397402662042e+00
-3.072289414177088673e+00
-2.621858278031192313e+00
-3.062438686477004790e+00
-3.061228293753636365e+00
-3.060507723250046830e+00
-3.059532206108831698e+00
-3.501246040068902499e+00
-3.501283729250089127e+00
-3.501328793202018730e+00
-3.703583442831621664e+00
-3.889681733534862573e+00
-4.174085736132524538e+00
-4.373018717629282293e+00
-4.416819823955828284e+00
-4.265791249171369870e+00
-4.394790376449973834e+00
-4.354252149092707747e+00
-4.327163016511748062e+00
-4.312424459899124152e+00
-4.304726826026145758e+00
-4.297956348614568434e+00
-4.293556561604917832e+00
-4.288639321655745462e+00
-4.286176229677885807e+00
-4.282776462597194467e+00
-4.286181651212030985e+00
-4.286181651212030985e+00
-4.324468049374470269e+00
-4.324468049374470269e+00
-4.324468049374470269e+00
-4.354275490009644756e+00
-4.351515726388019090e+00
-4.410447575594113268e+00
-4.410447575594113268e+00
-4.437654844293205336e+00
-4.437654844293205336e+00
-4.466503669429980228e+00
-4.463487186508220184e+00
-4.500282055100604417e+00
-4.500282055100604417e+00
-4.521270799115511885e+00
-4.531371834063019577e+00
-4.537554407148753022e+00
-4.545971465870653816e+00
-4.549726507697460676e+00
-4.557000808613563159e+00
-4.568026300408167373e+00
-4.568026300408167373e+00
-4.583177779364577376e+00
-4.583177779364577376e+00
-4.583530746377738829e+00
-4.586512071673438662e+00
-4.578614990750471847e+00
-4.583625721157569721e+00
-4.589000505484575498e+00
-4.583643034537364436e+00
-4.585112611411573447e+00
-4.587520352545845448e+00
-4.593915606617795966e+00
-4.595945905808267895e+00
-4.589152690402277024e+00
-4.594409785778588606e+00
-4.595078636308869591e+00
-4.597003105402808210e+00
-4.602577779912961908e+00
-4.607187553739120922e+00
-4.610802304610107427e+00
-4.614813906188074633e+00
-4.615129906781155533e+00
-4.615129906781155533e+00
-4.612463315153296328e+00
-4.615759528775853937e+00
-4.622193151571877934e+00
-4.623692077727910466e+00
-4.625208601858124879e+00
-4.625208601858124879e+00
-4.633040116732892066e+00
-4.636066612793550590e+00
-4.639882158528209288e+00
-4.645320163607078889e+00
-4.643701723308960361e+00
-4.647380836444758856e+00
-4.654478741180356316e+00
-4.655522412594245374e+00
-4.657032843987398252e+00
-4.662529454361908243e+00
-4.662924731612832829e+00
-4.666675533005301801e+00
-4.669841511839717185e+00
-4.673762714451743072e+00
-4.678929341618889737e+00
-4.678736223058460375e+00
-4.681444597965972676e+00
-4.683691906825119489e+00
-4.697172506054461572e+00
-4.701986427865484153e+00
-4.701829599567579621e+00
-4.715665730458757032e+00
-4.723892657672552176e+00
-4.723892657672552176e+00
-4.736334855951003675e+00
-4.764432157894513686e+00
-4.761387344205025407e+00
-4.773404561098376853e+00
-4.773404561098376853e+00
-4.766135536655097482e+00
-4.655480906051586487e+00
-4.844855200554973429e+00
-3.721691306108647179e+00
-3.721691306108647179e+00
-3.721691306108647179e+00
-3.721691306108647179e+00
-3.721490967717516973e+00
-3.721490967717516973e+00
-3.721490967717516973e+00
-3.721490967717516973e+00
-3.721490967717516973e+00
-3.721490967717516973e+00
-3.721286106713832975e+00
-3.721561039915558311e+00
-3.721561039915558311e+00
-3.721561039915558311e+00
-3.721561039915558311e+00
-3.721339173215371332e+00
-3.721339173215371332e+00
-3.721339173215371332e+00
-3.721339173215371332e+00
-3.721339173215371332e+00
-3.721142040930079720e+00
-3.721142040930079720e+00
-3.721142040930079720e+00
-3.721142040930079720e+00
-3.721257423875543591e+00
-3.721257423875543591e+00
-3.721257423875543591e+00
-3.721257423875543591e+00
-3.721257423875543591e+00
-3.721064165105214983e+00
-3.721064165105214983e+00
-3.721064165105214983e+00
-3.721064165105214983e+00
-3.721064165105214983e+00
-3.720876135279875818e+00
-3.720876135279875818e+00
-3.721162244872398883e+00
-3.721162244872398883e+00
-3.720958250595395977e+00
-3.720958250595395977e+00
-3.720958250595395977e+00
-3.720958250595395977e+00
-3.720958250595395977e+00
-3.720772828032641755e+00
-3.720772828032641755e+00
-3.720772828032641755e+00
-3.720772828032641755e+00
-3.720772828032641755e+00
-3.720851625145034536e+00
-3.720851625145034536e+00
-3.720851625145034536e+00
-3.720851625145034536e+00
-3.720670700420205534e+00
-3.720670700420205534e+00
-3.720670700420205534e+00
-3.720670700420205534e+00
-3.720497940481788834e+00
-3.720497940481788834e+00
-3.720497940481788834e+00
-3.720497940481788834e+00
-3.720801732890343771e+00
-3.720606362661909028e+00
-3.720606362661909028e+00
-3.720606362661909028e+00
-3.720606362661909028e+00
-3.720435069452578070e+00
-3.720435069452578070e+00
-3.720435069452578070e+00
-3.720435069452578070e+00
-3.720262913922768977e+00
-3.720262913922768977e+00
-3.720262913922768977e+00
-3.720520553655677798e+00
-3.720353325736301286e+00
-3.720353325736301286e+00
-3.720353325736301286e+00
-3.720353325736301286e+00
-3.720187011485028616e+00
-3.720187011485028616e+00
-3.720187011485028616e+00
-3.720187011485028616e+00
-3.720006189387834450e+00
-3.720006189387834450e+00
-3.720275996168242116e+00
-3.965225680910391848e+00
-3.965225680910391848e+00
-3.965225680910391848e+00
-3.965225680910391848e+00
-3.965208169887011636e+00
-3.965208169887011636e+00
-3.965208169887011636e+00
-3.965208169887011636e+00
-3.965190735066863592e+00
-3.965190735066863592e+00
-3.965217897155257631e+00
-3.965200335323555869e+00
-3.965200335323555869e+00
-3.965200335323555869e+00
-3.965200335323555869e+00
-3.965182282860216123e+00
-3.965182282860216123e+00
-3.965182282860216123e+00
-3.965165309599159027e+00
-3.965165309599159027e+00
-3.965165309599159027e+00
-3.965192728784761034e+00
-3.965175266445873703e+00
-3.965175266445873703e+00
-3.965175266445873703e+00
-3.965158195703457622e+00
-3.965158195703457622e+00
-3.965158195703457622e+00
-3.965139702631099716e+00
-3.965139702631099716e+00
-3.965139702631099716e+00
-3.965139702631099716e+00
-3.965148818692535659e+00
-3.965148818692535659e+00
-3.965148818692535659e+00
-3.965131581521776472e+00
-3.965131581521776472e+00
-3.965131581521776472e+00
-3.965111903482786637e+00
-3.965111903482786637e+00
-3.965111903482786637e+00
-3.965094285795215168e+00
-3.965094285795215168e+00
-3.965122843218130466e+00
-3.965103769367946285e+00
-3.965103769367946285e+00
-3.965084045221266784e+00
-3.965084045221266784e+00
-3.965077301337465165e+00
-3.965071760221197117e+00
-3.965055588028318034e+00
-3.965052605519723716e+00
-3.965040054956296967e+00
-3.965057928305976809e+00
-3.965042607723002988e+00
-3.965034327582159346e+00
-3.965018135379537512e+00
-3.965009224204407268e+00
-3.964988761435883635e+00
-3.964976633377574444e+00
-3.964946674895072132e+00
-3.964927887905973058e+00
-3.716827891762405134e+00
-3.716075473614695035e+00
-3.476975109241552175e+00
-3.713803123138165851e+00
-3.713544368605314894e+00
-3.713251180107061789e+00
-3.792876228339841393e+00
-3.792728723691122461e+00
-3.792575532237188352e+00
-3.792500377727516359e+00
-3.792354531695579567e+00
-3.792415448591339722e+00
-4.050665035199714659e+00
-4.050718301565330748e+00
-4.050771848999613844e+00
-4.050807686477510217e+00
-4.050856897988031058e+00
-4.050914602076949755e+00
-4.050948140503572326e+00
-4.051004591526721654e+00
-4.077023714412335131e+00
-4.076998815490236794e+00
-4.077082795384113112e+00
-4.077180914186620875e+00
-4.077225449192204643e+00
-4.483980593025888695e+00
-4.484329684814218453e+00
-4.767794020579120939e+00
-4.769017118614112150e+00
-4.769465696678592437e+00
-4.985747541163153329e+00
-5.124945584304461121e+00
-5.178841281735292235e+00
-5.187117337584638221e+00
-5.222379467661278696e+00
-5.234072125107575246e+00
-5.178609052152499892e+00
-5.084571064100087412e+00
-5.031774346922466279e+00
-5.015913640745052859e+00
-5.032281020552508366e+00
-5.032281020552508366e+00
-5.088089486891576030e+00
-5.142144825050983137e+00
-5.142144825050983137e+00
-5.189127354872590026e+00
-5.189127354872590026e+00
-5.236700870016377962e+00
-5.282508862643296332e+00
-5.279368675734358973e+00
-5.301674534221993973e+00
-5.301674534221993973e+00
-5.347848823868284640e+00
-5.347848823868284640e+00
-5.399115988739207950e+00
-5.399115988739207950e+00
-5.496967403275576203e+00
-5.496967403275576203e+00
-5.493873812426472547e+00
-5.545404470240736572e+00
-5.597848802091021980e+00
-5.597848802091021980e+00
-5.652214351176252372e+00
-5.652214351176252372e+00
-5.654455841972588104e+00
-5.654455841972588104e+00
-5.730580966657179864e+00
-5.793660053354787287e+00
-5.793660053354787287e+00
-5.769229233724376016e+00
-5.769229233724376016e+00
-5.861063779496330284e+00
-5.960761206196037776e+00
-3.988647076385527956e+00
-3.988647076385527956e+00
-3.988647076385527956e+00
-3.988647076385531065e+00
-3.988647076385531065e+00
-3.988647076385531065e+00
-3.988647076385531065e+00
-3.988647076385531065e+00
-3.988647076385531065e+00
-3.988647076385531065e+00
-3.988647076385531065e+00
-3.988647076385531065e+00
-3.988647076385531065e+00
-3.988647076385531065e+00
-3.988647076385531065e+00
-3.988647076385531065e+00
-3.988647076385531065e+00
-3.988647076385531065e+00
-3.988647076385531065e+00
-3.988647076385531065e+00
-3.988647076385535062e+00
-3.988647076385535062e+00
-3.988647076385535062e+00
-3.988647076385535062e+00
-3.988647076385535062e+00
-3.988647076385535062e+00
-3.988647076385535062e+00
-3.988647076385535062e+00
-3.988647076385535062e+00
-3.988647076385531065e+00
-3.988647076385531065e+00
-3.988647076385531065e+00
-3.988647076385531065e+00
-3.988647076385531065e+00
-3.988647076385531065e+00
-3.988647076385531065e+00
-3.988647076385531065e+00
-3.988647076385534618e+00
-3.988647076385534618e+00
-3.988647076385534618e+00
-3.988647076385534618e+00
-3.988647076385534618e+00
-3.988647076385534618e+00
-3.988647076385534618e+00
-3.988647076385534618e+00
-3.988647076385531065e+00
-3.988647076385531065e+00
-3.988647076385531065e+00
-3.988647076385531065e+00
-3.988647076385531065e+00
-3.988647076385531065e+00
-3.988647076385531065e+00
-3.988647076385531065e+00
-3.988647076385531509e+00
-3.988647076385531509e+00
-3.988647076385531509e+00
-3.988647076385531509e+00
-3.988647076385531509e+00
-3.988647076385531509e+00
-3.988647076385531509e+00
-3.988647076385531509e+00
-3.988647076385534618e+00
-3.988647076385534618e+00
-3.988647076385534618e+00
-3.988647076385534618e+00
-3.988647076385534618e+00
-3.988647076385534618e+00
-3.988647076385534618e+00
-3.988647076385534618e+00
-3.988647076385531065e+00
-3.988647076385531065e+00
-3.988647076385531065e+00
-3.988647076385531065e+00
-3.988647076385531065e+00
-3.988647076385531065e+00
-3.988647076385531065e+00
-3.988647076385531065e+00
-3.988647076385531065e+00
-3.988647076385531065e+00
-3.988647076385531065e+00
-3.988647076385531065e+00
-3.988647076385531065e+00
-3.988647076385531065e+00
-3.988647076385531065e+00
-3.988647076385535062e+00
-3.988647076385535062e+00
-3.988647076385535062e+00
-3.988647076385535062e+00
-3.988647076385535062e+00
-3.988647076385535062e+00
-3.988647076385535062e+00
-3.988647076385535062e+00
-3.988647076385531509e+00
-3.988647076385531509e+00
-3.988647076385531509e+00
-3.988647076385531509e+00
-3.988647076385531509e+00
-3.988647076385531509e+00
-3.988647076385531509e+00
-3.988647076385531065e+00
-3.988647076385531065e+00
-3.988647076385531065e+00
-3.988647076385531065e+00
-3.988647076385531065e+00
-3.988647076385531065e+00
-3.988647076385531065e+00
-3.988647076385531065e+00
-3.988647076385531065e+00
-3.988647076385531065e+00
-3.988647076385531065e+00
-3.988647076385531065e+00
-3.988647076385531065e+00
-3.988647076385531065e+00
-3.988647076385531065e+00
-3.988647076385531065e+00
-3.988647076385531065e+00
-3.988647076385531065e+00
-3.988647076385531065e+00
-3.988647076385531065e+00
-3.988647076385531065e+00
-3.988647076385531065e+00
-3.988647076385531065e+00
-3.988647076385531065e+00
-3.988647076385531065e+00
-3.988647076385531065e+00
-3.988647076385531065e+00
-3.988647076385531065e+00
-3.988647076385527512e+00
-3.988647076385527512e+00
-3.988647076385527512e+00
-3.988647076385527512e+00
-3.988647076385527512e+00
-3.988647076385527512e+00
-3.988647076385527512e+00
-3.988647076385531065e+00
-3.988647076385531065e+00
-3.988647076385531065e+00
-3.988647076385531065e+00
-3.988647076385531065e+00
-3.988647076385531065e+00
-4.500676732818096326e+00
-4.500676732818096326e+00
-4.500676732818096326e+00
-4.500676732818096326e+00
-4.500676732818096326e+00
-4.500676732818096326e+00
-4.500676732818096326e+00
-4.500676732818089221e+00
-4.500676732818089221e+00
-4.500676732818089221e+00
-4.500676732818089221e+00
-4.500676732818089221e+00
-4.500676732818089221e+00
-4.500676732818089221e+00
-4.500676732818089221e+00
-4.500676732818089221e+00
-4.500676732818089221e+00
-4.500676732818089221e+00
-4.500676732818089221e+00
-4.500676732818089221e+00
-4.500676732818089221e+00
-4.500676732818089221e+00
-4.500676732818089221e+00
-4.500676732818089221e+00
-4.500676732818089221e+00
-4.500676732818089221e+00
-4.500676732818096326e+00
-4.500676732818096326e+00
-4.500676732818096326e+00
-4.500676732818096326e+00
-4.500676732818096326e+00
-4.500676732818096326e+00
-4.500676732818089221e+00
-4.500676732818089221e+00
-4.500676732818089221e+00
-4.500676732818089221e+00
-4.500676732818089221e+00
-4.500676732818089221e+00
-4.500676732818090109e+00
-4.500676732818090109e+00
-4.500676732818090109e+00
-4.500676732818090109e+00
-4.500676732818090109e+00
-4.500676732818092773e+00
-4.500676732818092773e+00
-4.500676732818092773e+00
-4.500676732818092773e+00
-4.500676732818092773e+00
-4.500676732818092773e+00
-4.500676732818092773e+00
-4.500676732818092773e+00
-4.500676732818092773e+00
-4.500676732818092773e+00
-4.500676732818092773e+00
-4.500676732818092773e+00
-4.500676732818089221e+00
-4.500676732818089221e+00
-4.500676732818089221e+00
-4.500676732818089221e+00
-4.500676732818089221e+00
-4.500676732818089221e+00
-4.500676732818089221e+00
-4.500676732818089221e+00
-4.500676732818089221e+00
-4.500676732818089221e+00
-4.500676732818089221e+00
-4.500676732818092773e+00
-4.500676732818092773e+00
-4.500676732818092773e+00
-4.500676732818092773e+00
-4.500676732818092773e+00
-4.500676732818092773e+00
-4.500676732818092773e+00
-4.500676732818092773e+00
-4.500676732818092773e+00
-4.500676732818092773e+00
-4.500676732818089221e+00
-4.500676732818089221e+00
-4.500676732818089221e+00
-4.500676732818089221e+00
-4.500676732818089221e+00
-4.500676732818096326e+00
-4.500676732818096326e+00
-4.500676732818096326e+00
-4.500676732818096326e+00
-4.500676732818096326e+00
-4.500676732818096326e+00
-4.500676732818096326e+00
-4.500676732818096326e+00
-4.500676732818096326e+00
-4.500676732818096326e+00
-4.500676732818096326e+00
-4.500676732818096326e+00
-4.500676732818096326e+00
-4.500676732818096326e+00
-4.500676732818096326e+00
-4.500676732818092773e+00
-4.500676732818092773e+00
-4.500676732818092773e+00
-4.500676732818092773e+00
-4.500676732818092773e+00
-4.500676732818093662e+00
-4.500676732818093662e+00
-4.500676732818093662e+00
-4.500676732818093662e+00
-4.500676732818096326e+00
-4.500676732818096326e+00
-4.500676732818096326e+00
-4.500676732818092773e+00
-4.500676732818089221e+00
-4.500676732818096326e+00
-4.500676732818096326e+00
-4.500676732818096326e+00
-4.500676732818092773e+00
-4.500676732818089221e+00
-4.500676732818096326e+00
-4.500676732818092773e+00
-4.500676732818092773e+00
-4.500676732818089221e+00
-4.500676732818096326e+00
-4.500676732818089221e+00
-4.500676732818089221e+00
-4.500676732818092773e+00
-4.500676732818089221e+00
-4.500676732818093662e+00
-4.500676732818093662e+00
-4.500676732818092773e+00
-4.500676732818089221e+00
-4.500676732818096326e+00
-4.500676732818089221e+00
-4.500676732818092773e+00
-4.500676732818092773e+00
-3.988647076385531509e+00
-3.988647076385531509e+00
-3.988647076385531065e+00
-3.988647076385531065e+00
-3.988647076385534618e+00
-3.988647076385527512e+00
-3.988647076385527512e+00
-3.988647076385531065e+00
-3.988647076385535062e+00
-3.988647076385535062e+00
-3.988647076385534618e+00
-3.988647076385534618e+00
-3.988647076385534618e+00
-3.988647076385531065e+00
-3.988647076385531065e+00
-3.988647076385534618e+00
-3.988647076385534618e+00
-3.988647076385527512e+00
-3.988647076385527956e+00
-3.988647076385527956e+00
-3.988647076385531065e+00
-3.988647076385531065e+00
-4.500676732818096326e+00
-4.500676732818089221e+00
-4.585107534073056712e+00
-4.585107534073056712e+00
-4.585107534073053159e+00
-4.585107534073053159e+00
-4.585107534073056712e+00
-4.585107534073056712e+00
-4.585107534073053159e+00
-4.585107534073054047e+00
-4.585107534073054047e+00
-4.585107534073049607e+00
-4.585107534073054047e+00
-4.585107534073054047e+00
-4.585107534073049607e+00
-4.585107534073049607e+00
-4.585107534073053159e+00
-4.585107534073056712e+00
-4.585107534073056712e+00
-4.585107534073053159e+00
-4.585107534073049607e+00
-4.585107534073049607e+00
-4.585107534073056712e+00
-4.585107534073056712e+00
-4.585107534073054047e+00
-4.585107534073053159e+00
-4.585107534073053159e+00
-4.585107534073053159e+00
-4.585107534073056712e+00
-4.585107534073056712e+00
-4.585107534073056712e+00
-4.585107534073056712e+00
-5.020255431379994526e+00
-5.020255431379998079e+00
-5.020255431379998079e+00
-5.020255431379998079e+00
-5.020255431380001632e+00
-5.020255431380001632e+00
-5.020255431379998079e+00
-5.020255431379998079e+00
-5.020255431379994526e+00
-5.020255431379998079e+00
-5.020255431379998079e+00
-5.020255431380001632e+00
-5.020255431379998079e+00
-5.020255431379998079e+00
-5.537342665129136421e+00
-5.537342665129136421e+00
