5.356207402244144333e+01
5.362203972617933090e+01
5.369295103303114303e+01
5.358115114039828342e+01
5.305768957131945029e+01
5.262688105767599467e+01
5.224983394797649794e+01
5.189263203647801959e+01
5.153998515704839178e+01
5.122943084459848251e+01
5.095332747546328278e+01
5.067883133732274814e+01
5.043134787802985386e+01
5.019351831027820054e+01
5.002366365553406524e+01
4.984003072488442854e+01
4.970351565407378303e+01
4.963462504054502489e+01
4.947936487411928397e+01
4.941734613111189134e+01
4.926006832141459313e+01
4.918355317970971186e+01
4.910084368560236356e+01
4.903538957587186076e+01
4.889697773801198366e+01
4.880184097994202830e+01
4.874053303615757926e+01
4.867598333668727406e+01
4.860551250215758756e+01
4.856172590190445248e+01
4.850901918014922387e+01
4.845613404069163721e+01
4.836185500187497865e+01
4.834033887719709099e+01
4.829135676008557709e+01
4.824166564949092617e+01
4.812636177138870153e+01
4.803899810574181828e+01
4.799721588099744451e+01
4.805718165094489791e+01
4.769666701028420874e+01
4.770056964689351275e+01
4.771807924331693584e+01
4.771418870762367703e+01
4.771514479808507758e+01
4.769668587770827628e+01
4.770344604523539545e+01
4.759575956643611505e+01
4.764763575441560306e+01
4.765312274883093124e+01
4.766153443385799449e+01
4.766890756537060980e+01
4.762833077254351366e+01
4.751214279418094577e+01
4.751913290326299943e+01
4.752889853189474678e+01
4.754076173872282141e+01
4.711421648334592760e+01
4.711716925940970668e+01
4.712396435427790209e+01
4.713175766044841453e+01
4.714377937589613765e+01
4.717439757978435466e+01
4.718030439401536569e+01
4.710113073596861710e+01
4.710782574206423590e+01
4.706550732218735789e+01
4.707093534260901890e+01
4.702929943452260630e+01
4.703620945229187100e+01
4.704385626426365974e+01
4.688532328464781784e+01
4.689487845745928496e+01
4.690242790424133545e+01
4.697057634674353466e+01
4.635648867842716925e+01
4.635990276378444008e+01
4.636002506069436890e+01
4.636457552853430286e+01
4.637058794804553230e+01
4.637764722698020137e+01
4.638809424333798859e+01
4.642609453913732409e+01
4.642755269421970610e+01
4.643183694088689606e+01
4.643653659807029044e+01
4.644098114257418075e+01
4.638974349988703239e+01
4.639271140240448688e+01
4.639613031096807561e+01
4.639915787088348509e+01
4.640202133056395439e+01
4.640543762144647388e+01
4.640812455167689166e+01
4.641097446464284815e+01
4.641381712728074405e+01
4.641685654596795985e+01
4.621798438824658461e+01
4.622059079812650850e+01
4.622394870957080570e+01
4.622658505926823125e+01
4.623184053115822678e+01
4.623488541628020698e+01
4.628430083964118325e+01
4.628925727757633268e+01
4.629194850984053744e+01
4.629484352360969979e+01
4.629987379748731513e+01
4.630467692994544393e+01
4.630757297003329853e+01
4.631237984037639421e+01
4.608414334810254331e+01
4.608692104753295382e+01
4.609142703888752379e+01
4.609720640275881465e+01
4.610440650207159763e+01
4.635788492588475407e+01
4.618798072934160359e+01
4.543593618526956135e+01
4.537749546429943592e+01
4.538091502668901711e+01
4.538091502668901711e+01
4.538124512410206535e+01
4.538488997160675353e+01
4.538491137756126648e+01
4.538518634218176828e+01
4.538879512990137499e+01
4.539111124783258333e+01
4.539476247639991868e+01
4.539824169288590383e+01
4.540947148923754639e+01
4.541320818870157439e+01
4.541838484934867637e+01
4.541924241167892973e+01
4.544538228232561039e+01
4.544636035900705195e+01
4.545021835822493728e+01
4.545107237594572780e+01
4.545284298456756744e+01
4.543219932069399647e+01
4.541413687736934435e+01
4.540948257830194734e+01
4.540948257830194734e+01
4.540979727242658726e+01
4.514167555699144430e+01
4.514167555699144430e+01
4.514458402227057832e+01
4.514458402227057832e+01
4.514807110940591883e+01
4.514807110940591883e+01
4.515123381352486831e+01
4.515123381352486831e+01
4.515123381352486831e+01
4.515461480136170991e+01
4.515464777700496768e+01
4.515765005927357834e+01
4.515765005927357834e+01
4.516058931604072768e+01
4.516110302647612684e+01
4.516388339847910061e+01
4.516388339847910061e+01
4.516676597899647305e+01
4.516732638106121556e+01
4.517022901812790536e+01
4.517026158477000308e+01
4.517301757868402490e+01
4.517301757868402490e+01
4.517642429506441459e+01
4.517642429506441459e+01
4.517904509274380587e+01
4.517904509274380587e+01
4.518229203785713821e+01
4.518229203785713821e+01
4.518507214887581824e+01
4.518769133457120546e+01
4.518772443789350746e+01
4.519085397756262523e+01
4.519085397756262523e+01
4.519361338493121139e+01
4.519361338493121139e+01
4.519663703611522720e+01
4.519920710348104365e+01
4.519920710348104365e+01
4.520184934088852913e+01
4.520484242301413502e+01
4.520484242301413502e+01
4.520739196365572354e+01
4.520739196365572354e+01
4.521030072222656315e+01
4.521270322658625673e+01
4.521270322658625673e+01
4.521522772655279709e+01
4.521811411100271272e+01
4.493870969917442437e+01
4.493877020660239907e+01
4.494089586330592567e+01
4.494370977960298319e+01
4.494560154335995605e+01
4.494560154335995605e+01
4.494764509787808748e+01
4.495415752590294289e+01
4.495609516496935498e+01
4.495803355120111178e+01
4.495803355120111178e+01
4.496074109829167753e+01
4.496273130824414466e+01
4.496459617875965620e+01
4.496641291369414262e+01
4.496920793129756078e+01
4.497114447826032801e+01
4.497318888860703368e+01
4.497514190531983047e+01
4.497808780428165676e+01
4.498020242289102555e+01
4.498228113969092590e+01
4.498643556328275395e+01
4.499022744263459117e+01
4.499891144450646863e+01
4.534105728006889535e+01
4.505735175027852080e+01
4.506726250616672047e+01
4.478258943411490378e+01
4.457175199240970187e+01
4.440452871977309712e+01
4.438499094001130629e+01
4.438499094001130629e+01
4.438813390323441865e+01
4.438813390323441865e+01
4.438813390323441865e+01
4.439134392264936935e+01
4.439134392264936935e+01
4.439154002074918992e+01
4.439154002074918992e+01
4.439474561847243450e+01
4.439474561847243450e+01
4.439474561847243450e+01
4.439778754671699090e+01
4.439778754671699090e+01
4.439778754671699090e+01
4.440076804423235046e+01
4.440096293185682441e+01
4.440096293212792489e+01
4.440418474897580836e+01
4.440419587163334825e+01
4.440422201767595567e+01
4.440723909697555882e+01
4.440724060570100562e+01
4.440738991399008029e+01
4.441067337745617039e+01
4.441086840485249354e+01
4.441142541597510274e+01
4.441460411212528925e+01
4.441543088384004534e+01
4.441545305679920830e+01
4.441833080486385654e+01
4.441834850965983605e+01
4.441995565578960736e+01
4.406482451184059812e+01
4.406532580391641574e+01
4.406548793062442826e+01
4.406826209233970815e+01
4.406836057006563578e+01
4.406853765074822604e+01
4.407132783014765209e+01
4.407145102674697057e+01
4.407158406855345589e+01
4.407458521012888042e+01
4.407470388355707769e+01
4.407737166013447450e+01
4.407742936295747427e+01
4.407342905300802727e+01
4.407620014759278604e+01
4.407401710986550114e+01
4.407244848491828293e+01
4.407434940606742657e+01
4.407389141950169176e+01
4.407597822033923052e+01
4.407597822033923052e+01
4.407597822033923052e+01
4.407866533034573564e+01
4.407866533034573564e+01
4.408108118109890938e+01
4.408148804570974733e+01
4.408391487846430579e+01
4.408391487846430579e+01
4.408391487846430579e+01
4.408642779035788806e+01
4.408642779035788806e+01
4.408878525724361452e+01
4.408878525724361452e+01
4.409151458482734398e+01
4.409151458482734398e+01
4.409405168553048071e+01
4.409405168553048071e+01
4.409407695664003057e+01
4.409635423792308018e+01
4.409635423792308018e+01
4.409858137901083097e+01
4.409897052116645000e+01
4.410139374305624926e+01
4.410139374305624926e+01
4.410363609068052426e+01
4.410363609068052426e+01
4.410585491497027988e+01
4.410585491497027988e+01
4.410820173202770178e+01
4.410859409628786665e+01
4.411073711101299466e+01
4.411073711101299466e+01
4.411296079302671558e+01
4.411298715314877228e+01
4.411528079600822139e+01
4.410042911593038184e+01
4.410081832373953148e+01
4.410309290032490992e+01
4.410309290032490992e+01
4.410534141361118543e+01
4.410754245321824385e+01
4.410754245321824385e+01
4.410981876123777567e+01
4.411018262809231061e+01
4.411252970719968403e+01
4.373692921971191794e+01
4.373692921971191794e+01
4.373895971521422155e+01
4.374055638368105292e+01
4.412150177528897643e+01
4.412370798945171657e+01
4.412656225630578888e+01
4.412961811320353434e+01
4.413504763501352102e+01
4.414327996993874592e+01
4.455724143751573507e+01
4.419889173756055811e+01
4.420614964485713472e+01
4.421328603181382988e+01
4.421926042128167467e+01
4.383083577274474862e+01
4.383632337939211254e+01
4.384297774332114273e+01
4.367115841397099985e+01
4.351623719480627983e+01
4.328916470762949587e+01
4.317144147642346752e+01
4.316484998724084221e+01
4.316484998724084221e+01
4.316484998724084221e+01
4.316484998724084221e+01
4.316785540007908395e+01
4.316785540007908395e+01
4.316785540007908395e+01
4.316785540007908395e+01
4.316785540007908395e+01
4.316785540007908395e+01
4.316785540007908395e+01
4.317124812618396845e+01
4.317124812618396845e+01
4.317124812618396845e+01
4.317124812618396845e+01
4.317124812618396845e+01
4.317124812618396845e+01
4.317124812618396845e+01
4.317438408668930805e+01
4.317438408668930805e+01
4.317438408668930805e+01
4.317438408668930805e+01
4.317438408668930805e+01
4.317438408668930805e+01
4.317770866209104952e+01
4.317793576737318517e+01
4.317793576737318517e+01
4.317793576737318517e+01
4.317793576737318517e+01
4.317793576737318517e+01
4.317793576737318517e+01
4.318090155534581243e+01
4.318090155534581243e+01
4.318090156950978553e+01
4.318090156950978553e+01
4.318090158634841202e+01
4.318090158634841202e+01
4.318403697208161418e+01
4.318403697231407534e+01
4.318426569443526830e+01
4.318426569580044116e+01
4.318426569728241304e+01
4.318429342509345759e+01
4.318746640339651321e+01
4.318746657228338393e+01
4.318746702544080307e+01
4.318746717070576580e+01
4.318755708539178784e+01
4.318755865485609036e+01
4.319071412552283107e+01
4.319071470571937965e+01
4.319071640098223952e+01
4.319071781935370780e+01
4.319093240008871248e+01
4.319093365714743982e+01
4.319391556534410626e+01
4.319391556534410626e+01
4.319414296025671263e+01
4.319414587748556755e+01
4.319415163563497373e+01
4.319415298949463278e+01
4.319703319211953385e+01
4.319703319211953385e+01
4.319704036729025631e+01
4.319704317502171165e+01
4.319704674279167023e+01
4.319705188219093372e+01
4.320016764603035142e+01
4.320017114674939762e+01
4.320017798494458816e+01
4.320017899989564114e+01
4.320018047309230269e+01
4.320314389779047559e+01
4.320314428909704674e+01
4.320314802001607291e+01
4.320315119441291074e+01
4.320315515828988140e+01
4.320316043614699453e+01
4.320601611772514161e+01
4.320601890837691883e+01
4.320624302465361666e+01
4.320597581315626456e+01
4.320597765536545865e+01
4.320889272694796546e+01
4.320877450388680074e+01
4.320877528858629546e+01
4.320877528858629546e+01
4.320873606071255324e+01
4.320873593001550717e+01
4.321192979907255705e+01
4.321192978474103796e+01
4.321192978474103796e+01
4.321192977037225802e+01
4.321192977037225802e+01
4.300600234223679763e+01
4.300600234223679763e+01
4.300600234223679763e+01
4.300600234223679763e+01
4.300600234223679763e+01
4.300855251316867367e+01
4.300855251316867367e+01
4.300855251316867367e+01
4.300855251316867367e+01
4.300855251316867367e+01
4.300855251316867367e+01
4.301117460502513268e+01
4.301149797198132774e+01
4.301149797198132774e+01
4.301149797198132774e+01
4.301149797198132774e+01
4.301433298532847971e+01
4.301433298532847971e+01
4.301433298532847971e+01
4.301433298532847971e+01
4.301433298532847971e+01
4.301686633756383316e+01
4.301686633756383316e+01
4.301686633756383316e+01
4.301686633756383316e+01
4.301964289491047566e+01
4.301964289491047566e+01
4.301964289491047566e+01
4.301964289491047566e+01
4.301964289491047566e+01
4.302213188961554380e+01
4.302213188961554380e+01
4.302213188961554380e+01
4.302213188961554380e+01
4.302213188961554380e+01
4.302456623701773708e+01
4.302456623701773708e+01
4.302490206845545373e+01
4.302490206845545373e+01
4.302753657362645612e+01
4.302753657362645612e+01
4.302753657362645612e+01
4.302753657362645612e+01
4.302753657362645612e+01
4.302994409451929414e+01
4.302994409451929414e+01
4.302994409451929414e+01
4.302994409451929414e+01
4.302994409451929414e+01
4.303268748971953528e+01
4.303268748971953528e+01
4.303268748971953528e+01
4.303268748971953528e+01
4.303504339682671542e+01
4.303504339682671542e+01
4.303504339682671542e+01
4.303504339682671542e+01
4.303730405429689654e+01
4.303730405429689654e+01
4.303730405429689654e+01
4.303730405429689654e+01
4.303765998328450593e+01
4.304020802175202931e+01
4.304020802175202931e+01
4.304020802175202931e+01
4.304020802175202931e+01
4.304245346088764279e+01
4.304245346088764279e+01
4.304245346088764279e+01
4.304245346088764279e+01
4.304472106327415304e+01
4.304472106327415304e+01
4.304472106327415304e+01
4.304502252970428344e+01
4.304721981070555614e+01
4.304721981070555614e+01
4.304721981070555614e+01
4.304721981070555614e+01
4.304941532316267683e+01
4.304941532316267683e+01
4.304941532316267683e+01
4.304941532316267683e+01
4.305181405338295519e+01
4.305181405338295519e+01
4.305212936156986103e+01
4.283467115749935772e+01
4.283467115749935772e+01
4.283467115749935772e+01
4.283467115749935772e+01
4.283671325502359650e+01
4.283671325502359650e+01
4.283671325502359650e+01
4.283671325502359650e+01
4.283875596803213170e+01
4.283875596803213170e+01
4.283924570700769152e+01
4.284129799637123881e+01
4.284129799637123881e+01
4.284129799637123881e+01
4.284129799637123881e+01
4.284341769155437163e+01
4.284341769155437163e+01
4.284341769155437163e+01
4.284542006834089278e+01
4.284542006834089278e+01
4.284542006834089278e+01
4.284591389542892159e+01
4.284796832536511602e+01
4.284796832536511602e+01
4.284796832536511602e+01
4.284998604189804894e+01
4.284998604189804894e+01
4.284998604189804894e+01
4.285218241442587583e+01
4.285218241442587583e+01
4.285218241442587583e+01
4.285218241442587583e+01
4.285466334775641428e+01
4.285466334775641428e+01
4.285466334775641428e+01
4.285671542822802849e+01
4.285671542822802849e+01
4.285671542822802849e+01
4.285906990773457181e+01
4.285906990773457181e+01
4.285906990773457181e+01
4.286118865946897927e+01
4.286118865946897927e+01
4.286170140509518944e+01
4.286398886518709617e+01
4.286398886518709617e+01
4.286636694657322977e+01
4.286636694657322977e+01
4.286718300806492721e+01
4.286785466546805878e+01
4.286982086323848762e+01
4.287018443961621017e+01
4.287171770602036958e+01
4.287292478787908578e+01
4.287479440656687757e+01
4.287580819098345586e+01
4.287779750273377033e+01
4.287889616344710930e+01
4.288142950544202847e+01
4.288293793730024106e+01
4.288668646338101098e+01
4.288905364839401102e+01
4.311829246126404769e+01
4.313297512435093495e+01
4.336158706265715068e+01
4.316831216053793696e+01
4.317251229718553418e+01
4.317731790985961027e+01
4.312222787773352195e+01
4.312553700725331396e+01
4.312899941265220605e+01
4.313070773760516374e+01
4.313404138573825719e+01
4.313611001228893116e+01
4.290899974159562191e+01
4.291194662506022439e+01
4.291492971905451270e+01
4.291693791698114779e+01
4.291971103660746678e+01
4.292298584298119835e+01
4.292490081711319050e+01
4.292814358042843992e+01
4.287394864851289356e+01
4.287636789369076951e+01
4.287942387179148795e+01
4.288302256807758539e+01
4.288466613695791096e+01
4.254700470167630044e+01
4.254833869689910131e+01
4.230466472741913719e+01
4.230622109318379387e+01
4.230679440274636249e+01
4.212524450044399771e+01
4.203607399963841118e+01
4.199866356613316754e+01
4.199627969050084175e+01
4.199454565013675733e+01
4.199454501379656790e+01
4.199454491116090082e+01
4.199454491116090082e+01
4.199454491116090082e+01
4.199454491116090082e+01
4.199789191116090592e+01
4.199789191116090592e+01
4.199789191116090592e+01
4.199789191116090592e+01
4.199789191116090592e+01
4.199789191116090592e+01
4.199789191116090592e+01
4.199789191116090592e+01
4.199789191116090592e+01
4.200120091116090748e+01
4.200120091116090748e+01
4.200120091116090748e+01
4.200120091116090748e+01
4.200120091116090748e+01
4.200120091116090748e+01
4.200120091116090748e+01
4.200120091116090748e+01
4.200120091116090748e+01
4.200439391116090349e+01
4.200439391116090349e+01
4.200439391116090349e+01
4.200439391116090349e+01
4.200439391116090349e+01
4.200439391116090349e+01
4.200439391116090349e+01
4.200439391116090349e+01
4.200439391116090349e+01
4.200780891116090743e+01
4.200780891116090743e+01
4.200780891116090743e+01
4.200780891116090743e+01
4.200780891116090743e+01
4.200780891116090743e+01
4.200780891116090743e+01
4.200780891116090743e+01
4.200780891116090743e+01
4.201101291116090408e+01
4.201101291116090408e+01
4.201101291116090408e+01
4.201101291116090408e+01
4.201101291116090408e+01
4.201101291116090408e+01
4.201101291116090408e+01
4.201101291116090408e+01
4.201101291116090408e+01
4.201413791116090124e+01
4.201413791116090124e+01
4.201413791116090124e+01
4.201413791116090124e+01
4.201413791116090124e+01
4.201413791116090124e+01
4.201413791116090124e+01
4.201413791116090124e+01
4.201693591116089976e+01
4.201693591116089976e+01
4.201693591116089976e+01
4.201693591116089976e+01
4.201693591116089976e+01
4.201693591116089976e+01
4.201693591116089976e+01
4.201693591116089976e+01
4.201693591116089976e+01
4.201995991116090323e+01
4.201995991116090323e+01
4.201995991116090323e+01
4.201995991116090323e+01
4.201995991116090323e+01
4.201995991116090323e+01
4.201995991116090323e+01
4.201995991116090323e+01
4.202295291116089970e+01
4.202295291116089970e+01
4.202295291116089970e+01
4.202295291116089970e+01
4.202295291116089970e+01
4.202295291116089970e+01
4.202295291116089970e+01
4.202295291116089970e+01
4.202597691116090317e+01
4.202597691116090317e+01
4.202597691116090317e+01
4.202597691116090317e+01
4.202597691116090317e+01
4.202597691116090317e+01
4.202597691116090317e+01
4.202597691116090317e+01
4.202886391116090437e+01
4.202886391116090437e+01
4.202886391116090437e+01
4.202886391116090437e+01
4.202886391116090437e+01
4.202886391116090437e+01
4.202886391116090437e+01
4.202886391116090437e+01
4.203199791116090012e+01
4.203199791116090012e+01
4.203199791116090012e+01
4.203199791116090012e+01
4.203199791116090012e+01
4.203199791116090012e+01
4.203199791116090012e+01
4.203199791116090012e+01
4.203468991116090336e+01
4.203468991116090336e+01
4.203468991116090336e+01
4.203468991116090336e+01
4.203468991116090336e+01
4.203468991116090336e+01
4.203468991116090336e+01
4.203468991116090336e+01
4.203738091116090203e+01
4.203738091116090203e+01
4.203738091116090203e+01
4.203738091116090203e+01
4.203738091116090203e+01
4.203738091116090203e+01
4.203738091116090203e+01
4.204047491116089930e+01
4.204047491116089930e+01
4.204047491116089930e+01
4.204047491116089930e+01
4.204047491116089930e+01
4.204047491116089930e+01
4.204047491116089930e+01
4.204047491116089930e+01
4.204310191116090323e+01
4.204310191116090323e+01
4.204310191116090323e+01
4.204310191116090323e+01
4.204310191116090323e+01
4.204310191116090323e+01
4.204310191116090323e+01
4.204572791116090258e+01
4.204572791116090258e+01
4.204572791116090258e+01
4.204572791116090258e+01
4.204572791116090258e+01
4.204572791116090258e+01
4.204572791116090258e+01
4.204818691116090434e+01
4.204818691116090434e+01
4.204818691116090434e+01
4.204818691116090434e+01
4.204818691116090434e+01
4.204818691116090434e+01
4.204818691116090434e+01
4.205073791116090121e+01
4.205073791116090121e+01
4.205073791116090121e+01
4.205073791116090121e+01
4.205073791116090121e+01
4.205073791116090121e+01
4.205073791116090121e+01
4.205327891116090200e+01
4.205327891116090200e+01
4.205327891116090200e+01
4.205327891116090200e+01
4.205327891116090200e+01
4.205327891116090200e+01
4.205327891116090200e+01
4.205573691116090629e+01
4.205573691116090629e+01
4.205573691116090629e+01
4.205573691116090629e+01
4.205573691116090629e+01
4.205573691116090629e+01
4.205573691116090629e+01
4.205869891116090287e+01
4.205869891116090287e+01
4.205869891116090287e+01
4.205869891116090287e+01
4.205869891116090287e+01
4.205869891116090287e+01
4.161862854093983799e+01
4.161862854093983799e+01
4.161862854093983799e+01
4.161862854093983799e+01
4.161862854093983799e+01
4.161862854093983799e+01
4.161862854093983799e+01
4.162093854093984646e+01
4.162093854093984646e+01
4.162093854093984646e+01
4.162093854093984646e+01
4.162093854093984646e+01
4.162093854093984646e+01
4.162358454093984506e+01
4.162358454093984506e+01
4.162358454093984506e+01
4.162358454093984506e+01
4.162358454093984506e+01
4.162358454093984506e+01
4.162358454093984506e+01
4.162590954093984408e+01
4.162590954093984408e+01
4.162590954093984408e+01
4.162590954093984408e+01
4.162590954093984408e+01
4.162590954093984408e+01
4.162820254093983863e+01
4.162820254093983863e+01
4.162820254093983863e+01
4.162820254093983863e+01
4.162820254093983863e+01
4.162820254093983863e+01
4.163040054093984565e+01
4.163040054093984565e+01
4.163040054093984565e+01
4.163040054093984565e+01
4.163040054093984565e+01
4.163040054093984565e+01
4.163264554093984771e+01
4.163264554093984771e+01
4.163264554093984771e+01
4.163264554093984771e+01
4.163264554093984771e+01
4.163483154093984240e+01
4.163483154093984240e+01
4.163483154093984240e+01
4.163483154093984240e+01
4.163483154093984240e+01
4.163483154093984240e+01
4.163707454093984239e+01
4.163707454093984239e+01
4.163707454093984239e+01
4.163707454093984239e+01
4.163707454093984239e+01
4.163707454093984239e+01
4.163951354093984492e+01
4.163951354093984492e+01
4.163951354093984492e+01
4.163951354093984492e+01
4.163951354093984492e+01
4.164177054093984509e+01
4.164177054093984509e+01
4.164177054093984509e+01
4.164177054093984509e+01
4.164177054093984509e+01
4.164177054093984509e+01
4.164391354093984177e+01
4.164391354093984177e+01
4.164391354093984177e+01
4.164391354093984177e+01
4.164391354093984177e+01
4.164614754093984317e+01
4.164614754093984317e+01
4.164614754093984317e+01
4.164614754093984317e+01
4.164614754093984317e+01
4.164833254093984749e+01
4.164833254093984749e+01
4.164833254093984749e+01
4.164833254093984749e+01
4.164833254093984749e+01
4.165073354093983937e+01
4.165073354093983937e+01
4.165073354093983937e+01
4.165073354093983937e+01
4.165073354093983937e+01
4.165309254093983782e+01
4.165309254093983782e+01
4.165309254093983782e+01
4.165309254093983782e+01
4.165309254093983782e+01
4.165546754093983850e+01
4.165546754093983850e+01
4.165546754093983850e+01
4.165546754093983850e+01
4.165546754093983850e+01
4.165791754093984167e+01
4.165791754093984167e+01
4.165791754093984167e+01
4.165791754093984167e+01
4.165791754093984167e+01
4.166060554093984081e+01
4.166060554093984081e+01
4.166060554093984081e+01
4.166060554093984081e+01
4.166352154093983984e+01
4.166352154093983984e+01
4.166352154093983984e+01
4.166436754093984263e+01
4.166530954093984462e+01
4.166611054093984023e+01
4.166611054093984023e+01
4.166694454093983779e+01
4.166793054093984239e+01
4.166882054093984777e+01
4.166974754093983790e+01
4.167080454093984088e+01
4.167080454093984088e+01
4.167218154093984595e+01
4.167329354093983795e+01
4.167447254093984554e+01
4.167574454093984571e+01
4.167710454093984396e+01
4.167856954093984712e+01
4.168017054093984086e+01
4.168017054093984086e+01
4.168209754093984287e+01
4.168395654093984604e+01
4.168618254093983921e+01
4.168875754093984654e+01
4.169170854093984246e+01
4.169575054093984079e+01
4.214327691116090335e+01
4.215015791116090327e+01
4.216077391116090212e+01
4.216077391116090212e+01
4.217815091116089832e+01
4.219432491116090489e+01
4.219432491116090489e+01
4.220039291116090396e+01
4.220331091116089794e+01
4.220331091116089794e+01
4.220612991116090029e+01
4.220612991116090029e+01
4.220881491116089990e+01
4.221034691116090443e+01
4.221034691116090443e+01
4.221269391116089764e+01
4.221269391116089764e+01
4.221517791116090734e+01
4.221673691116090765e+01
4.221673691116090765e+01
4.221912491116090393e+01
4.221912491116090393e+01
4.177883554093983776e+01
4.178018854093984658e+01
4.172950410774542718e+01
4.172950410774542718e+01
4.173159610774543182e+01
4.173159610774543182e+01
4.173373110774542738e+01
4.173373110774542738e+01
4.173583210774543062e+01
4.173797410774542982e+01
4.173797410774542982e+01
4.173990810774543547e+01
4.174186310774543074e+01
4.174186310774543074e+01
4.174379810774543387e+01
4.174379810774543387e+01
4.174624710774543246e+01
4.174808410774542722e+01
4.174808410774542722e+01
4.175050010774543097e+01
4.175270210774543500e+01
4.175270210774543500e+01
4.175493910774542883e+01
4.175493910774542883e+01
4.175718710774543041e+01
4.175887310774542982e+01
4.175887310774542982e+01
4.176117410774543259e+01
4.176387810774542686e+01
4.176387810774542686e+01
4.176600010774542682e+01
4.176600010774542682e+01
4.137304197396582595e+01
4.137581597396582112e+01
4.137581597396582112e+01
4.137799897396582338e+01
4.138056997396581949e+01
4.138056997396581949e+01
4.138314497396581970e+01
4.138314497396581970e+01
4.138580297396582353e+01
4.138848297396582154e+01
4.138848297396582154e+01
4.139093797396581920e+01
4.139338497396582284e+01
4.139338497396582284e+01
4.091512196995040540e+01
4.091512196995040540e+01
