5.304950250268358758e+01
5.310956802865450754e+01
5.318028869280967541e+01
5.294947565080291696e+01
5.237108078989017201e+01
5.185516697322826474e+01
5.127696379585029263e+01
5.058067500198318101e+01
4.978068959868092236e+01
4.915237981286729507e+01
4.865897843654075672e+01
4.823504107151764231e+01
4.778968735875654517e+01
4.739106817783897441e+01
4.711895242069309120e+01
4.687188155659008260e+01
4.660196585793312352e+01
4.652326305912703930e+01
4.617934166675178176e+01
4.609545026240667198e+01
4.576502604348472403e+01
4.564811028684376026e+01
4.551258796787988103e+01
4.544194012003383421e+01
4.515849777495284911e+01
4.501278936284907672e+01
4.491862910538920062e+01
4.479696867240268432e+01
4.464849991159595533e+01
4.458361275968721316e+01
4.448131989908071660e+01
4.439446174969782533e+01
4.416347728175492904e+01
4.415793118635963310e+01
4.408238717042819843e+01
4.400761743935418480e+01
4.374246651285831433e+01
4.354131204461573645e+01
4.349698093186587755e+01
4.376568012592737489e+01
4.310296323392411466e+01
4.310983613891529842e+01
4.311370801084037652e+01
4.312027476095046552e+01
4.312964417862325206e+01
4.313594780625171410e+01
4.314295260519509156e+01
4.281938929341691846e+01
4.288588533788443158e+01
4.289147830095821234e+01
4.290034753446184368e+01
4.290793189673030383e+01
4.281886151112571071e+01
4.244653034632673894e+01
4.245359423217557548e+01
4.246372392622539849e+01
4.247577222453112711e+01
4.203157142139229308e+01
4.203519874952843338e+01
4.204164885512751937e+01
4.204741305858635769e+01
4.205105962064315150e+01
4.205797594942087869e+01
4.206356679484112959e+01
4.165894080538399891e+01
4.166438081068484678e+01
4.166785101395042545e+01
4.167317845974564960e+01
4.158672918879282321e+01
4.159383367708502988e+01
4.160161781604938369e+01
4.127913980320705889e+01
4.128802368400603484e+01
4.129468157849490240e+01
4.135578167331755139e+01
4.086337667284387010e+01
4.086692854216326509e+01
4.086692854216326509e+01
4.087058246617702650e+01
4.087409676812222870e+01
4.087742409474022054e+01
4.088151184500671320e+01
4.088745446197394529e+01
4.088755084765561776e+01
4.089087493749922686e+01
4.089446170759862298e+01
4.089775406307808225e+01
4.089763029960957397e+01
4.090070995471405979e+01
4.090411749253954099e+01
4.090728277643270872e+01
4.091027557489004352e+01
4.091368151566661027e+01
4.091648906997806989e+01
4.091944413607804165e+01
4.092241285171392917e+01
4.092543109093269749e+01
4.058407653880327359e+01
4.058679145339152683e+01
4.059013722254577772e+01
4.059285486868012072e+01
4.059832602684079461e+01
4.060136109890433431e+01
4.044252389138624437e+01
4.044735777393793796e+01
4.044997213965903882e+01
4.045290211518765489e+01
4.045780986594665052e+01
4.046249729312636134e+01
4.046543704018579035e+01
4.047012888926724372e+01
4.014903444936025778e+01
4.015193606275752813e+01
4.015594269344647671e+01
4.016108829101723643e+01
4.016794938939483472e+01
4.051478537008635072e+01
4.024320824532517804e+01
3.961742848733022981e+01
3.960966372803095226e+01
3.961321743274400831e+01
3.961321743274400831e+01
3.961340209148956149e+01
3.961718840161461941e+01
3.961718840161461941e+01
3.961718840161461941e+01
3.962071871330553563e+01
3.962090090932788655e+01
3.962090090932788655e+01
3.962439773642489627e+01
3.962439773642489627e+01
3.962811830019044379e+01
3.962811830019044379e+01
3.962831229515045806e+01
3.963172636984492669e+01
3.963172636984492669e+01
3.963532121797354080e+01
3.963532121797354080e+01
3.963549921686323074e+01
3.963901667604484658e+01
3.963901667604484658e+01
3.964229480901258995e+01
3.964229480901258995e+01
3.964247159271713628e+01
3.925561208782535516e+01
3.925561208782535516e+01
3.925865471059186973e+01
3.925865471059186973e+01
3.926213746892207013e+01
3.926213746892207013e+01
3.926544502792653191e+01
3.926544502792653191e+01
3.926544502792653191e+01
3.926882629496273580e+01
3.926883592660880140e+01
3.927197486560858408e+01
3.927197486560858408e+01
3.927504695705837889e+01
3.927543824834290831e+01
3.927834422903950440e+01
3.927834422903950440e+01
3.928135615148860893e+01
3.928178457097898502e+01
3.928481746515667794e+01
3.928482696908443472e+01
3.928770595288744971e+01
3.928770595288744971e+01
3.929111574358556425e+01
3.929111574358556425e+01
3.929385272475006019e+01
3.929385272475006019e+01
3.929710426681987201e+01
3.929710426681987201e+01
3.930000679568572508e+01
3.930274056714269193e+01
3.930275021744985509e+01
3.930587242532561021e+01
3.930587242532561021e+01
3.930875197879362304e+01
3.930875197879362304e+01
3.931176542206178226e+01
3.931444674024162822e+01
3.931444674024162822e+01
3.931720263877529220e+01
3.932016922413120597e+01
3.932016922413120597e+01
3.932282791852577475e+01
3.932282791852577475e+01
3.932573051559360522e+01
3.932823530440003879e+01
3.932823530440003879e+01
3.933086664901543372e+01
3.933373556918033387e+01
3.893261855629017987e+01
3.893264042955532744e+01
3.893478582171979951e+01
3.893762571406055883e+01
3.893953484597724923e+01
3.893953484597724923e+01
3.894159707665200898e+01
3.882551816830614655e+01
3.882726019290386432e+01
3.882900367293457577e+01
3.882900367293457577e+01
3.883178120800345567e+01
3.883357182548316899e+01
3.883525041897240015e+01
3.883688637619346196e+01
3.883979430447995185e+01
3.884153844751182305e+01
3.884338057416103140e+01
3.884514114997043066e+01
3.884815385199085824e+01
3.885003998677836279e+01
3.885191542880419036e+01
3.885600254561590816e+01
3.885942640531462189e+01
3.886727844370723517e+01
3.926237491399128032e+01
3.892081601962252080e+01
3.892989638626286819e+01
3.861194517652170077e+01
3.843581502782442527e+01
3.836790598517477946e+01
3.836790598517477946e+01
3.836790598517477946e+01
3.837115882673157330e+01
3.837115882673157330e+01
3.837115882673157330e+01
3.837446706717274481e+01
3.837446706717274481e+01
3.837454453415175948e+01
3.837454453415175948e+01
3.837786151077374086e+01
3.837786151077374086e+01
3.837786151077374086e+01
3.838100834756220081e+01
3.838100834756220081e+01
3.838100834756220081e+01
3.838409089797026752e+01
3.838416784688089933e+01
3.838416784688089933e+01
3.838749646228318113e+01
3.838749646228318113e+01
3.838749646228318113e+01
3.839053815882138565e+01
3.839053815882138565e+01
3.839053815882138565e+01
3.839357830713225894e+01
3.839365140648131103e+01
3.839365140648131103e+01
3.839692788822650016e+01
3.839692788822650016e+01
3.839692788822650016e+01
3.839987909247148679e+01
3.839987909247148679e+01
3.839987909247148679e+01
3.785383545572719299e+01
3.785410377874061538e+01
3.785410377874061538e+01
3.785696209713407967e+01
3.785696209713407967e+01
3.785696209713407967e+01
3.785988901003493368e+01
3.785988901003493368e+01
3.785988901003493368e+01
3.786283737368093938e+01
3.786283737368093938e+01
3.786553526351764987e+01
3.786553526351764987e+01
3.786553526351764987e+01
3.786846148740398377e+01
3.786846148740398377e+01
3.786846148740398377e+01
3.787135771081515401e+01
3.787135771081515401e+01
3.787391180124111401e+01
3.787391180124111401e+01
3.787391180124111401e+01
3.787671577013057345e+01
3.787671577013057345e+01
3.787926361965424604e+01
3.787950968754516623e+01
3.788206928656698835e+01
3.788206928656698835e+01
3.788206928656698835e+01
3.788471885191596300e+01
3.788471885191596300e+01
3.788720376346259400e+01
3.788720376346259400e+01
3.788989540290856439e+01
3.788989540290856439e+01
3.789256907847953926e+01
3.789256907847953926e+01
3.789256907847953926e+01
3.789496837359187253e+01
3.789496837359187253e+01
3.789731419194551165e+01
3.789754924158172145e+01
3.790010176612182136e+01
3.790010176612182136e+01
3.790246308996945857e+01
3.790246308996945857e+01
3.790479900741722474e+01
3.790479900741722474e+01
3.790726898880510021e+01
3.790750580261762082e+01
3.790976148135300150e+01
3.790976148135300150e+01
3.791210145137793575e+01
3.791210145137793575e+01
3.791451453237824865e+01
3.777451317232387140e+01
3.777482638732291775e+01
3.777716974577579379e+01
3.777716974577579379e+01
3.777948588901652727e+01
3.778175278228948031e+01
3.778175278228948031e+01
3.778409683537745423e+01
3.778438952483251256e+01
3.778680646841606006e+01
3.723865918166741551e+01
3.723865918166741551e+01
3.724059627366148106e+01
3.724206241736604994e+01
3.779601631646476534e+01
3.779828660840394150e+01
3.780114205880181544e+01
3.780428611070519196e+01
3.780987076763940991e+01
3.781833454928887051e+01
3.854393155708983443e+01
3.787539716346735474e+01
3.788283075252599019e+01
3.789007003707014576e+01
3.789618536204305599e+01
3.732895890940076811e+01
3.733423844262829050e+01
3.734064386404932634e+01
3.671597866784306063e+01
3.671597866784306063e+01
3.671994666784306105e+01
3.671994666784306105e+01
3.671994666784306105e+01
3.671994666784306105e+01
3.671994666784306105e+01
3.671994666784306105e+01
3.672312666784306145e+01
3.672312666784306145e+01
3.672312666784306145e+01
3.672312666784306145e+01
3.672312666784306145e+01
3.672312666784306145e+01
3.672312666784306145e+01
3.672648966784306879e+01
3.672648966784306879e+01
3.672648966784306879e+01
3.672648966784306879e+01
3.672648966784306879e+01
3.672648966784306879e+01
3.672648966784306879e+01
3.672980666784306436e+01
3.672980666784306436e+01
3.672980666784306436e+01
3.672980666784306436e+01
3.672980666784306436e+01
3.672980666784306436e+01
3.673332166784306452e+01
3.673332166784306452e+01
3.673332166784306452e+01
3.673332166784306452e+01
3.673332166784306452e+01
3.673332166784306452e+01
3.673332166784306452e+01
3.673645766784306943e+01
3.673645766784306943e+01
3.673645766784306943e+01
3.673645766784306943e+01
3.673645766784306943e+01
3.673645766784306943e+01
3.673977166784306547e+01
3.673977166784306547e+01
3.673977166784306547e+01
3.673977166784306547e+01
3.673977166784306547e+01
3.673977166784306547e+01
3.674312566784306711e+01
3.674312566784306711e+01
3.674312566784306711e+01
3.674312566784306711e+01
3.674312566784306711e+01
3.674312566784306711e+01
3.674645966784306950e+01
3.674645966784306950e+01
3.674645966784306950e+01
3.674645966784306950e+01
3.674645966784306950e+01
3.674645966784306950e+01
3.674961066784306496e+01
3.674961066784306496e+01
3.674961066784306496e+01
3.674961066784306496e+01
3.674961066784306496e+01
3.674961066784306496e+01
3.675265166784306814e+01
3.675265166784306814e+01
3.675265166784306814e+01
3.675265166784306814e+01
3.675265166784306814e+01
3.675265166784306814e+01
3.675569566784307085e+01
3.675569566784307085e+01
3.675569566784307085e+01
3.675569566784307085e+01
3.675569566784307085e+01
3.675881966784307053e+01
3.675881966784307053e+01
3.675881966784307053e+01
3.675881966784307053e+01
3.675881966784307053e+01
3.675881966784307053e+01
3.676183466784306120e+01
3.676183466784306120e+01
3.676183466784306120e+01
3.676183466784306120e+01
3.676183466784306120e+01
3.676491266784306333e+01
3.676491266784306333e+01
3.676491266784306333e+01
3.676491266784306333e+01
3.676491266784306333e+01
3.676491266784306333e+01
3.676828366784306468e+01
3.676828366784306468e+01
3.676828366784306468e+01
3.676828366784306468e+01
3.676828366784306468e+01
-1.000000000000000000e+01
-1.000000000000000000e+01
-1.000000000000000000e+01
-1.000000000000000000e+01
-1.000000000000000000e+01
-1.000000000000000000e+01
-1.000000000000000000e+01
-1.000000000000000000e+01
-1.000000000000000000e+01
-1.000000000000000000e+01
-1.000000000000000000e+01
-1.000000000000000000e+01
-1.000000000000000000e+01
-1.000000000000000000e+01
-1.000000000000000000e+01
-1.000000000000000000e+01
-1.000000000000000000e+01
-1.000000000000000000e+01
-1.000000000000000000e+01
-1.000000000000000000e+01
-1.000000000000000000e+01
-1.000000000000000000e+01
-1.000000000000000000e+01
-1.000000000000000000e+01
-1.000000000000000000e+01
-1.000000000000000000e+01
-1.000000000000000000e+01
-1.000000000000000000e+01
-1.000000000000000000e+01
-1.000000000000000000e+01
-1.000000000000000000e+01
-1.000000000000000000e+01
-1.000000000000000000e+01
-1.000000000000000000e+01
-1.000000000000000000e+01
-1.000000000000000000e+01
-1.000000000000000000e+01
-1.000000000000000000e+01
-1.000000000000000000e+01
-1.000000000000000000e+01
-1.000000000000000000e+01
-1.000000000000000000e+01
-1.000000000000000000e+01
-1.000000000000000000e+01
-1.000000000000000000e+01
-1.000000000000000000e+01
-1.000000000000000000e+01
-1.000000000000000000e+01
-1.000000000000000000e+01
-1.000000000000000000e+01
-1.000000000000000000e+01
-1.000000000000000000e+01
-1.000000000000000000e+01
-1.000000000000000000e+01
-1.000000000000000000e+01
-1.000000000000000000e+01
-1.000000000000000000e+01
-1.000000000000000000e+01
-1.000000000000000000e+01
-1.000000000000000000e+01
-1.000000000000000000e+01
-1.000000000000000000e+01
-1.000000000000000000e+01
-1.000000000000000000e+01
-1.000000000000000000e+01
-1.000000000000000000e+01
-1.000000000000000000e+01
-1.000000000000000000e+01
-1.000000000000000000e+01
-1.000000000000000000e+01
-1.000000000000000000e+01
-1.000000000000000000e+01
-1.000000000000000000e+01
-1.000000000000000000e+01
-1.000000000000000000e+01
-1.000000000000000000e+01
-1.000000000000000000e+01
-1.000000000000000000e+01
-1.000000000000000000e+01
-1.000000000000000000e+01
-1.000000000000000000e+01
-1.000000000000000000e+01
-1.000000000000000000e+01
-1.000000000000000000e+01
-1.000000000000000000e+01
-1.000000000000000000e+01
-1.000000000000000000e+01
-1.000000000000000000e+01
-1.000000000000000000e+01
-1.000000000000000000e+01
-1.000000000000000000e+01
-1.000000000000000000e+01
-1.000000000000000000e+01
-1.000000000000000000e+01
-1.000000000000000000e+01
-1.000000000000000000e+01
-1.000000000000000000e+01
-1.000000000000000000e+01
-1.000000000000000000e+01
-1.000000000000000000e+01
-1.000000000000000000e+01
-1.000000000000000000e+01
-1.000000000000000000e+01
-1.000000000000000000e+01
-1.000000000000000000e+01
-1.000000000000000000e+01
-1.000000000000000000e+01
-1.000000000000000000e+01
-1.000000000000000000e+01
-1.000000000000000000e+01
-1.000000000000000000e+01
-1.000000000000000000e+01
-1.000000000000000000e+01
-1.000000000000000000e+01
-1.000000000000000000e+01
-1.000000000000000000e+01
-1.000000000000000000e+01
-1.000000000000000000e+01
-1.000000000000000000e+01
-1.000000000000000000e+01
-1.000000000000000000e+01
-1.000000000000000000e+01
-1.000000000000000000e+01
-1.000000000000000000e+01
-1.000000000000000000e+01
-1.000000000000000000e+01
-1.000000000000000000e+01
-1.000000000000000000e+01
-1.000000000000000000e+01
-1.000000000000000000e+01
-1.000000000000000000e+01
-1.000000000000000000e+01
-1.000000000000000000e+01
-1.000000000000000000e+01
-1.000000000000000000e+01
-1.000000000000000000e+01
-1.000000000000000000e+01
-1.000000000000000000e+01
-1.000000000000000000e+01
-1.000000000000000000e+01
-1.000000000000000000e+01
-1.000000000000000000e+01
-1.000000000000000000e+01
-1.000000000000000000e+01
-1.000000000000000000e+01
-1.000000000000000000e+01
-1.000000000000000000e+01
-1.000000000000000000e+01
-1.000000000000000000e+01
3.692267266784306656e+01
-1.000000000000000000e+01
-1.000000000000000000e+01
-1.000000000000000000e+01
-1.000000000000000000e+01
-1.000000000000000000e+01
-1.000000000000000000e+01
-1.000000000000000000e+01
-1.000000000000000000e+01
-1.000000000000000000e+01
-1.000000000000000000e+01
-1.000000000000000000e+01
-1.000000000000000000e+01
-1.000000000000000000e+01
-1.000000000000000000e+01
-1.000000000000000000e+01
-1.000000000000000000e+01
-1.000000000000000000e+01
-1.000000000000000000e+01
-1.000000000000000000e+01
-1.000000000000000000e+01
-1.000000000000000000e+01
-1.000000000000000000e+01
-1.000000000000000000e+01
-1.000000000000000000e+01
-1.000000000000000000e+01
-1.000000000000000000e+01
-1.000000000000000000e+01
-1.000000000000000000e+01
-1.000000000000000000e+01
-1.000000000000000000e+01
-1.000000000000000000e+01
-1.000000000000000000e+01
-1.000000000000000000e+01
-1.000000000000000000e+01
-1.000000000000000000e+01
-1.000000000000000000e+01
-1.000000000000000000e+01
-1.000000000000000000e+01
-1.000000000000000000e+01
-1.000000000000000000e+01
-1.000000000000000000e+01
-1.000000000000000000e+01
-1.000000000000000000e+01
-1.000000000000000000e+01
-1.000000000000000000e+01
-1.000000000000000000e+01
-1.000000000000000000e+01
-1.000000000000000000e+01
-1.000000000000000000e+01
-1.000000000000000000e+01
-1.000000000000000000e+01
-1.000000000000000000e+01
-1.000000000000000000e+01
-1.000000000000000000e+01
-1.000000000000000000e+01
-1.000000000000000000e+01
-1.000000000000000000e+01
-1.000000000000000000e+01
-1.000000000000000000e+01
-1.000000000000000000e+01
-1.000000000000000000e+01
-1.000000000000000000e+01
-1.000000000000000000e+01
-1.000000000000000000e+01
-1.000000000000000000e+01
-1.000000000000000000e+01
-1.000000000000000000e+01
-1.000000000000000000e+01
-1.000000000000000000e+01
-1.000000000000000000e+01
-1.000000000000000000e+01
-1.000000000000000000e+01
-1.000000000000000000e+01
-1.000000000000000000e+01
-1.000000000000000000e+01
-1.000000000000000000e+01
-1.000000000000000000e+01
-1.000000000000000000e+01
-1.000000000000000000e+01
-1.000000000000000000e+01
-1.000000000000000000e+01
-1.000000000000000000e+01
-1.000000000000000000e+01
-1.000000000000000000e+01
-1.000000000000000000e+01
-1.000000000000000000e+01
-1.000000000000000000e+01
-1.000000000000000000e+01
-1.000000000000000000e+01
-1.000000000000000000e+01
-1.000000000000000000e+01
-1.000000000000000000e+01
-1.000000000000000000e+01
-1.000000000000000000e+01
-1.000000000000000000e+01
-1.000000000000000000e+01
-1.000000000000000000e+01
-1.000000000000000000e+01
-1.000000000000000000e+01
-1.000000000000000000e+01
-1.000000000000000000e+01
-1.000000000000000000e+01
-1.000000000000000000e+01
-1.000000000000000000e+01
-1.000000000000000000e+01
-1.000000000000000000e+01
-1.000000000000000000e+01
-1.000000000000000000e+01
-1.000000000000000000e+01
-1.000000000000000000e+01
-1.000000000000000000e+01
-1.000000000000000000e+01
-1.000000000000000000e+01
-1.000000000000000000e+01
-1.000000000000000000e+01
-1.000000000000000000e+01
-1.000000000000000000e+01
-1.000000000000000000e+01
-1.000000000000000000e+01
-1.000000000000000000e+01
-1.000000000000000000e+01
-1.000000000000000000e+01
-1.000000000000000000e+01
-1.000000000000000000e+01
-1.000000000000000000e+01
-1.000000000000000000e+01
-1.000000000000000000e+01
-1.000000000000000000e+01
-1.000000000000000000e+01
-1.000000000000000000e+01
-1.000000000000000000e+01
-1.000000000000000000e+01
-1.000000000000000000e+01
-1.000000000000000000e+01
-1.000000000000000000e+01
-1.000000000000000000e+01
-1.000000000000000000e+01
-1.000000000000000000e+01
-1.000000000000000000e+01
-1.000000000000000000e+01
-1.000000000000000000e+01
-1.000000000000000000e+01
-1.000000000000000000e+01
-1.000000000000000000e+01
-1.000000000000000000e+01
-1.000000000000000000e+01
-1.000000000000000000e+01
-1.000000000000000000e+01
-1.000000000000000000e+01
-1.000000000000000000e+01
-1.000000000000000000e+01
-1.000000000000000000e+01
-1.000000000000000000e+01
-1.000000000000000000e+01
-1.000000000000000000e+01
-1.000000000000000000e+01
-1.000000000000000000e+01
-1.000000000000000000e+01
-1.000000000000000000e+01
-1.000000000000000000e+01
-1.000000000000000000e+01
-1.000000000000000000e+01
-1.000000000000000000e+01
-1.000000000000000000e+01
-1.000000000000000000e+01
-1.000000000000000000e+01
-1.000000000000000000e+01
-1.000000000000000000e+01
-1.000000000000000000e+01
-1.000000000000000000e+01
-1.000000000000000000e+01
-1.000000000000000000e+01
-1.000000000000000000e+01
-1.000000000000000000e+01
-1.000000000000000000e+01
-1.000000000000000000e+01
-1.000000000000000000e+01
-1.000000000000000000e+01
-1.000000000000000000e+01
-1.000000000000000000e+01
-1.000000000000000000e+01
-1.000000000000000000e+01
-1.000000000000000000e+01
-1.000000000000000000e+01
-1.000000000000000000e+01
-1.000000000000000000e+01
-1.000000000000000000e+01
-1.000000000000000000e+01
-1.000000000000000000e+01
-1.000000000000000000e+01
-1.000000000000000000e+01
-1.000000000000000000e+01
-1.000000000000000000e+01
-1.000000000000000000e+01
-1.000000000000000000e+01
-1.000000000000000000e+01
-1.000000000000000000e+01
-1.000000000000000000e+01
-1.000000000000000000e+01
-1.000000000000000000e+01
-1.000000000000000000e+01
-1.000000000000000000e+01
-1.000000000000000000e+01
-1.000000000000000000e+01
-1.000000000000000000e+01
-1.000000000000000000e+01
-1.000000000000000000e+01
-1.000000000000000000e+01
-1.000000000000000000e+01
-1.000000000000000000e+01
-1.000000000000000000e+01
-1.000000000000000000e+01
-1.000000000000000000e+01
-1.000000000000000000e+01
-1.000000000000000000e+01
-1.000000000000000000e+01
-1.000000000000000000e+01
-1.000000000000000000e+01
-1.000000000000000000e+01
-1.000000000000000000e+01
-1.000000000000000000e+01
-1.000000000000000000e+01
-1.000000000000000000e+01
-1.000000000000000000e+01
-1.000000000000000000e+01
-1.000000000000000000e+01
-1.000000000000000000e+01
-1.000000000000000000e+01
-1.000000000000000000e+01
-1.000000000000000000e+01
-1.000000000000000000e+01
-1.000000000000000000e+01
-1.000000000000000000e+01
-1.000000000000000000e+01
-1.000000000000000000e+01
-1.000000000000000000e+01
-1.000000000000000000e+01
-1.000000000000000000e+01
-1.000000000000000000e+01
-1.000000000000000000e+01
-1.000000000000000000e+01
-1.000000000000000000e+01
-1.000000000000000000e+01
-1.000000000000000000e+01
-1.000000000000000000e+01
-1.000000000000000000e+01
-1.000000000000000000e+01
-1.000000000000000000e+01
-1.000000000000000000e+01
-1.000000000000000000e+01
-1.000000000000000000e+01
-1.000000000000000000e+01
-1.000000000000000000e+01
-1.000000000000000000e+01
-1.000000000000000000e+01
-1.000000000000000000e+01
-1.000000000000000000e+01
-1.000000000000000000e+01
-1.000000000000000000e+01
-1.000000000000000000e+01
-1.000000000000000000e+01
-1.000000000000000000e+01
-1.000000000000000000e+01
-1.000000000000000000e+01
-1.000000000000000000e+01
-1.000000000000000000e+01
-1.000000000000000000e+01
-1.000000000000000000e+01
-1.000000000000000000e+01
-1.000000000000000000e+01
-1.000000000000000000e+01
-1.000000000000000000e+01
-1.000000000000000000e+01
-1.000000000000000000e+01
-1.000000000000000000e+01
-1.000000000000000000e+01
-1.000000000000000000e+01
-1.000000000000000000e+01
-1.000000000000000000e+01
-1.000000000000000000e+01
-1.000000000000000000e+01
-1.000000000000000000e+01
-1.000000000000000000e+01
-1.000000000000000000e+01
-1.000000000000000000e+01
-1.000000000000000000e+01
-1.000000000000000000e+01
-1.000000000000000000e+01
-1.000000000000000000e+01
-1.000000000000000000e+01
-1.000000000000000000e+01
-1.000000000000000000e+01
-1.000000000000000000e+01
-1.000000000000000000e+01
-1.000000000000000000e+01
-1.000000000000000000e+01
-1.000000000000000000e+01
-1.000000000000000000e+01
-1.000000000000000000e+01
-1.000000000000000000e+01
-1.000000000000000000e+01
-1.000000000000000000e+01
-1.000000000000000000e+01
-1.000000000000000000e+01
-1.000000000000000000e+01
-1.000000000000000000e+01
-1.000000000000000000e+01
-1.000000000000000000e+01
-1.000000000000000000e+01
-1.000000000000000000e+01
-1.000000000000000000e+01
-1.000000000000000000e+01
-1.000000000000000000e+01
-1.000000000000000000e+01
-1.000000000000000000e+01
-1.000000000000000000e+01
-1.000000000000000000e+01
-1.000000000000000000e+01
-1.000000000000000000e+01
-1.000000000000000000e+01
-1.000000000000000000e+01
-1.000000000000000000e+01
-1.000000000000000000e+01
-1.000000000000000000e+01
-1.000000000000000000e+01
-1.000000000000000000e+01
-1.000000000000000000e+01
-1.000000000000000000e+01
-1.000000000000000000e+01
-1.000000000000000000e+01
-1.000000000000000000e+01
-1.000000000000000000e+01
-1.000000000000000000e+01
-1.000000000000000000e+01
-1.000000000000000000e+01
-1.000000000000000000e+01
-1.000000000000000000e+01
-1.000000000000000000e+01
-1.000000000000000000e+01
-1.000000000000000000e+01
-1.000000000000000000e+01
-1.000000000000000000e+01
-1.000000000000000000e+01
-1.000000000000000000e+01
-1.000000000000000000e+01
-1.000000000000000000e+01
-1.000000000000000000e+01
-1.000000000000000000e+01
-1.000000000000000000e+01
-1.000000000000000000e+01
-1.000000000000000000e+01
-1.000000000000000000e+01
-1.000000000000000000e+01
-1.000000000000000000e+01
-1.000000000000000000e+01
-1.000000000000000000e+01
-1.000000000000000000e+01
-1.000000000000000000e+01
-1.000000000000000000e+01
-1.000000000000000000e+01
-1.000000000000000000e+01
-1.000000000000000000e+01
-1.000000000000000000e+01
-1.000000000000000000e+01
-1.000000000000000000e+01
-1.000000000000000000e+01
-1.000000000000000000e+01
-1.000000000000000000e+01
-1.000000000000000000e+01
-1.000000000000000000e+01
-1.000000000000000000e+01
-1.000000000000000000e+01
-1.000000000000000000e+01
-1.000000000000000000e+01
-1.000000000000000000e+01
-1.000000000000000000e+01
-1.000000000000000000e+01
-1.000000000000000000e+01
-1.000000000000000000e+01
-1.000000000000000000e+01
-1.000000000000000000e+01
-1.000000000000000000e+01
-1.000000000000000000e+01
-1.000000000000000000e+01
-1.000000000000000000e+01
-1.000000000000000000e+01
-1.000000000000000000e+01
-1.000000000000000000e+01
-1.000000000000000000e+01
-1.000000000000000000e+01
-1.000000000000000000e+01
-1.000000000000000000e+01
-1.000000000000000000e+01
-1.000000000000000000e+01
-1.000000000000000000e+01
-1.000000000000000000e+01
-1.000000000000000000e+01
-1.000000000000000000e+01
-1.000000000000000000e+01
-1.000000000000000000e+01
-1.000000000000000000e+01
-1.000000000000000000e+01
-1.000000000000000000e+01
-1.000000000000000000e+01
-1.000000000000000000e+01
-1.000000000000000000e+01
-1.000000000000000000e+01
-1.000000000000000000e+01
-1.000000000000000000e+01
-1.000000000000000000e+01
-1.000000000000000000e+01
-1.000000000000000000e+01
