9.100000000000000000e+01 -inf
9.400000000000000000e+01 -inf
9.600000000000000000e+01 -inf
9.800000000000000000e+01 -inf
1.000000000000000000e+02 -inf
1.020000000000000000e+02 -inf
1.040000000000000000e+02 -inf
1.060000000000000000e+02 -inf
1.080000000000000000e+02 -inf
1.100000000000000000e+02 -inf
1.140000000000000000e+02 -inf
1.180000000000000000e+02 -inf
1.210000000000000000e+02 -inf
1.250000000000000000e+02 -inf
1.270000000000000000e+02 -inf
1.280000000000000000e+02 -inf
1.310000000000000000e+02 -inf
1.320000000000000000e+02 -inf
1.340000000000000000e+02 -inf
1.370000000000000000e+02 -inf
1.400000000000000000e+02 -inf
1.430000000000000000e+02 -inf
1.470000000000000000e+02 -inf
1.510000000000000000e+02 -inf
1.550000000000000000e+02 -inf
1.590000000000000000e+02 -inf
1.620000000000000000e+02 -inf
1.660000000000000000e+02 -inf
1.700000000000000000e+02 -inf
1.730000000000000000e+02 -inf
1.770000000000000000e+02 -inf
1.800000000000000000e+02 -inf
1.820000000000000000e+02 -inf
1.860000000000000000e+02 -inf
1.910000000000000000e+02 -inf
1.940000000000000000e+02 -inf
1.980000000000000000e+02 -inf
2.020000000000000000e+02 -inf
2.050000000000000000e+02 -inf
2.100000000000000000e+02 -inf
2.160000000000000000e+02 -inf
2.200000000000000000e+02 -inf
2.230000000000000000e+02 -inf
2.270000000000000000e+02 -inf
2.300000000000000000e+02 2.076639171616072588e+01
2.340000000000000000e+02 2.114706707315443879e+01
2.400000000000000000e+02 2.156870534098202796e+01
2.460000000000000000e+02 2.199919855043171069e+01
2.520000000000000000e+02 2.237157996749475330e+01
2.570000000000000000e+02 2.262084643015526453e+01
2.600000000000000000e+02 2.282948951491461997e+01
2.640000000000000000e+02 2.305547828104054275e+01
2.690000000000000000e+02 2.329966875750098154e+01
2.740000000000000000e+02 2.356163241495002580e+01
2.790000000000000000e+02 2.381796041560962962e+01
2.840000000000000000e+02 2.409802291981887734e+01
2.900000000000000000e+02 2.437848431664658833e+01
2.960000000000000000e+02 2.464675603820865391e+01
3.010000000000000000e+02 2.486217907501455571e+01
3.080000000000000000e+02 2.515042108721343794e+01
3.180000000000000000e+02 2.555846186395518416e+01
3.280000000000000000e+02 2.591774331877849136e+01
3.380000000000000000e+02 2.627342740148533196e+01
3.480000000000000000e+02 2.659932756814854216e+01
3.570000000000000000e+02 2.695796193884543612e+01
3.660000000000000000e+02 2.723012997336877561e+01
3.750000000000000000e+02 2.746614717140022321e+01
3.850000000000000000e+02 2.772590731073264791e+01
3.950000000000000000e+02 2.797573004362016391e+01
4.050000000000000000e+02 2.820552640766028674e+01
4.140000000000000000e+02 2.840932143520086584e+01
4.220000000000000000e+02 2.857580854815839899e+01
4.300000000000000000e+02 2.874313165248553759e+01
4.410000000000000000e+02 2.895974029098648472e+01
4.510000000000000000e+02 2.914569240958866203e+01
4.600000000000000000e+02 2.930333743734150787e+01
4.700000000000000000e+02 2.947714277315971287e+01
4.800000000000000000e+02 2.964047377219062440e+01
4.900000000000000000e+02 2.980076669328127537e+01
5.000000000000000000e+02 2.995201763573542664e+01
5.060000000000000000e+02 3.125711079757390820e+01
5.120000000000000000e+02 3.213911548868468770e+01
5.200000000000000000e+02 3.222759534676862359e+01
5.300000000000000000e+02 3.235165138865990997e+01
5.400000000000000000e+02 3.239030496006051152e+01
5.500000000000000000e+02 3.258548046056300507e+01
5.600000000000000000e+02 3.266397097363560675e+01
5.700000000000000000e+02 3.277126459791107749e+01
5.800000000000000000e+02 3.276326730712709434e+01
5.900000000000000000e+02 3.290181273507928239e+01
6.000000000000000000e+02 3.299017773382156804e+01
6.100000000000000000e+02 3.308180063880504918e+01
6.200000000000000000e+02 3.313756838356239598e+01
6.300000000000000000e+02 3.320353626425415428e+01
6.400000000000000000e+02 3.323312364809252983e+01
6.500000000000000000e+02 3.330728242650391735e+01
6.580000000000000000e+02 3.336927160667720216e+01
6.650000000000000000e+02 3.339923858711566851e+01
6.750000000000000000e+02 3.342624155839897782e+01
6.850000000000000000e+02 3.346876740586483834e+01
6.950000000000000000e+02 3.355906986369917888e+01
7.050000000000000000e+02 3.359085332499464016e+01
7.160000000000000000e+02 3.364887822557797392e+01
7.260000000000000000e+02 3.368563361334652484e+01
7.350000000000000000e+02 3.371447952674220971e+01
7.450000000000000000e+02 3.377692153053928337e+01
7.550000000000000000e+02 3.382111911551024264e+01
7.650000000000000000e+02 3.386444561896503558e+01
7.750000000000000000e+02 3.390702899090074851e+01
7.850000000000000000e+02 3.394587653936358151e+01
7.950000000000000000e+02 3.397254672209706428e+01
8.050000000000000000e+02 3.400422440632841870e+01
8.150000000000000000e+02 3.403051115788234426e+01
8.250000000000000000e+02 3.407453709833049516e+01
8.350000000000000000e+02 3.405268352986900027e+01
8.450000000000000000e+02 3.411753811980531026e+01
8.550000000000000000e+02 3.414280532512018596e+01
8.650000000000000000e+02 3.417811327274382904e+01
8.750000000000000000e+02 3.421466553443369207e+01
8.850000000000000000e+02 3.425398584937870083e+01
8.950000000000000000e+02 3.428166167300523171e+01
9.050000000000000000e+02 3.428509609685890780e+01
9.150000000000000000e+02 3.449721486652543234e+01
9.250000000000000000e+02 3.533112998213527334e+01
9.350000000000000000e+02 3.581132124348415857e+01
9.450000000000000000e+02 3.622821232469810582e+01
9.550000000000000000e+02 3.641704436625073527e+01
9.650000000000000000e+02 3.648598889990874738e+01
9.750000000000000000e+02 3.558601507740466019e+01
9.850000000000000000e+02 3.640448609057715146e+01
9.950000000000000000e+02 3.641621235601596140e+01
1.005000000000000000e+03 3.657452080878148593e+01
1.015000000000000000e+03 3.655424270771140982e+01
1.025000000000000000e+03 3.610316110343653406e+01
1.035000000000000000e+03 3.638150355180053452e+01
1.045000000000000000e+03 3.666134861760996699e+01
1.055000000000000000e+03 3.663353318647369861e+01
1.065000000000000000e+03 3.652479181262258123e+01
1.075000000000000000e+03 3.659938249675184352e+01
1.085000000000000000e+03 3.648458199463263441e+01
1.095000000000000000e+03 3.661069508047239651e+01
1.105000000000000000e+03 3.656774531454872346e+01
1.115000000000000000e+03 3.654165087317475269e+01
1.125000000000000000e+03 3.647614315064714674e+01
1.135000000000000000e+03 3.658926736494312593e+01
1.145000000000000000e+03 3.653901221558023593e+01
1.155000000000000000e+03 3.656039545881267117e+01
1.165000000000000000e+03 3.656606912024264489e+01
1.175000000000000000e+03 3.637595644104996495e+01
1.185000000000000000e+03 3.655653491174822989e+01
1.195000000000000000e+03 3.644033580533896810e+01
1.205000000000000000e+03 3.625510412728503695e+01
1.215000000000000000e+03 3.606216641452259353e+01
1.225000000000000000e+03 3.641447617227071731e+01
1.235000000000000000e+03 3.654495244336644078e+01
1.245000000000000000e+03 3.656131327695877786e+01
1.255000000000000000e+03 3.653578822146507576e+01
1.265000000000000000e+03 3.649468565373921791e+01
1.275000000000000000e+03 3.655881054098921368e+01
1.285000000000000000e+03 3.656091433792555989e+01
1.295000000000000000e+03 3.644191198769164686e+01
1.305000000000000000e+03 3.645559368689799840e+01
1.315000000000000000e+03 3.653973985556102377e+01
1.325000000000000000e+03 3.650727591481627599e+01
1.335000000000000000e+03 3.645295222207766983e+01
1.345000000000000000e+03 3.651561512305387680e+01
1.355000000000000000e+03 3.650166193554352390e+01
1.365000000000000000e+03 3.644918943512249143e+01
1.375000000000000000e+03 3.645565367232391907e+01
1.385000000000000000e+03 3.645717233818316316e+01
1.395000000000000000e+03 3.637149585255929196e+01
1.405000000000000000e+03 3.639415332355473254e+01
1.415000000000000000e+03 3.640842181276451583e+01
1.425000000000000000e+03 3.641272047723566629e+01
1.435000000000000000e+03 3.641518430930246097e+01
1.442000000000000000e+03 3.643014185414612882e+01
1.447000000000000000e+03 3.642672660258514838e+01
1.455000000000000000e+03 3.641327580497620886e+01
1.465000000000000000e+03 3.637299614725892383e+01
1.475000000000000000e+03 3.637492514580331004e+01
1.485000000000000000e+03 3.637359005917380728e+01
1.495000000000000000e+03 3.637130232735323432e+01
1.505000000000000000e+03 3.633468866223241633e+01
1.512000000000000000e+03 3.627598624633854740e+01
1.517000000000000000e+03 3.630003828561658707e+01
1.525000000000000000e+03 3.630554178992127845e+01
1.535000000000000000e+03 3.623824198434225252e+01
1.545000000000000000e+03 3.625371299100277156e+01
1.555000000000000000e+03 3.623385375006795073e+01
1.565000000000000000e+03 3.625237841901405034e+01
1.575000000000000000e+03 3.627569421210525036e+01
1.585000000000000000e+03 3.628605422974710848e+01
1.595000000000000000e+03 3.628759704612379977e+01
1.605000000000000000e+03 3.628724898714051506e+01
1.615000000000000000e+03 3.628593246191593380e+01
1.625000000000000000e+03 3.626456508945786084e+01
1.635000000000000000e+03 3.629098782110587251e+01
1.645000000000000000e+03 3.628984222138872440e+01
1.655000000000000000e+03 3.626723266019740777e+01
1.665000000000000000e+03 3.629363432743457452e+01
1.672000000000000000e+03 3.625830840716569980e+01
1.677000000000000000e+03 3.629100489769949434e+01
1.685000000000000000e+03 3.629872912504103510e+01
1.695000000000000000e+03 3.627191323637754294e+01
1.705000000000000000e+03 3.625174355492026734e+01
1.715000000000000000e+03 3.622301645224809619e+01
1.725000000000000000e+03 3.621857177014192075e+01
1.735000000000000000e+03 3.624298560766591493e+01
1.745000000000000000e+03 3.622691158514035692e+01
1.755000000000000000e+03 3.624556972663292242e+01
1.765000000000000000e+03 3.621710316958157705e+01
1.775000000000000000e+03 3.620963205335132074e+01
1.785000000000000000e+03 3.621684267270443769e+01
1.795000000000000000e+03 3.623856691228058935e+01
1.805000000000000000e+03 3.623862509410875532e+01
1.815000000000000000e+03 3.618851040090552118e+01
1.825000000000000000e+03 3.620608660637457632e+01
1.835000000000000000e+03 3.618536164232027375e+01
1.845000000000000000e+03 3.614521795945164229e+01
1.855000000000000000e+03 3.613478305985029237e+01
1.865000000000000000e+03 3.614455314956384768e+01
1.875000000000000000e+03 3.618405049615131475e+01
1.885000000000000000e+03 3.613364225101753391e+01
1.895000000000000000e+03 3.610229061094479164e+01
1.905000000000000000e+03 3.614099337357269803e+01
1.915000000000000000e+03 3.611015383864693717e+01
1.925000000000000000e+03 3.609630616855380936e+01
1.935000000000000000e+03 3.612062733733399966e+01
1.945000000000000000e+03 3.612868235410753215e+01
1.955000000000000000e+03 3.608929895688316947e+01
1.967000000000000000e+03 3.612921186238585847e+01
1.976000000000000000e+03 3.614425923616852288e+01
1.984000000000000000e+03 3.611166641440826197e+01
1.995000000000000000e+03 3.609927661944988131e+01
2.005000000000000000e+03 3.611614142176918563e+01
2.015000000000000000e+03 3.610072306067049652e+01
2.025000000000000000e+03 3.612337302220463187e+01
2.035000000000000000e+03 3.608359084066819378e+01
2.045000000000000000e+03 3.609645115555093753e+01
2.055000000000000000e+03 3.607967068616584072e+01
2.065000000000000000e+03 3.608096690031288745e+01
2.074000000000000000e+03 3.610701561309389973e+01
2.078000000000000000e+03 3.606467536917460848e+01
2.085000000000000000e+03 3.608709264676092232e+01
2.095000000000000000e+03 3.606032570600157783e+01
2.105000000000000000e+03 3.607038498313818309e+01
2.115000000000000000e+03 3.607118687195806217e+01
2.125000000000000000e+03 3.607638399386138417e+01
2.135000000000000000e+03 3.605656669128819658e+01
2.145000000000000000e+03 3.604530688938592675e+01
2.155000000000000000e+03 3.606451864217237357e+01
2.165000000000000000e+03 3.605653835775808602e+01
2.175000000000000000e+03 3.605044764893659703e+01
2.185000000000000000e+03 3.603496562071519804e+01
2.195000000000000000e+03 3.604920868861120198e+01
2.205000000000000000e+03 3.603932424223568631e+01
2.215000000000000000e+03 3.602481590786928223e+01
2.225000000000000000e+03 3.600824784831355885e+01
2.235000000000000000e+03 3.602051432928043084e+01
2.245000000000000000e+03 3.601170785447303047e+01
2.255000000000000000e+03 3.599492743462806743e+01
2.265000000000000000e+03 3.600443439787943589e+01
2.275000000000000000e+03 3.600511887501913577e+01
2.285000000000000000e+03 3.600903817864039524e+01
2.295000000000000000e+03 3.598555359556711863e+01
2.305000000000000000e+03 3.598605251372468672e+01
2.315000000000000000e+03 3.596712954429877129e+01
2.325000000000000000e+03 3.586945582901182661e+01
2.335000000000000000e+03 3.593995059376210577e+01
2.345000000000000000e+03 3.593654553884948655e+01
2.355000000000000000e+03 3.594817076111365850e+01
2.365000000000000000e+03 3.592937822584193697e+01
2.375000000000000000e+03 3.593046135849400002e+01
2.385000000000000000e+03 3.591470341604278360e+01
2.395000000000000000e+03 3.592812338051183474e+01
2.405000000000000000e+03 3.590989515194742410e+01
2.415000000000000000e+03 3.591374205238155071e+01
2.425000000000000000e+03 3.592126102315637581e+01
2.435000000000000000e+03 3.590298091374959455e+01
2.445000000000000000e+03 3.591558334195060809e+01
2.455000000000000000e+03 3.591117488099555288e+01
2.465000000000000000e+03 3.590374627566805543e+01
2.475000000000000000e+03 3.589325467556384552e+01
2.485000000000000000e+03 3.590144752231421421e+01
2.495000000000000000e+03 3.587642225950983743e+01
2.505000000000000000e+03 3.589993402559653646e+01
2.513000000000000000e+03 3.586968085221363367e+01
2.518000000000000000e+03 3.588810350646631520e+01
2.525000000000000000e+03 3.587023422627819969e+01
2.535000000000000000e+03 3.586707774245804359e+01
2.545000000000000000e+03 3.585546209856421740e+01
2.555000000000000000e+03 3.586867918254617393e+01
2.565000000000000000e+03 3.586189953346338655e+01
2.575000000000000000e+03 3.587303414159180193e+01
2.585000000000000000e+03 3.586808537004483100e+01
2.595000000000000000e+03 3.586344154606878476e+01
2.605000000000000000e+03 3.585230959274122142e+01
2.615000000000000000e+03 3.584776243138519902e+01
2.625000000000000000e+03 3.585008167592841488e+01
2.635000000000000000e+03 3.584875402448655279e+01
2.645000000000000000e+03 3.586099612352501254e+01
2.655000000000000000e+03 3.585765883593626313e+01
2.665000000000000000e+03 3.583690555380447762e+01
2.675000000000000000e+03 3.584495444331457037e+01
2.685000000000000000e+03 3.583975347475485052e+01
2.695000000000000000e+03 3.582720048765693832e+01
2.705000000000000000e+03 3.582734902307841196e+01
2.715000000000000000e+03 3.581833373858955838e+01
2.725000000000000000e+03 3.581583653621505192e+01
2.735000000000000000e+03 3.582404349227484630e+01
2.745000000000000000e+03 3.579322925929653820e+01
2.755000000000000000e+03 3.579280618066727726e+01
2.765000000000000000e+03 3.579587738222247140e+01
2.775000000000000000e+03 3.580548952658526218e+01
2.785000000000000000e+03 3.580044240117378962e+01
2.795000000000000000e+03 3.576452878156125337e+01
2.805000000000000000e+03 3.577916584206329276e+01
2.815000000000000000e+03 3.579496547460437483e+01
2.825000000000000000e+03 3.579057965775072603e+01
2.835000000000000000e+03 3.577007096934448782e+01
2.845000000000000000e+03 3.576916102226697092e+01
2.855000000000000000e+03 3.576720409487031560e+01
2.865000000000000000e+03 3.577437258011006094e+01
2.875000000000000000e+03 3.576581278865127445e+01
2.885000000000000000e+03 3.576479756495426443e+01
2.895000000000000000e+03 3.575815730352265120e+01
2.910000000000000000e+03 3.576204919153659034e+01
2.930000000000000000e+03 3.575144614668279530e+01
2.950000000000000000e+03 3.574149725448124570e+01
2.970000000000000000e+03 3.573803338618326819e+01
2.990000000000000000e+03 3.573103555837671053e+01
3.010000000000000000e+03 3.572582007652933100e+01
3.030000000000000000e+03 3.572191603311846819e+01
3.050000000000000000e+03 3.571358762766049466e+01
3.070000000000000000e+03 3.570602002905160077e+01
3.090000000000000000e+03 3.569893295648606113e+01
3.110000000000000000e+03 3.569065013913233742e+01
3.130000000000000000e+03 3.568335213179316412e+01
3.150000000000000000e+03 3.567860624658993629e+01
3.170000000000000000e+03 3.566947525662317275e+01
3.190000000000000000e+03 3.565692117924692184e+01
3.210000000000000000e+03 3.565629425387099616e+01
3.230000000000000000e+03 3.564870581403768313e+01
3.250000000000000000e+03 3.564274717498158651e+01
3.270000000000000000e+03 3.563669613570733929e+01
3.290000000000000000e+03 3.563033086935616467e+01
3.310000000000000000e+03 3.562516551239649232e+01
3.330000000000000000e+03 3.561711725117822880e+01
3.350000000000000000e+03 3.560900371433660894e+01
3.370000000000000000e+03 3.560251908952199784e+01
3.390000000000000000e+03 3.559570990890660624e+01
3.410000000000000000e+03 3.559124931193024821e+01
3.430000000000000000e+03 3.558027500704321255e+01
3.450000000000000000e+03 3.557454518283170586e+01
3.470000000000000000e+03 3.556986902278250540e+01
3.490000000000000000e+03 3.556385501147236994e+01
3.510000000000000000e+03 3.556007532529198301e+01
3.530000000000000000e+03 3.555440138738561018e+01
3.550000000000000000e+03 3.554898808653951647e+01
3.570000000000000000e+03 3.554157087358591127e+01
3.590000000000000000e+03 3.553233935521111420e+01
3.610000000000000000e+03 3.552715471516921042e+01
3.630000000000000000e+03 3.552241297413534937e+01
3.640000000000000000e+03 3.552222108283685742e+01
3.650000000000000000e+03 3.552008271458893063e+01
3.670000000000000000e+03 3.550736161869010488e+01
3.690000000000000000e+03 3.549894899927484460e+01
3.710000000000000000e+03 3.553841790178088189e+01
3.730000000000000000e+03 3.554019682368825528e+01
3.750000000000000000e+03 3.559835021210245998e+01
3.770000000000000000e+03 3.559991294951112195e+01
3.790000000000000000e+03 3.563006892629565669e+01
3.810000000000000000e+03 3.565643699481689310e+01
3.830000000000000000e+03 3.559147081029333748e+01
3.850000000000000000e+03 3.566148505740870434e+01
3.870000000000000000e+03 3.566634628682377439e+01
3.890000000000000000e+03 3.556601816932536764e+01
3.910000000000000000e+03 3.566158755483180443e+01
3.930000000000000000e+03 3.564614996705442707e+01
3.950000000000000000e+03 3.564887137171750453e+01
3.970000000000000000e+03 3.553335597219691522e+01
3.990000000000000000e+03 3.563672666011100176e+01
4.010000000000000000e+03 3.563853300720468553e+01
4.030000000000000000e+03 3.562302556613804683e+01
4.050000000000000000e+03 3.562750339903272589e+01
4.070000000000000000e+03 3.561352853220591896e+01
4.090000000000000000e+03 3.558906230958883299e+01
4.110000000000000000e+03 3.552258401498313845e+01
4.130000000000000000e+03 3.559051123120383409e+01
4.150000000000000000e+03 3.559116410037967881e+01
4.170000000000000000e+03 3.558643564511854152e+01
4.190000000000000000e+03 3.558358173190804052e+01
4.210000000000000000e+03 3.557854386334922481e+01
4.230000000000000000e+03 3.556912173754459872e+01
4.250000000000000000e+03 3.556475830136972860e+01
4.270000000000000000e+03 3.555224090634567347e+01
4.290000000000000000e+03 3.555129683650432781e+01
4.310000000000000000e+03 3.553938985505660497e+01
4.330000000000000000e+03 3.550691800062810444e+01
4.350000000000000000e+03 3.546480375928882012e+01
4.370000000000000000e+03 3.553148784771872215e+01
4.390000000000000000e+03 3.551949889609013411e+01
4.410000000000000000e+03 3.551909288675444998e+01
4.430000000000000000e+03 3.551623418899225726e+01
4.450000000000000000e+03 3.551394227643662305e+01
4.470000000000000000e+03 3.550078376157524929e+01
4.490000000000000000e+03 3.550349892254297401e+01
4.510000000000000000e+03 3.550866120167616202e+01
4.530000000000000000e+03 3.549337063601286246e+01
4.550000000000000000e+03 3.548853346968231648e+01
4.570000000000000000e+03 3.549179019758447851e+01
4.590000000000000000e+03 3.548224732090834976e+01
4.610000000000000000e+03 3.547973095331612825e+01
4.630000000000000000e+03 3.547000533991248261e+01
4.650000000000000000e+03 3.546705151104146125e+01
4.670000000000000000e+03 3.546630902840652055e+01
4.690000000000000000e+03 3.546193111230390116e+01
4.710000000000000000e+03 3.544777772505052127e+01
4.730000000000000000e+03 3.544863805658326328e+01
4.750000000000000000e+03 3.544600820953267828e+01
4.770000000000000000e+03 3.544322411445114795e+01
4.790000000000000000e+03 3.543713379145731324e+01
4.810000000000000000e+03 3.543088883733111061e+01
4.830000000000000000e+03 3.542766711741748509e+01
4.850000000000000000e+03 3.539505844780843802e+01
4.870000000000000000e+03 3.534012231496225098e+01
4.890000000000000000e+03 3.541229435978095097e+01
4.910000000000000000e+03 3.541006789132167398e+01
4.930000000000000000e+03 3.539694400553879206e+01
4.950000000000000000e+03 3.540155111155100087e+01
4.970000000000000000e+03 3.539478911153867102e+01
4.990000000000000000e+03 3.538334165510055840e+01
5.010000000000000000e+03 3.536550839855984663e+01
5.030000000000000000e+03 3.537249070162437192e+01
5.050000000000000000e+03 3.536291091769399486e+01
5.070000000000000000e+03 3.536676659551739021e+01
5.090000000000000000e+03 3.535552225823302308e+01
5.110000000000000000e+03 3.535271573533059808e+01
5.130000000000000000e+03 3.534248106964792413e+01
5.150000000000000000e+03 3.533522398485283844e+01
5.170000000000000000e+03 3.532649644075158335e+01
5.190000000000000000e+03 3.532753481480173718e+01
5.210000000000000000e+03 3.532420392779365415e+01
5.230000000000000000e+03 3.533314648553697168e+01
5.250000000000000000e+03 3.533442886751382872e+01
5.270000000000000000e+03 3.531694868811879218e+01
5.290000000000000000e+03 3.533075823532583826e+01
5.310000000000000000e+03 3.533367009966815431e+01
5.330000000000000000e+03 3.531477793660343423e+01
5.350000000000000000e+03 3.532286599989105724e+01
5.370000000000000000e+03 3.531946654626209181e+01
5.390000000000000000e+03 3.530973306166101366e+01
5.410000000000000000e+03 3.530603134851079972e+01
5.430000000000000000e+03 3.530186100641148528e+01
5.450000000000000000e+03 3.530208162244563397e+01
5.470000000000000000e+03 3.529460690361101172e+01
5.490000000000000000e+03 3.529237858107034498e+01
5.510000000000000000e+03 3.528659313626030070e+01
5.530000000000000000e+03 3.529078761783141260e+01
5.550000000000000000e+03 3.528976246723619425e+01
5.570000000000000000e+03 3.528525300066215209e+01
5.590000000000000000e+03 3.527865903045490370e+01
5.610000000000000000e+03 3.528062932898131265e+01
5.630000000000000000e+03 3.527396618224195635e+01
5.650000000000000000e+03 3.527221465748196749e+01
5.670000000000000000e+03 3.526564338975906310e+01
5.690000000000000000e+03 3.526991971076103027e+01
5.710000000000000000e+03 3.525885822373053458e+01
5.730000000000000000e+03 3.527096594538051022e+01
5.750000000000000000e+03 3.525899837372124068e+01
5.770000000000000000e+03 3.525992059803380130e+01
5.790000000000000000e+03 3.524665113957338747e+01
5.810000000000000000e+03 3.525448425867094215e+01
5.830000000000000000e+03 3.525921831414144947e+01
5.850000000000000000e+03 3.524883129069650778e+01
5.870000000000000000e+03 3.524093700484475278e+01
5.890000000000000000e+03 3.522291418677885133e+01
5.910000000000000000e+03 3.523760662893268858e+01
5.930000000000000000e+03 3.523674733237400147e+01
5.950000000000000000e+03 3.523178535123616228e+01
5.970000000000000000e+03 3.523646839876990811e+01
5.990000000000000000e+03 3.522597462897005016e+01
6.010000000000000000e+03 3.522201457301342487e+01
6.030000000000000000e+03 3.522785507739859412e+01
6.050000000000000000e+03 3.522852960806157085e+01
6.070000000000000000e+03 3.522636160083128232e+01
6.090000000000000000e+03 3.521344133628788597e+01
6.110000000000000000e+03 3.521271901157048489e+01
6.130000000000000000e+03 3.519727909351377804e+01
6.150000000000000000e+03 3.520054985334832054e+01
6.170000000000000000e+03 3.518896566078787203e+01
6.190000000000000000e+03 3.519834169572451543e+01
6.210000000000000000e+03 3.519102057302202979e+01
6.230000000000000000e+03 3.518081877792245393e+01
6.250000000000000000e+03 3.516958782547680329e+01
6.270000000000000000e+03 3.517832265447784579e+01
6.290000000000000000e+03 3.518418498940167183e+01
6.310000000000000000e+03 3.517478115998327581e+01
6.330000000000000000e+03 3.517815734909305547e+01
6.350000000000000000e+03 3.517265310467558947e+01
6.370000000000000000e+03 3.516921618700268226e+01
6.390000000000000000e+03 3.517396229084179993e+01
6.410000000000000000e+03 3.516845574094949711e+01
6.430000000000000000e+03 3.516780602028890712e+01
6.450000000000000000e+03 3.516522322242838783e+01
6.470000000000000000e+03 3.516397481795618774e+01
6.490000000000000000e+03 3.515268644716921642e+01
6.510000000000000000e+03 3.516083773455814310e+01
6.530000000000000000e+03 3.515661574454866667e+01
6.550000000000000000e+03 3.514172344356688882e+01
6.570000000000000000e+03 3.510573307694655654e+01
6.590000000000000000e+03 3.514974174089597625e+01
6.610000000000000000e+03 3.515172893092909590e+01
6.630000000000000000e+03 3.514878426918840404e+01
6.650000000000000000e+03 3.514838521561470941e+01
6.670000000000000000e+03 3.513659477231340134e+01
6.690000000000000000e+03 3.513667951149697188e+01
6.710000000000000000e+03 3.512130988252408770e+01
6.730000000000000000e+03 3.512864821996763709e+01
6.750000000000000000e+03 3.512057420923375162e+01
6.770000000000000000e+03 3.512016115127186566e+01
6.790000000000000000e+03 3.511288893174731385e+01
6.810000000000000000e+03 3.511605859008791697e+01
6.830000000000000000e+03 3.511872748722828419e+01
6.850000000000000000e+03 3.511073303211895791e+01
6.870000000000000000e+03 3.511466751978822742e+01
6.890000000000000000e+03 3.512058804865083061e+01
6.910000000000000000e+03 3.511864149401404944e+01
6.930000000000000000e+03 3.511261820239150211e+01
6.950000000000000000e+03 3.511000847571194328e+01
6.970000000000000000e+03 3.511551392182678200e+01
6.990000000000000000e+03 3.510928919043064411e+01
7.010000000000000000e+03 3.510489458397476881e+01
7.030000000000000000e+03 3.511035992302106479e+01
7.050000000000000000e+03 3.511459956703536989e+01
7.070000000000000000e+03 3.510003438602885240e+01
7.090000000000000000e+03 3.508291706997839299e+01
7.110000000000000000e+03 3.506094483218137725e+01
7.130000000000000000e+03 3.505044867853011681e+01
7.150000000000000000e+03 3.505152748463525825e+01
7.170000000000000000e+03 3.505808386512479302e+01
7.190000000000000000e+03 3.505229414229731333e+01
7.210000000000000000e+03 3.505852395947677280e+01
7.230000000000000000e+03 3.506775589651309133e+01
7.250000000000000000e+03 3.507196461946505650e+01
7.270000000000000000e+03 3.507353130553191534e+01
7.290000000000000000e+03 3.506962575719294506e+01
7.310000000000000000e+03 3.507640012456268153e+01
7.330000000000000000e+03 3.507765253017623763e+01
7.350000000000000000e+03 3.507736405183740658e+01
7.370000000000000000e+03 3.508716428624043715e+01
7.390000000000000000e+03 3.508090162347113505e+01
7.410000000000000000e+03 3.507965490647824680e+01
7.430000000000000000e+03 3.508215205125947733e+01
7.450000000000000000e+03 3.508329046230644366e+01
7.470000000000000000e+03 3.508223023024569898e+01
7.490000000000000000e+03 3.508044404057737609e+01
7.510000000000000000e+03 3.508560310036506280e+01
7.530000000000000000e+03 3.508915586625638383e+01
7.550000000000000000e+03 3.508955607219959205e+01
7.570000000000000000e+03 3.508663334180297966e+01
7.590000000000000000e+03 3.508180458967680693e+01
7.610000000000000000e+03 3.508008423223498085e+01
7.630000000000000000e+03 3.507572321501299228e+01
7.650000000000000000e+03 3.507078043395174660e+01
7.670000000000000000e+03 3.505590256443431940e+01
7.690000000000000000e+03 3.506181205564011094e+01
7.710000000000000000e+03 3.505426562259533085e+01
7.730000000000000000e+03 3.505158891169561741e+01
7.750000000000000000e+03 3.504982109596947737e+01
7.770000000000000000e+03 3.505234046835077777e+01
7.790000000000000000e+03 3.505738718406567500e+01
7.810000000000000000e+03 3.505624212526861072e+01
7.830000000000000000e+03 3.505067803852986685e+01
7.850000000000000000e+03 3.504206958400790484e+01
7.870000000000000000e+03 3.505022699569954625e+01
7.890000000000000000e+03 3.503555328718583439e+01
7.910000000000000000e+03 3.502803460851485795e+01
7.930000000000000000e+03 3.503299121364323554e+01
7.950000000000000000e+03 3.502411987403751681e+01
7.970000000000000000e+03 3.503950318741995318e+01
7.990000000000000000e+03 3.503906383934963742e+01
8.010000000000000000e+03 3.504222139247313095e+01
8.030000000000000000e+03 3.504052609236228477e+01
8.050000000000000000e+03 3.503927038236400904e+01
8.070000000000000000e+03 3.503488550601807106e+01
8.090000000000000000e+03 3.502719049785751793e+01
8.110000000000000000e+03 3.502597869043567869e+01
8.130000000000000000e+03 3.503404429245340168e+01
8.150000000000000000e+03 3.503369642145096208e+01
8.170000000000000000e+03 3.503612364307978311e+01
8.190000000000000000e+03 3.502930233213474054e+01
8.210000000000000000e+03 3.502541324629881103e+01
8.230000000000000000e+03 3.503379883475342638e+01
8.250000000000000000e+03 3.503171790150361886e+01
8.270000000000000000e+03 3.503770925449640572e+01
8.290000000000000000e+03 3.503244260710930291e+01
8.310000000000000000e+03 3.501402443005869713e+01
8.330000000000000000e+03 3.501491127554828608e+01
8.350000000000000000e+03 3.501252309568123877e+01
8.370000000000000000e+03 3.501434289262839172e+01
8.390000000000000000e+03 3.500212331475815830e+01
8.410000000000000000e+03 3.501592312809561491e+01
8.430000000000000000e+03 3.499787475114307966e+01
8.450000000000000000e+03 3.499035057900404411e+01
8.470000000000000000e+03 3.499076908040285616e+01
8.490000000000000000e+03 3.500319285103154243e+01
8.510000000000000000e+03 3.497687279333150911e+01
8.530000000000000000e+03 3.500679277827470059e+01
8.550000000000000000e+03 3.497133892890926887e+01
8.570000000000000000e+03 3.501462186268412324e+01
8.590000000000000000e+03 3.500082114385514842e+01
8.610000000000000000e+03 3.500123834095194297e+01
8.630000000000000000e+03 3.501862154499950464e+01
8.650000000000000000e+03 3.501903167894426616e+01
8.670000000000000000e+03 3.497311555022550067e+01
8.690000000000000000e+03 3.500386671766737834e+01
8.710000000000000000e+03 3.501812938899792016e+01
8.730000000000000000e+03 3.501676127363069213e+01
8.750000000000000000e+03 3.499523306283157353e+01
8.770000000000000000e+03 3.501435128955506570e+01
8.790000000000000000e+03 3.501847736656024068e+01
8.810000000000000000e+03 3.500726248140284014e+01
8.830000000000000000e+03 3.501221576136200042e+01
8.850000000000000000e+03 3.501223597664853315e+01
8.870000000000000000e+03 3.499029666824234397e+01
8.890000000000000000e+03 3.501514313624991814e+01
8.910000000000000000e+03 3.502091228854600757e+01
8.930000000000000000e+03 3.500813057125145633e+01
8.950000000000000000e+03 3.500757184270980815e+01
8.970000000000000000e+03 3.500832699068318021e+01
8.990000000000000000e+03 3.500629859501007957e+01
9.010000000000000000e+03 3.497773397787813110e+01
9.030000000000000000e+03 3.499502498329832889e+01
9.050000000000000000e+03 3.501294220022463577e+01
9.070000000000000000e+03 3.501052222522635304e+01
9.090000000000000000e+03 3.499482874535270582e+01
9.110000000000000000e+03 3.499782032923112496e+01
9.130000000000000000e+03 3.500643974073551590e+01
9.150000000000000000e+03 3.500129887614269819e+01
9.170000000000000000e+03 3.499963012045138555e+01
9.190000000000000000e+03 3.500510237261408975e+01
9.210000000000000000e+03 3.498746981750059604e+01
9.230000000000000000e+03 3.497171348996709384e+01
9.250000000000000000e+03 3.498161992878216608e+01
9.270000000000000000e+03 3.498377556265276667e+01
9.290000000000000000e+03 3.498186427968081347e+01
9.310000000000000000e+03 3.498759310445133508e+01
9.330000000000000000e+03 3.498467446174178974e+01
9.350000000000000000e+03 3.498252633705718750e+01
9.370000000000000000e+03 3.497273872082161716e+01
9.390000000000000000e+03 3.498013705237386972e+01
9.410000000000000000e+03 3.496874640019404978e+01
9.430000000000000000e+03 3.497989838751071545e+01
9.450000000000000000e+03 3.496858801409126727e+01
9.470000000000000000e+03 3.497717049610402285e+01
9.490000000000000000e+03 3.497767237974085219e+01
9.510000000000000000e+03 3.497173944938621304e+01
9.530000000000000000e+03 3.496872412558443699e+01
9.550000000000000000e+03 3.494261288523257036e+01
9.570000000000000000e+03 3.495912386339877997e+01
9.590000000000000000e+03 3.497154666447320892e+01
9.610000000000000000e+03 3.496363005619299713e+01
9.630000000000000000e+03 3.496438006885992422e+01
9.650000000000000000e+03 3.495358227358687486e+01
9.670000000000000000e+03 3.495182228258757107e+01
9.690000000000000000e+03 3.496035790597816373e+01
9.710000000000000000e+03 3.495471131919940433e+01
9.730000000000000000e+03 3.495105434523756571e+01
9.750000000000000000e+03 3.494813199358380729e+01
9.770000000000000000e+03 3.494925308596153712e+01
9.790000000000000000e+03 3.494040460898539635e+01
9.810000000000000000e+03 3.495429508009223696e+01
9.830000000000000000e+03 3.494716180573932718e+01
9.850000000000000000e+03 3.495278932146378281e+01
9.870000000000000000e+03 3.494858611469105369e+01
9.890000000000000000e+03 3.494714040653273912e+01
9.910000000000000000e+03 3.494443856934574910e+01
9.930000000000000000e+03 3.494408088852304672e+01
9.950000000000000000e+03 3.494241985115620963e+01
9.970000000000000000e+03 3.494296065820685726e+01
9.990000000000000000e+03 3.494042399224739626e+01
1.002500000000000000e+04 3.493046638334892151e+01
1.007500000000000000e+04 3.491993704966124312e+01
1.012500000000000000e+04 3.492729144573487332e+01
1.017500000000000000e+04 3.492049280134574474e+01
1.022500000000000000e+04 3.491932031071768705e+01
1.027500000000000000e+04 3.491804149990813499e+01
1.032500000000000000e+04 3.490779487838258888e+01
1.037500000000000000e+04 3.490239955108524583e+01
1.042500000000000000e+04 3.490275238493444476e+01
1.047500000000000000e+04 3.489784818802979771e+01
1.052500000000000000e+04 3.489651149208759051e+01
1.057500000000000000e+04 3.488841797922992782e+01
1.062500000000000000e+04 3.488653801533428833e+01
1.067500000000000000e+04 3.487550264555173385e+01
1.072500000000000000e+04 3.487431844319155516e+01
1.077500000000000000e+04 3.486884143100304811e+01
1.082500000000000000e+04 3.486070571010839814e+01
1.087500000000000000e+04 3.485984677884910354e+01
1.092500000000000000e+04 3.485437237434396707e+01
1.097500000000000000e+04 3.485238820637048462e+01
1.102500000000000000e+04 3.485358067511248947e+01
1.107500000000000000e+04 3.485055884968112849e+01
1.112500000000000000e+04 3.484646405374503786e+01
1.117500000000000000e+04 3.483990253124920855e+01
1.122500000000000000e+04 3.483818971953881771e+01
1.127500000000000000e+04 3.482968297876103492e+01
1.132500000000000000e+04 3.482654575649107187e+01
1.137500000000000000e+04 3.482138347997716465e+01
1.142500000000000000e+04 3.481599226278486725e+01
1.147500000000000000e+04 3.481929040321951874e+01
1.152500000000000000e+04 3.481658854891229282e+01
1.157500000000000000e+04 3.480843904094385266e+01
1.162500000000000000e+04 3.480133827101663258e+01
1.167500000000000000e+04 3.480014930555159935e+01
1.172500000000000000e+04 3.480189470148582132e+01
1.177500000000000000e+04 3.479252644535631589e+01
1.182500000000000000e+04 3.478862660385867400e+01
1.187500000000000000e+04 3.478020486214283835e+01
1.192500000000000000e+04 3.478606766704882602e+01
1.197500000000000000e+04 3.476887473226574343e+01
1.202500000000000000e+04 3.477696966071144402e+01
1.207500000000000000e+04 3.477071636059238813e+01
1.212500000000000000e+04 3.476955723490853956e+01
1.217500000000000000e+04 3.476893627646903440e+01
1.222500000000000000e+04 3.476446642536659937e+01
1.227500000000000000e+04 3.476038751546512628e+01
1.232500000000000000e+04 3.475521246233230954e+01
1.237500000000000000e+04 3.475396558944141390e+01
1.242500000000000000e+04 3.474915189194304332e+01
1.247500000000000000e+04 3.474730317273925095e+01
1.252500000000000000e+04 3.474052946947685427e+01
1.257500000000000000e+04 3.473908195800545684e+01
1.262500000000000000e+04 3.473592772050550082e+01
1.267500000000000000e+04 3.472997750721923182e+01
1.272500000000000000e+04 3.472924557978257809e+01
1.277500000000000000e+04 3.472909899727564209e+01
1.282500000000000000e+04 3.470694436838262220e+01
1.287500000000000000e+04 3.471765209580973277e+01
1.292500000000000000e+04 3.470890977186490289e+01
1.297500000000000000e+04 3.471535011666578896e+01
1.302500000000000000e+04 3.470737307550830053e+01
1.307500000000000000e+04 3.471038622704991639e+01
1.312500000000000000e+04 3.470002614803793506e+01
1.317500000000000000e+04 3.469941204859258477e+01
1.322500000000000000e+04 3.469921413108416175e+01
1.327500000000000000e+04 3.469005244475579985e+01
1.332500000000000000e+04 3.469469348805931475e+01
1.337500000000000000e+04 3.468816216511874018e+01
1.342500000000000000e+04 3.469140996838435598e+01
1.347500000000000000e+04 3.468768857342308820e+01
1.352500000000000000e+04 3.468598782144646009e+01
1.357500000000000000e+04 3.467774245592581650e+01
1.362500000000000000e+04 3.467445056960215055e+01
1.367500000000000000e+04 3.467654174023524405e+01
1.372500000000000000e+04 3.467780751528464833e+01
1.377500000000000000e+04 3.467363713702882677e+01
1.382500000000000000e+04 3.467420512970745961e+01
1.387500000000000000e+04 3.466739581492760180e+01
1.392500000000000000e+04 3.467045284402554017e+01
1.397500000000000000e+04 3.467019627252710023e+01
1.402500000000000000e+04 3.466123687597384162e+01
1.407500000000000000e+04 3.466591335054513223e+01
1.412500000000000000e+04 3.465893192415727242e+01
1.417500000000000000e+04 3.466313122427237658e+01
1.422500000000000000e+04 3.465557344244767535e+01
1.427500000000000000e+04 3.464573027759913515e+01
1.432500000000000000e+04 3.465542317499799196e+01
1.437500000000000000e+04 3.465528730709076655e+01
1.442500000000000000e+04 3.464196474389385116e+01
1.447500000000000000e+04 3.465072962340557439e+01
1.452500000000000000e+04 3.464495268700716224e+01
1.457000000000000000e+04 3.464694689368870684e+01
1.462000000000000000e+04 3.464667299514501053e+01
1.467500000000000000e+04 3.464577267466095378e+01
1.472500000000000000e+04 3.463641012346185732e+01
1.477500000000000000e+04 3.464018600446941321e+01
1.482500000000000000e+04 3.463885658308826976e+01
1.487500000000000000e+04 3.463418357394098024e+01
1.492500000000000000e+04 3.464363959771704060e+01
1.497500000000000000e+04 3.463557051339635251e+01
1.502500000000000000e+04 3.463328657562692570e+01
1.507500000000000000e+04 3.462750010005004242e+01
1.512500000000000000e+04 3.463407359250452089e+01
1.517500000000000000e+04 3.463405748243921778e+01
1.522500000000000000e+04 3.463425612746338089e+01
1.527500000000000000e+04 3.463652859729077704e+01
1.532500000000000000e+04 3.463235741112202959e+01
1.537500000000000000e+04 3.463753617961727826e+01
1.542500000000000000e+04 3.463503920371508826e+01
1.547500000000000000e+04 3.463522811716437388e+01
1.552500000000000000e+04 3.462726181149959359e+01
1.557500000000000000e+04 3.460212922976266725e+01
1.562500000000000000e+04 3.461609124932773085e+01
1.567500000000000000e+04 3.461301135379063965e+01
1.572500000000000000e+04 3.462516505254270527e+01
1.577500000000000000e+04 3.458289833539415525e+01
1.582500000000000000e+04 3.459452247719313789e+01
1.587500000000000000e+04 3.459062557243508707e+01
1.592500000000000000e+04 3.460455007779381731e+01
1.597500000000000000e+04 3.458792360705491831e+01
1.605000000000000000e+04 3.462205705814053402e+01
1.615000000000000000e+04 3.461903499425993402e+01
1.625000000000000000e+04 3.461848575106061787e+01
1.635000000000000000e+04 3.461661887643396085e+01
1.645000000000000000e+04 3.460613795600431786e+01
1.655000000000000000e+04 3.460354434466655249e+01
1.665000000000000000e+04 3.459688583196586364e+01
1.675000000000000000e+04 3.458618781469673564e+01
1.685000000000000000e+04 3.457521778873879725e+01
1.695000000000000000e+04 3.457672797029755429e+01
1.705000000000000000e+04 3.456046588720926138e+01
1.715000000000000000e+04 3.455957355062816561e+01
1.725000000000000000e+04 3.454280509496872753e+01
1.735000000000000000e+04 3.453469845292685392e+01
1.745000000000000000e+04 3.452969162783849555e+01
1.755000000000000000e+04 3.452115719721403764e+01
1.765000000000000000e+04 3.451558384530575552e+01
1.775000000000000000e+04 3.450485763185358934e+01
1.785000000000000000e+04 3.450264478792253442e+01
1.795000000000000000e+04 3.449162478665125775e+01
1.805000000000000000e+04 3.448096985512832191e+01
1.815000000000000000e+04 3.447510765994010740e+01
1.825000000000000000e+04 3.446619329512166274e+01
1.835000000000000000e+04 3.445753498014916971e+01
1.845000000000000000e+04 3.444771461140436486e+01
1.855000000000000000e+04 3.444475375023436925e+01
1.865000000000000000e+04 3.443035144018365656e+01
1.875000000000000000e+04 3.442357266307540442e+01
1.885000000000000000e+04 3.442042673535672748e+01
1.895000000000000000e+04 3.439825565982513211e+01
1.905000000000000000e+04 3.440973076043513856e+01
1.915000000000000000e+04 3.439990500963290287e+01
1.925000000000000000e+04 3.439468331617520391e+01
1.935000000000000000e+04 3.438045347899411297e+01
1.945000000000000000e+04 3.437014174194533211e+01
1.955000000000000000e+04 3.437212277679115147e+01
1.965000000000000000e+04 3.436362609719764549e+01
1.975000000000000000e+04 3.435305619669441768e+01
1.985000000000000000e+04 3.434926812528364337e+01
1.995000000000000000e+04 3.434320331888378064e+01
2.005000000000000000e+04 3.434215549473179863e+01
2.015000000000000000e+04 3.433534145109741331e+01
2.025000000000000000e+04 3.432020646777902328e+01
2.035000000000000000e+04 3.431534019273254899e+01
2.045000000000000000e+04 3.431669906137751269e+01
2.055000000000000000e+04 3.430749873254292481e+01
2.065000000000000000e+04 3.429904235677064861e+01
2.075000000000000000e+04 3.429385590328535471e+01
2.085000000000000000e+04 3.428507191284267464e+01
2.095000000000000000e+04 3.427591861583289301e+01
2.105000000000000000e+04 3.427575651738455065e+01
2.115000000000000000e+04 3.426611127918518918e+01
2.125000000000000000e+04 3.425855552060073705e+01
2.135000000000000000e+04 3.425791548826837385e+01
2.145000000000000000e+04 3.425024471055787956e+01
2.155000000000000000e+04 3.424213538623755682e+01
2.165000000000000000e+04 3.423447947793985691e+01
2.175000000000000000e+04 3.422575686242488757e+01
2.185000000000000000e+04 3.422149268015098045e+01
2.195000000000000000e+04 3.421655930866929651e+01
2.205000000000000000e+04 3.420267901805656408e+01
2.215000000000000000e+04 3.420619627148789021e+01
2.225000000000000000e+04 3.419063926092145778e+01
2.235000000000000000e+04 3.418682978603096245e+01
2.245000000000000000e+04 3.418138791743396609e+01
2.255000000000000000e+04 3.417802058489127148e+01
2.265000000000000000e+04 3.416558970937687434e+01
2.275000000000000000e+04 3.416753017064236531e+01
2.285000000000000000e+04 3.415599964707550384e+01
2.295000000000000000e+04 3.407147376406644668e+01
2.305000000000000000e+04 3.410961528564355660e+01
2.315000000000000000e+04 3.410281999830810662e+01
2.325000000000000000e+04 3.402650856877886554e+01
2.335000000000000000e+04 3.406831138222241151e+01
2.345000000000000000e+04 3.404706807464869911e+01
2.355000000000000000e+04 3.397555398898204260e+01
2.365000000000000000e+04 3.402922133443191655e+01
2.375000000000000000e+04 3.400663896404730480e+01
2.385000000000000000e+04 3.395142710094688709e+01
2.395000000000000000e+04 3.399601218777864631e+01
2.405000000000000000e+04 3.398642089371237773e+01
2.415000000000000000e+04 3.393558954185584753e+01
2.425000000000000000e+04 3.397250111129353201e+01
2.435000000000000000e+04 3.396492416701482853e+01
2.445000000000000000e+04 3.393463894933875480e+01
2.455000000000000000e+04 3.393779486579521176e+01
2.465000000000000000e+04 3.395459836202518034e+01
2.475000000000000000e+04 3.393714665918734852e+01
2.485000000000000000e+04 3.391128900619851549e+01
2.495000000000000000e+04 3.392829466382758596e+01
2.505000000000000000e+04 3.394603758032420870e+01
2.515000000000000000e+04 3.389766394390413495e+01
2.525000000000000000e+04 3.392295977990758615e+01
2.535000000000000000e+04 3.392159985145947587e+01
2.545000000000000000e+04 3.391217059410943335e+01
2.555000000000000000e+04 3.390208296997336390e+01
2.565000000000000000e+04 3.390432599635348510e+01
2.575000000000000000e+04 3.390896828316964218e+01
2.585000000000000000e+04 3.388015431663866650e+01
2.595000000000000000e+04 3.388631937587728515e+01
2.605000000000000000e+04 3.389622028891458427e+01
2.615000000000000000e+04 3.388240352548756107e+01
2.625000000000000000e+04 3.387513919596389655e+01
2.635000000000000000e+04 3.388075724983876569e+01
2.645000000000000000e+04 3.387799063648160569e+01
2.655000000000000000e+04 3.386819629567381185e+01
2.665000000000000000e+04 3.385862995728486169e+01
2.675000000000000000e+04 3.387370507600618907e+01
2.685000000000000000e+04 3.386749345027214986e+01
2.695000000000000000e+04 3.384838739078529102e+01
2.705000000000000000e+04 3.385785940457995480e+01
2.715000000000000000e+04 3.385255413702360272e+01
2.725000000000000000e+04 3.385433908679102188e+01
2.735000000000000000e+04 3.383486283458766763e+01
2.745000000000000000e+04 3.384173357908058222e+01
2.755000000000000000e+04 3.384258960986687015e+01
2.765000000000000000e+04 3.383344248949192234e+01
2.775000000000000000e+04 3.382047557904247270e+01
2.785000000000000000e+04 3.382576996680177217e+01
2.795000000000000000e+04 3.382641313492446500e+01
2.805000000000000000e+04 3.382096918304397093e+01
2.815000000000000000e+04 3.380917221855825261e+01
2.825000000000000000e+04 3.380954048254861988e+01
2.835000000000000000e+04 3.380957622112924810e+01
2.845000000000000000e+04 3.380341677016882329e+01
2.855000000000000000e+04 3.379694114383180903e+01
2.865000000000000000e+04 3.379348310967595381e+01
2.875000000000000000e+04 3.378964209007833119e+01
2.885000000000000000e+04 3.378527587407001676e+01
2.895000000000000000e+04 3.378056086193112861e+01
2.905000000000000000e+04 3.377509358550781826e+01
2.915000000000000000e+04 3.377247563543545539e+01
2.925000000000000000e+04 3.376170362042321216e+01
2.935000000000000000e+04 3.376423625853897192e+01
2.945000000000000000e+04 3.375625617471685302e+01
2.955000000000000000e+04 3.375173956538448294e+01
2.965000000000000000e+04 3.374989348504423248e+01
2.975000000000000000e+04 3.374539682202080115e+01
2.985000000000000000e+04 3.373850729708045293e+01
2.995000000000000000e+04 3.373390046661414488e+01
3.005000000000000000e+04 3.372869923632082845e+01
3.015000000000000000e+04 3.372604072581174961e+01
3.025000000000000000e+04 3.371888936294308081e+01
3.035000000000000000e+04 3.371213578213724560e+01
3.045000000000000000e+04 3.371041865789544545e+01
3.055000000000000000e+04 3.370415529540852617e+01
3.065000000000000000e+04 3.369934938489241461e+01
3.075000000000000000e+04 3.369568964732364691e+01
3.085000000000000000e+04 3.368764553209430801e+01
3.095000000000000000e+04 3.368354847771229998e+01
3.105000000000000000e+04 3.368120543055656668e+01
3.115000000000000000e+04 3.367229015990818652e+01
3.125000000000000000e+04 3.366972780819326516e+01
3.135000000000000000e+04 3.366515784943906908e+01
3.145000000000000000e+04 3.365962642985789444e+01
3.155000000000000000e+04 3.365422125189769531e+01
3.165000000000000000e+04 3.364742479383922102e+01
3.175000000000000000e+04 3.364516484059855372e+01
3.185000000000000000e+04 3.363947289354461390e+01
3.195000000000000000e+04 3.363553527987284042e+01
3.210000000000000000e+04 3.362707652952808246e+01
3.230000000000000000e+04 3.361595828555110899e+01
3.250000000000000000e+04 3.360619069381552748e+01
3.270000000000000000e+04 3.359548410000695640e+01
3.290000000000000000e+04 3.358513814021102917e+01
3.310000000000000000e+04 3.357535833359312960e+01
3.330000000000000000e+04 3.356489171393734239e+01
3.350000000000000000e+04 3.355701137736318174e+01
3.370000000000000000e+04 3.354640085429144847e+01
3.390000000000000000e+04 3.353609137683242380e+01
3.410000000000000000e+04 3.352524647028680960e+01
3.430000000000000000e+04 3.351780094120796605e+01
3.450000000000000000e+04 3.350883844381263543e+01
3.470000000000000000e+04 3.349913827155959467e+01
3.490000000000000000e+04 3.349007798833750371e+01
3.510000000000000000e+04 3.348145800474617317e+01
3.530000000000000000e+04 3.347038527197001656e+01
3.550000000000000000e+04 3.346267316557138827e+01
3.570000000000000000e+04 3.345302903292966334e+01
3.590000000000000000e+04 3.344349730178665681e+01
3.610000000000000000e+04 3.343580638859864962e+01
3.630000000000000000e+04 3.342704162187248329e+01
3.650000000000000000e+04 3.341575705134106755e+01
3.670000000000000000e+04 3.340711045911167076e+01
3.690000000000000000e+04 3.339488597512021784e+01
3.710000000000000000e+04 3.338492113345377277e+01
3.730000000000000000e+04 3.337926734214072155e+01
3.750000000000000000e+04 3.336633215943263053e+01
3.770000000000000000e+04 3.336211581272904425e+01
3.790000000000000000e+04 3.335338234206287922e+01
3.810000000000000000e+04 3.334587714099475875e+01
3.830000000000000000e+04 3.333866381242334853e+01
3.850000000000000000e+04 3.333086819908634624e+01
3.870000000000000000e+04 3.331941991744303522e+01
3.890000000000000000e+04 3.331227413506501733e+01
3.910000000000000000e+04 3.330483015118818457e+01
3.930000000000000000e+04 3.329692809143651999e+01
3.950000000000000000e+04 3.328560460602341919e+01
3.970000000000000000e+04 3.327836988305473653e+01
3.990000000000000000e+04 3.326635382771310390e+01
4.010000000000000000e+04 3.326066832155193254e+01
4.030000000000000000e+04 3.325476226193225671e+01
4.050000000000000000e+04 3.324559154236028036e+01
4.070000000000000000e+04 3.323851943684120869e+01
4.090000000000000000e+04 3.323078410341894795e+01
4.110000000000000000e+04 3.322292333222760163e+01
4.130000000000000000e+04 3.321605347609691705e+01
4.150000000000000000e+04 3.320711711962516688e+01
4.170000000000000000e+04 3.319837465658248021e+01
4.190000000000000000e+04 3.319028655435854347e+01
4.210000000000000000e+04 3.318159021127114272e+01
4.230000000000000000e+04 3.317708332747714906e+01
4.250000000000000000e+04 3.316702307053760990e+01
4.270000000000000000e+04 3.316093860101592838e+01
4.290000000000000000e+04 3.312157006480292409e+01
4.310000000000000000e+04 3.307822109141208955e+01
4.330000000000000000e+04 3.308712015775730464e+01
4.350000000000000000e+04 3.305085046144573369e+01
4.370000000000000000e+04 3.303236564448769030e+01
4.390000000000000000e+04 3.301584770206839181e+01
4.410000000000000000e+04 3.298175838370483604e+01
4.430000000000000000e+04 3.297881896576329552e+01
4.450000000000000000e+04 3.296646526793279008e+01
4.470000000000000000e+04 3.293944803907045582e+01
4.490000000000000000e+04 3.294904910824033806e+01
4.510000000000000000e+04 3.293111413123357067e+01
4.530000000000000000e+04 3.291377255921771194e+01
4.550000000000000000e+04 3.291924654510393111e+01
4.570000000000000000e+04 3.291184025842864713e+01
4.590000000000000000e+04 3.288937536060749522e+01
4.610000000000000000e+04 3.290139783363385106e+01
4.630000000000000000e+04 3.288747629835667396e+01
4.650000000000000000e+04 3.288388102812766078e+01
4.670000000000000000e+04 3.288621333779364164e+01
4.690000000000000000e+04 3.287469346261759995e+01
4.710000000000000000e+04 3.286419777470457859e+01
4.730000000000000000e+04 3.287342363056082206e+01
4.750000000000000000e+04 3.286045587135557611e+01
4.770000000000000000e+04 3.285506041087995044e+01
4.790000000000000000e+04 3.285219891154959271e+01
4.810000000000000000e+04 3.283699811839748861e+01
4.830000000000000000e+04 3.284770825195734290e+01
4.850000000000000000e+04 3.283726619760093968e+01
4.870000000000000000e+04 3.282608478971205557e+01
4.890000000000000000e+04 3.282146108305958876e+01
4.910000000000000000e+04 3.281609592496372585e+01
4.930000000000000000e+04 3.281003234135688729e+01
4.950000000000000000e+04 3.279943578253575254e+01
4.970000000000000000e+04 3.280417681726495260e+01
4.990000000000000000e+04 3.279547813479994289e+01
5.010000000000000000e+04 3.279223189200131827e+01
5.030000000000000000e+04 3.278682111384706133e+01
5.050000000000000000e+04 3.277422226645467163e+01
5.070000000000000000e+04 3.277487343456030544e+01
5.090000000000000000e+04 3.276806328464579110e+01
5.110000000000000000e+04 3.276035824227858484e+01
5.130000000000000000e+04 3.275845806683130945e+01
5.150000000000000000e+04 3.274930685030697930e+01
5.170000000000000000e+04 3.275319036975766807e+01
5.190000000000000000e+04 3.274436549396428120e+01
5.210000000000000000e+04 3.274068237422916638e+01
5.230000000000000000e+04 3.273204921530286526e+01
5.250000000000000000e+04 3.273108438268088349e+01
5.270000000000000000e+04 3.273548581319956696e+01
5.290000000000000000e+04 3.272012076123191093e+01
5.310000000000000000e+04 3.271201520787789718e+01
5.330000000000000000e+04 3.271339116384623935e+01
5.350000000000000000e+04 3.270764472950934021e+01
5.370000000000000000e+04 3.270374231725271841e+01
5.390000000000000000e+04 3.270021954733691416e+01
5.410000000000000000e+04 3.269626011328708870e+01
5.430000000000000000e+04 3.268635527741926694e+01
5.450000000000000000e+04 3.268939827546218879e+01
5.470000000000000000e+04 3.267754790546882759e+01
5.490000000000000000e+04 3.267805742666691060e+01
5.510000000000000000e+04 3.266815793301514503e+01
5.530000000000000000e+04 3.268022539742813848e+01
5.550000000000000000e+04 3.266104788199645981e+01
5.570000000000000000e+04 3.266500296567348016e+01
5.590000000000000000e+04 3.265602001774270491e+01
5.610000000000000000e+04 3.265823167739433330e+01
5.630000000000000000e+04 3.264523613043492389e+01
5.650000000000000000e+04 3.264764452791595772e+01
5.670000000000000000e+04 3.264223844593175983e+01
5.690000000000000000e+04 3.263082397965584391e+01
5.710000000000000000e+04 3.263441215153604702e+01
5.730000000000000000e+04 3.262987474732959470e+01
5.750000000000000000e+04 3.262427340559599998e+01
5.770000000000000000e+04 3.261911384982366258e+01
5.790000000000000000e+04 3.261887467494879900e+01
5.810000000000000000e+04 3.261154505050934205e+01
5.830000000000000000e+04 3.260774218184285189e+01
5.850000000000000000e+04 3.260290598726252398e+01
5.870000000000000000e+04 3.259432623980477217e+01
5.890000000000000000e+04 3.259154692655496177e+01
5.910000000000000000e+04 3.258654817599587972e+01
5.930000000000000000e+04 3.258435987848401538e+01
5.950000000000000000e+04 3.257665726549524265e+01
5.970000000000000000e+04 3.257590532366501179e+01
5.990000000000000000e+04 3.257137866868723108e+01
6.010000000000000000e+04 3.256658188595908854e+01
6.030000000000000000e+04 3.256145262156161380e+01
6.050000000000000000e+04 3.255372398974935066e+01
6.070000000000000000e+04 3.254995378649561388e+01
6.090000000000000000e+04 3.254431580816617497e+01
6.110000000000000000e+04 3.253887624976522375e+01
6.130000000000000000e+04 3.253642191857152710e+01
6.150000000000000000e+04 3.253294561253175488e+01
6.170000000000000000e+04 3.253090607843805060e+01
6.190000000000000000e+04 3.252448408140405434e+01
6.210000000000000000e+04 3.252191641082634277e+01
6.230000000000000000e+04 3.251464068522997053e+01
6.250000000000000000e+04 3.250743316979577457e+01
6.270000000000000000e+04 3.250298397203884804e+01
6.290000000000000000e+04 3.249913414084549146e+01
6.310000000000000000e+04 3.249421128895370714e+01
6.330000000000000000e+04 3.249241899822686719e+01
6.350000000000000000e+04 3.248599938641939389e+01
6.370000000000000000e+04 3.248447251898636523e+01
6.390000000000000000e+04 3.247726952475560580e+01
6.420000000000000000e+04 3.247089219548928440e+01
6.460000000000000000e+04 3.246009802966415947e+01
6.500000000000000000e+04 3.245125015277159974e+01
6.540000000000000000e+04 3.244143843844687325e+01
6.580000000000000000e+04 3.243324839521952185e+01
6.620000000000000000e+04 3.242301133133442903e+01
6.660000000000000000e+04 3.241381459594911973e+01
6.700000000000000000e+04 3.240489297069338193e+01
6.740000000000000000e+04 3.239467199219274107e+01
6.780000000000000000e+04 3.238546005941741157e+01
6.820000000000000000e+04 3.237584453246596894e+01
6.860000000000000000e+04 3.236746485285620167e+01
6.900000000000000000e+04 3.235735150564771345e+01
6.940000000000000000e+04 3.234829628232897392e+01
6.980000000000000000e+04 3.233900638653438619e+01
7.020000000000000000e+04 3.232938527935332473e+01
7.060000000000000000e+04 3.232064123732848060e+01
7.100000000000000000e+04 3.231121475306887447e+01
7.140000000000000000e+04 3.230237820458278009e+01
7.180000000000000000e+04 3.229288311777111176e+01
7.220000000000000000e+04 3.228399475259538320e+01
7.260000000000000000e+04 3.227466472632517025e+01
7.300000000000000000e+04 3.226571625480762862e+01
7.340000000000000000e+04 3.225634836095388636e+01
7.380000000000000000e+04 3.224759937664239828e+01
7.420000000000000000e+04 3.223763457038670310e+01
7.460000000000000000e+04 3.222851267997479141e+01
7.500000000000000000e+04 3.221964552867481757e+01
7.540000000000000000e+04 3.221086711441230221e+01
7.580000000000000000e+04 3.220286610907454872e+01
7.620000000000000000e+04 3.219416893410109282e+01
7.660000000000000000e+04 3.218532298253197155e+01
7.700000000000000000e+04 3.217633890637173266e+01
7.740000000000000000e+04 3.216779524874930019e+01
7.780000000000000000e+04 3.215924322229897570e+01
7.820000000000000000e+04 3.215038664138532454e+01
7.860000000000000000e+04 3.214198294746553586e+01
7.900000000000000000e+04 3.213337284752140732e+01
7.940000000000000000e+04 3.212483251885497282e+01
7.980000000000000000e+04 3.211662752639812624e+01
8.020000000000000000e+04 3.210761409697735758e+01
8.060000000000000000e+04 3.209928771121136037e+01
8.100000000000000000e+04 3.209112453865487424e+01
8.140000000000000000e+04 3.208254721713400670e+01
8.180000000000000000e+04 3.207475392110004009e+01
8.220000000000000000e+04 3.206640792822116026e+01
8.260000000000000000e+04 3.205820500251906680e+01
8.300000000000000000e+04 3.205007544748517745e+01
8.340000000000000000e+04 3.204155107645055978e+01
8.380000000000000000e+04 3.203338307005726904e+01
8.420000000000000000e+04 3.202565019088537213e+01
8.460000000000000000e+04 3.201749445082960221e+01
8.500000000000000000e+04 3.200947971239843071e+01
8.540000000000000000e+04 3.200169175800762389e+01
8.580000000000000000e+04 3.199384558004910417e+01
8.620000000000000000e+04 3.198609376137981641e+01
8.660000000000000000e+04 3.197845643967860241e+01
8.700000000000000000e+04 3.197046193528009184e+01
8.740000000000000000e+04 3.196280195778220445e+01
8.780000000000000000e+04 3.195508442427836826e+01
8.820000000000000000e+04 3.194702304329216247e+01
8.860000000000000000e+04 3.193940876754651725e+01
8.900000000000000000e+04 3.193188933331120438e+01
8.940000000000000000e+04 3.192421628373100617e+01
8.980000000000000000e+04 3.191653887116837041e+01
9.020000000000000000e+04 3.190948692614785998e+01
9.060000000000000000e+04 3.190207354241669435e+01
9.100000000000000000e+04 3.189367035633686953e+01
9.140000000000000000e+04 3.188702163907051812e+01
9.180000000000000000e+04 3.187953211239307194e+01
9.220000000000000000e+04 3.187276856638325384e+01
9.260000000000000000e+04 3.186510187029586660e+01
9.300000000000000000e+04 3.185790745577472904e+01
9.340000000000000000e+04 3.185061151295667514e+01
9.380000000000000000e+04 3.184341819616335201e+01
9.420000000000000000e+04 3.183625490187732510e+01
9.460000000000000000e+04 3.182896168245855506e+01
9.500000000000000000e+04 3.182190250946796439e+01
9.540000000000000000e+04 3.181475389380388208e+01
9.580000000000000000e+04 3.180769510978021941e+01
9.620000000000000000e+04 3.180062434240319647e+01
9.660000000000000000e+04 3.179372466463964031e+01
9.700000000000000000e+04 3.178679562361995181e+01
9.740000000000000000e+04 3.177920290693037941e+01
9.780000000000000000e+04 3.177280477625773969e+01
9.820000000000000000e+04 3.176589700347547307e+01
9.860000000000000000e+04 3.175906153830772638e+01
9.900000000000000000e+04 3.175233732357806815e+01
9.940000000000000000e+04 3.174537137942013487e+01
9.980000000000000000e+04 3.173866033472517856e+01
1.002000000000000000e+05 3.173186920807280131e+01
2.000000000000000000e+05 3.059586191218962625e+01
4.000000000000000000e+05 2.979810698073816155e+01
6.000000000000000000e+05 2.960278200648674130e+01
8.000000000000000000e+05 2.950509677788366503e+01
1.000000000000000000e+06 2.941635824252467657e+01
1.200000000000000000e+06 2.931010588041833387e+01
1.400000000000000000e+06 2.918516714381003396e+01
1.600000000000000000e+06 2.900907588475435261e+01
