9.100000000000000000e+01 -inf
9.400000000000000000e+01 -inf
9.600000000000000000e+01 -inf
9.800000000000000000e+01 -inf
1.000000000000000000e+02 -inf
1.020000000000000000e+02 -inf
1.040000000000000000e+02 -inf
1.060000000000000000e+02 -inf
1.080000000000000000e+02 -inf
1.100000000000000000e+02 -inf
1.140000000000000000e+02 -inf
1.180000000000000000e+02 -inf
1.210000000000000000e+02 -inf
1.250000000000000000e+02 -inf
1.270000000000000000e+02 -inf
1.280000000000000000e+02 -inf
1.310000000000000000e+02 -inf
1.320000000000000000e+02 -inf
1.340000000000000000e+02 -inf
1.370000000000000000e+02 -inf
1.400000000000000000e+02 -inf
1.430000000000000000e+02 -inf
1.470000000000000000e+02 -inf
1.510000000000000000e+02 -inf
1.550000000000000000e+02 -inf
1.590000000000000000e+02 -inf
1.620000000000000000e+02 -inf
1.660000000000000000e+02 -inf
1.700000000000000000e+02 -inf
1.730000000000000000e+02 -inf
1.770000000000000000e+02 -inf
1.800000000000000000e+02 -inf
1.820000000000000000e+02 -inf
1.860000000000000000e+02 -inf
1.910000000000000000e+02 -inf
1.940000000000000000e+02 -inf
1.980000000000000000e+02 -inf
2.020000000000000000e+02 -inf
2.050000000000000000e+02 -inf
2.100000000000000000e+02 -inf
2.160000000000000000e+02 -inf
2.200000000000000000e+02 -inf
2.230000000000000000e+02 -inf
2.270000000000000000e+02 -inf
2.300000000000000000e+02 2.191423429608224183e+01
2.340000000000000000e+02 2.229490965307595474e+01
2.400000000000000000e+02 2.271654792090354036e+01
2.460000000000000000e+02 2.314704113035322663e+01
2.520000000000000000e+02 2.351942254741626925e+01
2.570000000000000000e+02 2.376868901007678048e+01
2.600000000000000000e+02 2.397733209483613592e+01
2.640000000000000000e+02 2.420332086096205870e+01
2.690000000000000000e+02 2.444751133742249749e+01
2.740000000000000000e+02 2.470947499487154175e+01
2.790000000000000000e+02 2.496580299553114557e+01
2.840000000000000000e+02 2.524586549974039329e+01
2.900000000000000000e+02 2.552632689656810072e+01
2.960000000000000000e+02 2.579459861813016985e+01
3.010000000000000000e+02 2.601002165493606810e+01
3.080000000000000000e+02 2.629826366713495389e+01
3.180000000000000000e+02 2.670630444387670011e+01
3.280000000000000000e+02 2.706558589870000375e+01
3.380000000000000000e+02 2.742126998140684790e+01
3.480000000000000000e+02 2.774717014807005455e+01
3.570000000000000000e+02 2.810580451876695207e+01
3.660000000000000000e+02 2.837797255329029156e+01
3.750000000000000000e+02 2.861398975132173916e+01
3.850000000000000000e+02 2.887374989065416031e+01
3.950000000000000000e+02 2.912357262354167631e+01
4.050000000000000000e+02 2.935336898758180268e+01
4.140000000000000000e+02 2.955716401512238178e+01
4.220000000000000000e+02 2.972365112807991494e+01
4.300000000000000000e+02 2.989097423240704998e+01
4.410000000000000000e+02 3.010758287090800067e+01
4.510000000000000000e+02 3.029353498951017798e+01
4.600000000000000000e+02 3.045118001726302381e+01
4.700000000000000000e+02 3.062498535308122882e+01
4.800000000000000000e+02 3.078831635211214035e+01
4.900000000000000000e+02 3.094860927320279131e+01
5.000000000000000000e+02 3.109986021565694259e+01
5.060000000000000000e+02 3.240495337749542415e+01
5.120000000000000000e+02 3.328695806860619655e+01
5.200000000000000000e+02 3.337543792669013953e+01
5.300000000000000000e+02 3.349949396858141881e+01
5.400000000000000000e+02 3.353814753998202747e+01
5.500000000000000000e+02 3.373332304048452102e+01
5.600000000000000000e+02 3.381181355355712270e+01
5.700000000000000000e+02 3.391910717783259344e+01
5.800000000000000000e+02 3.391110988704861029e+01
5.900000000000000000e+02 3.404965531500079834e+01
6.000000000000000000e+02 3.413802031374308399e+01
6.100000000000000000e+02 3.422964321872656512e+01
6.200000000000000000e+02 3.428541096348391193e+01
6.300000000000000000e+02 3.435137884417567022e+01
6.400000000000000000e+02 3.438096622801404578e+01
6.500000000000000000e+02 3.445512500642543330e+01
6.580000000000000000e+02 3.451711418659871811e+01
6.650000000000000000e+02 3.454708116703718446e+01
6.750000000000000000e+02 3.457408413832049376e+01
6.850000000000000000e+02 3.461660998578635429e+01
6.950000000000000000e+02 3.470691244362069483e+01
7.050000000000000000e+02 3.473869590491615611e+01
7.160000000000000000e+02 3.479672080549948987e+01
7.260000000000000000e+02 3.483347619326804079e+01
7.350000000000000000e+02 3.486232210666372566e+01
7.450000000000000000e+02 3.492476411046079932e+01
7.550000000000000000e+02 3.496896169543175859e+01
7.650000000000000000e+02 3.501228819888655153e+01
7.750000000000000000e+02 3.505487157082226446e+01
7.850000000000000000e+02 3.509371911928509746e+01
7.950000000000000000e+02 3.512038930201858022e+01
8.050000000000000000e+02 3.515206698624993464e+01
8.150000000000000000e+02 3.517835373780386021e+01
8.250000000000000000e+02 3.522237967825201110e+01
8.350000000000000000e+02 3.520052610979051622e+01
8.450000000000000000e+02 3.526538069972682621e+01
8.550000000000000000e+02 3.529064790504170190e+01
8.650000000000000000e+02 3.532595585266534499e+01
8.750000000000000000e+02 3.536250811435520802e+01
8.850000000000000000e+02 3.540182842930021678e+01
8.950000000000000000e+02 3.542950425292674765e+01
9.050000000000000000e+02 3.543293867678042375e+01
9.150000000000000000e+02 3.564505744644694829e+01
9.250000000000000000e+02 3.647897256205678218e+01
9.350000000000000000e+02 3.695916382340567452e+01
9.450000000000000000e+02 3.737605490461962177e+01
9.550000000000000000e+02 3.756488694617225121e+01
9.650000000000000000e+02 3.763383147983026333e+01
9.750000000000000000e+02 3.673385765732616903e+01
9.850000000000000000e+02 3.755232867049866741e+01
9.950000000000000000e+02 3.756405493593747735e+01
1.005000000000000000e+03 3.772236338870300187e+01
1.015000000000000000e+03 3.770208528763292577e+01
1.025000000000000000e+03 3.725100368335805001e+01
1.035000000000000000e+03 3.752934613172205047e+01
1.045000000000000000e+03 3.780919119753148294e+01
1.055000000000000000e+03 3.778137576639521455e+01
1.065000000000000000e+03 3.767263439254409008e+01
1.075000000000000000e+03 3.774722507667335947e+01
1.085000000000000000e+03 3.763242457455415035e+01
1.095000000000000000e+03 3.775853766039391246e+01
1.105000000000000000e+03 3.771558789447023230e+01
1.115000000000000000e+03 3.768949345309626864e+01
1.125000000000000000e+03 3.762398573056866269e+01
1.135000000000000000e+03 3.773710994486464188e+01
1.145000000000000000e+03 3.768685479550175188e+01
1.155000000000000000e+03 3.770823803873418711e+01
1.165000000000000000e+03 3.771391170016416083e+01
1.175000000000000000e+03 3.752379902097148090e+01
1.185000000000000000e+03 3.770437749166974584e+01
1.195000000000000000e+03 3.758817838526048405e+01
1.205000000000000000e+03 3.740294670720655290e+01
1.215000000000000000e+03 3.721000899444410948e+01
1.225000000000000000e+03 3.756231875219223326e+01
1.235000000000000000e+03 3.769279502328795672e+01
1.245000000000000000e+03 3.770915585688029381e+01
1.255000000000000000e+03 3.768363080138659171e+01
1.265000000000000000e+03 3.764252823366073386e+01
1.275000000000000000e+03 3.770665312091072963e+01
1.285000000000000000e+03 3.770875691784707584e+01
1.295000000000000000e+03 3.758975456761316281e+01
1.305000000000000000e+03 3.760343626681951434e+01
1.315000000000000000e+03 3.768758243548253262e+01
1.325000000000000000e+03 3.765511849473778483e+01
1.335000000000000000e+03 3.760079480199918578e+01
1.345000000000000000e+03 3.766345770297539275e+01
1.355000000000000000e+03 3.764950451546503984e+01
1.365000000000000000e+03 3.759703201504400738e+01
1.375000000000000000e+03 3.760349625224543502e+01
1.385000000000000000e+03 3.760501491810467201e+01
1.395000000000000000e+03 3.751933843248080791e+01
1.405000000000000000e+03 3.754199590347624849e+01
1.415000000000000000e+03 3.755626439268603178e+01
1.425000000000000000e+03 3.756056305715718224e+01
1.435000000000000000e+03 3.756302688922397692e+01
1.442000000000000000e+03 3.757798443406764477e+01
1.447000000000000000e+03 3.757456918250665723e+01
1.455000000000000000e+03 3.756111838489772481e+01
1.465000000000000000e+03 3.752083872718043978e+01
1.475000000000000000e+03 3.752276772572482599e+01
1.485000000000000000e+03 3.752143263909532322e+01
1.495000000000000000e+03 3.751914490727475027e+01
1.505000000000000000e+03 3.748253124215393228e+01
1.512000000000000000e+03 3.742382882626005625e+01
1.517000000000000000e+03 3.744788086553810302e+01
1.525000000000000000e+03 3.745338436984279440e+01
1.535000000000000000e+03 3.738608456426376847e+01
1.545000000000000000e+03 3.740155557092428751e+01
1.555000000000000000e+03 3.738169632998946668e+01
1.565000000000000000e+03 3.740022099893556629e+01
1.575000000000000000e+03 3.742353679202676631e+01
1.585000000000000000e+03 3.743389680966862443e+01
1.595000000000000000e+03 3.743543962604531572e+01
1.605000000000000000e+03 3.743509156706203100e+01
1.615000000000000000e+03 3.743377504183744975e+01
1.625000000000000000e+03 3.741240766937937678e+01
1.635000000000000000e+03 3.743883040102738846e+01
1.645000000000000000e+03 3.743768480131024035e+01
1.655000000000000000e+03 3.741507524011892372e+01
1.665000000000000000e+03 3.744147690735609046e+01
1.672000000000000000e+03 3.740615098708721575e+01
1.677000000000000000e+03 3.743884747762101028e+01
1.685000000000000000e+03 3.744657170496255105e+01
1.695000000000000000e+03 3.741975581629905889e+01
1.705000000000000000e+03 3.739958613484178329e+01
1.715000000000000000e+03 3.737085903216961214e+01
1.725000000000000000e+03 3.736641435006342959e+01
1.735000000000000000e+03 3.739082818758743088e+01
1.745000000000000000e+03 3.737475416506187287e+01
1.755000000000000000e+03 3.739341230655443837e+01
1.765000000000000000e+03 3.736494574950309300e+01
1.775000000000000000e+03 3.735747463327283668e+01
1.785000000000000000e+03 3.736468525262595364e+01
1.795000000000000000e+03 3.738640949220210530e+01
1.805000000000000000e+03 3.738646767403027127e+01
1.815000000000000000e+03 3.733635298082703713e+01
1.825000000000000000e+03 3.735392918629609227e+01
1.835000000000000000e+03 3.733320422224178969e+01
1.845000000000000000e+03 3.729306053937315824e+01
1.855000000000000000e+03 3.728262563977180832e+01
1.865000000000000000e+03 3.729239572948536363e+01
1.875000000000000000e+03 3.733189307607283070e+01
1.885000000000000000e+03 3.728148483093904986e+01
1.895000000000000000e+03 3.725013319086630759e+01
1.905000000000000000e+03 3.728883595349421398e+01
1.915000000000000000e+03 3.725799641856845312e+01
1.925000000000000000e+03 3.724414874847532531e+01
1.935000000000000000e+03 3.726846991725551561e+01
1.945000000000000000e+03 3.727652493402904099e+01
1.955000000000000000e+03 3.723714153680468542e+01
1.967000000000000000e+03 3.727705444230736731e+01
1.976000000000000000e+03 3.729210181609003882e+01
1.984000000000000000e+03 3.725950899432977792e+01
1.995000000000000000e+03 3.724711919937139726e+01
2.005000000000000000e+03 3.726398400169070158e+01
2.015000000000000000e+03 3.724856564059200537e+01
2.025000000000000000e+03 3.727121560212614781e+01
2.035000000000000000e+03 3.723143342058970973e+01
2.045000000000000000e+03 3.724429373547245348e+01
2.055000000000000000e+03 3.722751326608735667e+01
2.065000000000000000e+03 3.722880948023440340e+01
2.074000000000000000e+03 3.725485819301541568e+01
2.078000000000000000e+03 3.721251794909612443e+01
2.085000000000000000e+03 3.723493522668243827e+01
2.095000000000000000e+03 3.720816828592309378e+01
2.105000000000000000e+03 3.721822756305969904e+01
2.115000000000000000e+03 3.721902945187957812e+01
2.125000000000000000e+03 3.722422657378290012e+01
2.135000000000000000e+03 3.720440927120971253e+01
2.145000000000000000e+03 3.719314946930744270e+01
2.155000000000000000e+03 3.721236122209388952e+01
2.165000000000000000e+03 3.720438093767960197e+01
2.175000000000000000e+03 3.719829022885811298e+01
2.185000000000000000e+03 3.718280820063671399e+01
2.195000000000000000e+03 3.719705126853271793e+01
2.205000000000000000e+03 3.718716682215720226e+01
2.215000000000000000e+03 3.717265848779079818e+01
2.225000000000000000e+03 3.715609042823507480e+01
2.235000000000000000e+03 3.716835690920194679e+01
2.245000000000000000e+03 3.715955043439454641e+01
2.255000000000000000e+03 3.714277001454958338e+01
2.265000000000000000e+03 3.715227697780095184e+01
2.275000000000000000e+03 3.715296145494065172e+01
2.285000000000000000e+03 3.715688075856191119e+01
2.295000000000000000e+03 3.713339617548864169e+01
2.305000000000000000e+03 3.713389509364620267e+01
2.315000000000000000e+03 3.711497212422028724e+01
2.325000000000000000e+03 3.701729840893334256e+01
2.335000000000000000e+03 3.708779317368362172e+01
2.345000000000000000e+03 3.708438811877100250e+01
2.355000000000000000e+03 3.709601334103517445e+01
2.365000000000000000e+03 3.707722080576345292e+01
2.375000000000000000e+03 3.707830393841551597e+01
2.385000000000000000e+03 3.706254599596429955e+01
2.395000000000000000e+03 3.707596596043335069e+01
2.405000000000000000e+03 3.705773773186894005e+01
2.415000000000000000e+03 3.706158463230306666e+01
2.425000000000000000e+03 3.706910360307789176e+01
2.435000000000000000e+03 3.705082349367110339e+01
2.445000000000000000e+03 3.706342592187212404e+01
2.455000000000000000e+03 3.705901746091706883e+01
2.465000000000000000e+03 3.705158885558957138e+01
2.475000000000000000e+03 3.704109725548536147e+01
2.485000000000000000e+03 3.704929010223573016e+01
2.495000000000000000e+03 3.702426483943135338e+01
2.505000000000000000e+03 3.704777660551805241e+01
2.513000000000000000e+03 3.701752343213514962e+01
2.518000000000000000e+03 3.703594608638782404e+01
2.525000000000000000e+03 3.701807680619971563e+01
2.535000000000000000e+03 3.701492032237955954e+01
2.545000000000000000e+03 3.700330467848573335e+01
2.555000000000000000e+03 3.701652176246768988e+01
2.565000000000000000e+03 3.700974211338490250e+01
2.575000000000000000e+03 3.702087672151331788e+01
2.585000000000000000e+03 3.701592794996634694e+01
2.595000000000000000e+03 3.701128412599030071e+01
2.605000000000000000e+03 3.700015217266273737e+01
2.615000000000000000e+03 3.699560501130671497e+01
2.625000000000000000e+03 3.699792425584993083e+01
2.635000000000000000e+03 3.699659660440806874e+01
2.645000000000000000e+03 3.700883870344652848e+01
2.655000000000000000e+03 3.700550141585777908e+01
2.665000000000000000e+03 3.698474813372599357e+01
2.675000000000000000e+03 3.699279702323608632e+01
2.685000000000000000e+03 3.698759605467636646e+01
2.695000000000000000e+03 3.697504306757845427e+01
2.705000000000000000e+03 3.697519160299992791e+01
2.715000000000000000e+03 3.696617631851107433e+01
2.725000000000000000e+03 3.696367911613656787e+01
2.735000000000000000e+03 3.697188607219636935e+01
2.745000000000000000e+03 3.694107183921805415e+01
2.755000000000000000e+03 3.694064876058880031e+01
2.765000000000000000e+03 3.694371996214398735e+01
2.775000000000000000e+03 3.695333210650677813e+01
2.785000000000000000e+03 3.694828498109530557e+01
2.795000000000000000e+03 3.691237136148276932e+01
2.805000000000000000e+03 3.692700842198480871e+01
2.815000000000000000e+03 3.694280805452589078e+01
2.825000000000000000e+03 3.693842223767224198e+01
2.835000000000000000e+03 3.691791354926600377e+01
2.845000000000000000e+03 3.691700360218848687e+01
2.855000000000000000e+03 3.691504667479183155e+01
2.865000000000000000e+03 3.692221516003156978e+01
2.875000000000000000e+03 3.691365536857279039e+01
2.885000000000000000e+03 3.691264014487578038e+01
2.895000000000000000e+03 3.690599988344416715e+01
2.910000000000000000e+03 3.690989177145810629e+01
2.930000000000000000e+03 3.689928872660431125e+01
2.950000000000000000e+03 3.688933983440276165e+01
2.970000000000000000e+03 3.688587596610477704e+01
2.990000000000000000e+03 3.687887813829822647e+01
3.010000000000000000e+03 3.687366265645084695e+01
3.030000000000000000e+03 3.686975861303998414e+01
3.050000000000000000e+03 3.686143020758201061e+01
3.070000000000000000e+03 3.685386260897311672e+01
3.090000000000000000e+03 3.684677553640757708e+01
3.110000000000000000e+03 3.683849271905384626e+01
3.130000000000000000e+03 3.683119471171467296e+01
3.150000000000000000e+03 3.682644882651145224e+01
3.170000000000000000e+03 3.681731783654468870e+01
3.190000000000000000e+03 3.680476375916843779e+01
3.210000000000000000e+03 3.680413683379251211e+01
3.230000000000000000e+03 3.679654839395919907e+01
3.250000000000000000e+03 3.679058975490310246e+01
3.270000000000000000e+03 3.678453871562885524e+01
3.290000000000000000e+03 3.677817344927768062e+01
3.310000000000000000e+03 3.677300809231800827e+01
3.330000000000000000e+03 3.676495983109974475e+01
3.350000000000000000e+03 3.675684629425812489e+01
3.370000000000000000e+03 3.675036166944351379e+01
3.390000000000000000e+03 3.674355248882812219e+01
3.410000000000000000e+03 3.673909189185177127e+01
3.430000000000000000e+03 3.672811758696472850e+01
3.450000000000000000e+03 3.672238776275321470e+01
3.470000000000000000e+03 3.671771160270402135e+01
3.490000000000000000e+03 3.671169759139388589e+01
3.510000000000000000e+03 3.670791790521350606e+01
3.530000000000000000e+03 3.670224396730712613e+01
3.550000000000000000e+03 3.669683066646103242e+01
3.570000000000000000e+03 3.668941345350742722e+01
3.590000000000000000e+03 3.668018193513262304e+01
3.610000000000000000e+03 3.667499729509072637e+01
3.630000000000000000e+03 3.667025555405686532e+01
3.640000000000000000e+03 3.667006366275837337e+01
3.650000000000000000e+03 3.666792529451044658e+01
3.670000000000000000e+03 3.665520419861162082e+01
3.690000000000000000e+03 3.664679157919636054e+01
3.710000000000000000e+03 3.668626048170240495e+01
3.730000000000000000e+03 3.668803940360977123e+01
3.750000000000000000e+03 3.674619279202397593e+01
3.770000000000000000e+03 3.674775552943263790e+01
3.790000000000000000e+03 3.677791150621717264e+01
3.810000000000000000e+03 3.680427957473840195e+01
3.830000000000000000e+03 3.673931339021484632e+01
3.850000000000000000e+03 3.680932763733022028e+01
3.870000000000000000e+03 3.681418886674528324e+01
3.890000000000000000e+03 3.671386074924687648e+01
3.910000000000000000e+03 3.680943013475332037e+01
3.930000000000000000e+03 3.679399254697594301e+01
3.950000000000000000e+03 3.679671395163902048e+01
3.970000000000000000e+03 3.668119855211843117e+01
3.990000000000000000e+03 3.678456924003251061e+01
4.010000000000000000e+03 3.678637558712620148e+01
4.030000000000000000e+03 3.677086814605956278e+01
4.050000000000000000e+03 3.677534597895423474e+01
4.070000000000000000e+03 3.676137111212743491e+01
4.090000000000000000e+03 3.673690488951034183e+01
4.110000000000000000e+03 3.667042659490465439e+01
4.130000000000000000e+03 3.673835381112535003e+01
4.150000000000000000e+03 3.673900668030119476e+01
4.170000000000000000e+03 3.673427822504005746e+01
4.190000000000000000e+03 3.673142431182955647e+01
4.210000000000000000e+03 3.672638644327074076e+01
4.230000000000000000e+03 3.671696431746611466e+01
4.250000000000000000e+03 3.671260088129124455e+01
4.270000000000000000e+03 3.670008348626718941e+01
4.290000000000000000e+03 3.669913941642584376e+01
4.310000000000000000e+03 3.668723243497812092e+01
4.330000000000000000e+03 3.665476058054962039e+01
4.350000000000000000e+03 3.661264633921032896e+01
4.370000000000000000e+03 3.667933042764023810e+01
4.390000000000000000e+03 3.666734147601164295e+01
4.410000000000000000e+03 3.666693546667596593e+01
4.430000000000000000e+03 3.666407676891377321e+01
4.450000000000000000e+03 3.666178485635813900e+01
4.470000000000000000e+03 3.664862634149676524e+01
4.490000000000000000e+03 3.665134150246448996e+01
4.510000000000000000e+03 3.665650378159767797e+01
4.530000000000000000e+03 3.664121321593437841e+01
4.550000000000000000e+03 3.663637604960383243e+01
4.570000000000000000e+03 3.663963277750599445e+01
4.590000000000000000e+03 3.663008990082985861e+01
4.610000000000000000e+03 3.662757353323763709e+01
4.630000000000000000e+03 3.661784791983399856e+01
4.650000000000000000e+03 3.661489409096297720e+01
4.670000000000000000e+03 3.661415160832803650e+01
4.690000000000000000e+03 3.660977369222541711e+01
4.710000000000000000e+03 3.659562030497203722e+01
4.730000000000000000e+03 3.659648063650477923e+01
4.750000000000000000e+03 3.659385078945419423e+01
4.770000000000000000e+03 3.659106669437266390e+01
4.790000000000000000e+03 3.658497637137882919e+01
4.810000000000000000e+03 3.657873141725262656e+01
4.830000000000000000e+03 3.657550969733900104e+01
4.850000000000000000e+03 3.654290102772995397e+01
4.870000000000000000e+03 3.648796489488376693e+01
4.890000000000000000e+03 3.656013693970246692e+01
4.910000000000000000e+03 3.655791047124318993e+01
4.930000000000000000e+03 3.654478658546030090e+01
4.950000000000000000e+03 3.654939369147251682e+01
4.970000000000000000e+03 3.654263169146018697e+01
4.990000000000000000e+03 3.653118423502207435e+01
5.010000000000000000e+03 3.651335097848136257e+01
5.030000000000000000e+03 3.652033328154588787e+01
5.050000000000000000e+03 3.651075349761551081e+01
5.070000000000000000e+03 3.651460917543890616e+01
5.090000000000000000e+03 3.650336483815453903e+01
5.110000000000000000e+03 3.650055831525211403e+01
5.130000000000000000e+03 3.649032364956944008e+01
5.150000000000000000e+03 3.648306656477435439e+01
5.170000000000000000e+03 3.647433902067309930e+01
5.190000000000000000e+03 3.647537739472325313e+01
5.210000000000000000e+03 3.647204650771517009e+01
5.230000000000000000e+03 3.648098906545848763e+01
5.250000000000000000e+03 3.648227144743533756e+01
5.270000000000000000e+03 3.646479126804030813e+01
5.290000000000000000e+03 3.647860081524735421e+01
5.310000000000000000e+03 3.648151267958967026e+01
5.330000000000000000e+03 3.646262051652495018e+01
5.350000000000000000e+03 3.647070857981256609e+01
5.370000000000000000e+03 3.646730912618360776e+01
5.390000000000000000e+03 3.645757564158252961e+01
5.410000000000000000e+03 3.645387392843231567e+01
5.430000000000000000e+03 3.644970358633300123e+01
5.450000000000000000e+03 3.644992420236714281e+01
5.470000000000000000e+03 3.644244948353252767e+01
5.490000000000000000e+03 3.644022116099186093e+01
5.510000000000000000e+03 3.643443571618180954e+01
5.530000000000000000e+03 3.643863019775292855e+01
5.550000000000000000e+03 3.643760504715771731e+01
5.570000000000000000e+03 3.643309558058366804e+01
5.590000000000000000e+03 3.642650161037641965e+01
5.610000000000000000e+03 3.642847190890282860e+01
5.630000000000000000e+03 3.642180876216346519e+01
5.650000000000000000e+03 3.642005723740348344e+01
5.670000000000000000e+03 3.641348596968057905e+01
5.690000000000000000e+03 3.641776229068254622e+01
5.710000000000000000e+03 3.640670080365205052e+01
5.730000000000000000e+03 3.641880852530202617e+01
5.750000000000000000e+03 3.640684095364275663e+01
5.770000000000000000e+03 3.640776317795531725e+01
5.790000000000000000e+03 3.639449371949490342e+01
5.810000000000000000e+03 3.640232683859245810e+01
5.830000000000000000e+03 3.640706089406296542e+01
5.850000000000000000e+03 3.639667387061802373e+01
5.870000000000000000e+03 3.638877958476626873e+01
5.890000000000000000e+03 3.637075676670036728e+01
5.910000000000000000e+03 3.638544920885419742e+01
5.930000000000000000e+03 3.638458991229552453e+01
5.950000000000000000e+03 3.637962793115767823e+01
5.970000000000000000e+03 3.638431097869142405e+01
5.990000000000000000e+03 3.637381720889156611e+01
6.010000000000000000e+03 3.636985715293494081e+01
6.030000000000000000e+03 3.637569765732011007e+01
6.050000000000000000e+03 3.637637218798308680e+01
6.070000000000000000e+03 3.637420418075279827e+01
6.090000000000000000e+03 3.636128391620940192e+01
6.110000000000000000e+03 3.636056159149200084e+01
6.130000000000000000e+03 3.634512167343529399e+01
6.150000000000000000e+03 3.634839243326983649e+01
6.170000000000000000e+03 3.633680824070938797e+01
6.190000000000000000e+03 3.634618427564603138e+01
6.210000000000000000e+03 3.633886315294354574e+01
6.230000000000000000e+03 3.632866135784396988e+01
6.250000000000000000e+03 3.631743040539831924e+01
6.270000000000000000e+03 3.632616523439936174e+01
6.290000000000000000e+03 3.633202756932318778e+01
6.310000000000000000e+03 3.632262373990479176e+01
6.330000000000000000e+03 3.632599992901457142e+01
6.350000000000000000e+03 3.632049568459710542e+01
6.370000000000000000e+03 3.631705876692419110e+01
6.390000000000000000e+03 3.632180487076331588e+01
6.410000000000000000e+03 3.631629832087101306e+01
6.430000000000000000e+03 3.631564860021042307e+01
6.450000000000000000e+03 3.631306580234990378e+01
6.470000000000000000e+03 3.631181739787770368e+01
6.490000000000000000e+03 3.630052902709073237e+01
6.510000000000000000e+03 3.630868031447965905e+01
6.530000000000000000e+03 3.630445832447017551e+01
6.550000000000000000e+03 3.628956602348840477e+01
6.570000000000000000e+03 3.625357565686807249e+01
6.590000000000000000e+03 3.629758432081749220e+01
6.610000000000000000e+03 3.629957151085061184e+01
6.630000000000000000e+03 3.629662684910991999e+01
6.650000000000000000e+03 3.629622779553622536e+01
6.670000000000000000e+03 3.628443735223491728e+01
6.690000000000000000e+03 3.628452209141848783e+01
6.710000000000000000e+03 3.626915246244560365e+01
6.730000000000000000e+03 3.627649079988915304e+01
6.750000000000000000e+03 3.626841678915526757e+01
6.770000000000000000e+03 3.626800373119337451e+01
6.790000000000000000e+03 3.626073151166882980e+01
6.810000000000000000e+03 3.626390117000943292e+01
6.830000000000000000e+03 3.626657006714980014e+01
6.850000000000000000e+03 3.625857561204047386e+01
6.870000000000000000e+03 3.626251009970974337e+01
6.890000000000000000e+03 3.626843062857234656e+01
6.910000000000000000e+03 3.626648407393556539e+01
6.930000000000000000e+03 3.626046078231301806e+01
6.950000000000000000e+03 3.625785105563346633e+01
6.970000000000000000e+03 3.626335650174829794e+01
6.990000000000000000e+03 3.625713177035216006e+01
7.010000000000000000e+03 3.625273716389628476e+01
7.030000000000000000e+03 3.625820250294258074e+01
7.050000000000000000e+03 3.626244214695688584e+01
7.070000000000000000e+03 3.624787696595036834e+01
7.090000000000000000e+03 3.623075964989990894e+01
7.110000000000000000e+03 3.620878741210289320e+01
7.130000000000000000e+03 3.619829125845163276e+01
7.150000000000000000e+03 3.619937006455677420e+01
7.170000000000000000e+03 3.620592644504630186e+01
7.190000000000000000e+03 3.620013672221882928e+01
7.210000000000000000e+03 3.620636653939828875e+01
7.230000000000000000e+03 3.621559847643460728e+01
7.250000000000000000e+03 3.621980719938657245e+01
7.270000000000000000e+03 3.622137388545343128e+01
7.290000000000000000e+03 3.621746833711446101e+01
7.310000000000000000e+03 3.622424270448419747e+01
7.330000000000000000e+03 3.622549511009775358e+01
7.350000000000000000e+03 3.622520663175892253e+01
7.370000000000000000e+03 3.623500686616195310e+01
7.390000000000000000e+03 3.622874420339265100e+01
7.410000000000000000e+03 3.622749748639976275e+01
7.430000000000000000e+03 3.622999463118098618e+01
7.450000000000000000e+03 3.623113304222795961e+01
7.470000000000000000e+03 3.623007281016721493e+01
7.490000000000000000e+03 3.622828662049889203e+01
7.510000000000000000e+03 3.623344568028657875e+01
7.530000000000000000e+03 3.623699844617789978e+01
7.550000000000000000e+03 3.623739865212110800e+01
7.570000000000000000e+03 3.623447592172449561e+01
7.590000000000000000e+03 3.622964716959832288e+01
7.610000000000000000e+03 3.622792681215649679e+01
7.630000000000000000e+03 3.622356579493450113e+01
7.650000000000000000e+03 3.621862301387325545e+01
7.670000000000000000e+03 3.620374514435583535e+01
7.690000000000000000e+03 3.620965463556161978e+01
7.710000000000000000e+03 3.620210820251684680e+01
7.730000000000000000e+03 3.619943149161713336e+01
7.750000000000000000e+03 3.619766367589099332e+01
7.770000000000000000e+03 3.620018304827229372e+01
7.790000000000000000e+03 3.620522976398719095e+01
7.810000000000000000e+03 3.620408470519012667e+01
7.830000000000000000e+03 3.619852061845138280e+01
7.850000000000000000e+03 3.618991216392942079e+01
7.870000000000000000e+03 3.619806957562106220e+01
7.890000000000000000e+03 3.618339586710735034e+01
7.910000000000000000e+03 3.617587718843637390e+01
7.930000000000000000e+03 3.618083379356475149e+01
7.950000000000000000e+03 3.617196245395902565e+01
7.970000000000000000e+03 3.618734576734146913e+01
7.990000000000000000e+03 3.618690641927115337e+01
8.010000000000000000e+03 3.619006397239464690e+01
8.030000000000000000e+03 3.618836867228380072e+01
8.050000000000000000e+03 3.618711296228552499e+01
8.070000000000000000e+03 3.618272808593958700e+01
8.090000000000000000e+03 3.617503307777903387e+01
8.110000000000000000e+03 3.617382127035719463e+01
8.130000000000000000e+03 3.618188687237491763e+01
8.150000000000000000e+03 3.618153900137247803e+01
8.170000000000000000e+03 3.618396622300129906e+01
8.190000000000000000e+03 3.617714491205625649e+01
8.210000000000000000e+03 3.617325582622032698e+01
8.230000000000000000e+03 3.618164141467494233e+01
8.250000000000000000e+03 3.617956048142513481e+01
8.270000000000000000e+03 3.618555183441792167e+01
8.290000000000000000e+03 3.618028518703081886e+01
8.310000000000000000e+03 3.616186700998021308e+01
8.330000000000000000e+03 3.616275385546980203e+01
8.350000000000000000e+03 3.616036567560275472e+01
8.370000000000000000e+03 3.616218547254990767e+01
8.390000000000000000e+03 3.614996589467967425e+01
8.410000000000000000e+03 3.616376570801713086e+01
8.430000000000000000e+03 3.614571733106459561e+01
8.450000000000000000e+03 3.613819315892556006e+01
8.470000000000000000e+03 3.613861166032437211e+01
8.490000000000000000e+03 3.615103543095305838e+01
8.510000000000000000e+03 3.612471537325302506e+01
8.530000000000000000e+03 3.615463535819621654e+01
8.550000000000000000e+03 3.611918150883079193e+01
8.570000000000000000e+03 3.616246444260563919e+01
8.590000000000000000e+03 3.614866372377666437e+01
8.610000000000000000e+03 3.614908092087345892e+01
8.630000000000000000e+03 3.616646412492102058e+01
8.650000000000000000e+03 3.616687425886578211e+01
8.670000000000000000e+03 3.612095813014701662e+01
8.690000000000000000e+03 3.615170929758889429e+01
8.710000000000000000e+03 3.616597196891943611e+01
8.730000000000000000e+03 3.616460385355220808e+01
8.750000000000000000e+03 3.614307564275308948e+01
8.770000000000000000e+03 3.616219386947658165e+01
8.790000000000000000e+03 3.616631994648174953e+01
8.810000000000000000e+03 3.615510506132434898e+01
8.830000000000000000e+03 3.616005834128351637e+01
8.850000000000000000e+03 3.616007855657004910e+01
8.870000000000000000e+03 3.613813924816386702e+01
8.890000000000000000e+03 3.616298571617143409e+01
8.910000000000000000e+03 3.616875486846752352e+01
8.930000000000000000e+03 3.615597315117297228e+01
8.950000000000000000e+03 3.615541442263132410e+01
8.970000000000000000e+03 3.615616957060468906e+01
8.990000000000000000e+03 3.615414117493159551e+01
9.010000000000000000e+03 3.612557655779964705e+01
9.030000000000000000e+03 3.614286756321984484e+01
9.050000000000000000e+03 3.616078478014614461e+01
9.070000000000000000e+03 3.615836480514786899e+01
9.090000000000000000e+03 3.614267132527422177e+01
9.110000000000000000e+03 3.614566290915264091e+01
9.130000000000000000e+03 3.615428232065703185e+01
9.150000000000000000e+03 3.614914145606421414e+01
9.170000000000000000e+03 3.614747270037290150e+01
9.190000000000000000e+03 3.615294495253560569e+01
9.210000000000000000e+03 3.613531239742211199e+01
9.230000000000000000e+03 3.611955606988860268e+01
9.250000000000000000e+03 3.612946250870368203e+01
9.270000000000000000e+03 3.613161814257428261e+01
9.290000000000000000e+03 3.612970685960232942e+01
9.310000000000000000e+03 3.613543568437285103e+01
9.330000000000000000e+03 3.613251704166330569e+01
9.350000000000000000e+03 3.613036891697870345e+01
9.370000000000000000e+03 3.612058130074313311e+01
9.390000000000000000e+03 3.612797963229538567e+01
9.410000000000000000e+03 3.611658898011556573e+01
9.430000000000000000e+03 3.612774096743223140e+01
9.450000000000000000e+03 3.611643059401278322e+01
9.470000000000000000e+03 3.612501307602553879e+01
9.490000000000000000e+03 3.612551495966236814e+01
9.510000000000000000e+03 3.611958202930772188e+01
9.530000000000000000e+03 3.611656670550595294e+01
9.550000000000000000e+03 3.609045546515407921e+01
9.570000000000000000e+03 3.610696644332029592e+01
9.590000000000000000e+03 3.611938924439472487e+01
9.610000000000000000e+03 3.611147263611451308e+01
9.630000000000000000e+03 3.611222264878144017e+01
9.650000000000000000e+03 3.610142485350839081e+01
9.670000000000000000e+03 3.609966486250908702e+01
9.690000000000000000e+03 3.610820048589967968e+01
9.710000000000000000e+03 3.610255389912092028e+01
9.730000000000000000e+03 3.609889692515908166e+01
9.750000000000000000e+03 3.609597457350532324e+01
9.770000000000000000e+03 3.609709566588305307e+01
9.790000000000000000e+03 3.608824718890691230e+01
9.810000000000000000e+03 3.610213766001375291e+01
9.830000000000000000e+03 3.609500438566084313e+01
9.850000000000000000e+03 3.610063190138529876e+01
9.870000000000000000e+03 3.609642869461256964e+01
9.890000000000000000e+03 3.609498298645425507e+01
9.910000000000000000e+03 3.609228114926726505e+01
9.930000000000000000e+03 3.609192346844456267e+01
9.950000000000000000e+03 3.609026243107772558e+01
9.970000000000000000e+03 3.609080323812837321e+01
9.990000000000000000e+03 3.608826657216891221e+01
1.002500000000000000e+04 3.607830896327043746e+01
1.007500000000000000e+04 3.606777962958275907e+01
1.012500000000000000e+04 3.607513402565638927e+01
1.017500000000000000e+04 3.606833538126726069e+01
1.022500000000000000e+04 3.606716289063920300e+01
1.027500000000000000e+04 3.606588407982965094e+01
1.032500000000000000e+04 3.605563745830410483e+01
1.037500000000000000e+04 3.605024213100676889e+01
1.042500000000000000e+04 3.605059496485596071e+01
1.047500000000000000e+04 3.604569076795131366e+01
1.052500000000000000e+04 3.604435407200910646e+01
1.057500000000000000e+04 3.603626055915144377e+01
1.062500000000000000e+04 3.603438059525580428e+01
1.067500000000000000e+04 3.602334522547324980e+01
1.072500000000000000e+04 3.602216102311307111e+01
1.077500000000000000e+04 3.601668401092456406e+01
1.082500000000000000e+04 3.600854829002991409e+01
1.087500000000000000e+04 3.600768935877061949e+01
1.092500000000000000e+04 3.600221495426548302e+01
1.097500000000000000e+04 3.600023078629200057e+01
1.102500000000000000e+04 3.600142325503400542e+01
1.107500000000000000e+04 3.599840142960264444e+01
1.112500000000000000e+04 3.599430663366655381e+01
1.117500000000000000e+04 3.598774511117072450e+01
1.122500000000000000e+04 3.598603229946033366e+01
1.127500000000000000e+04 3.597752555868254376e+01
1.132500000000000000e+04 3.597438833641258782e+01
1.137500000000000000e+04 3.596922605989868060e+01
1.142500000000000000e+04 3.596383484270638320e+01
1.147500000000000000e+04 3.596713298314103469e+01
1.152500000000000000e+04 3.596443112883380877e+01
1.157500000000000000e+04 3.595628162086536861e+01
1.162500000000000000e+04 3.594918085093814852e+01
1.167500000000000000e+04 3.594799188547311530e+01
1.172500000000000000e+04 3.594973728140733726e+01
1.177500000000000000e+04 3.594036902527783184e+01
1.182500000000000000e+04 3.593646918378018995e+01
1.187500000000000000e+04 3.592804744206435430e+01
1.192500000000000000e+04 3.593391024697034197e+01
1.197500000000000000e+04 3.591671731218725938e+01
1.202500000000000000e+04 3.592481224063295997e+01
1.207500000000000000e+04 3.591855894051390408e+01
1.212500000000000000e+04 3.591739981483005550e+01
1.217500000000000000e+04 3.591677885639055035e+01
1.222500000000000000e+04 3.591230900528811532e+01
1.227500000000000000e+04 3.590823009538664223e+01
1.232500000000000000e+04 3.590305504225382549e+01
1.237500000000000000e+04 3.590180816936292985e+01
1.242500000000000000e+04 3.589699447186455927e+01
1.247500000000000000e+04 3.589514575266076690e+01
1.252500000000000000e+04 3.588837204939837022e+01
1.257500000000000000e+04 3.588692453792697279e+01
1.262500000000000000e+04 3.588377030042701676e+01
1.267500000000000000e+04 3.587782008714074777e+01
1.272500000000000000e+04 3.587708815970409404e+01
1.277500000000000000e+04 3.587694157719715804e+01
1.282500000000000000e+04 3.585478694830413815e+01
1.287500000000000000e+04 3.586549467573124872e+01
1.292500000000000000e+04 3.585675235178641884e+01
1.297500000000000000e+04 3.586319269658730491e+01
1.302500000000000000e+04 3.585521565542981648e+01
1.307500000000000000e+04 3.585822880697143233e+01
1.312500000000000000e+04 3.584786872795945101e+01
1.317500000000000000e+04 3.584725462851410072e+01
1.322500000000000000e+04 3.584705671100567770e+01
1.327500000000000000e+04 3.583789502467731580e+01
1.332500000000000000e+04 3.584253606798083069e+01
1.337500000000000000e+04 3.583600474504024902e+01
1.342500000000000000e+04 3.583925254830587193e+01
1.347500000000000000e+04 3.583553115334460415e+01
1.352500000000000000e+04 3.583383040136797604e+01
1.357500000000000000e+04 3.582558503584733245e+01
1.362500000000000000e+04 3.582229314952366650e+01
1.367500000000000000e+04 3.582438432015676000e+01
1.372500000000000000e+04 3.582565009520616428e+01
1.377500000000000000e+04 3.582147971695034272e+01
1.382500000000000000e+04 3.582204770962897555e+01
1.387500000000000000e+04 3.581523839484911775e+01
1.392500000000000000e+04 3.581829542394705612e+01
1.397500000000000000e+04 3.581803885244861618e+01
1.402500000000000000e+04 3.580907945589535757e+01
1.407500000000000000e+04 3.581375593046664108e+01
1.412500000000000000e+04 3.580677450407878837e+01
1.417500000000000000e+04 3.581097380419389253e+01
1.422500000000000000e+04 3.580341602236919130e+01
1.427500000000000000e+04 3.579357285752065110e+01
1.432500000000000000e+04 3.580326575491950791e+01
1.437500000000000000e+04 3.580312988701228250e+01
1.442500000000000000e+04 3.578980732381536001e+01
1.447500000000000000e+04 3.579857220332709034e+01
1.452500000000000000e+04 3.579279526692867819e+01
1.457000000000000000e+04 3.579478947361022279e+01
1.462000000000000000e+04 3.579451557506652648e+01
1.467500000000000000e+04 3.579361525458246973e+01
1.472500000000000000e+04 3.578425270338337327e+01
1.477500000000000000e+04 3.578802858439092915e+01
1.482500000000000000e+04 3.578669916300978571e+01
1.487500000000000000e+04 3.578202615386249619e+01
1.492500000000000000e+04 3.579148217763855655e+01
1.497500000000000000e+04 3.578341309331786846e+01
1.502500000000000000e+04 3.578112915554844164e+01
1.507500000000000000e+04 3.577534267997155837e+01
1.512500000000000000e+04 3.578191617242603684e+01
1.517500000000000000e+04 3.578190006236073373e+01
1.522500000000000000e+04 3.578209870738488974e+01
1.527500000000000000e+04 3.578437117721229299e+01
1.532500000000000000e+04 3.578019999104354554e+01
1.537500000000000000e+04 3.578537875953879421e+01
1.542500000000000000e+04 3.578288178363660421e+01
1.547500000000000000e+04 3.578307069708588983e+01
1.552500000000000000e+04 3.577510439142110954e+01
1.557500000000000000e+04 3.574997180968418320e+01
1.562500000000000000e+04 3.576393382924924680e+01
1.567500000000000000e+04 3.576085393371215559e+01
1.572500000000000000e+04 3.577300763246422122e+01
1.577500000000000000e+04 3.573074091531567120e+01
1.582500000000000000e+04 3.574236505711465384e+01
1.587500000000000000e+04 3.573846815235660301e+01
1.592500000000000000e+04 3.575239265771533326e+01
1.597500000000000000e+04 3.573576618697643426e+01
1.605000000000000000e+04 3.576989963806204997e+01
1.615000000000000000e+04 3.576687757418144997e+01
1.625000000000000000e+04 3.576632833098213382e+01
1.635000000000000000e+04 3.576446145635547680e+01
1.645000000000000000e+04 3.575398053592583381e+01
1.655000000000000000e+04 3.575138692458806844e+01
1.665000000000000000e+04 3.574472841188737959e+01
1.675000000000000000e+04 3.573403039461825159e+01
1.685000000000000000e+04 3.572306036866031320e+01
1.695000000000000000e+04 3.572457055021907024e+01
1.705000000000000000e+04 3.570830846713077733e+01
1.715000000000000000e+04 3.570741613054968155e+01
1.725000000000000000e+04 3.569064767489024348e+01
1.735000000000000000e+04 3.568254103284836987e+01
1.745000000000000000e+04 3.567753420776001150e+01
1.755000000000000000e+04 3.566899977713555359e+01
1.765000000000000000e+04 3.566342642522727147e+01
1.775000000000000000e+04 3.565270021177510529e+01
1.785000000000000000e+04 3.565048736784405037e+01
1.795000000000000000e+04 3.563946736657277370e+01
1.805000000000000000e+04 3.562881243504983786e+01
1.815000000000000000e+04 3.562295023986162334e+01
1.825000000000000000e+04 3.561403587504317159e+01
1.835000000000000000e+04 3.560537756007068566e+01
1.845000000000000000e+04 3.559555719132588081e+01
1.855000000000000000e+04 3.559259633015588520e+01
1.865000000000000000e+04 3.557819402010517251e+01
1.875000000000000000e+04 3.557141524299692037e+01
1.885000000000000000e+04 3.556826931527824343e+01
1.895000000000000000e+04 3.554609823974664096e+01
1.905000000000000000e+04 3.555757334035665451e+01
1.915000000000000000e+04 3.554774758955441882e+01
1.925000000000000000e+04 3.554252589609671986e+01
1.935000000000000000e+04 3.552829605891562181e+01
1.945000000000000000e+04 3.551798432186684806e+01
1.955000000000000000e+04 3.551996535671266741e+01
1.965000000000000000e+04 3.551146867711916144e+01
1.975000000000000000e+04 3.550089877661593363e+01
1.985000000000000000e+04 3.549711070520515932e+01
1.995000000000000000e+04 3.549104589880529659e+01
2.005000000000000000e+04 3.548999807465331457e+01
2.015000000000000000e+04 3.548318403101892926e+01
2.025000000000000000e+04 3.546804904770053923e+01
2.035000000000000000e+04 3.546318277265406493e+01
2.045000000000000000e+04 3.546454164129902153e+01
2.055000000000000000e+04 3.545534131246444076e+01
2.065000000000000000e+04 3.544688493669216456e+01
2.075000000000000000e+04 3.544169848320687066e+01
2.085000000000000000e+04 3.543291449276419058e+01
2.095000000000000000e+04 3.542376119575440896e+01
2.105000000000000000e+04 3.542359909730606660e+01
2.115000000000000000e+04 3.541395385910670512e+01
2.125000000000000000e+04 3.540639810052225300e+01
2.135000000000000000e+04 3.540575806818988269e+01
2.145000000000000000e+04 3.539808729047939551e+01
2.155000000000000000e+04 3.538997796615907276e+01
2.165000000000000000e+04 3.538232205786137285e+01
2.175000000000000000e+04 3.537359944234640352e+01
2.185000000000000000e+04 3.536933526007248929e+01
2.195000000000000000e+04 3.536440188859081246e+01
2.205000000000000000e+04 3.535052159797808002e+01
2.215000000000000000e+04 3.535403885140940616e+01
2.225000000000000000e+04 3.533848184084297372e+01
2.235000000000000000e+04 3.533467236595247840e+01
2.245000000000000000e+04 3.532923049735547494e+01
2.255000000000000000e+04 3.532586316481278743e+01
2.265000000000000000e+04 3.531343228929839029e+01
2.275000000000000000e+04 3.531537275056388125e+01
2.285000000000000000e+04 3.530384222699701979e+01
2.295000000000000000e+04 3.521931634398796263e+01
2.305000000000000000e+04 3.525745786556507255e+01
2.315000000000000000e+04 3.525066257822962257e+01
2.325000000000000000e+04 3.517435114870038149e+01
2.335000000000000000e+04 3.521615396214392035e+01
2.345000000000000000e+04 3.519491065457021506e+01
2.355000000000000000e+04 3.512339656890355855e+01
2.365000000000000000e+04 3.517706391435343249e+01
2.375000000000000000e+04 3.515448154396882074e+01
2.385000000000000000e+04 3.509926968086840304e+01
2.395000000000000000e+04 3.514385476770016226e+01
2.405000000000000000e+04 3.513426347363389368e+01
2.415000000000000000e+04 3.508343212177736348e+01
2.425000000000000000e+04 3.512034369121504795e+01
2.435000000000000000e+04 3.511276674693633737e+01
2.445000000000000000e+04 3.508248152926027075e+01
2.455000000000000000e+04 3.508563744571672771e+01
2.465000000000000000e+04 3.510244094194669628e+01
2.475000000000000000e+04 3.508498923910886447e+01
2.485000000000000000e+04 3.505913158612003144e+01
2.495000000000000000e+04 3.507613724374910191e+01
2.505000000000000000e+04 3.509388016024572465e+01
2.515000000000000000e+04 3.504550652382565090e+01
2.525000000000000000e+04 3.507080235982910210e+01
2.535000000000000000e+04 3.506944243138099182e+01
2.545000000000000000e+04 3.506001317403094930e+01
2.555000000000000000e+04 3.504992554989487985e+01
2.565000000000000000e+04 3.505216857627500104e+01
2.575000000000000000e+04 3.505681086309115813e+01
2.585000000000000000e+04 3.502799689656018245e+01
2.595000000000000000e+04 3.503416195579880110e+01
2.605000000000000000e+04 3.504406286883610022e+01
2.615000000000000000e+04 3.503024610540906991e+01
2.625000000000000000e+04 3.502298177588541250e+01
2.635000000000000000e+04 3.502859982976028164e+01
2.645000000000000000e+04 3.502583321640312164e+01
2.655000000000000000e+04 3.501603887559532780e+01
2.665000000000000000e+04 3.500647253720637764e+01
2.675000000000000000e+04 3.502154765592770502e+01
2.685000000000000000e+04 3.501533603019366581e+01
2.695000000000000000e+04 3.499622997070680697e+01
2.705000000000000000e+04 3.500570198450147075e+01
2.715000000000000000e+04 3.500039671694511867e+01
2.725000000000000000e+04 3.500218166671253783e+01
2.735000000000000000e+04 3.498270541450918358e+01
2.745000000000000000e+04 3.498957615900209817e+01
2.755000000000000000e+04 3.499043218978838610e+01
2.765000000000000000e+04 3.498128506941343829e+01
2.775000000000000000e+04 3.496831815896398865e+01
2.785000000000000000e+04 3.497361254672328812e+01
2.795000000000000000e+04 3.497425571484598095e+01
2.805000000000000000e+04 3.496881176296548688e+01
2.815000000000000000e+04 3.495701479847976145e+01
2.825000000000000000e+04 3.495738306247013583e+01
2.835000000000000000e+04 3.495741880105076405e+01
2.845000000000000000e+04 3.495125935009033924e+01
2.855000000000000000e+04 3.494478372375331787e+01
2.865000000000000000e+04 3.494132568959746976e+01
2.875000000000000000e+04 3.493748466999984714e+01
2.885000000000000000e+04 3.493311845399153270e+01
2.895000000000000000e+04 3.492840344185264456e+01
2.905000000000000000e+04 3.492293616542933421e+01
2.915000000000000000e+04 3.492031821535697134e+01
2.925000000000000000e+04 3.490954620034472811e+01
2.935000000000000000e+04 3.491207883846048077e+01
2.945000000000000000e+04 3.490409875463836897e+01
2.955000000000000000e+04 3.489958214530599889e+01
2.965000000000000000e+04 3.489773606496574843e+01
2.975000000000000000e+04 3.489323940194231710e+01
2.985000000000000000e+04 3.488634987700196888e+01
2.995000000000000000e+04 3.488174304653566082e+01
3.005000000000000000e+04 3.487654181624233729e+01
3.015000000000000000e+04 3.487388330573326556e+01
3.025000000000000000e+04 3.486673194286458966e+01
3.035000000000000000e+04 3.485997836205876155e+01
3.045000000000000000e+04 3.485826123781696140e+01
3.055000000000000000e+04 3.485199787533004212e+01
3.065000000000000000e+04 3.484719196481393055e+01
3.075000000000000000e+04 3.484353222724516286e+01
3.085000000000000000e+04 3.483548811201582396e+01
3.095000000000000000e+04 3.483139105763381593e+01
3.105000000000000000e+04 3.482904801047808263e+01
3.115000000000000000e+04 3.482013273982970247e+01
3.125000000000000000e+04 3.481757038811478111e+01
3.135000000000000000e+04 3.481300042936058503e+01
3.145000000000000000e+04 3.480746900977941038e+01
3.155000000000000000e+04 3.480206383181921126e+01
3.165000000000000000e+04 3.479526737376073697e+01
3.175000000000000000e+04 3.479300742052006967e+01
3.185000000000000000e+04 3.478731547346612984e+01
3.195000000000000000e+04 3.478337785979435637e+01
3.210000000000000000e+04 3.477491910944959841e+01
3.230000000000000000e+04 3.476380086547262493e+01
3.250000000000000000e+04 3.475403327373703632e+01
3.270000000000000000e+04 3.474332667992846524e+01
3.290000000000000000e+04 3.473298072013254512e+01
3.310000000000000000e+04 3.472320091351464555e+01
3.330000000000000000e+04 3.471273429385885834e+01
3.350000000000000000e+04 3.470485395728469769e+01
3.370000000000000000e+04 3.469424343421296442e+01
3.390000000000000000e+04 3.468393395675393975e+01
3.410000000000000000e+04 3.467308905020832555e+01
3.430000000000000000e+04 3.466564352112948200e+01
3.450000000000000000e+04 3.465668102373415138e+01
3.470000000000000000e+04 3.464698085148111062e+01
3.490000000000000000e+04 3.463792056825901966e+01
3.510000000000000000e+04 3.462930058466768912e+01
3.530000000000000000e+04 3.461822785189153251e+01
3.550000000000000000e+04 3.461051574549290422e+01
3.570000000000000000e+04 3.460087161285117929e+01
3.590000000000000000e+04 3.459133988170817275e+01
3.610000000000000000e+04 3.458364896852016557e+01
3.630000000000000000e+04 3.457488420179399924e+01
3.650000000000000000e+04 3.456359963126258350e+01
3.670000000000000000e+04 3.455495303903317961e+01
3.690000000000000000e+04 3.454272855504173378e+01
3.710000000000000000e+04 3.453276371337528872e+01
3.730000000000000000e+04 3.452710992206223040e+01
3.750000000000000000e+04 3.451417473935414648e+01
3.770000000000000000e+04 3.450995839265056020e+01
3.790000000000000000e+04 3.450122492198438806e+01
3.810000000000000000e+04 3.449371972091627470e+01
3.830000000000000000e+04 3.448650639234486448e+01
3.850000000000000000e+04 3.447871077900786219e+01
3.870000000000000000e+04 3.446726249736455117e+01
3.890000000000000000e+04 3.446011671498653328e+01
3.910000000000000000e+04 3.445267273110970052e+01
3.930000000000000000e+04 3.444477067135803594e+01
3.950000000000000000e+04 3.443344718594492804e+01
3.970000000000000000e+04 3.442621246297624538e+01
3.990000000000000000e+04 3.441419640763461985e+01
4.010000000000000000e+04 3.440851090147344848e+01
4.030000000000000000e+04 3.440260484185377265e+01
4.050000000000000000e+04 3.439343412228179631e+01
4.070000000000000000e+04 3.438636201676272464e+01
4.090000000000000000e+04 3.437862668334046390e+01
4.110000000000000000e+04 3.437076591214911758e+01
4.130000000000000000e+04 3.436389605601843300e+01
4.150000000000000000e+04 3.435495969954668283e+01
4.170000000000000000e+04 3.434621723650399616e+01
4.190000000000000000e+04 3.433812913428005942e+01
4.210000000000000000e+04 3.432943279119265867e+01
4.230000000000000000e+04 3.432492590739866500e+01
4.250000000000000000e+04 3.431486565045912585e+01
4.270000000000000000e+04 3.430878118093744433e+01
4.290000000000000000e+04 3.426941264472444004e+01
4.310000000000000000e+04 3.422606367133360550e+01
4.330000000000000000e+04 3.423496273767882059e+01
4.350000000000000000e+04 3.419869304136724963e+01
4.370000000000000000e+04 3.418020822440920625e+01
4.390000000000000000e+04 3.416369028198990776e+01
4.410000000000000000e+04 3.412960096362635198e+01
4.430000000000000000e+04 3.412666154568481147e+01
4.450000000000000000e+04 3.411430784785430603e+01
4.470000000000000000e+04 3.408729061899197177e+01
4.490000000000000000e+04 3.409689168816185401e+01
4.510000000000000000e+04 3.407895671115508662e+01
4.530000000000000000e+04 3.406161513913922789e+01
4.550000000000000000e+04 3.406708912502544706e+01
4.570000000000000000e+04 3.405968283835015598e+01
4.590000000000000000e+04 3.403721794052901117e+01
4.610000000000000000e+04 3.404924041355535991e+01
4.630000000000000000e+04 3.403531887827818281e+01
4.650000000000000000e+04 3.403172360804917673e+01
4.670000000000000000e+04 3.403405591771515759e+01
4.690000000000000000e+04 3.402253604253911590e+01
4.710000000000000000e+04 3.401204035462609454e+01
4.730000000000000000e+04 3.402126621048233801e+01
4.750000000000000000e+04 3.400829845127708495e+01
4.770000000000000000e+04 3.400290299080146639e+01
4.790000000000000000e+04 3.400004149147110866e+01
4.810000000000000000e+04 3.398484069831900456e+01
4.830000000000000000e+04 3.399555083187885884e+01
4.850000000000000000e+04 3.398510877752245563e+01
4.870000000000000000e+04 3.397392736963357152e+01
4.890000000000000000e+04 3.396930366298110471e+01
4.910000000000000000e+04 3.396393850488524180e+01
4.930000000000000000e+04 3.395787492127840324e+01
4.950000000000000000e+04 3.394727836245726849e+01
4.970000000000000000e+04 3.395201939718646855e+01
4.990000000000000000e+04 3.394332071472145174e+01
5.010000000000000000e+04 3.394007447192282712e+01
5.030000000000000000e+04 3.393466369376857728e+01
5.050000000000000000e+04 3.392206484637618757e+01
5.070000000000000000e+04 3.392271601448182139e+01
5.090000000000000000e+04 3.391590586456730705e+01
5.110000000000000000e+04 3.390820082220010079e+01
5.130000000000000000e+04 3.390630064675282540e+01
5.150000000000000000e+04 3.389714943022849525e+01
5.170000000000000000e+04 3.390103294967918401e+01
5.190000000000000000e+04 3.389220807388579715e+01
5.210000000000000000e+04 3.388852495415068233e+01
5.230000000000000000e+04 3.387989179522438121e+01
5.250000000000000000e+04 3.387892696260239944e+01
5.270000000000000000e+04 3.388332839312108291e+01
5.290000000000000000e+04 3.386796334115342688e+01
5.310000000000000000e+04 3.385985778779940603e+01
5.330000000000000000e+04 3.386123374376775530e+01
5.350000000000000000e+04 3.385548730943085616e+01
5.370000000000000000e+04 3.385158489717423436e+01
5.390000000000000000e+04 3.384806212725843011e+01
5.410000000000000000e+04 3.384410269320860465e+01
5.430000000000000000e+04 3.383419785734078289e+01
5.450000000000000000e+04 3.383724085538370474e+01
5.470000000000000000e+04 3.382539048539034354e+01
5.490000000000000000e+04 3.382590000658842655e+01
5.510000000000000000e+04 3.381600051293666098e+01
5.530000000000000000e+04 3.382806797734964732e+01
5.550000000000000000e+04 3.380889046191797576e+01
5.570000000000000000e+04 3.381284554559499611e+01
5.590000000000000000e+04 3.380386259766422086e+01
5.610000000000000000e+04 3.380607425731584925e+01
5.630000000000000000e+04 3.379307871035643984e+01
5.650000000000000000e+04 3.379548710783747367e+01
5.670000000000000000e+04 3.379008102585327578e+01
5.690000000000000000e+04 3.377866655957735986e+01
5.710000000000000000e+04 3.378225473145756297e+01
5.730000000000000000e+04 3.377771732725111065e+01
5.750000000000000000e+04 3.377211598551751592e+01
5.770000000000000000e+04 3.376695642974517853e+01
5.790000000000000000e+04 3.376671725487031495e+01
5.810000000000000000e+04 3.375938763043085089e+01
5.830000000000000000e+04 3.375558476176436074e+01
5.850000000000000000e+04 3.375074856718403993e+01
5.870000000000000000e+04 3.374216881972628812e+01
5.890000000000000000e+04 3.373938950647647061e+01
5.910000000000000000e+04 3.373439075591739567e+01
5.930000000000000000e+04 3.373220245840553133e+01
5.950000000000000000e+04 3.372449984541675860e+01
5.970000000000000000e+04 3.372374790358652774e+01
5.990000000000000000e+04 3.371922124860874703e+01
6.010000000000000000e+04 3.371442446588060449e+01
6.030000000000000000e+04 3.370929520148312974e+01
6.050000000000000000e+04 3.370156656967086661e+01
6.070000000000000000e+04 3.369779636641712983e+01
6.090000000000000000e+04 3.369215838808769092e+01
6.110000000000000000e+04 3.368671882968673970e+01
6.130000000000000000e+04 3.368426449849303594e+01
6.150000000000000000e+04 3.368078819245327082e+01
6.170000000000000000e+04 3.367874865835956655e+01
6.190000000000000000e+04 3.367232666132557029e+01
6.210000000000000000e+04 3.366975899074785161e+01
6.230000000000000000e+04 3.366248326515148648e+01
6.250000000000000000e+04 3.365527574971728342e+01
6.270000000000000000e+04 3.365082655196036399e+01
6.290000000000000000e+04 3.364697672076700741e+01
6.310000000000000000e+04 3.364205386887522309e+01
6.330000000000000000e+04 3.364026157814838314e+01
6.350000000000000000e+04 3.363384196634090983e+01
6.370000000000000000e+04 3.363231509890788118e+01
6.390000000000000000e+04 3.362511210467712175e+01
6.420000000000000000e+04 3.361873477541080035e+01
6.460000000000000000e+04 3.360794060958567542e+01
6.500000000000000000e+04 3.359909273269311569e+01
6.540000000000000000e+04 3.358928101836838920e+01
6.580000000000000000e+04 3.358109097514103780e+01
6.620000000000000000e+04 3.357085391125594498e+01
6.660000000000000000e+04 3.356165717587063568e+01
6.700000000000000000e+04 3.355273555061489077e+01
6.740000000000000000e+04 3.354251457211425702e+01
6.780000000000000000e+04 3.353330263933892752e+01
6.820000000000000000e+04 3.352368711238748489e+01
6.860000000000000000e+04 3.351530743277771762e+01
6.900000000000000000e+04 3.350519408556922940e+01
6.940000000000000000e+04 3.349613886225048986e+01
6.980000000000000000e+04 3.348684896645590214e+01
7.020000000000000000e+04 3.347722785927484068e+01
7.060000000000000000e+04 3.346848381724999655e+01
7.100000000000000000e+04 3.345905733299039042e+01
7.140000000000000000e+04 3.345022078450429603e+01
7.180000000000000000e+04 3.344072569769262770e+01
7.220000000000000000e+04 3.343183733251689915e+01
7.260000000000000000e+04 3.342250730624668620e+01
7.300000000000000000e+04 3.341355883472914456e+01
7.340000000000000000e+04 3.340419094087540230e+01
7.380000000000000000e+04 3.339544195656390713e+01
7.420000000000000000e+04 3.338547715030821905e+01
7.460000000000000000e+04 3.337635525989630736e+01
7.500000000000000000e+04 3.336748810859633352e+01
7.540000000000000000e+04 3.335870969433381816e+01
7.580000000000000000e+04 3.335070868899606467e+01
7.620000000000000000e+04 3.334201151402260876e+01
7.660000000000000000e+04 3.333316556245348750e+01
7.700000000000000000e+04 3.332418148629324151e+01
7.740000000000000000e+04 3.331563782867081613e+01
7.780000000000000000e+04 3.330708580222049164e+01
7.820000000000000000e+04 3.329822922130684049e+01
7.860000000000000000e+04 3.328982552738705181e+01
7.900000000000000000e+04 3.328121542744292327e+01
7.940000000000000000e+04 3.327267509877648877e+01
7.980000000000000000e+04 3.326447010631964218e+01
8.020000000000000000e+04 3.325545667689887352e+01
8.060000000000000000e+04 3.324713029113287632e+01
8.100000000000000000e+04 3.323896711857639019e+01
8.140000000000000000e+04 3.323038979705552265e+01
8.180000000000000000e+04 3.322259650102155604e+01
8.220000000000000000e+04 3.321425050814267621e+01
8.260000000000000000e+04 3.320604758244058274e+01
8.300000000000000000e+04 3.319791802740669340e+01
8.340000000000000000e+04 3.318939365637207572e+01
8.380000000000000000e+04 3.318122564997878499e+01
8.420000000000000000e+04 3.317349277080688807e+01
8.460000000000000000e+04 3.316533703075111816e+01
8.500000000000000000e+04 3.315732229231994665e+01
8.540000000000000000e+04 3.314953433792913984e+01
8.580000000000000000e+04 3.314168815997062012e+01
8.620000000000000000e+04 3.313393634130133591e+01
8.660000000000000000e+04 3.312629901960011836e+01
8.700000000000000000e+04 3.311830451520160779e+01
8.740000000000000000e+04 3.311064453770372040e+01
8.780000000000000000e+04 3.310292700419988421e+01
8.820000000000000000e+04 3.309486562321367842e+01
8.860000000000000000e+04 3.308725134746803320e+01
8.900000000000000000e+04 3.307973191323272033e+01
8.940000000000000000e+04 3.307205886365252212e+01
8.980000000000000000e+04 3.306438145108988635e+01
9.020000000000000000e+04 3.305732950606937948e+01
9.060000000000000000e+04 3.304991612233821030e+01
9.100000000000000000e+04 3.304151293625838548e+01
9.140000000000000000e+04 3.303486421899202696e+01
9.180000000000000000e+04 3.302737469231458789e+01
9.220000000000000000e+04 3.302061114630477334e+01
9.260000000000000000e+04 3.301294445021738255e+01
9.300000000000000000e+04 3.300575003569624499e+01
9.340000000000000000e+04 3.299845409287819109e+01
9.380000000000000000e+04 3.299126077608487151e+01
9.420000000000000000e+04 3.298409748179884105e+01
9.460000000000000000e+04 3.297680426238007101e+01
9.500000000000000000e+04 3.296974508938947679e+01
9.540000000000000000e+04 3.296259647372539803e+01
9.580000000000000000e+04 3.295553768970173536e+01
9.620000000000000000e+04 3.294846692232471241e+01
9.660000000000000000e+04 3.294156724456115626e+01
9.700000000000000000e+04 3.293463820354146776e+01
9.740000000000000000e+04 3.292704548685189536e+01
9.780000000000000000e+04 3.292064735617925209e+01
9.820000000000000000e+04 3.291373958339698902e+01
9.860000000000000000e+04 3.290690411822924233e+01
9.900000000000000000e+04 3.290017990349958410e+01
9.940000000000000000e+04 3.289321395934165082e+01
9.980000000000000000e+04 3.288650291464669806e+01
1.002000000000000000e+05 3.287971178799431726e+01
2.000000000000000000e+05 3.174370449211114220e+01
4.000000000000000000e+05 3.094594956065967395e+01
6.000000000000000000e+05 3.075062458640825724e+01
8.000000000000000000e+05 3.065293935780518098e+01
1.000000000000000000e+06 3.056420082244619252e+01
1.200000000000000000e+06 3.045794846033984982e+01
1.400000000000000000e+06 3.033300972373154991e+01
1.600000000000000000e+06 3.015691846467587212e+01
