5.233949351151601093e+01
5.234871872577928542e+01
5.232728598991088376e+01
5.204042036993229914e+01
5.162924415807925982e+01
5.089586104162172830e+01
5.024487666783844020e+01
4.978546665680087813e+01
4.940391246012301707e+01
4.908517256771207826e+01
4.882103656968456562e+01
4.855378339391198494e+01
4.832403821422754220e+01
4.817167026272704788e+01
4.799200008867887846e+01
4.783438168161204374e+01
4.765440984085729781e+01
4.753334367661099691e+01
4.743557616255262133e+01
4.730523627469293757e+01
4.719022494971424209e+01
4.710827918426569738e+01
4.704480865542633694e+01
4.691268295737289407e+01
4.686114382369807174e+01
4.681708255478955749e+01
4.671741321465722052e+01
4.662248949980055102e+01
4.654984002969111145e+01
4.651583013237704733e+01
4.639906239427991608e+01
4.629620733579764646e+01
4.623207541429586342e+01
4.617422514917834064e+01
4.611203180036604010e+01
4.607340128180572947e+01
4.597109581946484269e+01
4.584807738203677729e+01
4.583582504209530839e+01
4.580935870472744398e+01
4.563565892288458770e+01
4.560004086098619780e+01
4.571913871621150349e+01
4.540102275773659102e+01
4.540718943070450564e+01
4.541071422054302786e+01
4.535635720194160569e+01
4.535964971774146193e+01
4.506581465424415001e+01
4.506834982586264005e+01
4.507413003002123020e+01
4.507962518157320631e+01
4.508510276018047591e+01
4.509057152370660049e+01
4.509345425637366134e+01
4.509869093997730971e+01
4.510594669818645031e+01
4.479364019934367036e+01
4.479808033968332381e+01
4.480237387106216573e+01
4.480829374211563731e+01
4.481393203797306057e+01
4.486008170951404850e+01
4.485267534713881332e+01
4.486032398047147751e+01
4.487340325054238122e+01
4.438285113779008384e+01
4.437085944097984225e+01
4.437382443151982159e+01
4.388483451956251713e+01
4.388719626427039344e+01
4.388964574657894957e+01
4.389497159542526106e+01
4.389734241337588116e+01
4.390242194695940725e+01
4.390469758724316307e+01
4.390952544326508900e+01
4.391182406929352311e+01
4.391656073287700224e+01
4.392093207969207214e+01
4.392328411133469501e+01
4.392743570671938613e+01
4.343309339029835314e+01
4.343621627371591387e+01
4.346769524501024762e+01
4.347103139383462889e+01
4.347751871857425954e+01
4.348186912390659842e+01
4.349090619506345945e+01
4.402429538956688759e+01
4.291740114352155899e+01
4.291722133536089956e+01
4.292053380210900571e+01
4.292053380210900571e+01
4.292370384080804513e+01
4.292682761929136603e+01
4.292682761929136603e+01
4.292995064629118929e+01
4.292998621110577062e+01
4.293303599038821972e+01
4.293617209523431200e+01
4.293617209523431200e+01
4.293911247673008802e+01
4.293858771801711782e+01
4.294152391513047462e+01
4.294454552283106352e+01
4.294454552283106352e+01
4.294736216127483885e+01
4.295034680483976786e+01
4.295034680483976786e+01
4.295306943036553804e+01
4.295570299940958137e+01
4.295570299940958137e+01
4.295857888722306939e+01
4.227721625522337234e+01
4.227721625522337234e+01
4.227978343275468376e+01
4.228232444368386211e+01
4.228247099323876057e+01
4.228489489783532207e+01
4.228732035141366907e+01
4.228973300040658501e+01
4.229199469797453048e+01
4.229211061842917019e+01
4.229456494376866971e+01
4.229683764314143701e+01
4.229900149468534210e+01
4.230125353104541830e+01
4.230137470720870851e+01
4.230346400064524204e+01
4.230548559570427614e+01
4.230770625721331157e+01
4.230970276382745965e+01
4.231175577585786840e+01
4.193862158424877862e+01
4.194029193990776605e+01
4.194206623846092441e+01
4.194159704419912771e+01
4.194354474592438464e+01
4.194533368321611988e+01
4.194702679161716219e+01
4.194870133511454213e+01
4.195063915169443192e+01
4.160598334193367975e+01
4.160753478718655884e+01
4.158293738620307067e+01
4.158453503179990207e+01
4.158689125500446693e+01
4.158873095148553745e+01
4.159278998657892856e+01
4.159587914450441559e+01
4.160007041512011483e+01
4.160805118687226667e+01
4.200779187421255756e+01
4.168171407968031872e+01
4.099768700421657286e+01
4.090676929851616705e+01
4.090676929851616705e+01
4.090676929851616705e+01
4.090676997844541063e+01
4.071233766480639105e+01
4.071233766480639105e+01
4.071233766480639105e+01
4.071233766480639105e+01
4.071233766480639105e+01
4.071543113792124302e+01
4.071543113792124302e+01
4.071543113792124302e+01
4.071543113792124302e+01
4.071845489376841698e+01
4.071845489376841698e+01
4.071845489376841698e+01
4.071845489376841698e+01
4.072131876446439946e+01
4.072146430987488230e+01
4.072146430987488230e+01
4.072146430987488230e+01
4.072429073229655216e+01
4.072429176686003416e+01
4.072429176686003416e+01
4.072429176686003416e+01
4.072683557301928658e+01
4.072683557301928658e+01
4.072287261250673396e+01
4.072287261250673396e+01
4.072566456535457746e+01
4.072566456535457746e+01
4.072566456535457746e+01
4.072566456535457746e+01
4.072855091336789712e+01
4.072855091391399185e+01
4.072855091391399185e+01
4.072865654179736339e+01
4.073121803497433291e+01
4.073121803498295890e+01
4.073121803498295890e+01
4.073121909764008564e+01
4.073387102647966174e+01
4.073387102647966174e+01
4.073387102647966174e+01
4.073397742557594370e+01
4.073694446335775865e+01
4.073694446335775865e+01
4.073694446335775865e+01
4.073944992256087971e+01
4.073944992256087971e+01
4.073944992256087971e+01
4.073944992256087971e+01
4.074183690022569948e+01
4.074193950747081772e+01
4.074193950747081772e+01
4.074451594201458704e+01
4.074451594201458704e+01
4.074451594201458704e+01
4.074451695546562746e+01
4.074691686552072412e+01
4.074691686552072412e+01
4.074701389353155889e+01
4.024051525805305829e+01
4.024051525805305829e+01
4.024051525805305829e+01
4.024051525967705345e+01
4.024289677169670654e+01
4.024289677169670654e+01
4.024289677169670654e+01
4.024548770847752621e+01
4.024548770847752621e+01
4.024548770847752621e+01
4.024757308259910360e+01
4.024757308259910360e+01
4.024757308259910360e+01
4.024933792157874279e+01
4.024934102200271013e+01
4.024968151562687524e+01
4.024968151562687524e+01
4.025198688623063248e+01
4.025198688623063248e+01
4.025198688623063248e+01
4.025389298071916500e+01
4.025389298071916500e+01
4.025418773947635032e+01
4.025629785388673554e+01
4.025629785388673554e+01
4.025629785388673554e+01
4.025820111064443552e+01
4.025820111064443552e+01
4.025820111064443552e+01
4.026015826208971760e+01
4.026045614583945564e+01
4.026045944257398901e+01
4.026246917585903873e+01
4.026246917737638853e+01
4.026416496352754848e+01
4.026416496352754848e+01
4.026416496352754848e+01
4.026595265876321861e+01
4.026595265876321861e+01
4.026595265876321861e+01
3.986770772155795584e+01
3.986770772155795584e+01
3.986770772155795584e+01
3.986906936469128482e+01
3.986906936469128482e+01
3.987129334655857349e+01
3.987129334655857349e+01
3.987129334655857349e+01
3.987266670450964057e+01
3.987185065446175258e+01
3.987185065452123212e+01
3.987309080209697498e+01
3.987381661186176984e+01
3.987499326924917398e+01
3.987499326924917398e+01
3.987610161864641611e+01
3.987610161864641611e+01
3.987610161864641611e+01
3.987724304522939889e+01
3.987790461576717860e+01
3.987918191851901639e+01
3.987918191851901639e+01
3.987918192237627579e+01
3.988028865633887676e+01
3.988028865633887676e+01
3.988128867419312940e+01
3.988198010703574425e+01
3.953741009844203802e+01
3.953741009844203802e+01
3.953796612140902766e+01
3.953796612140902766e+01
3.953796612140902766e+01
3.953849306647152417e+01
3.954014609861306440e+01
3.954074664853298060e+01
3.954074664853298060e+01
3.954126451464213687e+01
3.954126451464213687e+01
3.954176683559332162e+01
3.931409474311128349e+01
3.931507023120472866e+01
3.931507023120472866e+01
3.931593074140099731e+01
3.931594015249635987e+01
3.931684380633176801e+01
3.931684380633176801e+01
3.909631035314539815e+01
3.909631035314539815e+01
3.904758585102295854e+01
3.904835760400705169e+01
3.904835760400705169e+01
3.904910784852063443e+01
3.904910787332816824e+01
3.905120696810871550e+01
3.905120696810871550e+01
3.905220119631955100e+01
3.905344577128148842e+01
3.905344577128148842e+01
3.905492182167442650e+01
3.905748717538835990e+01
3.905896364059088910e+01
3.906137127484402782e+01
3.906403463434939738e+01
3.906903918872933446e+01
3.928246209356693441e+01
3.988619295026727229e+01
3.933528144242353619e+01
3.912075305900913236e+01
3.896253324864296985e+01
3.884289962715105560e+01
3.881722992120967319e+01
3.873030051910649263e+01
3.873249507098663003e+01
3.873249507098663003e+01
3.873249507098663003e+01
3.873249507098663003e+01
3.873253092778386275e+01
3.873253092778386275e+01
3.873499215373817606e+01
3.873499215373817606e+01
3.873499220453967951e+01
3.873499220453967951e+01
3.873499220537111398e+01
3.873499220537111398e+01
3.873755823523663366e+01
3.873755823523663366e+01
3.873755823523663366e+01
3.873755823523663366e+01
3.873755823523663366e+01
3.873755823523663366e+01
3.873979874037564741e+01
3.873983463854698073e+01
3.873983463854698073e+01
3.873983463854698073e+01
3.873983463854698073e+01
3.873983463854698073e+01
3.874229620522856976e+01
3.874229620522856976e+01
3.874229620522856976e+01
3.874229620522856976e+01
3.874229620522856976e+01
3.874474413575270404e+01
3.874474413575270404e+01
3.874474413575270404e+01
3.874474413575270404e+01
3.874474413575270404e+01
3.874474413575270404e+01
3.874584940089412299e+01
3.874584940089412299e+01
3.874584945204408371e+01
3.874584945204408371e+01
3.874584945204408371e+01
3.874584945204408371e+01
3.841909430547947579e+01
3.841909430547947579e+01
3.841909430547947579e+01
3.841909430547947579e+01
3.841909430706805750e+01
3.842116305189908587e+01
3.842116305189908587e+01
3.842116305189908587e+01
3.842116305189908587e+01
3.842116305189908587e+01
3.842123363991150597e+01
3.842353213042308369e+01
3.842353213042308369e+01
3.842353213042308369e+01
3.842353213042308369e+01
3.842353213042308369e+01
3.842548557208254323e+01
3.842548557208254323e+01
3.842548557208254323e+01
3.842548557208254323e+01
3.842548557208254323e+01
3.842740203254820130e+01
3.842740203254820130e+01
3.842740203254820130e+01
3.842740213165143359e+01
3.842746410837592919e+01
3.842746410837592919e+01
3.842992931072354423e+01
3.842992931072354423e+01
3.842992931072354423e+01
3.842992931072354423e+01
3.842992931072354423e+01
3.843164633141025632e+01
3.843164633141025632e+01
3.843164633141025632e+01
3.843164633141025632e+01
3.843164633141025632e+01
3.812415705964815515e+01
3.812415706298290274e+01
3.812415706298290274e+01
3.812427053026313928e+01
3.812427053026313928e+01
3.812611943603098297e+01
3.812611943603098297e+01
3.812611943603098297e+01
3.812611943603098297e+01
3.812781856839194461e+01
3.812781856839194461e+01
3.812781856839194461e+01
3.812781856839194461e+01
3.812781856839194461e+01
3.812947709249333883e+01
3.812947709249333883e+01
3.812947709249333883e+01
3.812959242855408348e+01
3.812959242855408348e+01
3.813127162601695375e+01
3.813127162601695375e+01
3.813127162601695375e+01
3.813127162601695375e+01
3.813127162601695375e+01
3.813282677364692574e+01
3.813282677364692574e+01
3.813282677364692574e+01
3.813282677364692574e+01
3.813428076925640653e+01
3.813428076925640653e+01
3.813428076925640653e+01
3.813428076925640653e+01
3.813440067070753514e+01
3.778455409475327542e+01
3.778455409475327542e+01
3.778455409475327542e+01
3.778455409475327542e+01
3.778574633856571552e+01
3.778574633856571552e+01
3.778574633856571552e+01
3.778574633856571552e+01
3.778696373481336934e+01
3.778696373481336934e+01
3.778696373481336934e+01
3.778696373481336934e+01
3.778696373481336934e+01
3.778857170614196548e+01
3.778857170614196548e+01
3.778857170614196548e+01
3.778857170614196548e+01
3.778973634150170824e+01
3.778973634150170824e+01
3.778973634150170824e+01
3.778973634150170824e+01
3.779083357258632958e+01
3.779083357258632958e+01
3.779083357258632958e+01
3.779083357258632958e+01
3.738481630999105221e+01
3.738481630999105221e+01
3.729067307237134798e+01
3.729067307237134798e+01
3.729199926648291807e+01
3.729199926648291807e+01
3.729199926648291807e+01
3.729199926648291807e+01
3.729270880514901876e+01
3.729270880514901876e+01
3.729271010822562715e+01
3.729271010822562715e+01
3.729385601757606850e+01
3.729385603856940890e+01
3.729385603856940890e+01
3.729477740901325689e+01
3.729494472175278474e+01
3.729494472175278474e+01
3.729494472175278474e+01
3.729585182746990313e+01
3.729585182746990313e+01
3.729585182746990313e+01
3.729585182746990313e+01
3.670762022853119788e+01
3.670762022853119788e+01
3.670762022853119788e+01
3.670833103237505668e+01
3.670833103237505668e+01
3.670833103237505668e+01
3.670896276814842452e+01
3.670984073481617571e+01
3.670984073481617571e+01
3.670984073481617571e+01
3.671062364791586674e+01
3.671062364791586674e+01
3.671062364791586674e+01
3.671110793074136325e+01
3.671111417993704862e+01
3.671111417993704862e+01
3.671111417993704862e+01
3.671178251488568378e+01
3.671178251488568378e+01
3.671237566798933472e+01
3.630200330246988472e+01
3.630200330246988472e+01
3.630200330246988472e+01
3.630255285284500388e+01
3.630255285284500388e+01
3.630255285284500388e+01
3.628769219593571904e+01
3.628769219593571904e+01
3.628769219593571904e+01
3.628814107917520460e+01
3.628814107917520460e+01
3.628814107917520460e+01
3.629022165534798461e+01
3.629022165534798461e+01
3.629022165534798461e+01
3.629084328623761735e+01
3.629084328623761735e+01
3.629084328623761735e+01
3.629158377370954014e+01
3.629158377370954014e+01
3.629159675255698403e+01
3.629261120987798250e+01
3.629285365711233169e+01
3.629335425111148083e+01
3.629393321013552054e+01
3.629646781290277602e+01
3.629725155801594383e+01
3.629819169442350812e+01
3.629937245860338635e+01
3.630085729601243827e+01
3.630272715198337607e+01
3.761461007543923074e+01
3.736293109243645461e+01
3.786152221469861701e+01
3.787383677680652028e+01
3.733373628629647101e+01
3.769379346869585135e+01
3.633748144850285655e+01
3.633914890962871880e+01
3.633922071394373177e+01
3.617950833629724627e+01
3.612799077176161688e+01
3.611756755081164272e+01
3.611457405990904590e+01
3.611378571637891355e+01
3.611322818666918977e+01
3.611322818666918977e+01
3.611322818666918977e+01
3.611322818666918977e+01
3.611322818666918977e+01
3.611547752819566881e+01
3.611547752819566881e+01
3.611547752819566881e+01
3.611547752819566881e+01
3.611547752819566881e+01
3.611547752819566881e+01
3.611547752819566881e+01
3.611547752819566881e+01
3.611547752819566881e+01
3.611547752819566881e+01
3.611547752819566881e+01
3.611547752819566881e+01
3.611547752819566881e+01
3.611765948656343994e+01
3.611765948656343994e+01
3.611765948656343994e+01
3.611765948656343994e+01
3.611765948656343994e+01
3.611765948656343994e+01
3.611765948656343994e+01
3.611765948656343994e+01
3.611768082144013192e+01
3.611768115125194356e+01
3.611768115125194356e+01
3.611768115125194356e+01
3.611994048272437396e+01
3.611994048272437396e+01
3.611994048272437396e+01
3.611994048272437396e+01
3.611994048272437396e+01
3.611994048272437396e+01
3.611994048272437396e+01
3.611994048272437396e+01
3.611994048272437396e+01
3.611994048272437396e+01
3.611994048272437396e+01
3.611994048272437396e+01
3.612252736608611769e+01
3.612252736608611769e+01
3.612252736608611769e+01
3.612252736608611769e+01
3.612252736608611769e+01
3.612252736608611769e+01
3.612252736608611769e+01
3.612252736608611769e+01
3.612134469337726728e+01
3.612134469337726728e+01
3.612134469337726728e+01
3.612134469337726728e+01
3.540534832130011722e+01
3.540534832130011722e+01
3.540534832130011722e+01
3.540534832130011722e+01
3.540534832130011722e+01
3.540534832130011722e+01
3.540534832130011722e+01
3.540534832130011722e+01
3.540535003786959578e+01
3.540535003786959578e+01
3.540535003786959578e+01
3.540770646273051625e+01
3.540770646273051625e+01
3.540770646273051625e+01
3.540770646273051625e+01
3.540770646273051625e+01
3.540770646273051625e+01
3.540770646273051625e+01
3.540770646273051625e+01
3.540770646273051625e+01
3.540770646273051625e+01
3.540777259414657863e+01
3.540777259414657863e+01
3.540978219036982466e+01
3.540978219036982466e+01
3.540978219036982466e+01
3.540978219036982466e+01
3.540978219036982466e+01
3.540978219036982466e+01
3.540978219036982466e+01
3.540978219036982466e+01
3.540978219036982466e+01
3.540978219036982466e+01
3.540978219036982466e+01
3.541164978704196642e+01
3.541164978704196642e+01
3.541164978704196642e+01
3.541164978704196642e+01
3.541164978704196642e+01
3.541164978704196642e+01
3.541164978704196642e+01
3.541164978704196642e+01
3.541164978704196642e+01
3.541164978704196642e+01
3.541165162700715996e+01
3.541367108995197555e+01
3.541367108995197555e+01
3.541367108995197555e+01
3.541367108995197555e+01
3.541367108995197555e+01
3.541367108995197555e+01
3.541367108995197555e+01
3.541367108995197555e+01
3.541367108995197555e+01
3.541367108995197555e+01
3.541367108995197555e+01
3.541592761769111775e+01
3.541592761769111775e+01
3.541592761769111775e+01
3.541592761769111775e+01
3.541592761769111775e+01
3.541592761769111775e+01
3.541592761769111775e+01
3.541592761769111775e+01
3.541592761769111775e+01
3.541592761769111775e+01
3.541592761769111775e+01
3.541791548816865998e+01
3.541791548816865998e+01
3.541797694355454240e+01
3.541797694355454240e+01
3.541797694355454240e+01
3.541797694355454240e+01
3.541797694355454240e+01
3.541797694355454240e+01
3.541797694355454240e+01
3.541797694355454240e+01
3.541983516558823197e+01
3.541983664920053343e+01
3.541983664920053343e+01
3.541983664920053343e+01
3.541983664920053343e+01
3.541983664920053343e+01
3.541983664920053343e+01
3.541983664920053343e+01
3.541983664920053343e+01
3.541983664920053343e+01
3.542159566610689581e+01
3.542159566610689581e+01
3.542159566610689581e+01
3.542159566610689581e+01
3.542159566610689581e+01
3.542166156974118962e+01
3.542166156974118962e+01
3.542166156974118962e+01
3.542166156974118962e+01
3.542166156974118962e+01
3.542166156974118962e+01
3.542340004097687256e+01
3.542340004097687256e+01
3.542340004097687256e+01
3.542340004097687256e+01
3.542340004097687256e+01
3.542340004097687256e+01
3.542340004097687256e+01
3.542340004097687256e+01
3.542340004097687256e+01
3.542340004097687256e+01
3.489398472703463483e+01
3.489398472703463483e+01
3.489399007970227018e+01
3.489399007970227018e+01
3.489399007970227018e+01
3.489399007970227018e+01
3.489399007970227018e+01
3.486787407998725286e+01
3.486787407998725286e+01
3.486787407998725286e+01
3.486952004019808271e+01
3.486952004019808271e+01
3.486952004019808271e+01
3.486952004019808271e+01
3.486952004019808271e+01
3.486952004019808271e+01
3.486952004019808271e+01
3.486952004019808271e+01
3.486952004019808271e+01
3.486952004019808271e+01
3.487109241953439209e+01
3.487109241953439209e+01
3.487109241953439209e+01
3.487109241953439209e+01
3.487109241953439209e+01
3.487109241953439209e+01
3.487109241953439209e+01
3.487109241953439209e+01
3.487109241953439209e+01
3.487259604691813308e+01
3.487266691630706106e+01
3.487266691630706106e+01
3.487266691630706106e+01
3.487266691630706106e+01
3.487266691630706106e+01
3.487266691630706106e+01
3.487266691630706106e+01
3.487266691630706106e+01
3.487266691630706106e+01
3.487479948442354782e+01
3.487479948442354782e+01
3.487479948442354782e+01
3.487480737693432076e+01
3.487480737693432076e+01
3.487480737693432076e+01
3.487480737693432076e+01
3.487480737693432076e+01
3.487480737693432076e+01
3.487585094633799798e+01
3.487585094633799798e+01
3.487585094633799798e+01
3.487585094633799798e+01
3.487585094633799798e+01
3.487591958396060932e+01
3.487591958396060932e+01
3.487591958396060932e+01
3.487591958396060932e+01
3.487736300395000200e+01
3.487736300395000200e+01
3.487736300395000200e+01
3.487736300395000200e+01
3.487736300395000200e+01
3.487736300395000200e+01
3.487736300395000200e+01
3.487736300395000200e+01
3.487736300395000200e+01
3.487736300395000200e+01
3.487864929357817800e+01
3.487864929357817800e+01
3.487864929357817800e+01
3.487864929357817800e+01
3.487864929357817800e+01
3.487864929357817800e+01
3.487864929357817800e+01
3.487864929357817800e+01
3.487871976735016943e+01
3.434983119803805351e+01
3.434983119803805351e+01
3.434983119803805351e+01
3.434983119803805351e+01
3.434983119803805351e+01
3.434984800965473539e+01
3.434984800965473539e+01
3.434984800965473539e+01
3.434984800965473539e+01
3.435134728741496701e+01
3.435134728741496701e+01
3.435134728741496701e+01
3.435134728741496701e+01
3.435134728741496701e+01
3.435134728741496701e+01
3.435134728741496701e+01
3.435134728741496701e+01
3.435241983557171608e+01
3.435241983557171608e+01
3.435241983557171608e+01
3.435262271679351898e+01
3.435262271679351898e+01
3.435262271679351898e+01
3.435262271679351898e+01
3.435262271679351898e+01
3.435262271679351898e+01
3.435363467123403325e+01
3.435363467123403325e+01
3.435363467123403325e+01
3.435363467123403325e+01
3.435363467123403325e+01
3.435363467123403325e+01
3.435363467123403325e+01
3.435363467123403325e+01
3.435441160950415451e+01
3.435441160950415451e+01
3.435345220671744926e+01
3.435345220671744926e+01
3.435345220671744926e+01
3.435345220671744926e+01
3.435345220671744926e+01
3.435367177419382045e+01
3.435481596814513949e+01
3.435481596814513949e+01
3.435481596814513949e+01
3.435481596814513949e+01
3.435481596814513949e+01
3.435481596814513949e+01
3.435481596814513949e+01
3.435481596814513949e+01
3.435589272664452665e+01
3.435589272664452665e+01
3.435589272664452665e+01
3.435589272664452665e+01
3.435589272664452665e+01
3.435589272664452665e+01
3.435589272664452665e+01
3.435589272664452665e+01
3.435667879602574715e+01
3.435667879602574715e+01
3.435667879602574715e+01
3.435667879602574715e+01
3.435686583055943544e+01
3.435686583055943544e+01
3.435686583055943544e+01
3.435686583055943544e+01
3.392840855624985608e+01
3.392843828373085557e+01
3.392843828373085557e+01
3.392843828373085557e+01
3.392843828373085557e+01
3.392843828373085557e+01
3.392843828373085557e+01
3.392843828373085557e+01
3.392922484117715243e+01
3.392922484117715243e+01
3.392922484117715243e+01
3.392922484117715243e+01
3.392922484117715243e+01
3.392922484117715243e+01
3.392922484117715243e+01
3.392976950199592068e+01
3.392976950199592068e+01
3.393033518945753713e+01
3.393033518945753713e+01
3.393033518945753713e+01
3.393033518945753713e+01
3.393033518945753713e+01
3.393033518945753713e+01
3.393082161786330175e+01
3.393082161786330175e+01
3.393082161786330175e+01
3.393082161786330175e+01
3.393082161786330175e+01
3.393082161786330175e+01
3.393082161786330175e+01
3.393126304841299401e+01
3.393126304841299401e+01
3.393129364367317891e+01
3.393129364367317891e+01
3.393129364367317891e+01
3.393129364367317891e+01
3.393129364367317891e+01
3.393246635316330639e+01
3.393246635316330639e+01
3.393246635316330639e+01
3.393246635316330639e+01
3.393246635316330639e+01
3.393246635316330639e+01
3.393246635316330639e+01
3.393288904451991783e+01
3.393288904451991783e+01
3.393288904451991783e+01
3.393288904451991783e+01
3.393288904451991783e+01
3.393288904451991783e+01
3.393288904451991783e+01
3.361740098259097920e+01
3.361740098259097920e+01
3.361740098259097920e+01
3.361740098259097920e+01
3.361740098259097920e+01
3.361740098259097920e+01
3.361848069973789421e+01
3.361869885420288995e+01
3.361869885420288995e+01
3.361869885420288995e+01
3.361869885420288995e+01
3.361869885420288995e+01
3.361869885420288995e+01
3.361876406394579675e+01
3.361909194825542357e+01
3.361909194825542357e+01
3.361909194825542357e+01
3.361909194825542357e+01
3.361909194825542357e+01
3.361909194825542357e+01
3.361909194825542357e+01
3.361933122161421039e+01
3.361933122161421039e+01
3.361933122161421039e+01
3.361933122161421039e+01
3.361933122161421039e+01
3.362049171874048170e+01
3.362071572203393544e+01
3.362071572203393544e+01
3.362071572203393544e+01
3.362071572203393544e+01
3.362071572203393544e+01
3.362071572203393544e+01
3.362071572203393544e+01
3.362094540733891535e+01
3.362094540733891535e+01
3.362094540733891535e+01
3.362094540733891535e+01
3.362094540733891535e+01
3.362094540733891535e+01
3.362131495632353761e+01
3.362131495632353761e+01
3.362131495632353761e+01
3.362131495632353761e+01
3.362131495632353761e+01
3.362247197399636889e+01
3.348027868482324010e+01
3.348027868482324010e+01
3.348027868482324010e+01
3.348027868482324010e+01
3.348027868482324010e+01
3.348027868482324010e+01
3.348047077345748335e+01
3.348047077345748335e+01
3.348047077345748335e+01
3.348047077345748335e+01
3.348047077345748335e+01
3.348047077345748335e+01
3.348073844455492321e+01
3.348073844455492321e+01
3.348073844455492321e+01
3.348073844455492321e+01
3.348073844455492321e+01
3.348073844455492321e+01
3.348263318240518061e+01
3.348263318240518061e+01
3.348263318240518061e+01
3.348263318240518061e+01
3.348263318240518061e+01
3.348263318240518061e+01
3.348304824433066074e+01
3.348304824433066074e+01
3.348304824433066074e+01
3.348304824433066074e+01
3.348304824433066074e+01
3.348304824433066074e+01
3.348357738316178001e+01
3.348366486587892155e+01
3.348366486587892155e+01
3.348366486587892155e+01
3.348366486587892155e+01
3.348437446403218587e+01
3.348437446403218587e+01
3.348587803157676035e+01
3.348606371415407779e+01
3.348626293498985262e+01
3.348645729695514461e+01
3.348665524724948739e+01
3.348665524724948739e+01
3.348691281978899781e+01
3.348714122924640435e+01
