3.553795084253526415e+00
3.522176144009295129e+00
3.415482120175575620e+00
2.961506906968077502e+00
2.754623634133553711e+00
2.473885635954358619e+00
2.024869669659023153e+00
1.743366573937218833e+00
1.182746170002425323e+00
1.104558930031523500e+00
8.619319681634292074e-01
6.601505510402623234e-01
6.920682423596171695e-01
4.059715497616485091e-01
2.616726557276491394e-01
1.534661982391553603e-01
1.644368494054935237e-01
2.966200856034326150e-01
2.038087387828253771e-01
1.671089950836259219e-01
6.932279396013019124e-02
-8.185890385403638003e-02
-1.657812196430338281e-01
-2.554754414355566161e-01
-3.867863542541889466e-01
-4.793720068793725364e-01
-5.331247400478913434e-01
-5.836732901587788902e-01
-6.332730285916227109e-01
-6.446444714125570963e-01
-5.949112233331945720e-01
-6.322481764484814137e-01
-7.136192080239073254e-01
-8.449385660098523987e-01
-9.137010750118171876e-01
-9.550969280986758569e-01
-9.610909624150808517e-01
-1.065953608468757308e+00
-1.366892891168513646e+00
-1.383515964896844030e+00
-1.399425610823816335e+00
-1.445451621173087009e+00
-1.493548178238164326e+00
-1.964594429357253924e+00
-1.958529076048072692e+00
-1.859106577304833641e+00
-1.817601340026340218e+00
-1.890488155371929713e+00
-1.794804005598445107e+00
-1.796959965984258112e+00
-1.733431489771552148e+00
-1.101797735073271500e+00
-1.100925764175623600e+00
-1.098986118069833706e+00
-1.448481536948052373e+00
-1.447628276746758758e+00
-1.446763418427464476e+00
-1.445437527999859251e+00
-1.443270365562767665e+00
-1.442591045638039082e+00
-1.580298008355584871e+00
-1.578819595050870550e+00
-1.576814697782524588e+00
-1.973364110172661778e+00
-1.972485022830147816e+00
-1.971755692720214670e+00
-1.970427583800800297e+00
-1.969379820520006819e+00
-1.967018032446574249e+00
-2.333864762668547588e+00
-2.923716061753022011e+00
-2.880863422024643850e+00
-2.815304611687114544e+00
-2.745249819629466792e+00
-2.759743648624573442e+00
-2.732211760131491918e+00
-2.773724263279012447e+00
-2.909870284550538422e+00
-2.891009820918305717e+00
-3.408861784085454705e+00
-3.430330615013252871e+00
-3.448788671537275086e+00
-3.424626410297565648e+00
-3.359937549191420736e+00
-2.655218835124545151e+00
-2.654949409432912688e+00
-2.635305484242475682e+00
-2.635012730166033545e+00
-2.634305170376773475e+00
-2.633783276972991860e+00
-2.633086939321111153e+00
-3.069064197396802918e+00
-3.069149251384661437e+00
-3.071758974166052258e+00
-3.404756453815478867e+00
-2.721826839607011106e+00
-4.218182947682227457e+00
-4.392230331440943658e+00
-4.369984489781947090e+00
-4.312874686581072758e+00
-4.311430850492892652e+00
-4.256095620370063060e+00
-4.213741000909930534e+00
-4.190670669544974913e+00
-4.175905738880723028e+00
-4.188927716147657243e+00
-4.275618121362338542e+00
-4.382512936986640462e+00
-4.386519595918774606e+00
-4.395709132745408532e+00
-4.400809057675335367e+00
-4.400642555135068967e+00
-4.393643859289043441e+00
-4.379581789244121559e+00
-4.324092805282989893e+00
-4.238968635875691504e+00
-3.526147039101515279e+00
-3.525211662230209431e+00
-3.524240423894005492e+00
-3.524240423894005492e+00
-3.523304874715871282e+00
-3.522407337153713680e+00
-3.522942426422740247e+00
-3.521998529103317122e+00
-3.521998529103317122e+00
-3.521130774149513254e+00
-3.524991887858404116e+00
-3.525515716313150527e+00
-3.524597061444676882e+00
-3.931165048564429831e+00
-3.930478189134611888e+00
-3.930478189134611888e+00
-3.929855926103545727e+00
-3.929512704251311384e+00
-3.929512704251311384e+00
-3.928871713874102500e+00
-3.929865158088868604e+00
-3.929242409052336793e+00
-3.928984411696445633e+00
-3.928984411696445633e+00
-3.928423387167854219e+00
-3.927843292259352914e+00
-4.315308156537109419e+00
-4.314922005378498682e+00
-4.315011293590010233e+00
-4.314648736901384396e+00
-4.314259708725010967e+00
-4.314153925357778085e+00
-4.313805355097889205e+00
-4.313540577651988173e+00
-4.313219177022949324e+00
-4.354954507463548730e+00
-4.354666583887770059e+00
-4.550512455229328346e+00
-4.550144913621609000e+00
-4.549996723277240029e+00
-4.549839713810259312e+00
-4.549938579922173432e+00
-4.549788415985347001e+00
-4.549611886529598692e+00
-4.549030775884293831e+00
-4.548823941508064905e+00
-4.548576768706227291e+00
-4.548229361076245425e+00
-4.629187987795789105e+00
-4.626762956474497201e+00
-4.394728868500907382e+00
-4.607204781006691618e+00
-5.547460248687574591e+00
-6.027339891612482070e+00
-6.184828671997656180e+00
-6.303141559392794413e+00
-6.249976650298368241e+00
-6.213218082301402490e+00
-6.167099362001239093e+00
-6.109293819538770265e+00
-6.035440521415593729e+00
-5.985561202416636029e+00
-5.953512910006078407e+00
-5.934905856651148781e+00
-5.944655966003014491e+00
-5.944801405851676712e+00
-5.953999552264670037e+00
-5.975778659540395665e+00
-5.999934150595764848e+00
-6.024931214227008169e+00
-6.026267373277473638e+00
-6.027450409311601476e+00
-6.029149850611768002e+00
-6.034929678811903564e+00
-6.039644784205165706e+00
-6.042751158115806653e+00
-6.049307380499194586e+00
-6.053127013653335275e+00
-6.055076671977955627e+00
-6.057806625813344503e+00
-6.065317138294179955e+00
-6.064031138040370195e+00
-6.066629997953854492e+00
-6.050587164548655750e+00
-6.051672987848097485e+00
-6.050721921923425839e+00
-6.047086761699827839e+00
-6.044412148265413620e+00
-6.044412148265413620e+00
-6.044738347052589944e+00
-6.035864719557289426e+00
-6.025298456291395155e+00
-6.023776170203364977e+00
-6.025110079039557753e+00
-6.018832754147640962e+00
-6.017134456665265141e+00
-5.997802361245359926e+00
-5.997802361245359926e+00
-6.000614761948680709e+00
-6.092058687948291862e+00
-5.260027961778032335e+00
-5.260027961778032335e+00
-5.260066964227831932e+00
-5.258836950942916921e+00
-5.258836950942916921e+00
-5.258836950942916921e+00
-5.258836950942916921e+00
-5.257749585457812458e+00
-5.258376973737817650e+00
-5.258376973737817650e+00
-5.258376973737817650e+00
-5.257342293519975840e+00
-5.257342293519975840e+00
-5.257342293519975840e+00
-5.256351523512519108e+00
-5.256363077915159998e+00
-5.256953782338396053e+00
-5.256953782338396053e+00
-5.737070895379281055e+00
-5.737070895379281055e+00
-5.737070895379281055e+00
-5.737070895379281055e+00
-5.736274706229390397e+00
-5.736274706229390397e+00
-5.736274706229390397e+00
-5.736807534962478528e+00
-5.736017677944028392e+00
-5.736035260844396966e+00
-5.736060550320319251e+00
-5.736060550320319251e+00
-5.735234977239521470e+00
-5.735234977239521470e+00
-5.735234977239521470e+00
-5.734358577162444348e+00
-5.734732682039386020e+00
-5.734802885506867121e+00
-5.734802885506867121e+00
-5.734381006970312278e+00
-5.734381006970312278e+00
-5.734381006970312278e+00
-5.733661000232888938e+00
-5.733661000232888938e+00
-5.734035405414243058e+00
-5.734035405414243058e+00
-5.733339365221377548e+00
-5.733339365221377548e+00
-5.733339365221377548e+00
-5.732664114031639002e+00
-5.732664114031639002e+00
-5.732664114031639002e+00
-5.757633143821361266e+00
-5.756786888019358450e+00
-5.756786888019358450e+00
-5.756786888019358450e+00
-5.756056488307761398e+00
-5.756056488307761398e+00
-5.756090868317027542e+00
-5.755756806634411582e+00
-5.756255120988954310e+00
-5.756255120988954310e+00
-5.755375460123458353e+00
-5.755375460123458353e+00
-5.755375460123458353e+00
-6.310050371222328813e+00
-6.310050371222328813e+00
-6.310050371222328813e+00
-6.310260968228469380e+00
-6.309724077244866614e+00
-6.309724077244866614e+00
-6.309724077244866614e+00
-6.309242089220330030e+00
-6.309242089220330030e+00
-6.309242089220330030e+00
-6.308821196299804868e+00
-6.309043425696519769e+00
-6.309106185584539617e+00
-6.311415659153244206e+00
-6.311415659153244206e+00
-6.310959648446432979e+00
-6.310959648446432979e+00
-6.310959648446432979e+00
-6.310502902512813428e+00
-6.310704464791975887e+00
-6.310704464791975887e+00
-6.310334072319828458e+00
-6.310334072319828458e+00
-6.310334072319828458e+00
-6.310031089672416549e+00
-6.310031089672416549e+00
-6.592571108295342874e+00
-6.592571108295342874e+00
-6.592571108295342874e+00
-6.592407996482268828e+00
-6.592407996482268828e+00
-6.592635886269637702e+00
-6.592451237541925302e+00
-6.592451237541925302e+00
-6.592189147837623331e+00
-6.592189147837623331e+00
-6.592189147837623331e+00
-6.591993475273508096e+00
-6.591993475273508096e+00
-6.815067826145162933e+00
-6.815073168369129242e+00
-6.814542962028131257e+00
-6.814580164087058023e+00
-6.814580164087058023e+00
-6.814612731474879226e+00
-6.814612731474879226e+00
-6.872547632114839544e+00
-6.872547632114839544e+00
-6.872561260539595374e+00
-6.871969025202421477e+00
-6.872197172545817523e+00
-6.872385773581755508e+00
-6.872385773581755508e+00
-7.045411348773993332e+00
-7.045411348773993332e+00
-7.045746847971386728e+00
-7.044564457745661201e+00
-7.044923590533829660e+00
-7.045027148432480679e+00
-7.045380848590447442e+00
-7.045380848590447442e+00
-7.045809799187970235e+00
-7.045809799187970235e+00
-7.233628739098088900e+00
-7.233628739098088900e+00
-7.233855700616149242e+00
-7.233855700616149242e+00
-7.432168299730216532e+00
-7.432390673081701316e+00
-7.433372424290370262e+00
-7.432117720932193805e+00
-7.433284677824471665e+00
-7.433864336478791301e+00
-7.434932904376523766e+00
-7.436189796233592553e+00
-7.236085483335076951e+00
-7.236893168272108490e+00
-7.237307556435334632e+00
-6.726993562958073269e+00
-6.315164578110225690e+00
-6.983873501998496991e+00
-7.248417831282784718e+00
-7.478306245732590618e+00
-7.649162451491645420e+00
-7.673183720009082442e+00
-7.718501216875966797e+00
-7.648643516162975331e+00
-7.550133938352446172e+00
-7.733522838108773279e+00
-7.901706307932299111e+00
-8.102085435147309056e+00
-7.994463891591174765e+00
-7.930905241808453354e+00
-7.865498370996142796e+00
-7.793197434602558538e+00
-7.707336669541417606e+00
-7.677575362548743954e+00
-7.651733965709765606e+00
-7.615998412851579857e+00
-7.588280409203671972e+00
-7.581202321277482170e+00
-7.565831030342865304e+00
-7.562583509138240068e+00
-7.560898161744260548e+00
-7.567056685870667820e+00
-7.567056685870667820e+00
-7.567925441623316374e+00
-7.557599346586229672e+00
-7.558514477594090231e+00
-7.560212229856428046e+00
-7.559018556016656731e+00
-7.559805326902439226e+00
-7.560804773696804482e+00
-7.561306262808254353e+00
-7.562411394295220468e+00
-7.563000695927357242e+00
-7.941437538721459966e+00
-7.942005436915417604e+00
-7.943090044391936111e+00
-7.943618474395621298e+00
-7.944912665198209822e+00
-7.945536072083563717e+00
-7.946687960714030829e+00
-7.945799291897861494e+00
-7.946959950134594663e+00
-7.947832492470090493e+00
-7.948385705416513680e+00
-7.949627151016819937e+00
-7.950212577557713267e+00
-7.949885263308574146e+00
-7.950458173987489552e+00
-7.951139516521455342e+00
-7.964353035334848840e+00
-7.964353035334848840e+00
-7.954338698486163928e+00
-7.953370171706257707e+00
-7.954525487564292341e+00
-7.955084102892888254e+00
-7.955942057224994812e+00
-7.958042903344793473e+00
-7.959274525931599342e+00
-7.957905283096240900e+00
-7.959029789259255416e+00
-7.959612989568502606e+00
-7.961514419054628533e+00
-7.961514419054628533e+00
-7.962704643484234346e+00
-7.961555031516139636e+00
-7.964329119080445274e+00
-7.964329119080445274e+00
-7.965638512934980930e+00
-7.966651048367681121e+00
-7.966234334354425073e+00
-7.966234334354425073e+00
-7.966234334354425073e+00
-7.970522433388642192e+00
-7.970522433388642192e+00
-7.971282330903035174e+00
-8.457835269564263569e+00
-8.458817239500637797e+00
-8.460012243375372165e+00
-8.460609335485909099e+00
-8.460609335485909099e+00
-8.464787943450927443e+00
-8.463529713219942963e+00
-8.463529713219942963e+00
-8.463529713219942963e+00
-8.467266943631843290e+00
-8.467266943631843290e+00
-8.466330812506988934e+00
-8.466928828471477431e+00
-8.468188058801986884e+00
-8.469510027632448868e+00
-8.469510027632448868e+00
-8.472141211823135620e+00
-8.470949343679880172e+00
-8.471785180094308032e+00
-8.472479663652194404e+00
-8.473603399677239523e+00
-8.474481997844938164e+00
-8.473885817077192684e+00
-8.475251849692556405e+00
-8.476140465619369735e+00
-8.476140465619369735e+00
-8.479816113969960156e+00
-8.478514632259615880e+00
-8.478514632259615880e+00
-8.479418790677417661e+00
-8.480188242519604458e+00
-8.481271888378236312e+00
-8.480809912187002197e+00
-8.481712683662184560e+00
-8.483200739806646240e+00
-8.484111259315989528e+00
-8.484323628906428993e+00
-9.151228871006884091e+00
-9.152476233184367871e+00
-9.153487265556501384e+00
-9.153741853735008149e+00
-9.153741853735008149e+00
-9.156380754694531277e+00
-9.156380754694531277e+00
-9.156665790152580087e+00
-9.157768682399062499e+00
-9.159078523594351040e+00
-9.159989139216138554e+00
-9.160607753084216043e+00
-9.160607753084216043e+00
-9.160607753084216043e+00
-9.166759544540695970e+00
-9.165889669044901211e+00
-9.165961849630043901e+00
-9.166841631965242598e+00
-9.169660293927234918e+00
-9.173123984296802647e+00
-9.173809458195755440e+00
-9.173809458195755440e+00
-9.173809458195755440e+00
-9.173809458195755440e+00
-9.185029196441664823e+00
-9.184264545837748983e+00
-9.184264545837748983e+00
-9.184264545837748983e+00
-9.184264545837748983e+00
-9.825695837754041762e+00
-9.850100452749689595e+00
-9.926748457693641114e+00
-9.285766972522258911e+00
-9.285766972522258911e+00
-9.285597819660988961e+00
-9.285597819660988961e+00
-9.285597819660988961e+00
-9.285597819660988961e+00
-9.285522205986445954e+00
-9.375197123110543984e+00
-9.375197123110543984e+00
-9.375197123110543984e+00
-9.374888862024789660e+00
-9.374888862024789660e+00
-9.374888862024789660e+00
-9.375111307528390725e+00
-9.375111307528390725e+00
-9.374884060497283400e+00
-9.374884060497283400e+00
-9.375006537495922387e+00
-9.375006537495922387e+00
-9.374788182024074601e+00
-9.374788182024074601e+00
-9.374788182024074601e+00
-9.375092251226655904e+00
-9.859150599263292847e+00
-9.859150599263292847e+00
-9.859150599263292847e+00
-9.859150599263292847e+00
-9.859103942761283434e+00
-9.859145676990525686e+00
-9.859145676990525686e+00
-9.859145676990525686e+00
-9.859060535471211750e+00
-9.859060535471211750e+00
-9.859060535471211750e+00
-9.859060535471211750e+00
-9.858880796467982321e+00
-9.858880796467982321e+00
-9.858762202161607036e+00
-9.858762202161607036e+00
-9.935799030071668980e+00
-9.935799030071668980e+00
-9.935799030071668980e+00
-9.936007818077021270e+00
-9.935951879617682891e+00
-9.935951879617682891e+00
-9.935951879617682891e+00
-9.935951879617682891e+00
-9.935886218544588644e+00
-9.935886218544588644e+00
-9.935886218544588644e+00
-1.030536150850632815e+01
-1.030536150850632815e+01
-1.030435066715895154e+01
-1.030435066715895154e+01
-1.030458699550468182e+01
-1.030469404865242922e+01
-1.030469404865242922e+01
-1.030469404865242922e+01
-1.030501175514490342e+01
-1.030501175514490342e+01
-1.030501175514490342e+01
-1.030543540346997666e+01
-1.030543540346997666e+01
-1.030543540346997666e+01
-1.030585262180308526e+01
-1.030585262180308526e+01
-1.030489773419739663e+01
-1.030489773419739663e+01
-1.030528619369836285e+01
-1.030528619369836285e+01
-1.030528619369836285e+01
-1.030613746114649132e+01
-1.030613746114649132e+01
-1.030613746114649132e+01
-1.030697823719813400e+01
-1.030697823719813400e+01
-1.030751958770598442e+01
-1.030779015322031000e+01
-1.030830374428689922e+01
-1.030895668908731722e+01
-1.030929216799220605e+01
-1.030908127098620319e+01
-1.030998574785533783e+01
-1.031052257087029922e+01
-1.031187153597215023e+01
-1.031350688283167649e+01
-9.931848640874582301e+00
-9.930770532451488108e+00
-9.397483384432113951e+00
-7.930677132407236485e+00
-9.385394099785246524e+00
-9.924801935500559225e+00
-9.924682798613781998e+00
-1.034150608433339258e+01
-1.034151484072727456e+01
-1.034054074791311351e+01
-1.050441336896205335e+01
-1.057294613346686063e+01
-1.059902923902559557e+01
-1.061700109760827004e+01
-1.062312417326982050e+01
-1.061282624996031387e+01
-1.059465188936594160e+01
-1.054137359706561483e+01
-1.044282410071280331e+01
-1.043272997053233198e+01
-1.049373845670533356e+01
-1.057149989121389133e+01
-1.063488875463029615e+01
-1.071734586926462818e+01
-1.076030029034399682e+01
-1.084404731989581805e+01
-1.092879767468978081e+01
-1.107236983869698221e+01
-1.112144028053056033e+01
-1.110946311950515941e+01
-1.079457146216132735e+01
-1.075727232321677995e+01
-1.065663943454898543e+01
-1.064383880794714266e+01
-1.059681129295606006e+01
-1.056109138923529400e+01
-1.053840538077034772e+01
-1.052737808495938943e+01
-1.051158539383268575e+01
-1.049885310920656067e+01
-1.049491082115245888e+01
-1.049148889016443853e+01
-1.049148889016443853e+01
-1.049491160916540267e+01
-1.049491160916540267e+01
-1.049491160916540267e+01
-1.049709842266432247e+01
-1.049709842266432247e+01
-1.049797752292383457e+01
-1.049823811954352948e+01
-1.049649811274442257e+01
-1.049649811274442257e+01
-1.049649811274442257e+01
-1.049746443631695669e+01
-1.049750225303494311e+01
-1.049750225303494311e+01
-1.049961513213938069e+01
-1.049961513213938069e+01
-1.050023950712509446e+01
-1.050074737638599487e+01
-1.050074737638599487e+01
-1.050105897869167393e+01
-1.050155572619085120e+01
-1.050195438325806130e+01
-1.050036983450942785e+01
-1.050069653247678225e+01
-1.050122859297406386e+01
-1.050125368385293712e+01
-1.050169601762863003e+01
-1.050225629637607305e+01
-1.050225629637607305e+01
-1.050280846488595721e+01
-1.050305939970195013e+01
-1.050306830850779960e+01
-1.050380274517627832e+01
-1.050433192976616859e+01
-1.050433192976616859e+01
-1.106206823219268287e+01
-1.106252499645475673e+01
-1.106252499645475673e+01
-1.106313913756018152e+01
-1.106313913756018152e+01
-1.106313913756018152e+01
-1.106313913756018152e+01
-1.106313913756018152e+01
-1.106773680041282581e+01
-1.106783709342108857e+01
-1.106783709342108857e+01
-1.106783709342108857e+01
-1.106783709342108857e+01
-1.106642781317752267e+01
-1.106678679111184138e+01
-1.106729621460221047e+01
-1.106780338526561103e+01
-1.106780338526561103e+01
-1.106823273426391907e+01
-1.106891082716006380e+01
-1.106933860895478183e+01
-1.106933860895478183e+01
-1.106980283847282820e+01
-1.107046797342468736e+01
-1.107095876925976263e+01
-1.106949387880969837e+01
-1.106999752178850827e+01
-1.107059090760209408e+01
-1.107100900372051200e+01
-1.107100900372051200e+01
-1.107162779741303282e+01
-1.107231850367562132e+01
-1.107235426182997351e+01
-1.107287003914898094e+01
-1.107377832319632027e+01
-1.107400604191006721e+01
-1.107400604191006721e+01
-1.107458082854986259e+01
-1.107288663369555337e+01
-1.107386306535324927e+01
-1.107441392760233612e+01
-1.107441392760233612e+01
-1.107492832732734556e+01
-1.107550060405207049e+01
-1.107604703274472868e+01
-1.107604703274472868e+01
-1.107674429653520143e+01
-1.107730172929761459e+01
-1.107786542881055247e+01
-1.107786542881055247e+01
-1.107841445933093105e+01
-1.107752921931124668e+01
-1.107848755049233880e+01
-1.107848755049233880e+01
-1.107848755049233880e+01
-1.108047170968346151e+01
-1.108047170968346151e+01
-1.108091517753783428e+01
-1.108091517753783428e+01
-1.108142716618539936e+01
-1.108191056306939082e+01
-1.108315186616036740e+01
-1.108319907820750849e+01
-1.108266122808331033e+01
-1.108266122808331033e+01
-1.108266122808331033e+01
-1.108433965994413839e+01
-1.108433965994413839e+01
-1.108433965994413839e+01
-1.108505209670928160e+01
-1.108505209670928160e+01
-1.108683251783020829e+01
-1.108683251783020829e+01
-1.108696387587620791e+01
-1.108816446111365650e+01
-1.108673799037617691e+01
-1.108673799037617691e+01
-1.108673799037617691e+01
-1.108673799037617691e+01
-1.108673799037617691e+01
-1.109075111755631049e+01
-1.109075111755631049e+01
-1.109075111755631049e+01
-1.109075111755631049e+01
-1.109132681367276341e+01
-1.109188559315846945e+01
-1.109191765651202743e+01
-1.109159656983941211e+01
-1.109217056097331522e+01
-1.109217056097331522e+01
-1.109217056097331522e+01
-1.109515315519825762e+01
-1.109515315519825762e+01
-1.109515315519825762e+01
-1.109586068798014935e+01
-1.109586068798014935e+01
-1.109673715969812413e+01
-1.109763393794926500e+01
-1.109620073183251066e+01
-1.109628763445054922e+01
-1.109872941287672710e+01
-1.109872941287672710e+01
-1.109901740114632851e+01
-1.109934846815202114e+01
-1.110021466050221051e+01
-1.110082802261178436e+01
-1.110137987044874563e+01
-1.110137987044874563e+01
-1.110137987044874563e+01
-1.110368784976861356e+01
-1.159491148549209250e+01
-1.159524149014185745e+01
-1.159607795930999607e+01
-1.159652982853393155e+01
-1.159716871137895211e+01
-1.159753037489308625e+01
-1.159829757130775363e+01
-1.159885753573843559e+01
-1.159885753573843559e+01
-1.159885753573843559e+01
-1.159885753573843559e+01
-1.160229425434663320e+01
-1.160229425434663320e+01
-1.160229425434663320e+01
-1.160229425434663320e+01
-1.160313210775156456e+01
-1.160340963860888230e+01
-1.160420373345016465e+01
-1.160503354716019508e+01
-1.160537296282691599e+01
-1.160594322621685670e+01
-1.160684658355602927e+01
-1.160727903298952768e+01
-1.160687724451097225e+01
-1.160719317610430679e+01
-1.160818218889795084e+01
-1.160792267106525699e+01
-1.160933672659733240e+01
-1.160933672659733240e+01
-1.161147500480329775e+01
-1.161147500480329775e+01
-1.161275585858910375e+01
-1.161314787014500638e+01
-1.161371070176703846e+01
-1.161379764595634256e+01
-1.161379764595634256e+01
-1.161598078739878659e+01
-1.161598078739878659e+01
-1.161650809813074225e+01
-1.161714017212744565e+01
-1.161746866443081494e+01
-1.161866495126423970e+01
-1.161975686289933840e+01
-1.162050263490162116e+01
-1.162050263490162116e+01
-1.162264502294175017e+01
-1.162264502294175017e+01
-1.162264502294175017e+01
-1.162395458748486732e+01
-1.162555943983858597e+01
-1.162635306426883197e+01
-1.162716607652247980e+01
-1.162922471631165777e+01
-1.163018437005911387e+01
-1.163018437005911387e+01
-1.162925339294095650e+01
-1.162933079517110180e+01
-1.163543652301395959e+01
-1.163543652301395959e+01
-1.163544345510057987e+01
-1.163655009208526181e+01
-1.163797192431577798e+01
-1.163910232077194351e+01
-1.164323188754157101e+01
-1.164680006594647566e+01
-1.164680006594647566e+01
-1.167179383047740338e+01
-1.167179383047740338e+01
-1.167179383047740338e+01
-1.167179383047740338e+01
-1.167179383047740338e+01
-1.168365285994313219e+01
-1.168365285994313219e+01
-1.168365285994313219e+01
-1.168365285994313219e+01
-1.168365285994313219e+01
-1.168275211408620429e+01
-1.168275211408620429e+01
-1.168511699595495479e+01
-1.169155599663682743e+01
-1.170305022200209599e+01
-1.171855613350495773e+01
-1.174988986162897575e+01
-1.176924973857535406e+01
-1.114584063204558184e+01
-1.114584063204558184e+01
-1.114528926845684076e+01
-1.114528926845684076e+01
-1.114528926845684076e+01
-1.114528926845684076e+01
-1.114528926845684076e+01
-1.114563934380689858e+01
-1.114563934380689858e+01
-1.114588634161510328e+01
-1.114588634161510328e+01
-1.114588634161510328e+01
-1.114588634161510328e+01
-1.164259378526976363e+01
-1.164259378526976363e+01
-1.164259378526976363e+01
-1.164259378526976363e+01
-1.164259378526976363e+01
-1.164259378526976363e+01
-1.164259378526976363e+01
-1.164259378526976363e+01
-1.164259378526976363e+01
-1.164228900471789707e+01
-1.164245040664080655e+01
-1.164245040664080655e+01
-1.164245040664080655e+01
-1.164245040664080655e+01
-1.164245040664080655e+01
-1.164245040664080655e+01
-1.164245040664080655e+01
-1.164245040664080655e+01
-1.164263549017108801e+01
-1.164236017214204466e+01
-1.164236017214204466e+01
-1.164236017214204466e+01
-1.164236017214204466e+01
-1.164236017214204466e+01
-1.164236017214204466e+01
-1.164236017214204466e+01
-1.164236017214204466e+01
-1.164236017214204466e+01
-1.164236017214204466e+01
-1.164193850497428073e+01
-1.164200008565526545e+01
-1.164200008565526545e+01
-1.164223347069484227e+01
-1.164223347069484227e+01
-1.164223347069484227e+01
-1.164223347069484227e+01
-1.164223347069484227e+01
-1.164232048533445685e+01
-1.164215808284427922e+01
-1.164215808284427922e+01
-1.164215808284427922e+01
-1.164215808284427922e+01
-1.164233177233548844e+01
-1.164233177233548844e+01
-1.164233177233548844e+01
-1.164233177233548844e+01
-1.164233177233548844e+01
-1.164233177233548844e+01
-1.164208951687721871e+01
-1.164208951687721871e+01
-1.164208951687721871e+01
-1.164208951687721871e+01
-1.164208951687721871e+01
-1.164208951687721871e+01
-1.164208951687721871e+01
-1.164208951687721871e+01
-1.164208951687721871e+01
-1.164188937284419545e+01
-1.164188937284419545e+01
-1.164188937284419545e+01
-1.164188937284419545e+01
-1.164188937284419545e+01
-1.164188937284419545e+01
-1.164188937284419545e+01
-1.164188937284419545e+01
-1.164217885937461894e+01
-1.164191049587834215e+01
-1.164191049587834215e+01
-1.164191049587834215e+01
-1.164214506832161788e+01
-1.164214506832161788e+01
-1.164214506832161788e+01
-1.164217933094230339e+01
-1.164217933094230339e+01
-1.164217933094230339e+01
-1.198308838584901714e+01
-1.198308838584901714e+01
-1.198308838584901714e+01
-1.198308838584901714e+01
-1.198308838584901714e+01
-1.198308838584901714e+01
-1.198308838584901714e+01
-1.198308838584901714e+01
-1.198308838584901714e+01
-1.198299775337985729e+01
-1.198299775337985729e+01
-1.198299775337985729e+01
-1.198299775337985729e+01
-1.198299775337985729e+01
-1.198287233495245374e+01
-1.198295631487310864e+01
-1.198295631487310864e+01
-1.198289341691575594e+01
-1.198289341691575594e+01
-1.198289341691575594e+01
-1.198289341691575594e+01
-1.198289341691575594e+01
-1.198289341691575594e+01
-1.198289341691575594e+01
-1.198289341691575594e+01
-1.198289341691575594e+01
-1.198280803973716679e+01
-1.198280803973716679e+01
-1.198280803973716679e+01
-1.198280803973716679e+01
-1.198280803973716679e+01
-1.198280803973716679e+01
-1.198280803973716679e+01
-1.198280803973716679e+01
-1.198277601185511720e+01
-1.198277601185511720e+01
-1.198298347036958234e+01
-1.198316238067195982e+01
-1.198316238067195982e+01
-1.198316238067195982e+01
-1.198316238067195982e+01
-1.198316238067195982e+01
-1.198306271077996854e+01
-1.198306271077996854e+01
-1.198306271077996854e+01
-1.198306271077996854e+01
-1.198306271077996854e+01
-1.198306271077996854e+01
-1.198306271077996854e+01
