3.142250143477065549e+01
3.149381987364699498e+01
3.150551769499525534e+01
3.215789062554168254e+01
3.151000761412543483e+01
3.083438649606393867e+01
3.008273597566739710e+01
2.985009941451202309e+01
2.946061740617816227e+01
2.917954037082857610e+01
2.892406763371875655e+01
2.861083046327087231e+01
2.829713487608066202e+01
2.809169662267655809e+01
2.792604695842025464e+01
2.772124898672110405e+01
2.795451057817178508e+01
2.778900797385036725e+01
2.753552456532890602e+01
2.753368584021051646e+01
2.749035683306838962e+01
2.741533751543384057e+01
2.739408011823200439e+01
2.728050978716611041e+01
2.719793826212291066e+01
2.724372617762082527e+01
2.714598579620621521e+01
2.705233233050978470e+01
2.701328627299735174e+01
2.692778259093666904e+01
2.680321269708517207e+01
2.667922755056279982e+01
2.673722057325148782e+01
2.674170729190328188e+01
2.661716589050615056e+01
2.661380202873630907e+01
2.669974889982463750e+01
2.672063993283799732e+01
2.658818061960432289e+01
2.665131271566577809e+01
2.665430536446708487e+01
2.664198993585231889e+01
2.664157666179480088e+01
2.668376565440502191e+01
2.672730094432161252e+01
2.669850552267436683e+01
2.657669235997026647e+01
2.657641101741242196e+01
2.705413642883071645e+01
2.702033219191643099e+01
2.598054783522147204e+01
1.535649145522100056e+01
1.536185879408696309e+01
1.537306206813665455e+01
1.538422635595041044e+01
1.538954540710721730e+01
1.540014951757257933e+01
1.541021437324728538e+01
1.542023606981530648e+01
1.543023036067624787e+01
1.543966827779844309e+01
1.544907952709487731e+01
1.546312071287534096e+01
1.547194581715601913e+01
1.548538166332029675e+01
1.549414799929433784e+01
1.550808237127106892e+01
1.552318301050924632e+01
1.554541330706702951e+01
1.569297745437947356e+01
2.604386155378192669e+01
2.596286155378192717e+01
2.583186155378192694e+01
2.569136155378192754e+01
2.558586155378192473e+01
2.551936155378192694e+01
2.556186155378192737e+01
2.549386155378192598e+01
2.545136155378192910e+01
2.548986155378192819e+01
2.553536155378192873e+01
2.558336155378192700e+01
2.562786155378192632e+01
2.597936155378192780e+01
6.409167573115620797e+00
6.409214610096629627e+00
6.409174755803093149e+00
6.409118657191683610e+00
6.409067688402188878e+00
6.409087331921522690e+00
6.409024085043132146e+00
6.409048363489961986e+00
6.409000528475388592e+00
6.409050614720527506e+00
6.409152737385817034e+00
6.408663368919462755e+00
6.303665416987925596e+00
2.575356842793189571e+01
2.570956842793189878e+01
2.560556842793189958e+01
2.546856842793189912e+01
2.535556842793189958e+01
2.526756842793189861e+01
2.520356842793189855e+01
2.517156842793189497e+01
2.517756842793189520e+01
2.526156842793189838e+01
2.526956842793189750e+01
2.526356842793189728e+01
2.529556842793189730e+01
2.531456842793189566e+01
2.533656842793189767e+01
2.537056842793189659e+01
2.539756842793189762e+01
2.537856842793189571e+01
2.534456842793189679e+01
6.302642134183237488e+00
6.302686748072130030e+00
6.302728663596731451e+00
6.302728663596731451e+00
6.302767042112481732e+00
6.302802098790525775e+00
6.302958132576737427e+00
6.302990320689858095e+00
6.302990320689858095e+00
6.303018690243170852e+00
6.303224276574503904e+00
6.303391002557471978e+00
6.303412997583926369e+00
6.303431326521039324e+00
6.303446246692605115e+00
6.303446246692605115e+00
6.303647143655208396e+00
6.303807216979699035e+00
6.303807216979699035e+00
6.303811605437786625e+00
6.303987600840962102e+00
6.303984806514595363e+00
6.304137981864617046e+00
6.304137981864617046e+00
6.304127790028651646e+00
6.304114011336853451e+00
6.304096322799544794e+00
6.304075062859400447e+00
6.304229417551340475e+00
6.304204524669490439e+00
6.304175424551662132e+00
6.304315552019303937e+00
6.304280640066078689e+00
6.304386635955857798e+00
6.304343418995326687e+00
6.304296050814162555e+00
6.304245668780168899e+00
6.304382677323058459e+00
6.304461320759365606e+00
6.304402256850980990e+00
6.304340304296086828e+00
6.304444685034606977e+00
6.304380470333796893e+00
6.304315124837376771e+00
6.304333916521997594e+00
6.304277268682582758e+00
6.304226147438949823e+00
6.304180106455682164e+00
6.304304722628213398e+00
6.304360000447505996e+00
6.304616888062707147e+00
6.303861701837611520e+00
6.301323039113466251e+00
6.144015208126983651e+00
2.523040023929848275e+01
2.544640023929848383e+01
2.534840023929848485e+01
2.528240023929848235e+01
2.519540023929848616e+01
2.508240023929848661e+01
2.492540023929848303e+01
2.482140023929848383e+01
2.475140023929848354e+01
2.471640023929848695e+01
2.468240023929848448e+01
2.467740023929848547e+01
2.468540023929848459e+01
2.471540023929848573e+01
2.475040023929848587e+01
2.476240023929848633e+01
2.476640023929848411e+01
2.476940023929848422e+01
2.477840023929848456e+01
2.478740023929848491e+01
2.479640023929848525e+01
2.480140023929848425e+01
2.481240023929848348e+01
2.482440023929848394e+01
2.482840023929848527e+01
2.483640023929848439e+01
2.484340023929848229e+01
2.484640023929848240e+01
2.485140023929848496e+01
2.485340023929848741e+01
2.485740023929848519e+01
2.485840023929848286e+01
2.485940023929848408e+01
2.485940023929848408e+01
2.485940023929848408e+01
2.486340023929848542e+01
2.485840023929848286e+01
2.484740023929848718e+01
2.484540023929848473e+01
2.485240023929848263e+01
2.484940023929848252e+01
2.484940023929848252e+01
2.486340023929848542e+01
2.486340023929848542e+01
2.488040023929848488e+01
2.507740023929848405e+01
6.142337831926699465e+00
6.142337831926699465e+00
6.142337831926699465e+00
6.142489084307328540e+00
6.142489084307328540e+00
6.142489084307328540e+00
6.142489084307328540e+00
6.142646248637287698e+00
6.142857198815416808e+00
6.142857198815416808e+00
6.142857198815416808e+00
6.143009443657000190e+00
6.143009443657000190e+00
6.143009443657000190e+00
6.143170052903158762e+00
6.143170052903158762e+00
6.143381810355077022e+00
6.143381810355077022e+00
6.143785662116552970e+00
6.143785662116552970e+00
6.143785662116552970e+00
6.143785662116552970e+00
6.143925361693149512e+00
6.143925361693149512e+00
6.143925361693149512e+00
6.144117702273995008e+00
6.144253761095921362e+00
6.144253761095921362e+00
6.144253761095921362e+00
6.144253761095921362e+00
6.144386153932099859e+00
6.144386153932099859e+00
6.144386153932099859e+00
6.144511851278693371e+00
6.144709019547587303e+00
6.144709019547587303e+00
6.144709019547587303e+00
6.145077618536245012e+00
6.145077618536245012e+00
6.145077618536245012e+00
6.145206814098528980e+00
6.145206814098528980e+00
6.145419395429868814e+00
6.145419395429868814e+00
6.145532861884639431e+00
6.145532861884639431e+00
6.145532861884639431e+00
6.145641824020195543e+00
6.145641824020195543e+00
6.145641824020195543e+00
6.145839447434187974e+00
6.145945400599309494e+00
6.145945400599309494e+00
6.145945400599309494e+00
6.146045013741204599e+00
6.146045013741204599e+00
6.146045013741204599e+00
6.146388307588033229e+00
6.146581557627861514e+00
6.146581557627861514e+00
6.146665839186375990e+00
6.146665839186375990e+00
6.146665839186375990e+00
6.146752840823765496e+00
6.146752840823765496e+00
6.146752840823765496e+00
6.146933577131651560e+00
6.147021339338117230e+00
6.147021339338117230e+00
6.147021339338117230e+00
6.147098646838951908e+00
6.147098646838951908e+00
6.147098646838951908e+00
6.147170403993456489e+00
6.147361542991351513e+00
6.147361542991351513e+00
6.147672919069833597e+00
6.147672919069833597e+00
6.147735625855464292e+00
6.147735625855464292e+00
6.147735625855464292e+00
6.147787784748526718e+00
6.147974038448630552e+00
6.147974038448630552e+00
6.148027045448646533e+00
6.148027045448646533e+00
6.148027045448646533e+00
6.148079657516145602e+00
6.148079657516145602e+00
6.148305631277295902e+00
6.148305631277295902e+00
6.148305631277295902e+00
6.148343597508709735e+00
6.148343597508709735e+00
6.148585536948136365e+00
6.148618937095239545e+00
6.148618937095239545e+00
6.148835818224284822e+00
6.148835818224284822e+00
6.148835818224284822e+00
6.148857511573051937e+00
6.148857511573051937e+00
6.148876371132107721e+00
6.148876371132107721e+00
6.149044686091880152e+00
6.149058787863708631e+00
6.149058787863708631e+00
6.149068862908617206e+00
6.149068862908617206e+00
6.149073099191088687e+00
6.149073099191088687e+00
6.149073099191088687e+00
6.149250361255163000e+00
6.149488647617708637e+00
6.149484303046808265e+00
6.149484303046808265e+00
6.149475591675500397e+00
6.149475591675500397e+00
6.149462653762856945e+00
6.149634888753784168e+00
6.149618269150973759e+00
6.149618269150973759e+00
6.149598357257431758e+00
6.149598357257431758e+00
6.149575334097669099e+00
6.149575334097669099e+00
6.149719786314197023e+00
6.149719786314197023e+00
6.149693503401632455e+00
6.149693503401632455e+00
6.149667954796701252e+00
6.149903687182430190e+00
6.149879524719104040e+00
6.150045902147162735e+00
6.150027133900554333e+00
6.150021672921749172e+00
6.150016444385880021e+00
6.150017925980133526e+00
6.150031478783418493e+00
6.150056246164933071e+00
6.150259900617918163e+00
6.150345787056973990e+00
6.150374369408467601e+00
6.149875785661183869e+00
6.149432624678340176e+00
6.148927459059933653e+00
6.148009132804030941e+00
5.951257021961605886e+00
5.951257021961605886e+00
5.951621222453891136e+00
2.391559873562009031e+01
2.439159873562008940e+01
2.473459873562008937e+01
2.513259873562008906e+01
2.492659873562008954e+01
2.480359873562009199e+01
2.466559873562009031e+01
2.451959873562008951e+01
2.433959873562008980e+01
2.422459873562009136e+01
2.416959873562009165e+01
2.408559873562008846e+01
2.401559873562008818e+01
2.399659873562008983e+01
2.395759873562008835e+01
2.394859873562008801e+01
2.394859873562008801e+01
2.392759873562008721e+01
2.392759873562008721e+01
2.393059873562008733e+01
2.393359873562008744e+01
2.393559873562008988e+01
2.394059873562008889e+01
2.394259873562008778e+01
2.394459873562009022e+01
2.394659873562008912e+01
2.394759873562009034e+01
2.394959873562008923e+01
2.395159873562008812e+01
2.395359873562009057e+01
2.395459873562008823e+01
2.395659873562009068e+01
2.395859873562008957e+01
2.396059873562008846e+01
2.396159873562008968e+01
2.396459873562008980e+01
2.396559873562009102e+01
2.396859873562009113e+01
2.397059873562009003e+01
2.397159873562009125e+01
2.397459873562009136e+01
2.397559873562008903e+01
2.397859873562008914e+01
2.397959873562008681e+01
2.398059873562009159e+01
2.398359873562009170e+01
2.398359873562009170e+01
2.398859873562008715e+01
2.398959873562009193e+01
2.399259873562009204e+01
2.399359873562008971e+01
2.399559873562008860e+01
2.399859873562008872e+01
2.400159873562008883e+01
2.400259873562009005e+01
2.400559873562009017e+01
2.400759873562008906e+01
2.401159873562009039e+01
2.401159873562009039e+01
2.401359873562008929e+01
2.401359873562008929e+01
2.402059873562009074e+01
2.402059873562009074e+01
2.402259873562008963e+01
2.402559873562008974e+01
2.402659873562009096e+01
2.402659873562009096e+01
2.402659873562009096e+01
2.403659873562008897e+01
2.403659873562008897e+01
2.403759873562009020e+01
2.403959873562008909e+01
2.404259873562008920e+01
2.404459873562009165e+01
2.404559873562008931e+01
2.404559873562008931e+01
2.405559873562008733e+01
2.405559873562008733e+01
2.405559873562008733e+01
2.405559873562008733e+01
2.406359873562009000e+01
2.406359873562009000e+01
2.406459873562008767e+01
2.406659873562009011e+01
2.406859873562008900e+01
2.407159873562008912e+01
2.407159873562008912e+01
2.407859873562009057e+01
2.407859873562009057e+01
2.408059873562008946e+01
2.408159873562009068e+01
2.408459873562009079e+01
2.408659873562008968e+01
2.408859873562008858e+01
2.409059873562009102e+01
2.409259873562008991e+01
2.409259873562008991e+01
2.410259873562009147e+01
2.410259873562009147e+01
2.410259873562009147e+01
2.410459873562008681e+01
2.410659873562008926e+01
2.410959873562008937e+01
2.411159873562009182e+01
2.411359873562008715e+01
2.411659873562008727e+01
2.411959873562008738e+01
2.411959873562008738e+01
2.412159873562008983e+01
2.412459873562008994e+01
2.412759873562009005e+01
2.412859873562008772e+01
2.412859873562008772e+01
2.413759873562008806e+01
2.413759873562008806e+01
2.413859873562008929e+01
2.414159873562008940e+01
2.414559873562009074e+01
2.415159873562009096e+01
2.415359873562008985e+01
2.415359873562008985e+01
2.415359873562008985e+01
2.416859873562008687e+01
2.416859873562008687e+01
2.416859873562008687e+01
2.417059873562008931e+01
2.417859873562009199e+01
2.418859873562009000e+01
2.419259873562008778e+01
2.419259873562008778e+01
2.419259873562008778e+01
2.419259873562008778e+01
2.422059873562009003e+01
2.422059873562009003e+01
2.422059873562009003e+01
2.422059873562009003e+01
2.422059873562009003e+01
2.424459873562008738e+01
2.430659873562009210e+01
2.452459873562008852e+01
5.950976549017607198e+00
5.950976549017607198e+00
5.951080747101304524e+00
5.951080747101304524e+00
5.951080747101304524e+00
5.951080747101304524e+00
5.951196366328623810e+00
5.951521329816124251e+00
5.951521329816124251e+00
5.951521329816124251e+00
5.951623242798959268e+00
5.951623242798959268e+00
5.951623242798959268e+00
5.951623242798959268e+00
5.951623242798959268e+00
5.951716841688707405e+00
5.951716841688707405e+00
5.951716841688707405e+00
5.951716841688707405e+00
5.951804443220979124e+00
5.951804443220979124e+00
5.951804443220979124e+00
5.952133158024309978e+00
5.952215048668879405e+00
5.952215048668879405e+00
5.952215048668879405e+00
5.952215048668879405e+00
5.952289816553427926e+00
5.952289816553427926e+00
5.952289816553427926e+00
5.952289816553427926e+00
5.952358240275536616e+00
5.952358240275536616e+00
5.952358240275536616e+00
5.952358240275536616e+00
5.952416269453035369e+00
5.952416269453035369e+00
5.952727097398650358e+00
5.952727097398650358e+00
5.952787567174151917e+00
5.952787567174151917e+00
5.952787567174151917e+00
5.952787567174151917e+00
5.952837347476343410e+00
5.952837347476343410e+00
5.952837347476343410e+00
5.952837347476343410e+00
5.952881150497837837e+00
5.952881150497837837e+00
5.952881150497837837e+00
5.952918546527794064e+00
5.952918546527794064e+00
5.953233947500944367e+00
5.953233947500944367e+00
5.953265293127035562e+00
5.953265293127035562e+00
5.953265293127035562e+00
5.953265293127035562e+00
5.953291241720190641e+00
5.953291241720190641e+00
5.953291241720190641e+00
5.953309284074684626e+00
5.953309284074684626e+00
5.953309284074684626e+00
5.953325478619856170e+00
5.953325478619856170e+00
5.953636288290958589e+00
5.953636288290958589e+00
5.953648825793269594e+00
5.953648825793269594e+00
5.953648825793269594e+00
5.702818420634617524e+00
5.702818420634617524e+00
5.702818420634617524e+00
5.702818420634617524e+00
5.702818420634617524e+00
5.702818420634617524e+00
5.702818420634617524e+00
5.702818420634617524e+00
5.953660607960642892e+00
5.953660302629870671e+00
5.953968414989390112e+00
5.953966525805867605e+00
5.953965100013974165e+00
5.953960734543557010e+00
5.953952340260670439e+00
5.953935421994017929e+00
5.953899265728288981e+00
5.953795332074221847e+00
5.953498710508611680e+00
5.953951970393990933e+00
5.953938115664037412e+00
5.953876052055502299e+00
5.953783443239988316e+00
5.953690114010917966e+00
5.703932949237614736e+00
5.703932949237614736e+00
5.703932949237614736e+00
5.703932949237614736e+00
5.703932949237614736e+00
5.703932949237614736e+00
5.703932949237614736e+00
5.703932949237614736e+00
5.703932949237614736e+00
5.703932949237614736e+00
5.703932949237614736e+00
2.356086965465496519e+01
2.375286965465496536e+01
2.394186965465496542e+01
2.411986965465496269e+01
2.420786965465496365e+01
2.437686965465496414e+01
2.454686965465496229e+01
2.481786965465496309e+01
2.490786965465496650e+01
2.488586965465496448e+01
2.427786965465496394e+01
2.420086965465496576e+01
2.399286965465496735e+01
2.391786965465496451e+01
2.381386965465496530e+01
2.372986965465496212e+01
2.367486965465496240e+01
2.365186965465496627e+01
2.361286965465496479e+01
2.357886965465496587e+01
2.356686965465496542e+01
2.355786965465496507e+01
2.355786965465496507e+01
2.356586965465496419e+01
2.356586965465496419e+01
2.356586965465496419e+01
2.357286965465496564e+01
2.357286965465496564e+01
2.357286965465496564e+01
2.357286965465496564e+01
2.357286965465496564e+01
2.357286965465496564e+01
2.357286965465496564e+01
2.357486965465496453e+01
2.357486965465496453e+01
2.357486965465496453e+01
2.358086965465496476e+01
2.358086965465496476e+01
2.358286965465496365e+01
2.358386965465496488e+01
2.358386965465496488e+01
2.358386965465496488e+01
2.358586965465496377e+01
2.358586965465496377e+01
2.358586965465496377e+01
2.358686965465496499e+01
2.358786965465496621e+01
2.358786965465496621e+01
2.358886965465496388e+01
2.358986965465496510e+01
2.358986965465496510e+01
2.358886965465496388e+01
2.359286965465496522e+01
2.359286965465496522e+01
2.359186965465496399e+01
2.359486965465496411e+01
2.359486965465496411e+01
2.359586965465496533e+01
2.359686965465496655e+01
2.359686965465496655e+01
2.359786965465496422e+01
2.359786965465496422e+01
2.359786965465496422e+01
2.359786965465496422e+01
2.359786965465496422e+01
2.360886965465496701e+01
2.360886965465496701e+01
2.360886965465496701e+01
2.360886965465496701e+01
2.360886965465496701e+01
2.360886965465496701e+01
2.360986965465496468e+01
2.361086965465496235e+01
2.361186965465496712e+01
2.361186965465496712e+01
2.361286965465496479e+01
2.361386965465496246e+01
2.361486965465496723e+01
2.361486965465496723e+01
2.361586965465496490e+01
2.361786965465496735e+01
2.361886965465496502e+01
2.361886965465496502e+01
2.361986965465496269e+01
2.362086965465496391e+01
2.362186965465496513e+01
2.362186965465496513e+01
2.362286965465496280e+01
2.362486965465496525e+01
2.362486965465496525e+01
2.362586965465496291e+01
2.362886965465496303e+01
2.362886965465496303e+01
2.362886965465496303e+01
2.362986965465496425e+01
2.362986965465496425e+01
2.363286965465496436e+01
2.363386965465496559e+01
2.363386965465496559e+01
2.363486965465496326e+01
2.363686965465496570e+01
2.363786965465496337e+01
2.363786965465496337e+01
2.363886965465496459e+01
2.364086965465496348e+01
2.364186965465496471e+01
2.364186965465496471e+01
2.364286965465496593e+01
2.364486965465496482e+01
2.364586965465496604e+01
2.364586965465496604e+01
2.364586965465496604e+01
2.364986965465496382e+01
2.364986965465496382e+01
2.365086965465496505e+01
2.365086965465496505e+01
2.365186965465496627e+01
2.365286965465496394e+01
2.365486965465496638e+01
2.365486965465496638e+01
2.365886965465496417e+01
2.365886965465496417e+01
2.365886965465496417e+01
2.366086965465496661e+01
2.366086965465496661e+01
2.366086965465496661e+01
2.366386965465496672e+01
2.366386965465496672e+01
2.366686965465496684e+01
2.366686965465496684e+01
2.366686965465496684e+01
2.366986965465496695e+01
2.366986965465496695e+01
2.366986965465496695e+01
2.366986965465496695e+01
2.366986965465496695e+01
2.366986965465496695e+01
2.367986965465496496e+01
2.367986965465496496e+01
2.367986965465496496e+01
2.367986965465496496e+01
2.368086965465496263e+01
2.368186965465496385e+01
2.368186965465496385e+01
2.368286965465496507e+01
2.368586965465496519e+01
2.368586965465496519e+01
2.368586965465496519e+01
2.369186965465496542e+01
2.369186965465496542e+01
2.369186965465496542e+01
2.369286965465496309e+01
2.369286965465496309e+01
2.369486965465496553e+01
2.369686965465496442e+01
2.369686965465496442e+01
2.369686965465496442e+01
2.370186965465496343e+01
2.370186965465496343e+01
2.370286965465496465e+01
2.370386965465496587e+01
2.370586965465496476e+01
2.370686965465496598e+01
2.370886965465496488e+01
2.370886965465496488e+01
2.370886965465496488e+01
2.371386965465496388e+01
2.371386965465496388e+01
2.371486965465496510e+01
2.371586965465496633e+01
2.371686965465496399e+01
2.371886965465496644e+01
2.371986965465496411e+01
2.372086965465496533e+01
2.372286965465496422e+01
2.372286965465496422e+01
2.372286965465496422e+01
2.372286965465496422e+01
2.373286965465496223e+01
2.373286965465496223e+01
2.373286965465496223e+01
2.373286965465496223e+01
2.373486965465496468e+01
2.373486965465496468e+01
2.373686965465496712e+01
2.373886965465496246e+01
2.373986965465496723e+01
2.374186965465496257e+01
2.374386965465496502e+01
2.374486965465496269e+01
2.374586965465496391e+01
2.374686965465496513e+01
2.374986965465496525e+01
2.375086965465496291e+01
2.375386965465496303e+01
2.375386965465496303e+01
2.375786965465496436e+01
2.375786965465496436e+01
2.376086965465496448e+01
2.376186965465496570e+01
2.376286965465496337e+01
2.376586965465496348e+01
2.376586965465496348e+01
2.377186965465496371e+01
2.377186965465496371e+01
2.377286965465496493e+01
2.377486965465496382e+01
2.377586965465496505e+01
2.377886965465496516e+01
2.378186965465496527e+01
2.378386965465496417e+01
2.378386965465496417e+01
2.379186965465496684e+01
2.379186965465496684e+01
2.379186965465496684e+01
2.379486965465496695e+01
2.379886965465496473e+01
2.380086965465496718e+01
2.380286965465496252e+01
2.380786965465496507e+01
2.381086965465496519e+01
2.381086965465496519e+01
2.381086965465496519e+01
2.381086965465496519e+01
2.382586965465496576e+01
2.382586965465496576e+01
2.382586965465496576e+01
2.382886965465496587e+01
2.383186965465496598e+01
2.383386965465496488e+01
2.384186965465496399e+01
2.385186965465496556e+01
2.385186965465496556e+01
2.385186965465496556e+01
2.385186965465496556e+01
2.385186965465496556e+01
2.385186965465496556e+01
2.385186965465496556e+01
2.387886965465496303e+01
2.387886965465496303e+01
2.387886965465496303e+01
2.387886965465496303e+01
2.387886965465496303e+01
2.387886965465496303e+01
2.387886965465496303e+01
2.388486965465496326e+01
2.390086965465496505e+01
2.392886965465496729e+01
2.396486965465496510e+01
2.403386965465496417e+01
2.412486965465496525e+01
5.234222151951627211e+00
5.234222151951627211e+00
5.234222151951627211e+00
5.234222151951627211e+00
5.234222151951627211e+00
5.234222151951627211e+00
5.234222151951627211e+00
5.234222151951627211e+00
5.234222151951627211e+00
5.234222151951627211e+00
5.234222151951627211e+00
5.234222151951627211e+00
5.234222151951627211e+00
5.234222151951627211e+00
5.234222151951627211e+00
5.234222151951627211e+00
5.234222151951627211e+00
5.234222151951627211e+00
5.234222151951627211e+00
5.234222151951627211e+00
5.234222151951627211e+00
5.234222151951627211e+00
5.234222151951627211e+00
5.234222151951627211e+00
5.234222151951627211e+00
5.234222151951627211e+00
5.234222151951627211e+00
5.234222151951627211e+00
5.234222151951627211e+00
5.234222151951627211e+00
5.234222151951627211e+00
5.234222151951627211e+00
5.234222151951627211e+00
5.234222151951627211e+00
5.234222151951627211e+00
5.234222151951627211e+00
5.234222151951627211e+00
5.234222151951627211e+00
5.234222151951627211e+00
5.234222151951627211e+00
5.234222151951627211e+00
5.234222151951627211e+00
5.234222151951627211e+00
5.234222151951627211e+00
5.234222151951627211e+00
5.234222151951627211e+00
5.234222151951627211e+00
5.234222151951627211e+00
5.234222151951627211e+00
5.234222151951627211e+00
5.234222151951627211e+00
5.234222151951627211e+00
5.234222151951627211e+00
5.234222151951627211e+00
5.234222151951627211e+00
5.234222151951627211e+00
5.234222151951627211e+00
5.234222151951627211e+00
5.234222151951627211e+00
5.234222151951627211e+00
5.234222151951627211e+00
5.234222151951627211e+00
5.234222151951627211e+00
5.234222151951627211e+00
5.234222151951627211e+00
5.234222151951627211e+00
5.234222151951627211e+00
5.234222151951627211e+00
5.234222151951627211e+00
5.234222151951627211e+00
5.234222151951627211e+00
5.234222151951627211e+00
5.234222151951627211e+00
5.234222151951627211e+00
5.234222151951627211e+00
5.234222151951627211e+00
5.234222151951627211e+00
5.234222151951627211e+00
5.234222151951627211e+00
5.234222151951627211e+00
5.234222151951627211e+00
5.234222151951627211e+00
5.234222151951627211e+00
5.234222151951627211e+00
5.234222151951627211e+00
5.234222151951627211e+00
5.234222151951627211e+00
5.234222151951627211e+00
5.234222151951627211e+00
5.234222151951627211e+00
5.234222151951627211e+00
5.234222151951627211e+00
5.234222151951627211e+00
5.234222151951627211e+00
5.234222151951627211e+00
5.234222151951627211e+00
5.234222151951627211e+00
5.234222151951627211e+00
5.234222151951627211e+00
5.234222151951627211e+00
5.234222151951627211e+00
5.234222151951627211e+00
5.234222151951627211e+00
5.234222151951627211e+00
5.234222151951627211e+00
5.234222151951627211e+00
5.234222151951627211e+00
5.234222151951627211e+00
5.234222151951627211e+00
5.234222151951627211e+00
5.234222151951627211e+00
5.234222151951627211e+00
5.234222151951627211e+00
5.234222151951627211e+00
5.234222151951627211e+00
5.234222151951627211e+00
5.234222151951627211e+00
5.234222151951627211e+00
5.234222151951627211e+00
5.234222151951627211e+00
5.234222151951627211e+00
5.234222151951627211e+00
5.234222151951627211e+00
5.234222151951627211e+00
5.234222151951627211e+00
5.234222151951627211e+00
5.234222151951627211e+00
5.234222151951627211e+00
5.234222151951627211e+00
5.234222151951627211e+00
5.234222151951627211e+00
5.234222151951627211e+00
5.234222151951627211e+00
5.234222151951627211e+00
5.234222151951627211e+00
5.234222151951627211e+00
5.234222151951627211e+00
