2.735730977822137255e+00
2.735597868138045285e+00
2.734965820297063033e+00
2.536180359021877884e+00
2.479524542417133048e+00
2.107343532319261303e+00
1.874671089673819679e+00
2.071515336975013000e+00
1.859003001026233060e+00
1.817584670203421515e+00
1.503095515587774544e+00
1.192239213065643177e+00
6.050598098718085183e-01
6.458949815272400086e-01
8.665466267739516670e-01
4.918656514757572262e-01
2.847250385950000906e-01
1.463019993997583812e-01
2.408060991144053420e-01
1.894784071036032524e-01
-9.063462087557694336e-02
-2.023629043812991968e-01
-2.643140078063009324e-01
-3.706666260336943797e-01
-5.563437051012769530e-01
-6.941939070608443840e-01
-7.836855182027828715e-01
-7.459736404060577364e-01
-8.300911740465826139e-01
-5.364826326308952398e-01
-5.577595528023266969e-01
-5.767547998734190440e-01
-6.246129045886626985e-01
-7.153157478040063078e-01
-8.031236643995626201e-01
-8.146583848266513161e-01
-9.719820675479527994e-01
-1.012610332553316894e+00
-1.193989086511689335e+00
-1.090148411157986441e+00
-1.275293846058255021e+00
-1.843390941669984961e+00
-1.831536311489861957e+00
-1.097146244494793921e+00
-1.245263917405739829e+00
-8.428539611558000244e-01
-1.177997127994537152e+00
-2.280669308814397417e-02
-2.037393838891715311e-02
-1.770472751487237872e-01
-1.745081629986408311e-01
-1.731459581920363200e-01
-1.710843241690662431e-01
-1.698212812851577769e-01
-2.391370421181082673e-01
-3.965375888288495410e-01
-3.949189352114728102e-01
-3.932314291976182208e-01
-3.911685576622411231e-01
-3.878886808387804752e-01
-2.364094606677770383e+00
-2.341691873007491154e+00
-2.376743084865295508e+00
-2.336094175148121010e+00
-1.848234929878414423e+00
-1.633006777441668333e+00
-1.558485103704054575e+00
-1.447045380532607117e+00
-1.651882470691845128e+00
-1.727038278046914455e+00
-7.393758836738938411e-01
-7.377500504242398005e-01
-7.367141938027939041e-01
-7.355693521301707172e-01
-7.336247550833080444e-01
-1.091899410074433918e+00
-1.090416683772371664e+00
-1.088336991432012457e+00
-7.945839132364757029e-01
-2.297251083297020546e+00
-3.138255824612386835e+00
-3.116865327859118739e+00
-3.107286082365672275e+00
-3.104165410093205679e+00
-3.092985823369160503e+00
-2.754895372072520221e+00
-2.639928387709143287e+00
-2.556852119529700040e+00
-2.461015470277303496e+00
-2.442650769246930587e+00
-2.393872280890989579e+00
-2.408213596963936443e+00
-2.422309247875202409e+00
-3.335000045832652749e+00
-1.240809081043829920e+00
-1.239259775577711720e+00
-1.238506442399629481e+00
-1.237062498946236433e+00
-1.235630310042161506e+00
-1.234245106747345666e+00
-1.233673767804879917e+00
-1.232739528787788474e+00
-1.231417909116303777e+00
-1.230691112207902949e+00
-1.630939386672809466e+00
-1.629899358542761689e+00
-1.628903456823675322e+00
-1.628328633944221782e+00
-1.627607749710620721e+00
-1.626670432656010856e+00
-1.625707951295896958e+00
-1.624244974112106554e+00
-1.623402891745546750e+00
-1.622792884990177376e+00
-1.621401949797495190e+00
-1.620803634638644075e+00
-1.620090933004822320e+00
-1.618417655641092523e+00
-1.617941838336013127e+00
-1.616284429388276767e+00
-2.064552191679779547e+00
-2.064207488929067580e+00
-2.063388043784604609e+00
-2.062496718169118726e+00
-2.061525016999995685e+00
-1.604737546587298613e+00
-2.048661010753694001e+00
-2.835034203437109213e+00
-4.218016653220898249e+00
-4.177306165660074733e+00
-4.158888300745082311e+00
-4.142866674805023131e+00
-4.132185956465015408e+00
-4.126241267540081914e+00
-4.119096083270680886e+00
-4.050072833069436662e+00
-4.050725007441998926e+00
-4.054532190681359616e+00
-4.075645770765690123e+00
-4.069308392315067024e+00
-4.044246754917650399e+00
-3.909134868936714025e+00
-3.808507817228209635e+00
-3.772169462951454832e+00
-3.724715458672082313e+00
-3.696866006310868258e+00
-3.674269843868625429e+00
-3.648182035643395604e+00
-3.657739744086461631e+00
-3.630155080789090327e+00
-3.638789386281897187e+00
-3.640511881282442186e+00
-3.617915055441676575e+00
-3.726523110289189145e+00
-4.107116389686476410e+00
-2.290320193074428357e+00
-2.290320193074428357e+00
-2.288858469150443664e+00
-2.289341598545125755e+00
-2.289341598545125755e+00
-2.287745960578149607e+00
-2.287745960578149607e+00
-2.286265103747997518e+00
-2.286265103747997518e+00
-2.341009134530995794e+00
-2.339203785582866679e+00
-2.339203785582866679e+00
-2.337436056913605231e+00
-2.337436056913605231e+00
-2.337436056913605231e+00
-2.831380070166361840e+00
-2.831536423178500961e+00
-2.830112204727002201e+00
-2.830112204727002201e+00
-2.830112204727002201e+00
-2.829464384926432263e+00
-2.829812789280263807e+00
-2.828566215160228214e+00
-2.828566215160228214e+00
-2.827333819025104944e+00
-2.827401634058627433e+00
-2.826581059380969041e+00
-2.826581059380969041e+00
-2.826581059380969041e+00
-2.842765915307733149e+00
-2.842881096357639414e+00
-2.842091094211503854e+00
-2.842091094211503854e+00
-2.841285353599625196e+00
-2.841285353599625196e+00
-2.840078203026147996e+00
-2.840481160720733200e+00
-2.839290861500726404e+00
-2.839290861500726404e+00
-2.838190502338548082e+00
-2.838190502338548082e+00
-2.837597227044213355e+00
-2.837738807984235390e+00
-2.836676112478500933e+00
-2.836676112478500933e+00
-2.835946086874422178e+00
-2.835223873433214248e+00
-2.835223873433214248e+00
-2.834185126489807249e+00
-2.834185126489807249e+00
-2.833176911692185662e+00
-2.833566628014659639e+00
-2.832468480995289362e+00
-2.831487219195761185e+00
-2.831487219195761185e+00
-2.830510167470839722e+00
-2.830901771028663916e+00
-2.830294997373314025e+00
-2.829327275282887300e+00
-2.829327275282887300e+00
-2.828825320277013500e+00
-3.335385831555817138e+00
-3.335429866899643159e+00
-3.335088682208475319e+00
-3.334729287330962855e+00
-3.334538778693304728e+00
-3.334298123329538122e+00
-3.333966822621578618e+00
-3.334311330341875212e+00
-3.333973767533812804e+00
-3.333386616154575766e+00
-3.333044377910440836e+00
-3.333044377910440836e+00
-3.332735440344183786e+00
-3.332128084497105291e+00
-3.331796086514365651e+00
-3.331468709742294809e+00
-3.331468709742294809e+00
-3.330847363643566261e+00
-3.330523226426714611e+00
-3.330382126453967473e+00
-3.330183683144031459e+00
-3.329777050671622440e+00
-3.329089638657217076e+00
-3.328498626949869088e+00
-3.327916989647405011e+00
-3.326859414062751430e+00
-2.803157323078055985e+00
-3.317169968901954036e+00
-3.315465334300543354e+00
-3.550417840014212345e+00
-3.792646537754500002e+00
-4.111519304697147881e+00
-4.488851372365509462e+00
-4.951146611498499439e+00
-5.183100871421683742e+00
-5.049706999278966713e+00
-5.028217759045221946e+00
-5.028217759045221946e+00
-5.007300180115346500e+00
-4.992222506507103752e+00
-4.991985083737752404e+00
-4.980900520852830304e+00
-4.977937253430360975e+00
-4.968545680092808503e+00
-4.959922763240664167e+00
-4.959922763240664167e+00
-4.950756778753066634e+00
-4.948585089559745853e+00
-4.943734982196418493e+00
-4.936834097890258732e+00
-4.935115724386236025e+00
-4.932635560025754984e+00
-4.931622071246296812e+00
-4.928027854259009466e+00
-4.928147288135130921e+00
-4.929148077738787492e+00
-4.931227959129484084e+00
-4.932043323966008863e+00
-4.883678927255800772e+00
-4.883678927255800772e+00
-4.904666008146189249e+00
-4.907794430671703623e+00
-4.922908365337262282e+00
-4.935337461545843851e+00
-4.953335226945012160e+00
-4.907245526495887411e+00
-4.918948452203828481e+00
-4.931884201471441465e+00
-4.947821361361662618e+00
-4.951532124353031250e+00
-4.904984840442006444e+00
-4.912610909169297102e+00
-4.919970565281261976e+00
-4.892652258434320167e+00
-5.084877636199703232e+00
-5.090254811019309322e+00
-5.100287970150333194e+00
-5.116863244731280957e+00
-5.118823443191211631e+00
-5.124219504193898267e+00
-5.070452856743639991e+00
-5.078298081111565665e+00
-5.082115868927581381e+00
-5.084728224885337156e+00
-5.041831592788351024e+00
-5.093918347094485988e+00
-5.093918347094485988e+00
-5.091767245061877389e+00
-5.091767245061877389e+00
-5.069612449656163200e+00
-5.069622328106635933e+00
-5.069179219175862450e+00
-5.116159041337536628e+00
-5.171761624877223795e+00
-5.321470265267853605e+00
-5.314419672923990312e+00
-5.378005584752544976e+00
-5.365160498065494998e+00
-5.517951313386825873e+00
-3.817794064530330544e+00
-3.817794064530330544e+00
-3.816952153252355373e+00
-3.816952153252355373e+00
-3.816952153252355373e+00
-3.816065600241843381e+00
-3.816065600241843381e+00
-3.815211222403250169e+00
-3.815371020963361559e+00
-3.815599095593776635e+00
-3.814697884319348198e+00
-3.814809385456671365e+00
-3.814809385456671365e+00
-4.084139384035009535e+00
-4.084425722010255555e+00
-4.083921838927118131e+00
-4.083921838927118131e+00
-4.083921838927118131e+00
-4.083390688058486262e+00
-4.083390688058486262e+00
-4.082623624960912245e+00
-4.082623624960912245e+00
-4.082623624960912245e+00
-4.082147891570565790e+00
-4.082147891570565790e+00
-4.081631040120510256e+00
-4.081631040120510256e+00
-4.081166904586109645e+00
-4.081166904586109645e+00
-4.080420183990352001e+00
-4.080420183990352001e+00
-4.080420183990352001e+00
-4.080393580277299037e+00
-4.080595410889347185e+00
-4.080145087123015379e+00
-4.080145087123015379e+00
-4.079666464371742407e+00
-4.079666464371742407e+00
-4.078934629807583256e+00
-4.078934629807583256e+00
-4.145296308025216092e+00
-4.145448105132711447e+00
-4.145034648269225741e+00
-4.145034648269225741e+00
-4.144651198049364993e+00
-4.144651198049364993e+00
-4.143823769313769390e+00
-4.143823769313769390e+00
-4.143391180008667796e+00
-4.142963709104021675e+00
-4.143268996778386004e+00
-4.142769699438722419e+00
-4.142769699438722419e+00
-4.142283702090215236e+00
-4.141999857852213474e+00
-4.141355243850041390e+00
-4.140901881352071712e+00
-4.140602492948152857e+00
-4.139936988178833488e+00
-4.139444031908901422e+00
-4.070683208364267003e+00
-4.068804782356932215e+00
-3.783823554528600752e+00
-4.056458825892183206e+00
-4.054417864202757293e+00
-4.123563501977550949e+00
-4.122671554067291133e+00
-4.122011607019630652e+00
-4.492506497275478239e+00
-4.492962873277078550e+00
-4.754269594686167721e+00
-4.965683864888026378e+00
-5.090328297535615221e+00
-5.274214314736171971e+00
-5.348015214442837006e+00
-5.622368872127077921e+00
-5.782681240819179003e+00
-5.968178364963826255e+00
-5.977065748901994269e+00
-5.804988435901877963e+00
-5.778792471410649334e+00
-5.761225385681009392e+00
-5.745277731309580638e+00
-5.745282989476310220e+00
-5.726650745290662314e+00
-5.713450861674258086e+00
-5.697685910099342443e+00
-5.683950432279764264e+00
-5.680641023567491565e+00
-5.657918920932767826e+00
-5.648905796789295941e+00
-5.636549682982679776e+00
-5.636549682982679776e+00
-5.620932779254722789e+00
-5.565111132926128690e+00
-5.548742688757862140e+00
-5.548742688757862140e+00
-5.543044702469385854e+00
-5.536635418328627267e+00
-5.530282197137757372e+00
-5.530282197137757372e+00
-5.525587570584177932e+00
-5.525211407977580258e+00
-5.522068099446444833e+00
-5.523272113703112218e+00
-5.526132083889979896e+00
-5.530783628251565887e+00
-5.537442788478178279e+00
-5.545984895127396008e+00
-5.556444433518435311e+00
-5.568779444349332586e+00
-5.520772341334055255e+00
-5.536670149018309672e+00
-5.563594208567578470e+00
-5.579572157532777688e+00
-5.533228220140576248e+00
-5.548688573208027996e+00
-5.557018175283015893e+00
-5.554008555095618860e+00
-5.554008555095618860e+00
-5.586573122262141311e+00
-5.586573122262141311e+00
-5.586573122262141311e+00
-5.586573122262141311e+00
-5.589265973289118783e+00
-5.590554875525953982e+00
-5.593593477406427539e+00
-5.597459409423213295e+00
-5.600083173442713225e+00
-5.602963015739349295e+00
-5.606862208958844462e+00
-5.610514629223449568e+00
-5.610562125320245563e+00
-5.573376953337321638e+00
-5.575714627867623285e+00
-5.579931257013029722e+00
-5.582978784672865125e+00
-5.584198809162752575e+00
-5.589308923779406690e+00
-5.590001004145613628e+00
-5.592188714189175514e+00
-5.596372476380827798e+00
-5.596382865569803577e+00
-5.608469620734280348e+00
-5.608469620734280348e+00
-5.608469620734280348e+00
-5.605604123058376409e+00
-5.618041033096950798e+00
-5.618041033096950798e+00
-5.617930354039277319e+00
-5.617950984645518453e+00
-5.624959539387051954e+00
-5.624959539387051954e+00
-5.622064736606940727e+00
-5.633146407540847278e+00
-5.633146407540847278e+00
-5.637872262064910878e+00
-5.637872262064910878e+00
-5.685624854226563940e+00
-5.685624854226563940e+00
-6.130760302271808015e+00
-6.130760302271808015e+00
-6.130765853442387225e+00
-6.130765853442387225e+00
-6.140558743009521869e+00
-6.140149739661874051e+00
-6.140744131080587920e+00
-6.140744131080587920e+00
-6.146167764181101667e+00
-6.146180640811434337e+00
-6.153624747300808551e+00
-6.153624747300808551e+00
-6.153624747300808551e+00
-6.154382943410654505e+00
-6.154382943410654505e+00
-6.155912482124302976e+00
-6.155912482124302976e+00
-6.220318550752728548e+00
-6.220318550752728548e+00
-6.214809756882078595e+00
-6.214455555346938276e+00
-6.214455555346938276e+00
-6.214548315579579096e+00
-6.214548315579579096e+00
-6.214548315579579096e+00
-6.212056739318271958e+00
-6.212056739318271958e+00
-6.264621123217906984e+00
-6.264621123217906984e+00
-6.264621123217906984e+00
-6.264631299512247509e+00
-6.243135541033968394e+00
-6.243135541033968394e+00
-6.367842194741782258e+00
-4.813215032974783369e+00
-4.813556905391108920e+00
-4.813556905391108920e+00
-4.812383657389121439e+00
-4.812383657389121439e+00
-4.812646891720349984e+00
-4.812646891720349984e+00
-4.812646891720349984e+00
-4.812646891720349984e+00
-4.811437667538505991e+00
-4.811437667538505991e+00
-4.811437667538505991e+00
-4.811568761700491415e+00
-4.811568761700491415e+00
-4.811568761700491415e+00
-4.810469059680644754e+00
-4.810469059680644754e+00
-4.810469059680644754e+00
-4.810469059680644754e+00
-4.810469059680644754e+00
-4.810469059680644754e+00
-4.809233972398342161e+00
-4.809603316594968980e+00
-4.809603316594968980e+00
-4.809603316594968980e+00
-4.809603316594968980e+00
-4.808461919765805170e+00
-4.808461919765805170e+00
-4.808461919765805170e+00
-4.808670352344095456e+00
-4.808670352344095456e+00
-4.808670352344095456e+00
-4.807428749920771516e+00
-4.807428749920771516e+00
-4.807428749920771516e+00
-4.807696463730912306e+00
-4.808161492798282310e+00
-4.890746257298163258e+00
-4.890746257298163258e+00
-4.890746257298163258e+00
-4.890794040779254281e+00
-4.890794040779254281e+00
-4.889613701245036914e+00
-4.890089613152653669e+00
-4.890089613152653669e+00
-4.890089613152653669e+00
-4.890089613152653669e+00
-4.890089613152653669e+00
-4.889011337803124135e+00
-4.889011337803124135e+00
-4.889011337803124135e+00
-4.889011337803124135e+00
-4.889011337803124135e+00
-4.888041221249133983e+00
-4.888041221249133983e+00
-4.888162561303461828e+00
-4.888162561303461828e+00
-4.888310148562664104e+00
-4.887216740641657786e+00
-4.887216740641657786e+00
-4.887216740641657786e+00
-4.887216740641657786e+00
-5.259386942780849061e+00
-5.259386942780849061e+00
-5.259386942780849061e+00
-5.259983121326831323e+00
-5.259983121326831323e+00
-5.259459620155336523e+00
-5.259459620155336523e+00
-5.259459620155336523e+00
-5.259459620155336523e+00
-5.259060063797081241e+00
-5.258772127727628920e+00
-5.258772127727628920e+00
-5.258772127727628920e+00
-5.258889474928449381e+00
-5.258889474928449381e+00
-5.258319754890575126e+00
-5.258319754890575126e+00
-5.258319754890575126e+00
-5.258319754890575126e+00
-5.257815570009095829e+00
-5.257815570009095829e+00
-5.258004592215540285e+00
-5.257606122844579843e+00
-5.257606122844579843e+00
-5.257397724786279092e+00
-5.257397724786279092e+00
-5.257397724786279092e+00
-5.257397724786279092e+00
-5.256927762892249945e+00
-5.256927762892249945e+00
-5.256927762892249945e+00
-5.256927762892249945e+00
-5.256629920038972337e+00
-5.256629920038972337e+00
-5.256629920038972337e+00
-5.256237993178232593e+00
-5.256237993178232593e+00
-5.255770531182911931e+00
-5.255770531182911931e+00
-5.255770531182911931e+00
-5.255770531182911931e+00
-5.255178080154033537e+00
-5.255178080154033537e+00
-5.255178080154033537e+00
-5.255178080154033537e+00
-5.255165181147005704e+00
-5.255401943832863410e+00
-5.356982471297643045e+00
-5.356982471297643045e+00
-5.356091134609166637e+00
-5.356091134609166637e+00
-5.356091134609166637e+00
-5.356091134609166637e+00
-5.355296516627202408e+00
-5.355296516627202408e+00
-5.355296516627202408e+00
-5.354509885707988914e+00
-5.354509885707988914e+00
-5.354509885707988914e+00
-5.354509885707988914e+00
-5.805598143755082319e+00
-5.805796962101324787e+00
-5.805796962101324787e+00
-5.805796962101324787e+00
-5.805380753287661122e+00
-5.805597289758081203e+00
-5.805597289758081203e+00
-5.805196439597714253e+00
-5.805196439597714253e+00
-5.805359062075840626e+00
-5.805359062075840626e+00
-5.804996975595654973e+00
-5.804690414554907640e+00
-5.804690414554907640e+00
-5.804202560551829926e+00
-5.804202560551829926e+00
-5.804202560551829926e+00
-5.804302907104295528e+00
-5.803851818780906058e+00
-5.803851818780906058e+00
-5.803851818780906058e+00
-5.803432565140217214e+00
-5.803432565140217214e+00
-5.803637127321859879e+00
-5.802957278672502994e+00
-5.802957278672502994e+00
-5.802810073081849040e+00
-5.802497338560052675e+00
-5.802347625921068897e+00
-5.802171589094507809e+00
-5.802013203069468439e+00
-5.801837235876677212e+00
-5.801358412041993873e+00
-5.800884205202824440e+00
-5.800568304396198194e+00
-5.799952486105516947e+00
-5.799313061138509973e+00
-5.340985151931097796e+00
-5.339824092686360046e+00
-5.336915998557100416e+00
-5.331465585444017385e+00
-4.894789807606739096e+00
-4.887317989813325880e+00
-5.312568988770275169e+00
-5.310440739231579776e+00
-5.309153310775550416e+00
-5.308002172035464206e+00
-5.307045154919503460e+00
-5.306359859876526919e+00
-5.305778658077837662e+00
-5.304909799485725053e+00
-5.303790089486510873e+00
-5.778729295252532872e+00
-5.778086523764340399e+00
-5.777704297067434602e+00
-5.777252655689927963e+00
-5.776964678185148472e+00
-6.006513879699730829e+00
-6.006597339465960417e+00
-6.180915528894500355e+00
-6.181095458755841321e+00
-6.336087468296717873e+00
-6.472444647892609204e+00
-6.538874963603245938e+00
-6.590303989922507988e+00
-6.624667849886956894e+00
-6.678506864846239566e+00
-6.726667531953069989e+00
-6.774630865151980430e+00
-6.846221100139533000e+00
-6.873157515269094020e+00
-6.848578294875560246e+00
-6.837013879352145551e+00
-6.963270814406183895e+00
-6.963270814406183895e+00
-7.051095263696860904e+00
-7.051095263696860904e+00
-7.162007840594617036e+00
-7.162007840594617036e+00
-7.236037841984364505e+00
-7.236051460153806403e+00
-7.298272513327720645e+00
-7.298130670058488256e+00
-7.358693490335500798e+00
-7.358693490335500798e+00
-7.429562241174043180e+00
-7.429562241174043180e+00
-7.552566208738435094e+00
-7.552566208738435094e+00
-7.620374371581021933e+00
-7.684964048021933891e+00
-7.684964048021933891e+00
-7.748143257364763947e+00
-7.748143257364763947e+00
-7.815521767056775815e+00
-7.815528951013170911e+00
-7.935080116250581739e+00
-7.935080116250581739e+00
-7.844901517584871975e+00
-7.844901517584871975e+00
-7.821976924374710372e+00
-7.821806238493442365e+00
-7.966069235642597945e+00
-7.963525073310200320e+00
-8.057918458884952173e+00
-8.057918458884952173e+00
-8.163889121756719547e+00
-8.163889121756719547e+00
-8.344490922922245701e+00
-8.344490922922245701e+00
-8.491648977308843271e+00
-6.045281581665221005e+00
-6.045281581665221005e+00
-6.043985356989882263e+00
-6.043985356989882263e+00
-6.043985356989882263e+00
-6.043985356989882263e+00
-6.043985356989882263e+00
-6.043985356989882263e+00
-6.044363367405675369e+00
-6.044363367405675369e+00
-6.044363367405675369e+00
-6.044363367405675369e+00
-6.042736788770925571e+00
-6.042736788770925571e+00
-6.042736788770925571e+00
-6.042736788770925571e+00
-6.042736788770925571e+00
-6.042736788770925571e+00
-6.042736788770925571e+00
-6.043155961587726388e+00
-6.043155961587726388e+00
-6.043155961587726388e+00
-6.043155961587726388e+00
-6.041498311221387141e+00
-6.041498311221387141e+00
-6.041989549808907789e+00
-6.041989549808907789e+00
-6.042406826148048360e+00
-6.042777266359507848e+00
-6.042777266359507848e+00
-6.042777266359507848e+00
-6.042777266359507848e+00
-6.041291846536521959e+00
-6.041291846536521959e+00
-6.041291846536521959e+00
-6.041291846536521959e+00
-6.041291846536521959e+00
-6.041291846536521959e+00
-6.041291846536521959e+00
-6.041291846536521959e+00
-6.041291846536521959e+00
-6.041291846536521959e+00
-6.039719440442534726e+00
-6.039719440442534726e+00
-6.039719440442534726e+00
-6.040105653071297986e+00
-6.040105653071297986e+00
-6.040105653071297986e+00
-6.040105653071297986e+00
-6.040105653071297986e+00
-6.040105653071297986e+00
-6.040105653071297986e+00
-6.038489739756989216e+00
-6.038887327004724526e+00
-6.039281768342286583e+00
-6.039281768342286583e+00
-6.039281768342286583e+00
-6.039281768342286583e+00
-6.039281768342286583e+00
-6.039281768342286583e+00
-6.039281768342286583e+00
-6.037747780150787058e+00
-6.038127992708400171e+00
-6.038127992708400171e+00
-6.038127992708400171e+00
-6.038127992708400171e+00
-6.038127992708400171e+00
-6.038127992708400171e+00
-6.038292976168774473e+00
-6.038292976168774473e+00
-6.038292976168774473e+00
-6.036834617740135300e+00
-6.037166545585513688e+00
-6.037166545585513688e+00
-6.037166545585513688e+00
-6.037166545585513688e+00
-6.037166545585513688e+00
-6.037166545585513688e+00
-6.037166545585513688e+00
-6.037166545585513688e+00
-6.036299869327670820e+00
-6.036670666719680334e+00
-6.036670666719680334e+00
-6.036670666719680334e+00
-6.036670666719680334e+00
-6.036670666719680334e+00
-6.036670666719680334e+00
-6.037087600980328261e+00
-6.037087600980328261e+00
-6.035690349978191982e+00
-6.035690349978191982e+00
-6.035690349978191982e+00
-6.035690349978191982e+00
-6.035690349978191982e+00
-6.035690349978191982e+00
-6.035690349978191982e+00
-6.036041986201372112e+00
-6.036041986201372112e+00
-6.316201528166425661e+00
-6.316201528166425661e+00
-6.316201528166425661e+00
-6.316201528166425661e+00
-6.316201528166425661e+00
-6.316201528166425661e+00
-6.316201528166425661e+00
-6.316201528166425661e+00
-6.315234969065261161e+00
-6.315234969065261161e+00
-6.315234969065261161e+00
-6.315234969065261161e+00
-6.315234969065261161e+00
-6.315234969065261161e+00
-6.315453040954727371e+00
-6.315712569326442427e+00
-6.315712569326442427e+00
-6.314467487919554145e+00
-6.314467487919554145e+00
-6.314467487919554145e+00
-6.314467487919554145e+00
-6.314467487919554145e+00
-6.314467487919554145e+00
-6.314864337179403542e+00
-6.314864337179403542e+00
-6.313681562523874469e+00
-6.313681562523874469e+00
-6.313681562523874469e+00
-6.313681562523874469e+00
-6.313681562523874469e+00
-6.313681562523874469e+00
-6.313681562523874469e+00
-6.313896940466641183e+00
-6.314253072117362642e+00
-6.313091654925926832e+00
-6.313091654925926832e+00
-6.313091654925926832e+00
-6.313091654925926832e+00
-6.313091654925926832e+00
-6.313091654925926832e+00
-6.313091654925926832e+00
-6.313091654925926832e+00
-6.311961346182534349e+00
-6.311961346182534349e+00
-6.311961346182534349e+00
-6.312164404167323717e+00
-6.312164404167323717e+00
-6.312164404167323717e+00
-6.312382362236444777e+00
-6.312539205951155807e+00
-6.355863460350579253e+00
-6.355863460350579253e+00
-6.355863460350579253e+00
-6.356182517569323842e+00
-6.356182517569323842e+00
-6.356549832468995298e+00
-6.356549832468995298e+00
-6.356549832468995298e+00
-6.355453822267273623e+00
-6.355811496568673391e+00
-6.355811496568673391e+00
-6.355811496568673391e+00
-6.355811496568673391e+00
-6.356003467311996502e+00
-6.356003467311996502e+00
-6.354914603843239362e+00
-6.354914603843239362e+00
-6.354914603843239362e+00
-6.354914603843239362e+00
-6.354914603843239362e+00
-6.354914603843239362e+00
-6.354914603843239362e+00
-6.354914603843239362e+00
-6.353991870469053893e+00
-6.353991870469053893e+00
-6.353991870469053893e+00
-6.353991870469053893e+00
-6.353991870469053893e+00
-6.353991870469053893e+00
-6.354184086689699029e+00
-6.591696525613559565e+00
-6.591696525613559565e+00
-6.591696525613559565e+00
-6.592026674088990568e+00
-6.592026674088990568e+00
-6.592026674088990568e+00
-6.592026674088990568e+00
-6.592386145724917768e+00
-6.591518181824358891e+00
-6.591518181824358891e+00
-6.591518181824358891e+00
-6.591518181824358891e+00
-6.591518181824358891e+00
-6.591726227829589391e+00
-6.591726227829589391e+00
-6.590813420921501908e+00
-6.590813420921501908e+00
-6.590813420921501908e+00
-6.590813420921501908e+00
-6.590813420921501908e+00
-6.590813420921501908e+00
-6.590813420921501908e+00
-6.589926208432721921e+00
-6.589926208432721921e+00
-6.589926208432721921e+00
-6.589926208432721921e+00
-6.589926208432721921e+00
-6.590254617527120828e+00
-6.590254617527120828e+00
-6.589668865859340308e+00
-6.589643244865760252e+00
-6.589643244865760252e+00
-6.589643244865760252e+00
-6.589643244865760252e+00
-6.589643244865760252e+00
-6.589019187025407120e+00
-6.589019187025407120e+00
-6.589019187025407120e+00
-6.589019187025407120e+00
-6.589388538049312238e+00
-6.589388538049312238e+00
-6.589507577100271796e+00
-6.588586780294114931e+00
-6.588586780294114931e+00
-6.588586780294114931e+00
-6.588559801582182907e+00
-6.588559801582182907e+00
-6.588559801582182907e+00
-6.588559801582182907e+00
-6.587723947387757129e+00
-6.587723947387757129e+00
-6.588051990888795117e+00
-6.588367281838592326e+00
-6.588367281838592326e+00
-6.588367281838592326e+00
-6.835953108218338237e+00
-6.835953108218338237e+00
-6.835953108218338237e+00
-6.835953108218338237e+00
-6.835953108218338237e+00
-6.929880505016492442e+00
-6.929110896156902122e+00
-6.929110896156902122e+00
-6.929110896156902122e+00
-6.929110896156902122e+00
-6.929110896156902122e+00
-6.929110896156902122e+00
-6.928375556984427419e+00
-6.928375556984427419e+00
-6.928375556984427419e+00
-6.928375556984427419e+00
-6.924742602408078262e+00
-6.924742602408078262e+00
-6.923861907084268630e+00
-6.924235445571400582e+00
-6.924235445571400582e+00
-6.924235445571400582e+00
-6.924235445571400582e+00
-6.924235445571400582e+00
-6.923455603861250474e+00
