2.920120134376219312e+00
2.920729885860439801e+00
2.921050223160369885e+00
2.437359103060763754e+00
2.652226313439754790e+00
2.681767535426048177e+00
2.616654437938183086e+00
2.556379291108932694e+00
2.465542487368949764e+00
2.365284797319709309e+00
2.258657581219724708e+00
2.134823338055337416e+00
1.947660984639414394e+00
1.917268398467787405e+00
1.732502373517384786e+00
1.618937337090091910e+00
1.530935762588483184e+00
1.416763245703249741e+00
1.398141403664930227e+00
1.258855505577715750e+00
1.183045839053322945e+00
1.091114628609495707e+00
1.008387302339732061e+00
9.043158033605573909e-01
7.502644726947296228e-01
7.125208173194996775e-01
7.172886480487759009e-01
6.569596798719524733e-01
6.019397350397613922e-01
5.660421982459653556e-01
5.300122278913581564e-01
4.751852608914018949e-01
3.843999172665765740e-01
2.714241076438589917e-01
2.456376503545758261e-01
2.164472164291367240e-01
1.178540256682747284e-01
1.339394525550124948e-01
-1.596763623837425539e-01
-7.039162054054538820e-02
-1.053398737482411363e-01
-1.759504538546157945e-02
-6.694457054193120316e-02
2.210295815301130395e-01
2.221429165542967987e-01
9.742094401061986153e-02
3.733110306508212461e-02
3.909186265793854892e-02
4.059957441549980062e-02
4.276241978236309388e-02
-7.936113930862084831e-02
-7.854912181108641978e-02
-7.633638108047287318e-02
2.066776837353797858e-01
-7.542473897739717659e-01
-6.894215569496842111e-01
-6.067179151223538458e-01
-5.035161871351686580e-01
-3.829439794580237200e-01
-4.887579412025018222e-01
-4.509902621702682746e-01
-4.516222013399069368e-01
-1.426381553713325534e+00
-3.356706810805020758e-01
-3.339230929337230203e-01
-3.332259536967735469e-01
-3.315091366634084213e-01
-4.816884810334108868e-01
-3.271386703977437471e-01
-4.289862670361177521e-01
-1.355795927189381356e+00
-1.281833431115293909e+00
-1.179089839682349483e+00
-1.047257167737131178e+00
-1.050929163842506231e+00
-8.934514459433788858e-01
-9.254084115482418271e-01
-9.274006465798951826e-01
-7.627549358271691338e-01
-7.189845730081058095e-01
-9.021941102250412570e-01
-1.625668903417013977e+00
-7.956430201224909959e-01
-7.951584044502066906e-01
-7.946890565817685825e-01
-7.938173707402570445e-01
-7.934221643581387262e-01
-7.920955559355441489e-01
-7.912663494194419611e-01
-7.908868049769074426e-01
-7.903355884973151113e-01
-7.895733922096299651e-01
-7.888419925325603765e-01
-7.877477138595900819e-01
-7.869996474583026425e-01
-7.859024890740400338e-01
-7.855724977965969913e-01
-7.841693852761280059e-01
-9.837451514925044105e-01
-9.830252941019520518e-01
-9.824307498264464034e-01
-9.813987595051958390e-01
-9.803348274716707778e-01
-9.796629830741359068e-01
-7.758314658430057742e-01
-7.634835978761411734e-01
-9.152166119784028719e-01
-1.598917018219030428e+00
-2.278114620050919026e+00
-2.190756986280588237e+00
-2.051175184636749638e+00
-2.057425058245056171e+00
-1.840816838571994518e+00
-1.844498842152152873e+00
-1.845423421390151253e+00
-1.585701072968547898e+00
-1.617973609301903037e+00
-1.619227744454099227e+00
-1.619872894412198061e+00
-1.621424038208622687e+00
-1.621971687324387679e+00
-1.623233102556728369e+00
-1.366853857790250037e+00
-1.366902658694920891e+00
-1.625672649972841111e+00
-1.593695558963801329e+00
-1.595501429611954070e+00
-1.595655408893076999e+00
-2.477564277774605639e+00
-3.317979639716474694e+00
-1.329855137638268792e+00
-1.328846374481971626e+00
-1.328846374481971626e+00
-1.328353801272157408e+00
-1.328353801272157408e+00
-1.327353559025632457e+00
-1.327925447148191163e+00
-1.326965265917973147e+00
-1.327599220684058778e+00
-1.327138764622946665e+00
-1.326176115356008545e+00
-1.326176115356008545e+00
-1.325237255540151260e+00
-1.325800051502028731e+00
-1.325003479825418662e+00
-1.550917365341850873e+00
-1.551199979060412737e+00
-1.551054912062567404e+00
-1.551054912062567404e+00
-1.550665669850591177e+00
-1.550002744203194949e+00
-1.550002744203194949e+00
-1.549367516023963054e+00
-1.548980845740901113e+00
-1.548980845740901113e+00
-1.548937005014727530e+00
-1.548562991771868180e+00
-1.548562991771868180e+00
-1.547957610186232236e+00
-1.547593002494077608e+00
-1.547121447882788381e+00
-1.547121447882788381e+00
-1.546777460930602865e+00
-1.546178091030228741e+00
-1.546112625763048865e+00
-1.546112625763048865e+00
-1.545812491896901397e+00
-1.545217731924004356e+00
-1.544615684125790533e+00
-1.544302041192288533e+00
-1.544302041192288533e+00
-1.543718338270111623e+00
-1.543954817294836968e+00
-1.543369960040873679e+00
-1.542797490185556786e+00
-1.542483909903172634e+00
-1.542040065739607835e+00
-1.541449020832719397e+00
-1.541130718562889301e+00
-1.540520348113198379e+00
-1.540346518080027094e+00
-1.540042680304763989e+00
-1.539267120740962724e+00
-1.538404471521884087e+00
-1.537626786215717356e+00
-1.536183425014816306e+00
-1.533133206921730274e+00
-1.524700380579995018e+00
-1.521544259220596773e+00
-1.519582492264381024e+00
-1.517907506966535536e+00
-1.770790817368406600e+00
-1.769869155475344957e+00
-1.749132112735495514e+00
-2.292621788981817232e+00
-2.497942544883974936e+00
-2.794583404221240297e+00
-2.766109029090998206e+00
-2.730283639497621095e+00
-2.736784557040460530e+00
-2.692557553621170552e+00
-2.695420355072421614e+00
-2.700521061637371378e+00
-2.704307448423387328e+00
-2.708449470030877659e+00
-2.713797500377199690e+00
-2.714821378571174559e+00
-2.720570439815207742e+00
-2.725840890443491205e+00
-2.571485234233884754e+00
-2.573794647542649638e+00
-2.577263140277658682e+00
-2.580257496358759894e+00
-2.583066149419014579e+00
-2.584212826699112675e+00
-2.587728556341919894e+00
-2.590181222212000200e+00
-2.592551935753533598e+00
-2.597450382169535388e+00
-2.597874003608462878e+00
-2.601411196639458190e+00
-2.602333708186764571e+00
-2.605742938377566542e+00
-2.608675775639536010e+00
-2.609724756158608994e+00
-2.615056645944851432e+00
-2.614920617472451969e+00
-2.618287348414789051e+00
-2.619362318130782796e+00
-2.622051193504989719e+00
-2.624180879016275281e+00
-2.626818759809772086e+00
-2.630091822803084955e+00
-2.631824913677156541e+00
-2.633375362611590109e+00
-2.635559508051853683e+00
-2.637188058873009222e+00
-2.639434102815284344e+00
-2.651133960896875141e+00
-2.643732866327897391e+00
-2.647961745371880227e+00
-2.651634671566782675e+00
-2.852328223957546705e+00
-3.226032961034262403e+00
-3.631710550439222196e+00
-2.237475783092316650e+00
-2.236789522609017755e+00
-2.236789522609017755e+00
-2.237008295946616876e+00
-2.237008295946616876e+00
-2.236302962016865958e+00
-2.236302962016865958e+00
-2.235655229233380670e+00
-2.236759190977797296e+00
-2.236071708130925817e+00
-2.236071708130925817e+00
-2.235416502271596606e+00
-2.234737230773776506e+00
-2.234737230773776506e+00
-2.234845157124202508e+00
-2.234845157124202508e+00
-2.234165637238196833e+00
-2.234165637238196833e+00
-2.233477515412854331e+00
-2.233579756732670951e+00
-2.233579756732670951e+00
-2.232860815179845027e+00
-2.233138552695258294e+00
-2.232426981966355584e+00
-2.232431957118178989e+00
-2.232431957118178989e+00
-2.231660344932585360e+00
-2.231183020540563611e+00
-2.230664115235247547e+00
-2.230860201104497342e+00
-2.230275867910275878e+00
-2.229698790536461139e+00
-2.228666328663365448e+00
-2.228576024215314533e+00
-2.227631937977032184e+00
-1.894828561217671181e+00
-1.892737749912440259e+00
-1.888181563316541300e+00
-1.881406309656512565e+00
-1.877961433568328564e+00
-1.876388401187189414e+00
-1.875098308186728291e+00
-1.873915125637478418e+00
-1.873531854418117870e+00
-1.872409067053038445e+00
-1.871293852830491877e+00
-1.870179358449606255e+00
-2.204750235805718717e+00
-2.203804861655798142e+00
-2.203087192993895993e+00
-2.202117228742550115e+00
-2.201127462840018367e+00
-2.200689600141126689e+00
-2.199645173151465904e+00
-2.198564874838520034e+00
-2.198008431250519923e+00
-2.197407202316014718e+00
-2.196173130860388234e+00
-2.567505230527986626e+00
-2.578217113244352543e+00
-2.577233932635097258e+00
-2.576510409719619865e+00
-2.990784544984799620e+00
-2.990810290788103121e+00
-3.379041254830653873e+00
-3.672419691339314340e+00
-3.860998331173375320e+00
-4.007576370236138885e+00
-4.088025274802094877e+00
-4.001222048667777642e+00
-4.017042362309100945e+00
-4.016086681229827704e+00
-4.016086681229827704e+00
-4.022899005365414560e+00
-4.022899005365414560e+00
-3.978212511826717090e+00
-3.978209025368708129e+00
-3.983922901807393835e+00
-3.983922901807393835e+00
-3.992993688495978688e+00
-3.992993688495978688e+00
-3.922670293069723257e+00
-3.927065609012431846e+00
-3.927065609012431846e+00
-3.932555631658086082e+00
-3.938071816617677356e+00
-3.935801693375304833e+00
-3.942687615224664377e+00
-3.945879806679665869e+00
-3.782748236994477153e+00
-3.784971859334315791e+00
-3.784971859334315791e+00
-3.789026161833973561e+00
-3.790926614518836057e+00
-3.792058969998956641e+00
-3.794086333441351933e+00
-3.797407970859544957e+00
-3.800527796078529974e+00
-3.800265952639873213e+00
-3.803184694091707563e+00
-3.807697143319814348e+00
-3.808997979687478441e+00
-3.809685234295306699e+00
-3.811983039734848866e+00
-3.813336021146946475e+00
-3.816344281439082220e+00
-3.816066473860847186e+00
-3.818914337240835621e+00
-3.821799129981526377e+00
-3.823490628238694455e+00
-3.823893252688712607e+00
-3.823893252688712607e+00
-3.661262680155987326e+00
-3.662604080551922880e+00
-3.661981925126307047e+00
-3.664420255381581448e+00
-3.665357341941291480e+00
-3.666239623411205795e+00
-3.668196940362065117e+00
-3.668534763332500059e+00
-3.668870591845359463e+00
-3.671164448393637425e+00
-3.672123847891054282e+00
-3.671817522759453389e+00
-3.673965161483110364e+00
-3.675195236150070599e+00
-3.676899602939198708e+00
-3.676455455775566872e+00
-3.678517456218818094e+00
-3.678940469374917477e+00
-3.679779519791788633e+00
-3.682486951705440159e+00
-3.681957957056567476e+00
-3.681957957056567476e+00
-3.692557811126523148e+00
-3.683482714450871942e+00
-3.683482714450871942e+00
-3.898822068000201035e+00
-3.898822068000201035e+00
-3.689315629183027134e+00
-3.625738988633428583e+00
-3.764245975589179505e+00
-4.036129575172267892e+00
-4.003406314996728277e+00
-4.621383151048457094e+00
-2.585193323125479115e+00
-2.585193323125479115e+00
-2.585193323125479115e+00
-2.586033134505929532e+00
-2.585221128060124052e+00
-2.585221128060124052e+00
-2.585221128060124052e+00
-2.585221128060124052e+00
-2.585221128060124052e+00
-2.585221128060124052e+00
-2.584464966375409567e+00
-2.584464966375409567e+00
-2.584464966375409567e+00
-2.584464966375409567e+00
-2.585325657983990055e+00
-2.584461218394756177e+00
-2.584461218394756177e+00
-2.584461218394756177e+00
-2.584461218394756177e+00
-2.584461218394756177e+00
-2.584461218394756177e+00
-2.583560138219435753e+00
-2.583560138219435753e+00
-2.583560138219435753e+00
-2.583560138219435753e+00
-2.584425126016729024e+00
-2.584425126016729024e+00
-2.584425126016729024e+00
-2.583528646836596998e+00
-2.583528646836596998e+00
-2.583528646836596998e+00
-2.583528646836596998e+00
-2.583528646836596998e+00
-2.583528646836596998e+00
-2.582667101537593712e+00
-2.583487389435512593e+00
-2.583487389435512593e+00
-2.583487389435512593e+00
-2.583487389435512593e+00
-2.583487389435512593e+00
-2.582722407705782430e+00
-2.582722407705782430e+00
-2.582722407705782430e+00
-2.582722407705782430e+00
-2.582722407705782430e+00
-2.582733084122637468e+00
-2.582733084122637468e+00
-2.582733084122637468e+00
-2.582733084122637468e+00
-2.582733084122637468e+00
-2.582733084122637468e+00
-2.582041139469787971e+00
-2.582041139469787971e+00
-2.582041139469787971e+00
-2.582830191397087027e+00
-2.582830191397087027e+00
-2.582102682311344211e+00
-2.582102682311344211e+00
-2.582102682311344211e+00
-2.582102682311344211e+00
-2.582102682311344211e+00
-2.581485405843791270e+00
-2.581485405843791270e+00
-2.581485405843791270e+00
-2.582260271151393560e+00
-3.018173654862701838e+00
-3.018173654862701838e+00
-3.018173654862701838e+00
-3.018173654862701838e+00
-3.018173654862701838e+00
-3.017640394264265336e+00
-3.017640394264265336e+00
-3.017640394264265336e+00
-3.018271343328421175e+00
-3.017798093742021681e+00
-3.017798093742021681e+00
-3.017798093742021681e+00
-3.017798093742021681e+00
-3.017338776186852201e+00
-3.017338776186852201e+00
-3.017338776186852201e+00
-3.017338776186852201e+00
-3.005718832478816882e+00
-3.005718832478816882e+00
-3.005718832478816882e+00
-3.005718832478816882e+00
-3.005337399356197370e+00
-3.005337399356197370e+00
-3.005337399356197370e+00
-3.005337399356197370e+00
-3.005522487697855460e+00
-3.005522487697855460e+00
-3.005522487697855460e+00
-3.005199422877451454e+00
-3.005199422877451454e+00
-3.005199422877451454e+00
-3.004872277299093675e+00
-3.004872277299093675e+00
-3.005371305537708260e+00
-3.005371305537708260e+00
-3.005042850250018827e+00
-3.005042850250018827e+00
-3.005042850250018827e+00
-3.004709723050885017e+00
-3.004709723050885017e+00
-3.004709723050885017e+00
-3.004839000438116248e+00
-3.004839000438116248e+00
-3.004839000438116248e+00
-3.004493079412895895e+00
-3.004493079412895895e+00
-3.004341964660271813e+00
-3.004198729747672658e+00
-3.004067490600375478e+00
-3.004372266364739641e+00
-3.004231056175465486e+00
-3.004086484329183904e+00
-3.003921955424395218e+00
-3.003769855704499836e+00
-3.003769855704499836e+00
-3.003612657172937794e+00
-3.003836853070104951e+00
-3.003668250862288946e+00
-3.003483153336575118e+00
-3.003283108916444455e+00
-3.003076328515330573e+00
-3.002848430941857494e+00
-3.002938859807138705e+00
-3.002668820917345993e+00
-3.002369495611815875e+00
-3.002032309729691484e+00
-2.567024528598496946e+00
-2.566866649324228700e+00
-2.566145736796372478e+00
-2.565227238849745461e+00
-2.564025722446015898e+00
-2.562571199967222491e+00
-2.562571199967222491e+00
-2.561854336776036689e+00
-2.561370597417191863e+00
-2.561370597417191863e+00
-2.560975573860071464e+00
-2.560608290905398654e+00
-2.561034330250990365e+00
-2.560678482000532608e+00
-2.560678482000532608e+00
-2.560330410760171205e+00
-2.559987167136933639e+00
-2.559987167136933639e+00
-2.560074460823139830e+00
-2.559734122186305250e+00
-2.559734122186305250e+00
-2.559394345772999291e+00
-2.559394345772999291e+00
-2.559053202450687348e+00
-2.559139914395150761e+00
-2.559139914395150761e+00
-2.558794384678098943e+00
-2.558446539645850226e+00
-2.558446539645850226e+00
-2.558096131374557825e+00
-2.558527993110425225e+00
-2.558171621408594110e+00
-2.557810587561216042e+00
-2.557810587561216042e+00
-2.557445557593187146e+00
-2.557506834451897415e+00
-2.557506834451897415e+00
-2.557129453258351059e+00
-2.557129453258351059e+00
-2.556744980747771123e+00
-2.556354983499190769e+00
-2.556787330352118914e+00
-2.556387334117138366e+00
-2.555981021491638305e+00
-2.555981021491638305e+00
-2.555566671872465889e+00
-2.555566671872465889e+00
-2.555577340300146272e+00
-2.555143174149033136e+00
-2.555143174149033136e+00
-2.554700593517283291e+00
-2.554248807044797953e+00
-2.554248807044797953e+00
-2.991843041005640913e+00
-2.991843041005640913e+00
-2.991481950721355698e+00
-2.991112447130899188e+00
-2.991112447130899188e+00
-2.990735259793141143e+00
-2.990679614415822751e+00
-2.990679614415822751e+00
-2.990284627347397972e+00
-2.990284627347397972e+00
-2.989882935779330175e+00
-2.989472384056269583e+00
-2.989800034148578423e+00
-2.989378880194638377e+00
-2.988948610905525882e+00
-2.988948610905525882e+00
-2.988948610905525882e+00
-2.988057690195216942e+00
-2.988380413761666965e+00
-2.987916114299928871e+00
-2.987916114299928871e+00
-2.987439391875087669e+00
-2.986948151706323440e+00
-2.987268437086318063e+00
-2.986757705961109455e+00
-2.986226175512279646e+00
-2.986226175512279646e+00
-3.023975470437517021e+00
-3.023975470437517021e+00
-3.023726037949281853e+00
-3.519006656980927072e+00
-3.519006656980927072e+00
-3.519006656980927072e+00
-3.518562824538932876e+00
-3.518562824538932876e+00
-3.518420445518556150e+00
-3.518420445518556150e+00
-3.764770651484419695e+00
-4.014138487336919248e+00
-4.014138487336919248e+00
-4.036620996763793379e+00
-4.707281107736792869e+00
-4.707281107736792869e+00
-4.914474387607382866e+00
-4.914474387607382866e+00
-5.007541026737532874e+00
-5.062364681436176461e+00
-4.960897753008008948e+00
-4.906804800969719160e+00
-4.904435348290335561e+00
-4.941926240320390740e+00
-4.981185933441734548e+00
-5.020985227226876013e+00
-5.035850710065229663e+00
-5.004866712993611522e+00
-4.955861964602982894e+00
-4.955861964602982894e+00
-5.053068125778334974e+00
-5.053068125778334974e+00
-5.049734348884157953e+00
-5.086804370349975457e+00
-5.086804370349975457e+00
-5.107140810295265787e+00
-5.107140810295265787e+00
-5.107140810295265787e+00
-5.129187265886259617e+00
-5.129187265886259617e+00
-5.140046406212783303e+00
-5.140046406212783303e+00
-5.140046406212783303e+00
-5.156444023702854373e+00
-5.153042693390661455e+00
-5.153042693390661455e+00
-5.162348608945818818e+00
-5.162348608945818818e+00
-5.162348608945818818e+00
-5.159313362383675106e+00
-5.155894823326747201e+00
-5.161052945152553306e+00
-5.155386165319007397e+00
-5.160172721454514111e+00
-5.160172721454514111e+00
-5.164506824060604018e+00
-5.153429052786673736e+00
-5.157336511551001479e+00
-5.161667084387470794e+00
-5.161667084387470794e+00
-5.155604233729619956e+00
-5.160148445960881070e+00
-5.156733160961621820e+00
-5.164025268844937067e+00
-5.167040360409162147e+00
-5.161114697843676602e+00
-5.164105468606321914e+00
-5.164105468606321914e+00
-5.166941351412476457e+00
-5.169549331795575853e+00
-5.159836595607250054e+00
-5.162395791753116470e+00
-5.165035850369585013e+00
-5.168073677050205816e+00
-5.169906765569102447e+00
-5.153539482000048189e+00
-5.157752985487499942e+00
-5.125404926576266895e+00
-5.125404926576266895e+00
-5.111388022287560950e+00
-4.899743223225088151e+00
-4.903081058051582453e+00
-4.904620310947521489e+00
-4.907855073347788810e+00
-4.911162024140503846e+00
-4.911162024140503846e+00
-4.892077339232831612e+00
-4.892077339232831612e+00
-4.894634213503148423e+00
-4.895807758161266676e+00
-4.900288109502678680e+00
-4.898654406812968709e+00
-4.853302661833926557e+00
-4.854439974526120416e+00
-4.855420007637037294e+00
-4.861148545397122156e+00
-4.861148545397122156e+00
-4.860281721235561569e+00
-4.861217175953574277e+00
-4.866648060360214245e+00
-4.866648060360214245e+00
-4.868294138559905448e+00
-4.865674053858390025e+00
-4.870521869271271953e+00
-4.871992891298041251e+00
-4.872770550799558897e+00
-4.717056822489786860e+00
-4.717104354082290563e+00
-4.716300595926989025e+00
-4.720576883839446403e+00
-4.720576883839446403e+00
-4.720769573209755876e+00
-4.890621089704579205e+00
-4.888090888105434573e+00
-4.722756504495168706e+00
-4.722756504495168706e+00
-4.722756504495168706e+00
-4.722756504495168706e+00
-4.734172668307567555e+00
-4.734172668307567555e+00
-4.734172668307567555e+00
-4.734172668307567555e+00
-4.734269450894680098e+00
-4.905029268814256049e+00
-5.000683400919789356e+00
-5.029820827585805176e+00
-5.068805630417995367e+00
-5.127329874686449074e+00
-5.054574082227084375e+00
-5.042127575254083283e+00
-5.193033809573104342e+00
-5.449365309603193097e+00
-5.795595402956373654e+00
-3.431939287461624577e+00
-3.431939287461627686e+00
-3.431939287461627686e+00
-3.431939287461627686e+00
-3.431939287461627686e+00
-3.431939287461627686e+00
-3.431939287461627686e+00
-3.431939287461627686e+00
-3.431939287461627686e+00
-3.431939287461627686e+00
-3.431939287461627686e+00
-3.431939287461631238e+00
-3.431939287461631238e+00
-3.431939287461631238e+00
-3.431939287461631238e+00
-3.431939287461631238e+00
-3.431939287461627686e+00
-3.431939287461627686e+00
-3.431939287461627686e+00
-3.431939287461627686e+00
-3.431939287461627686e+00
-3.431939287461627686e+00
-3.431939287461627686e+00
-3.431939287461627686e+00
-3.431939287461627686e+00
-3.431939287461627686e+00
-3.431939287461627686e+00
-3.431939287461627686e+00
-3.431939287461627686e+00
-3.431939287461627686e+00
-3.431939287461627686e+00
-3.431939287461631238e+00
-3.431939287461631238e+00
-3.431939287461631238e+00
-3.431939287461631238e+00
-3.431939287461627686e+00
-3.431939287461627686e+00
-3.431939287461627686e+00
-3.431939287461627686e+00
-3.431939287461627686e+00
-3.431939287461627686e+00
-3.431939287461627686e+00
-3.431939287461627686e+00
-3.431939287461627686e+00
-3.431939287461627686e+00
-3.431939287461631238e+00
-3.431939287461631238e+00
-3.431939287461631238e+00
-3.431939287461627686e+00
-3.431939287461627686e+00
-3.431939287461627686e+00
-3.431939287461624133e+00
-3.431939287461624133e+00
-3.431939287461627686e+00
-3.431939287461627686e+00
-3.431939287461627686e+00
-3.431939287461627686e+00
-3.431939287461627686e+00
-3.431939287461627686e+00
-3.431939287461627686e+00
-3.431939287461627686e+00
-3.431939287461627686e+00
-3.431939287461627686e+00
-3.431939287461627686e+00
-3.431939287461624133e+00
-3.431939287461624133e+00
-3.431939287461624133e+00
-3.431939287461627686e+00
-3.431939287461627686e+00
-3.431939287461627686e+00
-3.431939287461627686e+00
-3.431939287461627686e+00
-3.431939287461627686e+00
-3.431939287461627686e+00
-3.431939287461627686e+00
-3.431939287461627686e+00
-3.431939287461627686e+00
-3.431939287461627686e+00
-3.431939287461627686e+00
-3.431939287461627686e+00
-3.431939287461627686e+00
-3.431939287461631238e+00
-3.431939287461631238e+00
-3.431939287461631238e+00
-3.431939287461631238e+00
-3.431939287461631238e+00
-3.431939287461631238e+00
-3.431939287461631238e+00
-3.431939287461627686e+00
-3.431939287461627686e+00
-3.431939287461627686e+00
-3.431939287461627686e+00
-3.431939287461627686e+00
-3.431939287461627686e+00
-3.431939287461627686e+00
-3.431939287461627686e+00
-3.431939287461627686e+00
-3.431939287461627686e+00
-3.431939287461627686e+00
-3.431939287461627686e+00
-3.431939287461627686e+00
-3.431939287461627686e+00
-3.431939287461627686e+00
-3.431939287461627686e+00
-3.431939287461627686e+00
-3.431939287461627686e+00
-3.431939287461627686e+00
-3.431939287461627686e+00
-3.431939287461627686e+00
-3.431939287461627686e+00
-3.431939287461627686e+00
-3.431939287461627686e+00
-3.431939287461627686e+00
-3.431939287461627686e+00
-3.431939287461627686e+00
-3.431939287461627686e+00
-3.431939287461627686e+00
-3.431939287461627686e+00
-3.431939287461627686e+00
-3.431939287461627686e+00
-3.431939287461627686e+00
-3.431939287461627686e+00
-3.431939287461627686e+00
-3.431939287461627686e+00
-3.431939287461627686e+00
-3.431939287461627686e+00
-3.431939287461627686e+00
-3.431939287461627686e+00
-3.431939287461627686e+00
-3.431939287461627686e+00
-3.431939287461627686e+00
-3.431939287461627686e+00
-3.431939287461627686e+00
-3.431939287461627686e+00
-3.431939287461627686e+00
-3.431939287461627686e+00
-3.431939287461627686e+00
-3.431939287461627686e+00
-3.431939287461627686e+00
-3.431939287461627686e+00
-3.431939287461627686e+00
-3.431939287461627686e+00
-3.431939287461627686e+00
-3.431939287461627686e+00
-3.431939287461627686e+00
-3.431939287461627686e+00
-3.431939287461627686e+00
-3.431939287461627686e+00
-3.431939287461627686e+00
-3.431939287461627686e+00
-3.431939287461627686e+00
-3.431939287461627686e+00
-3.431939287461627686e+00
-3.431939287461627686e+00
-3.431939287461627686e+00
-3.431939287461627686e+00
-3.431939287461627686e+00
-3.431939287461627686e+00
-3.431939287461627686e+00
-3.431939287461627686e+00
-3.431939287461627686e+00
-3.431939287461627686e+00
-3.431939287461627686e+00
-3.431939287461627686e+00
-3.431939287461627686e+00
-3.431939287461627686e+00
-3.431939287461627686e+00
-3.431939287461627686e+00
-3.431939287461627686e+00
-3.431939287461627686e+00
-3.431939287461627686e+00
-3.431939287461627686e+00
-3.431939287461627686e+00
-3.431939287461627686e+00
-3.431939287461627686e+00
-3.431939287461627686e+00
-3.431939287461627686e+00
-3.431939287461627686e+00
-3.431939287461627686e+00
-3.431939287461627686e+00
-3.431939287461627686e+00
-3.431939287461627686e+00
-3.431939287461627686e+00
-3.431939287461627686e+00
-3.431939287461631238e+00
-3.431939287461631238e+00
-3.431939287461627686e+00
-3.431939287461627686e+00
-3.431939287461627686e+00
-3.431939287461627686e+00
-3.431939287461631238e+00
-3.431939287461631238e+00
-3.431939287461631238e+00
-3.431939287461631238e+00
-3.431939287461631238e+00
-3.431939287461624133e+00
-3.431939287461624133e+00
-3.431939287461627686e+00
-3.431939287461627686e+00
-3.431939287461627686e+00
-3.431939287461627686e+00
-3.431939287461627686e+00
-3.431939287461627686e+00
-3.431939287461627686e+00
-3.431939287461627686e+00
-3.431939287461627686e+00
-3.431939287461624133e+00
-3.431939287461624133e+00
-3.431939287461624133e+00
-3.431939287461624133e+00
-3.431939287461624133e+00
-3.431939287461624133e+00
-3.431939287461631238e+00
-3.431939287461631238e+00
-3.431939287461631238e+00
-3.431939287461627686e+00
-3.431939287461627686e+00
-3.431939287461627686e+00
-3.431939287461627686e+00
-3.431939287461631238e+00
-3.431939287461631238e+00
-3.431939287461631238e+00
-3.431939287461631238e+00
-3.431939287461631238e+00
-3.431939287461631238e+00
-3.431939287461631238e+00
-3.431939287461631238e+00
-3.431939287461631238e+00
-3.431939287461627686e+00
-3.431939287461627686e+00
-3.431939287461627686e+00
-3.431939287461627686e+00
-3.431939287461627686e+00
-3.431939287461627686e+00
-3.431939287461631238e+00
-3.431939287461631238e+00
-3.431939287461631238e+00
-3.431939287461627686e+00
-3.431939287461627686e+00
-3.431939287461627686e+00
-3.431939287461627686e+00
-3.431939287461627686e+00
-3.431939287461627686e+00
-3.431939287461627686e+00
-3.431939287461627686e+00
-3.431939287461624133e+00
-3.431939287461624133e+00
-3.431939287461624133e+00
-3.431939287461624133e+00
-3.431939287461624133e+00
-3.431939287461624133e+00
-3.431939287461624133e+00
-3.431939287461627686e+00
-3.431939287461627686e+00
-3.431939287461624133e+00
-3.431939287461624133e+00
-3.431939287461627686e+00
-3.431939287461627686e+00
-3.431939287461627686e+00
-3.431939287461624133e+00
-3.431939287461624133e+00
-3.431939287461631238e+00
-3.431939287461631238e+00
-3.431939287461627686e+00
-3.431939287461627686e+00
-3.686058665265256717e+00
