3.658817595091444730e+01
3.671363637065707053e+01
3.689326608616361369e+01
3.694025407810675432e+01
3.671015529359995355e+01
3.633918770068948589e+01
3.581719083858534702e+01
3.558344843986390060e+01
3.558279972013147585e+01
3.554891630805423119e+01
3.555780353843965713e+01
3.555662844456326610e+01
3.548669915802815211e+01
3.523858347585705530e+01
3.518695983690588491e+01
3.489862739386376944e+01
3.470032818775386829e+01
3.448626134934028187e+01
3.436317140267018289e+01
3.429296966161517446e+01
3.421826985425354906e+01
3.414626872057429097e+01
3.406938380359923713e+01
3.399180584691399787e+01
3.396037145711463978e+01
3.384240867236798778e+01
3.373554107603901286e+01
3.360036831986894157e+01
3.352835024277869280e+01
3.350110736708250414e+01
3.347398823188582639e+01
3.344496514024276479e+01
3.341516662679028826e+01
3.346367907714502365e+01
3.341174093279598623e+01
3.335955154931001232e+01
3.333771749720447986e+01
3.330950800780571797e+01
3.333138570356351948e+01
3.331982441709523357e+01
3.336567723476778013e+01
3.330458935835883238e+01
3.321606229613788486e+01
2.326360831606569235e+01
2.327960826385061210e+01
2.328932874888148064e+01
2.330398891641671355e+01
2.331793093670460948e+01
2.333113135749442080e+01
2.334407767668570344e+01
2.336089480624256964e+01
2.337356689405596910e+01
2.339537554404522979e+01
2.349045546708054388e+01
2.353811173825302916e+01
2.358826076175155606e+01
2.362634863749709524e+01
2.365561973888873837e+01
2.368286039402803667e+01
2.370559510757204436e+01
2.372033504130030224e+01
2.373446711937253184e+01
3.331330705893973487e+01
1.443698862411047301e+01
1.443896568878144038e+01
1.444024195175046898e+01
1.444195456185939719e+01
1.444340066689333568e+01
1.444419887547778458e+01
1.445047119134133951e+01
1.444052267069834272e+01
1.444623503011319343e+01
1.444939865099354748e+01
1.445118121445540638e+01
1.445292447330671948e+01
1.445423083492936556e+01
1.445567816581769804e+01
1.445647779870611060e+01
1.445727422221402136e+01
1.445806718537001601e+01
1.445786865286130407e+01
1.426043420641988035e+01
1.426148680385458078e+01
1.426277288472382665e+01
1.426448333659886458e+01
1.426550883131899639e+01
1.426720897601790838e+01
1.426942069556767123e+01
1.427039801718659717e+01
1.427203186856900530e+01
1.427316986967232282e+01
1.427593658596758530e+01
1.427692973793543985e+01
1.427937602758682090e+01
1.428023215037153903e+01
1.428214565845683026e+01
1.428364204486442901e+01
1.428517584530001727e+01
1.428660758080712512e+01
1.428823305945065414e+01
1.429034652279555573e+01
1.429141603210614164e+01
1.429220481049877378e+01
1.429345613452385777e+01
1.429230479661683262e+01
1.429403174285264555e+01
1.430731015652972715e+01
1.431730561866529783e+01
1.430643026037285637e+01
1.431134253273747348e+01
1.431327418921825156e+01
1.431574340665342504e+01
1.431637874724689041e+01
1.431697655180157014e+01
1.431822122882381620e+01
1.431851161419523777e+01
1.431940339141560159e+01
1.431950076867454769e+01
1.432051014189937987e+01
1.432067858111156156e+01
1.432137342434622340e+01
1.432130225080021546e+01
1.432212460740622362e+01
1.432203795039184513e+01
1.432253033284277777e+01
1.432231036225925536e+01
1.432198953482551929e+01
1.432111306653601090e+01
1.401091721057539985e+01
3.406584538092848646e+01
1.401295878241025861e+01
1.401448426577920969e+01
1.401448426577920969e+01
1.401656209855569202e+01
1.401656209855569202e+01
1.401806790195634633e+01
1.401863520767792792e+01
1.402014336088468127e+01
1.402041737298849000e+01
1.402251082626460033e+01
1.402401071064593907e+01
1.402401071064593907e+01
1.402551391256725566e+01
1.402610044863087779e+01
1.402774981121635989e+01
1.402924855585900232e+01
1.402984340972178146e+01
1.403160818173195068e+01
1.403160818173195068e+01
1.403370797250727620e+01
1.403517048774393672e+01
1.403517048774393672e+01
1.403662987306132592e+01
1.403869107089355595e+01
1.403869107089355595e+01
1.404034870406672297e+01
1.404242354143724469e+01
1.404242354143724469e+01
1.404381912503378516e+01
1.404584989783812432e+01
1.404736322819884720e+01
1.404736322819884720e+01
1.404934003225370631e+01
1.405068108349191647e+01
1.405225319794229932e+01
1.405225319794229932e+01
1.405419911606241712e+01
1.405546780691490127e+01
1.405672397278105379e+01
1.405857037061073811e+01
1.405857037061073811e+01
1.405975677042970418e+01
1.406178949517987320e+01
1.406291264511776262e+01
1.406397459184503163e+01
1.406564227853103688e+01
1.406671240677061618e+01
1.406760865654173998e+01
1.406909818076150032e+01
1.406981146429039242e+01
1.407072182887711165e+01
1.407177243558805202e+01
1.407204020774048203e+01
1.407194631896898684e+01
1.407191698230016286e+01
1.407007123817718863e+01
1.406519123788669035e+01
1.407250010836738952e+01
1.408039007160930822e+01
1.408474829773678039e+01
1.408993633964933068e+01
1.409591366805607038e+01
1.410296210844252585e+01
1.411067715324270111e+01
1.412142339083326092e+01
1.413007674570544836e+01
1.412216630643080251e+01
1.412856879324890969e+01
1.412992850985767390e+01
1.413034727135562107e+01
1.413056646673223327e+01
1.413133788153094628e+01
1.413140402674672558e+01
1.413237464622751105e+01
1.413239274573388116e+01
1.413240246507887932e+01
1.413309670111596716e+01
1.413309165280830015e+01
1.413318967964743678e+01
1.413386696657581254e+01
1.413407984073737467e+01
1.413476611333283728e+01
1.413475066508289402e+01
1.413472894031914606e+01
1.413543185083831588e+01
1.413540631094447875e+01
1.413607829024086016e+01
1.413628621611915648e+01
1.413625258137827956e+01
1.413697249561716873e+01
1.413695148191973416e+01
1.413767172837761166e+01
1.413765067109791929e+01
1.413793226227778277e+01
1.413865716620813728e+01
1.413860370836811597e+01
1.413933351627361290e+01
1.413930226812605184e+01
1.414001889469418671e+01
1.413998614477247884e+01
1.414017794656180627e+01
1.414085515485806965e+01
1.414079140290026970e+01
1.414146833277545667e+01
1.414140323377743158e+01
1.414207335902198537e+01
1.414216713583131479e+01
1.414277006423599303e+01
1.414202021633995443e+01
1.414330387790754173e+01
1.414243372865676562e+01
1.414156071299146689e+01
1.413764129045238960e+01
1.378500874155484723e+01
3.270704387725009354e+01
1.378674820234468967e+01
1.378847362295783086e+01
1.378847362295783086e+01
1.379058091518323792e+01
1.379058091518323792e+01
1.379226549021126047e+01
1.379226549021126047e+01
1.379395874172763925e+01
1.379450711413873876e+01
1.379616895784044672e+01
1.379616895784044672e+01
1.379779347002314438e+01
1.379938328570490569e+01
1.379938328570490569e+01
1.380130853245681521e+01
1.380130853245681521e+01
1.380280348480881258e+01
1.380280348480881258e+01
1.380422857068223053e+01
1.380594895639836395e+01
1.380594895639836395e+01
1.380719701686452083e+01
1.380738893935810907e+01
1.380854823479462823e+01
1.380995387824017939e+01
1.380995387824017939e+01
1.381085460439499002e+01
1.381130067894609681e+01
1.381169522494768387e+01
1.381231099194708634e+01
1.381246348121875656e+01
1.381246494308584616e+01
1.381212654723167432e+01
1.381194213604686283e+01
1.381103979819963001e+01
1.380863801821029213e+01
1.380603922477765266e+01
1.380158694943605724e+01
1.380775192665034723e+01
1.381422525290465586e+01
1.381745087609757050e+01
1.381999402932201804e+01
1.382227688605657789e+01
1.382481660273435864e+01
1.382696132071112416e+01
1.382911460299155948e+01
1.383129180534816882e+01
1.383385762069925917e+01
1.383615246551629596e+01
1.383873666095336574e+01
1.384120827149545008e+01
1.384380129319609409e+01
1.384688365995069859e+01
1.384979171976498691e+01
1.385291386416958304e+01
1.385457383141191912e+01
1.385845623776994273e+01
1.386237666558211856e+01
1.386673455685357226e+01
1.387161163806679554e+01
1.387708398200395621e+01
1.388353193770058169e+01
1.389028282765040956e+01
1.389759714967090787e+01
1.390455198043592944e+01
1.391006198860977250e+01
1.391048660030293860e+01
1.390052657270232928e+01
1.342598185182874815e+01
1.390532605462803772e+01
1.390378525500030449e+01
1.390536191250344089e+01
1.390536191250344089e+01
1.390702590658637661e+01
1.390702590658637661e+01
1.390781036610951915e+01
1.390798958095573923e+01
1.390885720136079229e+01
1.390885720136079229e+01
1.390928758579579139e+01
1.390928758579579139e+01
1.390952508865828463e+01
1.391005385164100261e+01
1.391005385164100261e+01
1.391017269783289478e+01
1.391026581990702837e+01
1.391059404579342740e+01
1.391066080979620878e+01
1.391070092651121826e+01
1.391086514565240151e+01
1.391126099303260233e+01
1.391126099303260233e+01
1.391132097755531660e+01
1.391134850559382485e+01
1.391173310101672911e+01
1.391176502070959486e+01
1.391181188170052963e+01
1.391184575578095206e+01
1.391222160096875271e+01
1.391226245400867612e+01
1.391231418763102212e+01
1.391247201092446062e+01
1.391288301046715148e+01
1.391291748000877959e+01
1.391293385693792217e+01
1.391296947052106958e+01
1.391334848337954355e+01
1.391338275846898398e+01
1.391341424764998180e+01
1.391343849021285095e+01
1.391382796214534068e+01
1.391382796214534068e+01
1.391385099746257836e+01
1.391404396569382129e+01
1.391445131413870939e+01
1.391447920891192425e+01
1.391447687682607892e+01
1.391448511369237195e+01
1.391488543328516059e+01
1.391488810320744207e+01
1.391488713817264866e+01
1.391487323719999836e+01
1.391485199755106450e+01
1.391524360380633141e+01
1.391520207451189250e+01
1.391528080012411905e+01
1.391522921912106270e+01
1.391561979952638239e+01
1.391552383548174276e+01
1.391544243062397612e+01
1.391528819362239133e+01
1.391515885113301110e+01
1.391550325947059363e+01
1.391550325947059363e+01
1.391295422770200219e+01
1.391578802184116270e+01
1.391578802184116270e+01
1.390670962651964260e+01
1.390670962651964260e+01
1.391433944643548415e+01
1.391210949349353498e+01
1.390431973364956164e+01
1.344905572538080207e+01
3.212131479628497033e+01
3.339131479628496635e+01
1.344969215903248738e+01
1.344969215903248738e+01
1.344969215903248738e+01
1.345014474468348453e+01
1.345212009304946221e+01
1.345212009304946221e+01
1.345212009304946221e+01
1.345212009304946221e+01
1.345212009304946221e+01
1.345212009304946221e+01
1.345405787059790015e+01
1.345405787059790015e+01
1.345405787059790015e+01
1.345405787059790015e+01
1.345444435127307159e+01
1.345677836790775572e+01
1.345677836790775572e+01
1.345677836790775572e+01
1.345677836790775572e+01
1.345677836790775572e+01
1.345677836790775572e+01
1.345936242141548433e+01
1.345936242141548433e+01
1.345936242141548433e+01
1.345936242141548433e+01
1.345967079899001106e+01
1.345967079899001106e+01
1.345967079899001106e+01
1.346237731624944090e+01
1.346237731624944090e+01
1.346237731624944090e+01
1.346237731624944090e+01
1.346237731624944090e+01
1.346237731624944090e+01
1.346510540047933446e+01
1.346547774403683206e+01
1.346547774403683206e+01
1.346547774403683206e+01
1.346547774403683206e+01
1.346547774403683206e+01
1.346804092624169868e+01
1.346804092624169868e+01
1.346804092624169868e+01
1.346804092624169868e+01
1.346804092624169868e+01
1.347100404567126830e+01
1.347100404567126830e+01
1.347100404567126830e+01
1.347100404567126830e+01
1.347100404567126830e+01
1.347100404567126830e+01
1.347350927434934320e+01
1.347350927434934320e+01
1.347350927434934320e+01
1.347386076101036423e+01
1.347386076101036423e+01
1.347658774678788163e+01
1.347658774678788163e+01
1.347658774678788163e+01
1.347658774678788163e+01
1.347658774678788163e+01
1.347890615514541679e+01
1.347890615514541679e+01
1.347890615514541679e+01
1.347922149122240754e+01
1.348182108022054848e+01
1.348182108022054848e+01
1.348182108022054848e+01
1.348182108022054848e+01
1.348182108022054848e+01
1.348443288158246389e+01
1.348443288158246389e+01
1.348443288158246389e+01
1.348475839033685020e+01
1.348720674419787713e+01
1.348720674419787713e+01
1.348720674419787713e+01
1.348720674419787713e+01
1.348955310464983626e+01
1.348955310464983626e+01
1.348955310464983626e+01
1.348955310464983626e+01
1.349226865343947068e+01
1.349226865343947068e+01
1.349226865343947068e+01
1.349226865343947068e+01
1.349464438971556035e+01
1.349464438971556035e+01
1.349464438971556035e+01
1.349464438971556035e+01
1.349697913726880572e+01
1.349697913726880572e+01
1.349697913726880572e+01
1.349900159583530979e+01
1.349900159583530979e+01
1.349900159583530979e+01
1.350096372049532079e+01
1.350096372049532079e+01
1.350128620920852995e+01
1.350128620920852995e+01
1.350323200693106429e+01
1.350323200693106429e+01
1.350323200693106429e+01
1.350513389336694914e+01
1.350513389336694914e+01
1.350513389336694914e+01
1.350723940059226891e+01
1.350723940059226891e+01
1.350723940059226891e+01
1.350900398630075827e+01
1.350900398630075827e+01
1.350965265776460456e+01
1.351026662314077953e+01
1.351087212917451552e+01
1.351170586032083420e+01
1.351226930979304441e+01
1.351280368081670247e+01
1.351330907376739887e+01
1.351378335583168422e+01
1.351378335583168422e+01
1.351423203877929424e+01
1.351488403184738019e+01
1.351523801621385346e+01
1.351556343795509818e+01
1.351580211789185881e+01
1.351599401302826919e+01
1.351609658747459619e+01
1.351633364319478403e+01
1.351627645451129567e+01
1.351609722126807256e+01
1.351579513351554240e+01
1.351535301626535102e+01
1.351497917510377178e+01
1.351428243690847353e+01
1.351360159207626310e+01
1.351330710101054322e+01
1.351522241227283061e+01
1.351522241227283061e+01
1.352005182597691046e+01
1.352210737094159398e+01
1.352210737094159398e+01
1.352380480580229261e+01
1.352537989375145600e+01
1.352558055610765919e+01
1.352709520691321288e+01
1.352709520691321288e+01
1.352857717279927741e+01
1.353003940292716578e+01
1.353003940292716578e+01
1.353168513569742260e+01
1.353311887366465882e+01
1.353311887366465882e+01
1.353455157085475591e+01
1.353455157085475591e+01
1.353598355998472158e+01
1.353762293644073011e+01
1.353762293644073011e+01
1.353906798145061074e+01
1.354052190000213329e+01
1.354052190000213329e+01
1.354198349597337270e+01
1.354218583007288501e+01
1.354366366648467590e+01
1.354515317277201447e+01
1.354515317277201447e+01
1.354666422347757049e+01
1.354838683936742427e+01
1.354838683936742427e+01
1.354993378013998040e+01
1.354993378013998040e+01
1.355150164740696539e+01
1.355310554444893256e+01
1.355331711726545763e+01
1.355494857935983788e+01
1.355662338884749829e+01
1.355662338884749829e+01
1.355834220832969450e+01
1.355834220832969450e+01
1.356031320055899769e+01
1.356212909814677303e+01
1.356212909814677303e+01
1.356400396867955749e+01
1.356594773561172573e+01
1.356594773561172573e+01
1.356816141075850268e+01
1.356816141075850268e+01
1.357024031461455849e+01
1.357240440906429768e+01
1.357240440906429768e+01
1.357466000641984394e+01
1.357721132828296007e+01
1.357721132828296007e+01
1.357967990243649226e+01
1.357967990243649226e+01
1.358225252986454379e+01
1.358495500395848765e+01
1.358515856255714738e+01
1.358798657764911866e+01
1.359095625991256995e+01
1.359095625991256995e+01
1.359095625991256995e+01
1.359739434321575402e+01
1.359759718828707875e+01
1.360108860071941805e+01
1.360108860071941805e+01
1.360480820318170103e+01
1.360878256889519022e+01
1.360898699436856774e+01
1.361323487460642312e+01
1.361788792280788840e+01
1.361788792280788840e+01
1.362296292466874448e+01
1.362296292466874448e+01
1.362873515624076859e+01
1.363486848560445353e+01
1.363486848560445353e+01
1.363486848560445353e+01
1.364917746642846197e+01
1.364917746642846197e+01
1.365786705808555368e+01
1.365786705808555368e+01
1.366739784052582962e+01
1.367745300807937880e+01
1.367745300807937880e+01
1.368779362403534705e+01
1.369669996164688541e+01
1.369669996164688541e+01
1.370039445622533947e+01
1.370039445622533947e+01
1.369235188184402574e+01
1.286236078615744916e+01
3.086460666020522225e+01
3.084160666020522257e+01
3.090260666020522251e+01
3.097160666020522157e+01
3.103860666020522174e+01
3.110660666020522314e+01
3.096260666020522123e+01
3.090460666020522140e+01
3.091060666020522163e+01
3.091060666020522163e+01
3.094360666020522288e+01
3.094360666020522288e+01
3.094360666020522288e+01
3.092060666020522319e+01
3.092060666020522319e+01
3.089660666020522228e+01
3.089660666020522228e+01
3.089660666020522228e+01
3.087960666020522282e+01
3.087960666020522282e+01
3.086660666020522115e+01
3.086660666020522115e+01
3.086660666020522115e+01
3.085660666020522314e+01
3.085660666020522314e+01
3.085660666020522314e+01
3.084960666020522169e+01
3.084960666020522169e+01
3.084960666020522169e+01
3.084360666020522146e+01
3.084360666020522146e+01
3.084260666020522379e+01
3.084060666020522135e+01
3.365146522396481998e+01
3.365146522396481998e+01
3.365156261269719806e+01
3.365178530666925383e+01
3.365271304704152300e+01
3.365268505086834239e+01
3.365268505086834239e+01
3.365369166022652081e+01
3.365459097125605581e+01
3.365459097125605581e+01
3.365599398272805587e+01
3.365562098375508526e+01
3.365623833715491742e+01
3.365679785697483339e+01
3.365679785697483339e+01
3.365781881022501665e+01
3.365830272776393883e+01
3.365875448847860696e+01
3.365919333807471503e+01
3.365963113806311213e+01
3.366008755773419381e+01
3.366086690288189232e+01
3.366117686835912082e+01
3.366274173891439148e+01
3.366302514343745145e+01
3.366302514343745145e+01
3.366514564934638543e+01
3.366514564934638543e+01
3.366645755698924347e+01
3.366667694874264072e+01
3.366808366696829324e+01
3.366847822149257041e+01
3.366847822149257041e+01
3.367112294482650015e+01
3.367112294482650015e+01
3.367240376717092687e+01
3.367253288699218672e+01
3.367399129526016566e+01
3.367503700973226444e+01
3.367642767497585510e+01
3.367748610724190428e+01
3.367758840418563437e+01
3.368194881751418279e+01
3.368194881751418279e+01
3.368305758459764121e+01
3.368312345886850068e+01
3.368833078724296115e+01
3.368833078724296115e+01
3.368937402079563270e+01
3.368937402079563270e+01
3.369349888379557001e+01
3.369547673017227396e+01
3.369646288915396326e+01
3.370340562504308934e+01
3.370244209509173317e+01
3.370532054534671573e+01
3.371407355605261813e+01
3.371407355605261813e+01
3.371501892938639600e+01
3.373290734631413557e+01
3.373290734631413557e+01
3.372267540216507342e+01
3.372267540216507342e+01
3.372267540216507342e+01
3.372267540216507342e+01
3.375052659317449155e+01
3.375052659317449155e+01
3.375052659317449155e+01
3.375052659317449155e+01
3.376041253459715819e+01
3.377916520764770780e+01
3.380994972219075123e+01
3.384301480270028151e+01
3.388008650692170676e+01
3.398402255514454851e+01
3.158160666020522100e+01
3.164960666020522240e+01
3.190260666020522251e+01
3.241360666020522530e+01
3.313560666020522660e+01
1.289019716183454989e+01
1.289175488238547729e+01
1.289175488238547729e+01
1.289175488238547729e+01
1.289175488238547729e+01
1.289175488238547729e+01
1.289333171972845804e+01
1.289333171972845804e+01
1.289333171972845804e+01
1.289333171972845804e+01
1.289333171972845804e+01
1.289493715929449635e+01
1.289493715929449635e+01
1.289493715929449635e+01
1.289493715929449635e+01
1.289493715929449635e+01
1.289655200511228728e+01
1.289655200511228728e+01
1.289655200511228728e+01
1.289655200511228728e+01
1.289655200511228728e+01
1.289820035732456915e+01
1.289820035732456915e+01
1.289820035732456915e+01
1.289820035732456915e+01
1.289820035732456915e+01
1.289985505312744962e+01
1.289985505312744962e+01
1.289985505312744962e+01
1.289985505312744962e+01
1.289985505312744962e+01
1.290155921970259456e+01
1.290155921970259456e+01
1.290155921970259456e+01
1.290155921970259456e+01
1.290246872650505949e+01
1.290246872650505949e+01
1.290339166080471145e+01
1.290339166080471145e+01
1.290339166080471145e+01
1.290431596891466626e+01
1.290431596891466626e+01
1.290431596891466626e+01
1.290525430843403853e+01
1.290525430843403853e+01
1.290621049682212274e+01
1.290621049682212274e+01
1.290621049682212274e+01
1.290716623628161130e+01
1.290716623628161130e+01
1.290716623628161130e+01
1.290815687032963055e+01
1.290815687032963055e+01
1.290914446490585377e+01
1.290914446490585377e+01
1.290914446490585377e+01
1.291017197600627142e+01
1.291017197600627142e+01
1.291017197600627142e+01
1.291121876515303768e+01
1.291121876515303768e+01
1.291121876515303768e+01
1.291231332075116001e+01
1.291231332075116001e+01
1.291343966712809888e+01
1.291343966712809888e+01
1.291343966712809888e+01
1.291461361482499370e+01
1.291461361482499370e+01
1.291461361482499370e+01
1.291583459993915639e+01
1.291583459993915639e+01
1.291583459993915639e+01
1.291583459993915639e+01
1.291712496144961975e+01
1.291712496144961975e+01
1.291712496144961975e+01
1.291851346847185766e+01
1.291851346847185766e+01
1.291851346847185766e+01
1.291851346847185766e+01
1.291998286864318146e+01
1.291998286864318146e+01
1.291998286864318146e+01
1.292157640459490509e+01
1.292157640459490509e+01
1.292157640459490509e+01
1.292157640459490509e+01
1.292336622949937208e+01
1.292336622949937208e+01
1.292336622949937208e+01
1.292336622949937208e+01
1.292336622949937208e+01
1.292541431509586047e+01
1.292541431509586047e+01
1.292541431509586047e+01
1.292541431509586047e+01
1.292541431509586047e+01
1.292779877704220581e+01
1.292779877704220581e+01
1.292779877704220581e+01
1.292779877704220581e+01
1.292779877704220581e+01
1.292779877704220581e+01
1.293074848268794241e+01
1.293074848268794241e+01
1.293074848268794241e+01
1.293074848268794241e+01
1.293074848268794241e+01
1.293074848268794241e+01
1.293074848268794241e+01
1.293074848268794241e+01
1.293468062274192576e+01
1.293468062274192576e+01
1.293468062274192576e+01
1.293468062274192576e+01
1.293468062274192576e+01
1.293468062274192576e+01
1.293468062274192576e+01
1.293468062274192576e+01
1.293468062274192576e+01
1.293468062274192576e+01
1.293468062274192576e+01
1.294093501960881554e+01
1.294093501960881554e+01
1.294093501960881554e+01
1.294093501960881554e+01
1.294093501960881554e+01
1.294093501960881554e+01
1.294093501960881554e+01
1.294093501960881554e+01
1.294093501960881554e+01
1.294093501960881554e+01
1.294093501960881554e+01
1.294093501960881554e+01
1.294093501960881554e+01
1.294093501960881554e+01
1.294093501960881554e+01
1.294093501960881554e+01
1.294093501960881554e+01
1.294093501960881554e+01
1.294093501960881554e+01
1.294093501960881554e+01
1.294093501960881554e+01
1.294093501960881554e+01
1.294093501960881554e+01
1.294093501960881554e+01
1.294093501960881554e+01
1.294093501960881554e+01
1.294093501960881554e+01
1.294093501960881554e+01
1.294093501960881554e+01
1.294093501960881554e+01
1.294093501960881554e+01
1.294093501960881554e+01
1.294093501960881554e+01
1.297102048716018530e+01
1.297102048716018530e+01
1.297102048716018530e+01
1.297102048716018530e+01
1.297102048716018530e+01
1.297102048716018530e+01
1.297102048716018530e+01
1.297102048716018530e+01
1.297102048716018530e+01
1.297102048716018530e+01
1.297102048716018530e+01
1.297102048716018530e+01
1.297102048716018530e+01
1.297102048716018530e+01
1.297102048716018530e+01
1.297102048716018530e+01
1.297102048716018530e+01
1.297102048716018530e+01
1.297102048716018530e+01
1.297102048716018530e+01
1.297102048716018530e+01
1.297102048716018530e+01
1.297102048716018530e+01
1.297102048716018530e+01
1.297102048716018530e+01
1.297102048716018530e+01
1.297102048716018530e+01
1.297102048716018530e+01
1.297262556449699034e+01
1.297262556449699034e+01
1.297415577742870241e+01
1.297415577742870241e+01
1.297574981957072282e+01
1.297574981957072282e+01
1.297731949607840463e+01
1.297731949607840463e+01
1.297731949607840463e+01
1.297891268943763166e+01
1.297891268943763166e+01
1.298053193872880229e+01
1.298053193872880229e+01
1.298218275171523217e+01
1.298218275171523217e+01
1.298386683767424543e+01
1.298386683767424543e+01
1.298558283049793260e+01
1.298558283049793260e+01
1.298558283049793260e+01
1.298733414406267883e+01
1.298733414406267883e+01
1.298912169615681123e+01
1.298912169615681123e+01
1.299094515796182492e+01
1.299094515796182492e+01
1.299279714772112371e+01
1.299279714772112371e+01
1.299470243126259561e+01
1.299470243126259561e+01
1.299470243126259561e+01
1.299664806199293210e+01
1.299664806199293210e+01
1.299863002196027395e+01
1.299863002196027395e+01
1.300065855552287175e+01
1.300065855552287175e+01
1.300273450646785989e+01
1.300273450646785989e+01
1.300485638796305565e+01
1.300485638796305565e+01
1.300485638796305565e+01
1.300702877241044320e+01
1.300702877241044320e+01
1.300925981531380771e+01
1.300925981531380771e+01
1.301154804862180114e+01
1.301154804862180114e+01
1.301390053661831914e+01
1.301390053661831914e+01
1.301631649759223208e+01
1.301631649759223208e+01
1.301631649759223208e+01
1.301879450958960405e+01
1.301879450958960405e+01
1.302134708266338947e+01
1.302134708266338947e+01
1.302396546144618839e+01
1.302396546144618839e+01
1.302667051546686494e+01
1.302667051546686494e+01
1.302947384024905730e+01
1.302947384024905730e+01
1.302947384024905730e+01
1.303237625513009945e+01
1.303237625513009945e+01
1.303534796973264065e+01
1.303534796973264065e+01
1.303842003150101547e+01
1.303842003150101547e+01
1.304158399799992907e+01
1.304158399799992907e+01
1.304487611898241539e+01
1.304487611898241539e+01
1.304487611898241539e+01
1.304830277368895608e+01
1.304830277368895608e+01
1.305186507243760019e+01
1.305186507243760019e+01
1.305556712916010298e+01
1.305556712916010298e+01
1.305943847185454487e+01
