3.559115577468578540e+00
3.558287568314176141e+00
3.554367354700657344e+00
3.095608566756085533e+00
2.907487445037379103e+00
2.576740535307880720e+00
2.469446210975200007e+00
2.396237900441881230e+00
2.108390785961899994e+00
2.042551349427410123e+00
1.731663225128060368e+00
1.445730648307573585e+00
1.275961709317834147e+00
1.238796500502737929e+00
1.111212043334741217e+00
9.274331566736233601e-01
8.676287828853347373e-01
8.752354630270618996e-01
8.257858409294451807e-01
7.648712973409639293e-01
6.301098825489899191e-01
5.200472296798834826e-01
4.612826482901860592e-01
3.584372382858507233e-01
2.162958060909217495e-01
1.480536578943950354e-01
1.224040053209740908e-01
1.592332224485915604e-01
9.753319490464559816e-02
2.192577339641934853e-01
1.552585903519748400e-01
1.388148237186418998e-01
5.184008329237584090e-02
-3.413368499540889861e-02
-1.162973983740391987e-01
-1.232033260428987698e-01
-2.068472927688882468e-01
-3.186956962908272795e-01
-3.934117016027053326e-01
-3.852324024832967098e-01
-4.653731981488024028e-01
-8.961863613828351394e-01
-8.636675919969059034e-01
-7.370473944737496730e-01
-6.703960539154137921e-01
-5.616179109873272735e-01
-5.869082350950065585e-01
1.592992650493826046e-01
1.613784658849674869e-01
7.162680717678619920e-03
9.280881815008546268e-03
1.033803136144635648e-02
1.203523849485561154e-02
1.301512384495311092e-02
-5.403136643560589591e-02
-2.098064451506648498e-01
-2.084854163337592492e-01
-2.071845112192691463e-01
-2.054968772474064787e-01
-2.028733317820205218e-01
-1.272058148156109736e+00
-1.251815516281650442e+00
-1.283252773267503866e+00
-1.320914718455082015e+00
-1.313978655983170096e+00
-1.234962219146177320e+00
-1.216842059085384786e+00
-1.154240797974931843e+00
-1.359048372303083507e+00
-1.408478088946182316e+00
-5.299399556536700251e-01
-5.287026119667517232e-01
-5.279066749905000355e-01
-5.269922605880827948e-01
-5.254505897483741084e-01
-8.752319814565373557e-01
-8.740249949651577310e-01
-8.723582479741371909e-01
-5.861577773481858600e-01
-1.889342123481340785e+00
-2.117320306483961634e+00
-2.097422992689556676e+00
-2.088578617751235544e+00
-2.085601208495470704e+00
-2.150465006552341851e+00
-2.155740471291515803e+00
-2.113952698996388602e+00
-2.082892510229074290e+00
-2.056325787220175005e+00
-2.060318081745995844e+00
-2.045696572960465698e+00
-2.059722297765809174e+00
-2.039612290017109419e+00
-2.223181798120600572e+00
-9.975813607716557119e-01
-9.962648935583258147e-01
-9.957419818316203264e-01
-9.945154923793980695e-01
-9.932995946066209836e-01
-9.921241633391424397e-01
-9.917523513944285218e-01
-9.910041528940966016e-01
-9.898831577709207297e-01
-9.893865317409632487e-01
-1.384090425322858531e+00
-1.383218906877380583e+00
-1.382384682486902161e+00
-1.381984911924337922e+00
-1.381422334783662942e+00
-1.380637354049613963e+00
-1.379831585554044615e+00
-1.378690787060112610e+00
-1.377975662471142337e+00
-1.377447976049576139e+00
-1.376365832137436573e+00
-1.375908439049261078e+00
-1.375293384296290000e+00
-1.373886422504190685e+00
-1.373566036532926748e+00
-1.372181537376646165e+00
-1.812206481256982471e+00
-1.811996167727221163e+00
-1.811395829241081223e+00
-1.810743174038590197e+00
-1.810032074310526484e+00
-1.362742513890531360e+00
-1.800671961884856787e+00
-2.563481015018605369e+00
-3.185097912547918408e+00
-3.146672555467058707e+00
-3.129356708120882402e+00
-3.114245717814353220e+00
-3.104245706244702863e+00
-3.098700703766750664e+00
-3.091968811673394324e+00
-3.103356845233542938e+00
-3.103968861584347483e+00
-3.107458469473994622e+00
-3.127316292677266407e+00
-3.169904036261372848e+00
-3.204074505273835971e+00
-3.209983800086862349e+00
-3.203922767822777740e+00
-3.193193314971183749e+00
-3.174526523260824185e+00
-3.164735917611958715e+00
-3.157460682863391543e+00
-3.146567659448496812e+00
-3.155869669150113133e+00
-3.149512740926286192e+00
-3.157936940741518317e+00
-3.159618006322259642e+00
-3.163720412140349048e+00
-3.208280544993194816e+00
-3.318616581115648501e+00
-1.988476758151660695e+00
-1.988476758151660695e+00
-1.987256483790140305e+00
-1.987766847732589159e+00
-1.987766847732589159e+00
-1.986434861702975674e+00
-1.986434861702975674e+00
-1.985199415497770126e+00
-1.985199415497770126e+00
-2.035691606667339393e+00
-2.034139380366323024e+00
-2.034139380366323024e+00
-2.032620377621456420e+00
-2.032620377621456420e+00
-2.032620377621456420e+00
-2.521706405921342764e+00
-2.521816918373456229e+00
-2.520609964213093690e+00
-2.520609964213093690e+00
-2.520609964213093690e+00
-2.520183817514353386e+00
-2.520528595652138382e+00
-2.519472149022974339e+00
-2.519472149022974339e+00
-2.518395986712988144e+00
-2.518426857078589709e+00
-2.517849557750623024e+00
-2.517849557750623024e+00
-2.517849557750623024e+00
-2.539250634017814701e+00
-2.539317983262153078e+00
-2.538777652031195320e+00
-2.538777652031195320e+00
-2.538155334596498669e+00
-2.538155334596498669e+00
-2.537151116903498593e+00
-2.537593295479870115e+00
-2.536602993853513510e+00
-2.536602993853513510e+00
-2.535687926299514672e+00
-2.535687926299514672e+00
-2.535300501727405731e+00
-2.535398886761765613e+00
-2.534515368749452602e+00
-2.534515368749452602e+00
-2.533955232011911196e+00
-2.533466308877856843e+00
-2.533466308877856843e+00
-2.532603005065849899e+00
-2.532603005065849899e+00
-2.531765410340730771e+00
-2.532189902361246858e+00
-2.531277464943050504e+00
-2.530462476419168549e+00
-2.530462476419168549e+00
-2.529651294830182362e+00
-2.530076701330532085e+00
-2.529595902228300552e+00
-2.528792439559367278e+00
-2.528792439559367278e+00
-2.528485793592716746e+00
-3.026225500822135484e+00
-3.026241366891543993e+00
-3.026020099558917931e+00
-3.025787088519549251e+00
-3.025600271608476888e+00
-3.025436565939732425e+00
-3.025222135845802018e+00
-3.025526099932157820e+00
-3.025307346586694202e+00
-3.024869985474567535e+00
-3.024648562374631311e+00
-3.024648562374631311e+00
-3.024448737226523409e+00
-3.023995351726716407e+00
-3.023780975325794707e+00
-3.023569639774422058e+00
-3.023569639774422058e+00
-3.023110529747296216e+00
-3.022901639368866800e+00
-3.022886076737864247e+00
-3.022791549269531863e+00
-3.022529192508923934e+00
-3.022029297656882108e+00
-3.021648697609265355e+00
-3.021274314564116104e+00
-3.020594041770733984e+00
-2.507806670820780681e+00
-3.014338268273948795e+00
-3.013252824443857669e+00
-3.241049174049692727e+00
-3.481073461183258999e+00
-3.757411474862422107e+00
-3.935893218573629948e+00
-4.019460680675480901e+00
-4.160572895770470403e+00
-4.111862460248751461e+00
-4.092147841982896495e+00
-4.092147841982896495e+00
-4.072924420391129452e+00
-4.059237095176086108e+00
-4.059067210917318924e+00
-4.049002722574675417e+00
-4.046202068490521775e+00
-4.034897366119681195e+00
-4.027116357910932365e+00
-4.027116357910932365e+00
-4.018745231497097059e+00
-4.016790170796676662e+00
-4.012437507207653908e+00
-4.006114383203530416e+00
-4.004571941964789161e+00
-4.002406547357463928e+00
-4.001497775487941055e+00
-3.998158474477600421e+00
-3.998265493842985130e+00
-3.999162376876617131e+00
-4.001027000736133488e+00
-4.001644853924558376e+00
-4.002690122803963746e+00
-4.002690122803963746e+00
-4.021546991443125663e+00
-4.024429414249925507e+00
-4.038149301413863412e+00
-4.049464577722909908e+00
-4.065806121458364508e+00
-4.077855867057035510e+00
-4.088657453337158465e+00
-4.100548848428767101e+00
-4.115329004167992188e+00
-4.118775981785193885e+00
-4.126480520612012093e+00
-4.133550025492032098e+00
-4.140476188560885618e+00
-4.143821670514099331e+00
-4.389361414885338597e+00
-4.394435319435488374e+00
-4.403929457095507871e+00
-4.473617692369970200e+00
-4.475478773135067811e+00
-4.480604165970488495e+00
-4.471877223855416084e+00
-4.479381106787450939e+00
-4.483029664103039380e+00
-4.485503368690415549e+00
-4.468038814043254980e+00
-4.494300146069012847e+00
-4.494300146069012847e+00
-4.492220815101263476e+00
-4.492220815101263476e+00
-4.494645379755844772e+00
-4.494655555152119675e+00
-4.494239336525345685e+00
-4.515558451367210679e+00
-4.525798007874326956e+00
-4.538247774651665623e+00
-4.536234631005824802e+00
-4.543710665143788852e+00
-4.531615086364054967e+00
-4.494871515777223436e+00
-3.464928037059266774e+00
-3.464928037059266774e+00
-3.464369940259578229e+00
-3.464369940259578229e+00
-3.464369940259578229e+00
-3.463684418155826616e+00
-3.463684418155826616e+00
-3.463024075741536922e+00
-3.463132383617664178e+00
-3.463310114762720104e+00
-3.462613798911766239e+00
-3.462778691673780607e+00
-3.462778691673780607e+00
-3.726983057969723845e+00
-3.727255033060783429e+00
-3.726913609499765023e+00
-3.726913609499765023e+00
-3.726913609499765023e+00
-3.726553848001934011e+00
-3.726553848001934011e+00
-3.726004829319464307e+00
-3.726004829319464307e+00
-3.726004829319464307e+00
-3.725682995625342109e+00
-3.725682995625342109e+00
-3.725333474844532589e+00
-3.725333474844532589e+00
-3.725019717988218293e+00
-3.725019717988218293e+00
-3.724485455626315389e+00
-3.724485455626315389e+00
-3.724485455626315389e+00
-3.724539510857661551e+00
-3.724698042495574235e+00
-3.724393673042757591e+00
-3.724393673042757591e+00
-3.724070288736781809e+00
-3.724070288736781809e+00
-3.723546766524790108e+00
-3.723546766524790108e+00
-3.788294226451720093e+00
-3.788398257461214946e+00
-3.788145909290172142e+00
-3.788145909290172142e+00
-3.787911958971499793e+00
-3.787911958971499793e+00
-3.787305883248572869e+00
-3.787305883248572869e+00
-3.787042579134800580e+00
-3.786782491268314121e+00
-3.787071399449702724e+00
-3.786767259590038126e+00
-3.786767259590038126e+00
-3.786471352504644283e+00
-3.786298589419102800e+00
-3.785814443321059208e+00
-3.785539077813115938e+00
-3.785393792808894542e+00
-3.784989699463414681e+00
-3.784690534101802672e+00
-3.718026131351953367e+00
-3.716766582822268461e+00
-3.439473130994268324e+00
-3.708497363729252871e+00
-3.707144316805918827e+00
-3.775037596612063506e+00
-3.774505149071960997e+00
-3.774183792792314751e+00
-4.128860718946965491e+00
-4.129482667965640452e+00
-4.381180464892620918e+00
-4.546146058074063134e+00
-4.598338406495017239e+00
-4.679648788766479051e+00
-4.549981901097193138e+00
-4.700696501192966892e+00
-4.844518137002152613e+00
-4.944393824417709027e+00
-4.952635217439736337e+00
-4.864936434041859492e+00
-4.840834730234751859e+00
-4.824861849605653674e+00
-4.810381120560096591e+00
-4.810389123013132817e+00
-4.793600861141618097e+00
-4.781704042308666303e+00
-4.767542796251068360e+00
-4.755260362138746366e+00
-4.752127898483871959e+00
-4.731888873120644767e+00
-4.723893152405898022e+00
-4.712962546619229975e+00
-4.712962546619229975e+00
-4.699199337650129316e+00
-4.692749477710373540e+00
-4.678146798087399638e+00
-4.678146798087399638e+00
-4.673136294724750783e+00
-4.667509843957456717e+00
-4.661942673403516757e+00
-4.661942673403516757e+00
-4.657917230282855314e+00
-4.657588432117871768e+00
-4.654662838907319689e+00
-4.655764680574978165e+00
-4.658292009301502112e+00
-4.662362393565805618e+00
-4.668199765121112677e+00
-4.675702787759787427e+00
-4.684914240463397661e+00
-4.695811044474226925e+00
-4.704145041617564971e+00
-4.718423964742564536e+00
-4.742694390359430301e+00
-4.757166406209275777e+00
-4.763579442459364266e+00
-4.777761792432484000e+00
-4.785474150873731958e+00
-4.782594394541758831e+00
-4.782594394541758831e+00
-4.812632681341781904e+00
-4.812632681341781904e+00
-4.812632681341781904e+00
-4.812632681341781904e+00
-4.815124353133110269e+00
-4.816217545935230326e+00
-4.819031783893778176e+00
-4.822637978309027851e+00
-4.825070626079421388e+00
-4.827741928214017264e+00
-4.831360803212478849e+00
-4.834752757067660056e+00
-4.834704666589486166e+00
-4.828350478942478041e+00
-4.830529393340188271e+00
-4.834470432854021560e+00
-4.837313982302036131e+00
-4.838465547791989785e+00
-4.843237362522464728e+00
-4.843804868186826873e+00
-4.845849465150314117e+00
-4.849761408533830753e+00
-4.849771125781010106e+00
-4.861086247088773682e+00
-4.861086247088773682e+00
-4.861086247088773682e+00
-4.858321190236472908e+00
-4.869982179096318475e+00
-4.869982179096318475e+00
-4.869919841473661748e+00
-4.869962317144223896e+00
-4.876550932909313296e+00
-4.876550932909313296e+00
-4.873754112375291214e+00
-4.884167726487903316e+00
-4.884167726487903316e+00
-4.888613522231797681e+00
-4.888613522231797681e+00
-4.904757518057782484e+00
-4.904757518057782484e+00
-5.351442304717195952e+00
-5.351442304717195952e+00
-5.351448209391348243e+00
-5.351448209391348243e+00
-5.360626761225703696e+00
-5.360267314216277335e+00
-5.360767763983739442e+00
-5.360767763983739442e+00
-5.365857221240799113e+00
-5.365880618247357070e+00
-5.372872222762123506e+00
-5.372872222762123506e+00
-5.372872222762123506e+00
-5.373551299042285123e+00
-5.373551299042285123e+00
-5.374989022731021748e+00
-5.374989022731021748e+00
-5.384311634095377386e+00
-5.384311634095377386e+00
-5.379092447229004037e+00
-5.378782067972157854e+00
-5.378782067972157854e+00
-5.378874715850560762e+00
-5.378874715850560762e+00
-5.378874715850560762e+00
-5.376482846038639352e+00
-5.376482846038639352e+00
-5.370362449706417962e+00
-5.370362449706417962e+00
-5.370362449706417962e+00
-5.370384314508370949e+00
-5.350377510357662736e+00
-5.350377510357662736e+00
-5.422960037578935300e+00
-4.385225302660808566e+00
-4.385542187735083530e+00
-4.385542187735083530e+00
-4.384586444792087256e+00
-4.384586444792087256e+00
-4.384798786820333305e+00
-4.384798786820333305e+00
-4.384798786820333305e+00
-4.384798786820333305e+00
-4.383814133905811872e+00
-4.383814133905811872e+00
-4.383814133905811872e+00
-4.383892565800180385e+00
-4.383892565800180385e+00
-4.383892565800180385e+00
-4.383108778140093698e+00
-4.383108778140093698e+00
-4.383108778140093698e+00
-4.383108778140093698e+00
-4.383108778140093698e+00
-4.383108778140093698e+00
-4.382103749991927089e+00
-4.382445414524810623e+00
-4.382445414524810623e+00
-4.382445414524810623e+00
-4.382445414524810623e+00
-4.381516832446326504e+00
-4.381516832446326504e+00
-4.381516832446326504e+00
-4.381795107658666311e+00
-4.381795107658666311e+00
-4.381795107658666311e+00
-4.380785086636602266e+00
-4.380785086636602266e+00
-4.380785086636602266e+00
-4.380981081946550226e+00
-4.381322272176808141e+00
-4.471116653340706293e+00
-4.471116653340706293e+00
-4.471116653340706293e+00
-4.471135145956291801e+00
-4.471135145956291801e+00
-4.470207783367000864e+00
-4.470712292174282787e+00
-4.470712292174282787e+00
-4.470712292174282787e+00
-4.470712292174282787e+00
-4.470712292174282787e+00
-4.469865002304997503e+00
-4.469865002304997503e+00
-4.469865002304997503e+00
-4.469865002304997503e+00
-4.469865002304997503e+00
-4.469103087082078929e+00
-4.469103087082078929e+00
-4.469159381895697614e+00
-4.469159381895697614e+00
-4.469370414077843634e+00
-4.468511820457428563e+00
-4.468511820457428563e+00
-4.468511820457428563e+00
-4.468511820457428563e+00
-4.831020956798111499e+00
-4.831020956798111499e+00
-4.831020956798111499e+00
-4.831546273187682594e+00
-4.831546273187682594e+00
-4.831187538124317449e+00
-4.831187538124317449e+00
-4.831187538124317449e+00
-4.831187538124317449e+00
-4.830851450969282368e+00
-4.830665989784987957e+00
-4.830665989784987957e+00
-4.830665989784987957e+00
-4.830736274662380758e+00
-4.830736274662380758e+00
-4.830346366925010848e+00
-4.830346366925010848e+00
-4.830346366925010848e+00
-4.830346366925010848e+00
-4.830001445130868376e+00
-4.830001445130868376e+00
-4.830123087962576278e+00
-4.829787884703849343e+00
-4.829787884703849343e+00
-4.829713174115218166e+00
-4.829713174115218166e+00
-4.829713174115218166e+00
-4.829713174115218166e+00
-4.829391882875750497e+00
-4.829391882875750497e+00
-4.829391882875750497e+00
-4.829391882875750497e+00
-4.829217147047689451e+00
-4.829217147047689451e+00
-4.829217147047689451e+00
-4.828887287950164975e+00
-4.828887287950164975e+00
-4.828568059222574149e+00
-4.828568059222574149e+00
-4.828568059222574149e+00
-4.828568059222574149e+00
-4.828163632359838253e+00
-4.828163632359838253e+00
-4.828163632359838253e+00
-4.828163632359838253e+00
-4.828227585244372122e+00
-4.828401036548034320e+00
-4.926412027881834632e+00
-4.926412027881834632e+00
-4.925687458043876532e+00
-4.925687458043876532e+00
-4.925687458043876532e+00
-4.925687458043876532e+00
-4.925041745808589333e+00
-4.925041745808589333e+00
-4.925041745808589333e+00
-4.924402742108664022e+00
-4.924402742108664022e+00
-4.924402742108664022e+00
-4.924402742108664022e+00
-5.364871888842515979e+00
-5.365037099475859605e+00
-5.365037099475859605e+00
-5.365037099475859605e+00
-5.364743499348526790e+00
-5.364948402233445712e+00
-5.364948402233445712e+00
-5.364665539977621300e+00
-5.364665539977621300e+00
-5.364773301764150126e+00
-5.364773301764150126e+00
-5.364517847362280101e+00
-5.364257239207369743e+00
-5.364257239207369743e+00
-5.363913364600572109e+00
-5.363913364600572109e+00
-5.363913364600572109e+00
-5.363975176260631805e+00
-5.363657322369894231e+00
-5.363657322369894231e+00
-5.363657322369894231e+00
-5.363344216872031112e+00
-5.363344216872031112e+00
-5.363498682810878826e+00
-5.363031354985990262e+00
-5.363031354985990262e+00
-5.362927708722836861e+00
-5.362707549387558892e+00
-5.362602171063238998e+00
-5.362478277679330496e+00
-5.362391780864378177e+00
-5.362267936010801428e+00
-5.361931017389829357e+00
-5.361597455986919059e+00
-5.361375308447126287e+00
-5.360942391045140809e+00
-5.360451189814689599e+00
-4.913727644811996420e+00
-4.912789402116110260e+00
-4.910441510749024907e+00
-4.906049225757343812e+00
-4.481150965173856804e+00
-4.475139185232256622e+00
-4.890904871717467017e+00
-4.889500325446536344e+00
-4.888472913293301580e+00
-4.887554786336314017e+00
-4.886791862458820468e+00
-4.886310432766602929e+00
-4.885847274519839800e+00
-4.885155118192189505e+00
-4.884263542438850969e+00
-5.346306011520550960e+00
-5.345860098053091036e+00
-5.345595029638320561e+00
-5.345281915378311766e+00
-5.345076428742011387e+00
-5.565597531115319185e+00
-5.565742347817795199e+00
-5.728103190641423481e+00
-5.728334573762035475e+00
-5.869068531170878344e+00
-6.002194891305107305e+00
-6.051710030830194320e+00
-6.084871681698158952e+00
-6.104157396700867544e+00
-6.138848235240986106e+00
-6.162563147592884150e+00
-6.171874623646218971e+00
-6.164551362214041319e+00
-6.123688997419279190e+00
-6.063092392194036506e+00
-6.053586505784992688e+00
-6.114360932876513388e+00
-6.114360932876513388e+00
-6.188314809228151248e+00
-6.188314809228151248e+00
-6.244165248752901576e+00
-6.244165248752901576e+00
-6.311800913690201575e+00
-6.311826476534605490e+00
-6.367160007238543251e+00
-6.367081099588675741e+00
-6.421866820696440215e+00
-6.421866820696440215e+00
-6.486873907222478586e+00
-6.486873907222478586e+00
-6.527696229554356577e+00
-6.527696229554356577e+00
-6.592877975607474461e+00
-6.653523276404742504e+00
-6.653523276404742504e+00
-6.713264516802604831e+00
-6.713264516802604831e+00
-6.777548745741234448e+00
-6.777570251634452703e+00
-6.814653702510341304e+00
-6.814653702510341304e+00
-6.805736126814765363e+00
-6.805736126814765363e+00
-6.783754239023530808e+00
-6.783611394062004862e+00
-6.844414498388333712e+00
-6.841917185107686983e+00
-6.934626593499276126e+00
-6.934626593499276126e+00
-7.037618746095491318e+00
-7.037618746095491318e+00
-7.152146752355982073e+00
-7.152146752355982073e+00
-7.297566924987902937e+00
-5.547130879998475983e+00
-5.547130879998475983e+00
-5.546046834898685773e+00
-5.546046834898685773e+00
-5.546046834898685773e+00
-5.546046834898685773e+00
-5.546046834898685773e+00
-5.546046834898685773e+00
-5.546473715729835163e+00
-5.546473715729835163e+00
-5.546473715729835163e+00
-5.546473715729835163e+00
-5.545071116306752756e+00
-5.545071116306752756e+00
-5.545071116306752756e+00
-5.545071116306752756e+00
-5.545071116306752756e+00
-5.545071116306752756e+00
-5.545071116306752756e+00
-5.545432511097185824e+00
-5.545432511097185824e+00
-5.545432511097185824e+00
-5.545432511097185824e+00
-5.544003673295989643e+00
-5.544003673295989643e+00
-5.544366565607973030e+00
-5.544366565607973030e+00
-5.544837207956642366e+00
-5.545188085309662007e+00
-5.545188085309662007e+00
-5.545188085309662007e+00
-5.545188085309662007e+00
-5.543907624941555312e+00
-5.543907624941555312e+00
-5.543907624941555312e+00
-5.543907624941555312e+00
-5.543907624941555312e+00
-5.543907624941555312e+00
-5.543907624941555312e+00
-5.543907624941555312e+00
-5.543907624941555312e+00
-5.543907624941555312e+00
-5.542552840001083503e+00
-5.542552840001083503e+00
-5.542552840001083503e+00
-5.542987708325757268e+00
-5.542987708325757268e+00
-5.542987708325757268e+00
-5.542987708325757268e+00
-5.542987708325757268e+00
-5.542987708325757268e+00
-5.542987708325757268e+00
-5.541574723527663338e+00
-5.541916915149118772e+00
-5.542290011509569680e+00
-5.542290011509569680e+00
-5.542290011509569680e+00
-5.542290011509569680e+00
-5.542290011509569680e+00
-5.542290011509569680e+00
-5.542290011509569680e+00
-5.540968879000814695e+00
-5.541396374749138154e+00
-5.541396374749138154e+00
-5.541396374749138154e+00
-5.541396374749138154e+00
-5.541396374749138154e+00
-5.541396374749138154e+00
-5.541487934011003702e+00
-5.541487934011003702e+00
-5.541487934011003702e+00
-5.540232199385000555e+00
-5.540482471701871248e+00
-5.540482471701871248e+00
-5.540482471701871248e+00
-5.540482471701871248e+00
-5.540482471701871248e+00
-5.540482471701871248e+00
-5.540482471701871248e+00
-5.540482471701871248e+00
-5.539804120318261305e+00
-5.540154468525747333e+00
-5.540154468525747333e+00
-5.540154468525747333e+00
-5.540154468525747333e+00
-5.540154468525747333e+00
-5.540154468525747333e+00
-5.540512983417765547e+00
-5.540512983417765547e+00
-5.539310172665791399e+00
-5.539310172665791399e+00
-5.539310172665791399e+00
-5.539310172665791399e+00
-5.539310172665791399e+00
-5.539310172665791399e+00
-5.539310172665791399e+00
-5.539704954976163442e+00
-5.539704954976163442e+00
-5.815956672067438049e+00
-5.815956672067438049e+00
-5.815956672067438049e+00
-5.815956672067438049e+00
-5.815956672067438049e+00
-5.815956672067438049e+00
-5.815956672067438049e+00
-5.815956672067438049e+00
-5.815162348560605210e+00
-5.815162348560605210e+00
-5.815162348560605210e+00
-5.815162348560605210e+00
-5.815162348560605210e+00
-5.815162348560605210e+00
-5.815328087422393821e+00
-5.815644514321975933e+00
-5.815644514321975933e+00
-5.814576799629829651e+00
-5.814576799629829651e+00
-5.814576799629829651e+00
-5.814576799629829651e+00
-5.814576799629829651e+00
-5.814576799629829651e+00
-5.814920702557672350e+00
-5.814920702557672350e+00
-5.813906682459039743e+00
-5.813906682459039743e+00
-5.813906682459039743e+00
-5.813906682459039743e+00
-5.813906682459039743e+00
-5.813906682459039743e+00
-5.813906682459039743e+00
-5.814168603703085303e+00
-5.814507598671594835e+00
-5.813511834803290590e+00
-5.813511834803290590e+00
-5.813511834803290590e+00
-5.813511834803290590e+00
-5.813511834803290590e+00
-5.813511834803290590e+00
-5.813511834803290590e+00
-5.813511834803290590e+00
-5.812543107408433052e+00
-5.812543107408433052e+00
-5.812543107408433052e+00
-5.812686434294435323e+00
-5.812686434294435323e+00
-5.812686434294435323e+00
-5.812950915182866218e+00
-5.813038499579130658e+00
-5.861784245585617725e+00
-5.861784245585617725e+00
-5.861784245585617725e+00
-5.862023419390420820e+00
-5.862023419390420820e+00
-5.862337554776056336e+00
-5.862337554776056336e+00
-5.862337554776056336e+00
-5.861415974800466167e+00
-5.861751998845588396e+00
-5.861751998845588396e+00
-5.861751998845588396e+00
-5.861751998845588396e+00
-5.861984465480704287e+00
-5.861984465480704287e+00
-5.861050359072994986e+00
-5.861050359072994986e+00
-5.861050359072994986e+00
-5.861050359072994986e+00
-5.861050359072994986e+00
-5.861050359072994986e+00
-5.861050359072994986e+00
-5.861050359072994986e+00
-5.860274753321350616e+00
-5.860274753321350616e+00
-5.860274753321350616e+00
-5.860274753321350616e+00
-5.860274753321350616e+00
-5.860274753321350616e+00
-5.860506820187599608e+00
-6.091428773822873843e+00
-6.091428773822873843e+00
-6.091428773822873843e+00
-6.091743407803504873e+00
-6.091743407803504873e+00
-6.091743407803504873e+00
-6.091743407803504873e+00
-6.092055198199284760e+00
-6.091334533442989141e+00
-6.091334533442989141e+00
-6.091334533442989141e+00
-6.091334533442989141e+00
-6.091334533442989141e+00
-6.091492692421494937e+00
-6.091492692421494937e+00
-6.090776772022278962e+00
-6.090776772022278962e+00
-6.090776772022278962e+00
-6.090776772022278962e+00
-6.090776772022278962e+00
-6.090776772022278962e+00
-6.090776772022278962e+00
-6.090040519022879906e+00
-6.090040519022879906e+00
-6.090040519022879906e+00
-6.090040519022879906e+00
-6.090040519022879906e+00
-6.090353219644311977e+00
-6.090353219644311977e+00
-6.089844075177713201e+00
-6.089860348696399583e+00
-6.089860348696399583e+00
-6.089860348696399583e+00
-6.089860348696399583e+00
-6.089860348696399583e+00
-6.089342597087842535e+00
-6.089342597087842535e+00
-6.089342597087842535e+00
-6.089342597087842535e+00
-6.089662509874314011e+00
-6.089662509874314011e+00
-6.089729027277837048e+00
-6.088965215150531129e+00
-6.088965215150531129e+00
-6.088965215150531129e+00
-6.088984193450052373e+00
-6.088984193450052373e+00
-6.088984193450052373e+00
-6.088984193450052373e+00
-6.088290998833712386e+00
-6.088290998833712386e+00
-6.088603025349398123e+00
-6.088842315240182046e+00
-6.088842315240182046e+00
-6.088842315240182046e+00
-6.328201265120568131e+00
-6.328201265120568131e+00
-6.328201265120568131e+00
-6.328201265120568131e+00
-6.328201265120568131e+00
-6.420031006204355961e+00
-6.419370242401932991e+00
-6.419370242401932991e+00
-6.419370242401932991e+00
-6.419370242401932991e+00
-6.419370242401932991e+00
-6.419370242401932991e+00
-6.418739056359324735e+00
-6.418739056359324735e+00
-6.418739056359324735e+00
-6.418739056359324735e+00
-6.416799975040051507e+00
-6.416799975040051507e+00
-6.416042388305124966e+00
-6.416442915923371793e+00
-6.416442915923371793e+00
-6.416442915923371793e+00
-6.416442915923371793e+00
-6.416442915923371793e+00
-6.415772020643085938e+00
