3.921001421506553442e+01
3.932593338365511926e+01
3.944563937535857434e+01
3.951278774640444880e+01
3.905706525067969181e+01
3.833054504929507544e+01
3.804265833822647380e+01
3.772512278443660705e+01
3.747202338601457683e+01
3.717482168020664801e+01
3.701724058343317125e+01
3.687818149054092487e+01
3.664988724958085697e+01
3.646009593089557654e+01
3.637328025632778861e+01
3.623751845662604865e+01
3.610836524452303564e+01
3.591497241063711954e+01
3.577855976449678366e+01
3.574889500491711658e+01
3.573723271368950805e+01
3.558134181944458163e+01
3.542772493485976071e+01
3.540113921502529593e+01
3.530662574218610672e+01
3.522471987179112318e+01
3.517607424259806237e+01
3.507982922904473355e+01
3.495197268331354223e+01
3.479482666300103233e+01
3.486505054645741097e+01
3.485860776542602935e+01
3.488551377561830691e+01
3.486979196809386394e+01
3.487987575124483897e+01
3.489054910467328341e+01
3.490102642071754246e+01
3.497799939334041142e+01
3.499210230885426398e+01
3.506500631217699038e+01
3.508093661307876943e+01
3.509142853946417517e+01
3.510637229739228360e+01
3.549011583458513286e+01
3.540067944836067682e+01
3.535994364708965065e+01
3.532284364672121058e+01
5.000000000000000000e+00
5.000000000000000000e+00
5.000000000000000000e+00
5.000000000000000000e+00
5.000000000000000000e+00
5.000000000000000000e+00
5.000000000000000000e+00
5.000000000000000000e+00
5.000000000000000000e+00
5.000000000000000000e+00
5.000000000000000000e+00
5.000000000000000000e+00
5.000000000000000000e+00
3.257247044521793100e+01
3.253647044521793674e+01
3.259897044521792964e+01
3.259447044521793657e+01
3.234397044521793418e+01
3.530802757848022111e+01
3.529622953400349417e+01
3.529737641841985152e+01
3.530713546227054422e+01
3.535157112018859493e+01
5.000000000000000000e+00
5.000000000000000000e+00
5.000000000000000000e+00
5.000000000000000000e+00
5.000000000000000000e+00
5.000000000000000000e+00
5.000000000000000000e+00
5.000000000000000000e+00
5.000000000000000000e+00
5.000000000000000000e+00
3.235067731936790381e+01
3.231567731936790011e+01
3.229367731936790165e+01
3.228267731936790597e+01
3.232167731936790744e+01
3.218467731936789988e+01
3.210267731936790625e+01
3.508086093244463655e+01
3.507568848937613382e+01
3.507623669468281236e+01
3.508138319801119565e+01
3.509172029511299939e+01
3.512807759695184728e+01
3.272967731936790159e+01
5.000000000000000000e+00
5.000000000000000000e+00
5.000000000000000000e+00
5.000000000000000000e+00
5.000000000000000000e+00
5.000000000000000000e+00
5.000000000000000000e+00
5.000000000000000000e+00
5.000000000000000000e+00
5.000000000000000000e+00
5.000000000000000000e+00
5.000000000000000000e+00
5.000000000000000000e+00
5.000000000000000000e+00
5.000000000000000000e+00
5.000000000000000000e+00
5.000000000000000000e+00
5.000000000000000000e+00
5.000000000000000000e+00
5.000000000000000000e+00
5.000000000000000000e+00
5.000000000000000000e+00
5.000000000000000000e+00
5.000000000000000000e+00
5.000000000000000000e+00
5.000000000000000000e+00
5.000000000000000000e+00
5.000000000000000000e+00
5.000000000000000000e+00
5.000000000000000000e+00
5.000000000000000000e+00
5.000000000000000000e+00
5.000000000000000000e+00
5.000000000000000000e+00
3.211250913073449453e+01
3.203850913073448936e+01
3.200650913073449289e+01
3.198450913073449087e+01
3.196450913073449129e+01
3.195250913073449084e+01
3.194550913073449294e+01
3.193350913073449249e+01
3.192950913073449115e+01
3.193150913073449004e+01
3.195350913073449206e+01
3.199050913073449109e+01
3.199250913073448999e+01
3.194650913073449061e+01
3.191450913073449414e+01
3.188950913073449200e+01
3.186850913073449121e+01
3.186150913073448976e+01
3.482134271929481883e+01
3.482386076119376384e+01
3.482777738026725700e+01
3.483500629115194869e+01
3.484362703528648808e+01
3.484555590062297625e+01
3.486014288682257956e+01
3.489455548651201866e+01
3.217350913073448737e+01
5.000000000000000000e+00
5.000000000000000000e+00
5.000000000000000000e+00
5.000000000000000000e+00
5.000000000000000000e+00
5.000000000000000000e+00
5.000000000000000000e+00
5.000000000000000000e+00
5.000000000000000000e+00
5.000000000000000000e+00
5.000000000000000000e+00
5.000000000000000000e+00
5.000000000000000000e+00
5.000000000000000000e+00
5.000000000000000000e+00
5.000000000000000000e+00
5.000000000000000000e+00
5.000000000000000000e+00
5.000000000000000000e+00
5.000000000000000000e+00
5.000000000000000000e+00
5.000000000000000000e+00
5.000000000000000000e+00
5.000000000000000000e+00
5.000000000000000000e+00
5.000000000000000000e+00
5.000000000000000000e+00
5.000000000000000000e+00
5.000000000000000000e+00
5.000000000000000000e+00
5.000000000000000000e+00
5.000000000000000000e+00
5.000000000000000000e+00
5.000000000000000000e+00
5.000000000000000000e+00
5.000000000000000000e+00
5.000000000000000000e+00
5.000000000000000000e+00
5.000000000000000000e+00
5.000000000000000000e+00
5.000000000000000000e+00
5.000000000000000000e+00
5.000000000000000000e+00
5.000000000000000000e+00
5.000000000000000000e+00
5.000000000000000000e+00
5.000000000000000000e+00
5.000000000000000000e+00
5.000000000000000000e+00
5.000000000000000000e+00
5.000000000000000000e+00
5.000000000000000000e+00
5.000000000000000000e+00
5.000000000000000000e+00
5.000000000000000000e+00
5.000000000000000000e+00
5.000000000000000000e+00
5.000000000000000000e+00
5.000000000000000000e+00
5.000000000000000000e+00
5.000000000000000000e+00
5.000000000000000000e+00
5.000000000000000000e+00
5.000000000000000000e+00
5.000000000000000000e+00
5.000000000000000000e+00
5.000000000000000000e+00
5.000000000000000000e+00
5.000000000000000000e+00
5.000000000000000000e+00
5.000000000000000000e+00
5.000000000000000000e+00
5.000000000000000000e+00
5.000000000000000000e+00
5.000000000000000000e+00
5.000000000000000000e+00
5.000000000000000000e+00
5.000000000000000000e+00
5.000000000000000000e+00
5.000000000000000000e+00
5.000000000000000000e+00
5.000000000000000000e+00
5.000000000000000000e+00
5.000000000000000000e+00
5.000000000000000000e+00
5.000000000000000000e+00
5.000000000000000000e+00
5.000000000000000000e+00
5.000000000000000000e+00
5.000000000000000000e+00
5.000000000000000000e+00
5.000000000000000000e+00
5.000000000000000000e+00
5.000000000000000000e+00
3.134570762705609681e+01
3.163670762705609718e+01
3.151970762705609630e+01
3.148270762705609371e+01
3.148270762705609371e+01
3.145170762705609491e+01
3.142370762705609621e+01
3.142370762705609621e+01
3.140670762705609675e+01
3.140670762705609675e+01
3.138570762705609596e+01
3.137070762705609539e+01
3.137070762705609539e+01
3.135970762705609616e+01
3.135670762705609604e+01
3.134770762705609570e+01
3.133670762705609647e+01
3.133470762705609758e+01
3.132770762705609613e+01
3.132470762705609602e+01
3.132170762705609590e+01
3.131970762705609701e+01
3.131970762705609701e+01
3.132070762705609468e+01
3.132370762705609479e+01
3.132470762705609602e+01
3.132470762705609602e+01
3.135070762705609582e+01
3.135470762705609360e+01
3.137170762705609661e+01
3.138570762705609596e+01
3.140770762705609798e+01
3.142370762705609621e+01
3.143670762705609434e+01
3.145270762705609613e+01
3.146270762705609769e+01
3.146470762705609658e+01
3.147470762705609815e+01
3.147570762705609582e+01
3.147470762705609815e+01
3.147170762705609803e+01
3.146770762705609670e+01
3.146570762705609781e+01
3.146070762705609525e+01
3.145970762705609758e+01
3.145970762705609758e+01
3.145870762705609636e+01
3.145970762705609758e+01
3.146270762705609769e+01
3.146470762705609658e+01
3.146770762705609670e+01
3.147270762705609570e+01
3.147770762705609826e+01
3.147770762705609826e+01
3.147770762705609826e+01
3.147770762705609826e+01
3.150570762705609695e+01
3.150570762705609695e+01
3.150570762705609695e+01
3.152970762705609786e+01
3.157370762705609479e+01
3.164170762705609619e+01
3.165970762705609687e+01
3.168870762705609678e+01
3.168970762705609445e+01
3.174470762705609417e+01
5.000000000000000000e+00
5.000000000000000000e+00
5.000000000000000000e+00
5.000000000000000000e+00
5.000000000000000000e+00
5.000000000000000000e+00
5.000000000000000000e+00
5.000000000000000000e+00
5.000000000000000000e+00
5.000000000000000000e+00
5.000000000000000000e+00
5.000000000000000000e+00
5.000000000000000000e+00
5.000000000000000000e+00
5.000000000000000000e+00
5.000000000000000000e+00
5.000000000000000000e+00
5.000000000000000000e+00
5.000000000000000000e+00
5.000000000000000000e+00
5.000000000000000000e+00
5.000000000000000000e+00
5.000000000000000000e+00
5.000000000000000000e+00
5.000000000000000000e+00
5.000000000000000000e+00
5.000000000000000000e+00
5.000000000000000000e+00
5.000000000000000000e+00
5.000000000000000000e+00
5.000000000000000000e+00
5.000000000000000000e+00
5.000000000000000000e+00
5.000000000000000000e+00
5.000000000000000000e+00
5.000000000000000000e+00
5.000000000000000000e+00
5.000000000000000000e+00
5.000000000000000000e+00
5.000000000000000000e+00
5.000000000000000000e+00
5.000000000000000000e+00
5.000000000000000000e+00
5.000000000000000000e+00
5.000000000000000000e+00
5.000000000000000000e+00
5.000000000000000000e+00
5.000000000000000000e+00
5.000000000000000000e+00
5.000000000000000000e+00
5.000000000000000000e+00
5.000000000000000000e+00
5.000000000000000000e+00
5.000000000000000000e+00
5.000000000000000000e+00
5.000000000000000000e+00
5.000000000000000000e+00
5.000000000000000000e+00
5.000000000000000000e+00
5.000000000000000000e+00
5.000000000000000000e+00
5.000000000000000000e+00
5.000000000000000000e+00
5.000000000000000000e+00
5.000000000000000000e+00
5.000000000000000000e+00
5.000000000000000000e+00
5.000000000000000000e+00
5.000000000000000000e+00
5.000000000000000000e+00
5.000000000000000000e+00
5.000000000000000000e+00
5.000000000000000000e+00
5.000000000000000000e+00
5.000000000000000000e+00
3.083497854609096933e+01
3.110697854609097135e+01
3.131297854609097087e+01
3.132697854609097021e+01
3.114497854609097161e+01
3.110297854609097001e+01
3.107397854609097010e+01
3.104697854609096908e+01
3.104697854609096908e+01
3.101497854609096905e+01
3.099297854609097058e+01
3.096597854609096956e+01
3.094197854609097220e+01
3.094197854609097220e+01
3.090197854609096950e+01
3.088597854609097126e+01
3.086397854609096925e+01
3.086397854609096925e+01
3.083597854609097055e+01
3.082397854609097010e+01
3.079797854609097030e+01
3.079797854609097030e+01
3.078697854609097107e+01
3.077397854609096939e+01
3.076097854609097126e+01
3.076097854609097126e+01
3.074897854609097081e+01
3.074797854609096959e+01
3.074597854609097070e+01
3.074497854609096947e+01
3.074697854609097192e+01
3.075197854609097092e+01
3.075997854609097004e+01
3.077097854609096927e+01
3.078397854609097095e+01
3.079897854609097152e+01
3.081697854609097220e+01
3.083497854609096933e+01
3.086497854609097047e+01
3.088297854609097115e+01
3.089897854609096939e+01
3.091497854609097118e+01
3.092397854609097152e+01
3.092397854609097152e+01
3.092397854609097152e+01
3.095697854609096922e+01
3.095697854609096922e+01
3.095697854609096922e+01
3.095697854609096922e+01
3.096197854609097178e+01
3.096697854609097078e+01
3.097097854609097212e+01
3.097697854609096879e+01
3.097997854609096890e+01
3.098397854609097024e+01
3.098997854609097047e+01
3.099597854609097070e+01
3.099997854609097203e+01
3.100497854609097104e+01
3.100897854609096882e+01
3.101497854609096905e+01
3.101997854609097161e+01
3.102197854609097050e+01
3.102997854609096962e+01
3.103397854609097095e+01
3.103697854609097107e+01
3.104297854609097129e+01
3.104297854609097129e+01
3.106297854609097087e+01
3.106297854609097087e+01
3.106297854609097087e+01
3.106297854609097087e+01
3.108397854609097166e+01
3.108397854609097166e+01
3.108397854609097166e+01
3.108397854609097166e+01
3.109497854609097089e+01
3.109497854609097089e+01
3.109497854609097089e+01
3.111397854609096925e+01
3.111397854609096925e+01
3.112197854609097192e+01
3.112197854609097192e+01
3.113397854609096882e+01
3.113397854609096882e+01
3.114697854609097050e+01
3.114697854609097050e+01
3.114697854609097050e+01
3.114697854609097050e+01
3.116697854609097007e+01
3.116697854609097007e+01
3.117397854609097152e+01
3.117397854609097152e+01
3.118597854609097197e+01
3.118597854609097197e+01
3.120697854609096922e+01
3.120697854609096922e+01
3.120697854609096922e+01
3.121897854609096967e+01
3.121897854609096967e+01
3.122697854609096879e+01
3.122697854609096879e+01
3.123997854609097047e+01
3.123997854609097047e+01
3.124597854609097070e+01
3.124597854609097070e+01
3.124597854609097070e+01
3.126297854609097016e+01
3.126297854609097016e+01
3.126297854609097016e+01
3.126297854609097016e+01
3.126297854609097016e+01
3.126897854609097038e+01
3.126897854609097038e+01
3.126897854609097038e+01
3.126897854609097038e+01
3.126197854609096893e+01
3.126197854609096893e+01
3.142397854609097152e+01
5.000000000000000000e+00
5.000000000000000000e+00
5.000000000000000000e+00
5.000000000000000000e+00
5.000000000000000000e+00
5.000000000000000000e+00
5.000000000000000000e+00
5.000000000000000000e+00
5.000000000000000000e+00
5.000000000000000000e+00
5.000000000000000000e+00
5.000000000000000000e+00
5.000000000000000000e+00
5.000000000000000000e+00
5.000000000000000000e+00
5.000000000000000000e+00
5.000000000000000000e+00
5.000000000000000000e+00
5.000000000000000000e+00
5.000000000000000000e+00
5.000000000000000000e+00
5.000000000000000000e+00
5.000000000000000000e+00
5.000000000000000000e+00
5.000000000000000000e+00
5.000000000000000000e+00
5.000000000000000000e+00
5.000000000000000000e+00
5.000000000000000000e+00
5.000000000000000000e+00
5.000000000000000000e+00
5.000000000000000000e+00
5.000000000000000000e+00
5.000000000000000000e+00
5.000000000000000000e+00
5.000000000000000000e+00
5.000000000000000000e+00
5.000000000000000000e+00
5.000000000000000000e+00
5.000000000000000000e+00
5.000000000000000000e+00
5.000000000000000000e+00
5.000000000000000000e+00
5.000000000000000000e+00
5.000000000000000000e+00
5.000000000000000000e+00
5.000000000000000000e+00
5.000000000000000000e+00
5.000000000000000000e+00
5.000000000000000000e+00
5.000000000000000000e+00
5.000000000000000000e+00
5.000000000000000000e+00
5.000000000000000000e+00
5.000000000000000000e+00
5.000000000000000000e+00
5.000000000000000000e+00
5.000000000000000000e+00
5.000000000000000000e+00
5.000000000000000000e+00
5.000000000000000000e+00
5.000000000000000000e+00
5.000000000000000000e+00
5.000000000000000000e+00
5.000000000000000000e+00
5.000000000000000000e+00
5.000000000000000000e+00
5.000000000000000000e+00
5.000000000000000000e+00
5.000000000000000000e+00
5.000000000000000000e+00
5.000000000000000000e+00
5.000000000000000000e+00
5.000000000000000000e+00
5.000000000000000000e+00
5.000000000000000000e+00
5.000000000000000000e+00
5.000000000000000000e+00
5.000000000000000000e+00
5.000000000000000000e+00
5.000000000000000000e+00
5.000000000000000000e+00
5.000000000000000000e+00
5.000000000000000000e+00
5.000000000000000000e+00
5.000000000000000000e+00
5.000000000000000000e+00
5.000000000000000000e+00
5.000000000000000000e+00
5.000000000000000000e+00
5.000000000000000000e+00
5.000000000000000000e+00
5.000000000000000000e+00
5.000000000000000000e+00
5.000000000000000000e+00
5.000000000000000000e+00
5.000000000000000000e+00
5.000000000000000000e+00
5.000000000000000000e+00
5.000000000000000000e+00
5.000000000000000000e+00
5.000000000000000000e+00
5.000000000000000000e+00
5.000000000000000000e+00
5.000000000000000000e+00
5.000000000000000000e+00
5.000000000000000000e+00
5.000000000000000000e+00
5.000000000000000000e+00
5.000000000000000000e+00
5.000000000000000000e+00
5.000000000000000000e+00
5.000000000000000000e+00
5.000000000000000000e+00
5.000000000000000000e+00
5.000000000000000000e+00
5.000000000000000000e+00
5.000000000000000000e+00
5.000000000000000000e+00
5.000000000000000000e+00
5.000000000000000000e+00
5.000000000000000000e+00
5.000000000000000000e+00
5.000000000000000000e+00
5.000000000000000000e+00
5.000000000000000000e+00
5.000000000000000000e+00
5.000000000000000000e+00
5.000000000000000000e+00
5.000000000000000000e+00
5.000000000000000000e+00
5.000000000000000000e+00
5.000000000000000000e+00
5.000000000000000000e+00
5.000000000000000000e+00
5.000000000000000000e+00
5.000000000000000000e+00
5.000000000000000000e+00
5.000000000000000000e+00
5.000000000000000000e+00
5.000000000000000000e+00
5.000000000000000000e+00
5.000000000000000000e+00
5.000000000000000000e+00
5.000000000000000000e+00
5.000000000000000000e+00
5.000000000000000000e+00
5.000000000000000000e+00
5.000000000000000000e+00
5.000000000000000000e+00
5.000000000000000000e+00
5.000000000000000000e+00
5.000000000000000000e+00
5.000000000000000000e+00
5.000000000000000000e+00
5.000000000000000000e+00
5.000000000000000000e+00
5.000000000000000000e+00
5.000000000000000000e+00
5.000000000000000000e+00
5.000000000000000000e+00
5.000000000000000000e+00
5.000000000000000000e+00
5.000000000000000000e+00
5.000000000000000000e+00
5.000000000000000000e+00
5.000000000000000000e+00
5.000000000000000000e+00
5.000000000000000000e+00
5.000000000000000000e+00
5.000000000000000000e+00
5.000000000000000000e+00
5.000000000000000000e+00
5.000000000000000000e+00
5.000000000000000000e+00
5.000000000000000000e+00
5.000000000000000000e+00
5.000000000000000000e+00
5.000000000000000000e+00
5.000000000000000000e+00
5.000000000000000000e+00
5.000000000000000000e+00
5.000000000000000000e+00
5.000000000000000000e+00
5.000000000000000000e+00
5.000000000000000000e+00
5.000000000000000000e+00
5.000000000000000000e+00
5.000000000000000000e+00
5.000000000000000000e+00
5.000000000000000000e+00
5.000000000000000000e+00
5.000000000000000000e+00
5.000000000000000000e+00
5.000000000000000000e+00
3.023327041001122595e+01
3.023327041001122595e+01
3.039227041001122487e+01
3.039227041001122487e+01
3.050627041001122564e+01
3.050627041001122564e+01
3.063527041001122697e+01
3.063527041001122697e+01
3.074727041001122529e+01
3.074727041001122529e+01
3.085027041001122683e+01
3.085027041001122683e+01
3.097127041001122549e+01
3.097127041001122549e+01
3.107327041001122581e+01
3.107327041001122581e+01
3.118527041001122768e+01
3.129327041001122467e+01
3.129327041001122467e+01
3.140227041001122643e+01
3.140227041001122643e+01
3.151727041001122487e+01
3.151727041001122487e+01
3.162627041001122663e+01
3.162627041001122663e+01
3.156627041001122791e+01
3.156627041001122791e+01
3.152727041001122643e+01
3.152727041001122643e+01
3.167827041001122623e+01
3.167827041001122623e+01
3.183427041001122504e+01
3.183427041001122504e+01
3.200827041001122808e+01
3.200827041001122808e+01
3.221327041001122637e+01
3.221327041001122637e+01
3.246227041001122871e+01
5.000000000000000000e+00
5.000000000000000000e+00
5.000000000000000000e+00
5.000000000000000000e+00
5.000000000000000000e+00
5.000000000000000000e+00
5.000000000000000000e+00
5.000000000000000000e+00
5.000000000000000000e+00
5.000000000000000000e+00
5.000000000000000000e+00
5.000000000000000000e+00
5.000000000000000000e+00
5.000000000000000000e+00
5.000000000000000000e+00
5.000000000000000000e+00
5.000000000000000000e+00
5.000000000000000000e+00
5.000000000000000000e+00
5.000000000000000000e+00
5.000000000000000000e+00
5.000000000000000000e+00
5.000000000000000000e+00
5.000000000000000000e+00
5.000000000000000000e+00
5.000000000000000000e+00
5.000000000000000000e+00
5.000000000000000000e+00
5.000000000000000000e+00
5.000000000000000000e+00
5.000000000000000000e+00
5.000000000000000000e+00
5.000000000000000000e+00
5.000000000000000000e+00
5.000000000000000000e+00
5.000000000000000000e+00
5.000000000000000000e+00
5.000000000000000000e+00
5.000000000000000000e+00
5.000000000000000000e+00
5.000000000000000000e+00
5.000000000000000000e+00
5.000000000000000000e+00
5.000000000000000000e+00
5.000000000000000000e+00
5.000000000000000000e+00
5.000000000000000000e+00
5.000000000000000000e+00
5.000000000000000000e+00
5.000000000000000000e+00
5.000000000000000000e+00
5.000000000000000000e+00
5.000000000000000000e+00
5.000000000000000000e+00
5.000000000000000000e+00
5.000000000000000000e+00
5.000000000000000000e+00
5.000000000000000000e+00
5.000000000000000000e+00
5.000000000000000000e+00
5.000000000000000000e+00
5.000000000000000000e+00
5.000000000000000000e+00
5.000000000000000000e+00
5.000000000000000000e+00
5.000000000000000000e+00
5.000000000000000000e+00
5.000000000000000000e+00
5.000000000000000000e+00
5.000000000000000000e+00
5.000000000000000000e+00
5.000000000000000000e+00
5.000000000000000000e+00
5.000000000000000000e+00
5.000000000000000000e+00
5.000000000000000000e+00
5.000000000000000000e+00
5.000000000000000000e+00
5.000000000000000000e+00
5.000000000000000000e+00
5.000000000000000000e+00
5.000000000000000000e+00
5.000000000000000000e+00
5.000000000000000000e+00
5.000000000000000000e+00
5.000000000000000000e+00
5.000000000000000000e+00
5.000000000000000000e+00
5.000000000000000000e+00
5.000000000000000000e+00
5.000000000000000000e+00
5.000000000000000000e+00
5.000000000000000000e+00
5.000000000000000000e+00
5.000000000000000000e+00
5.000000000000000000e+00
5.000000000000000000e+00
5.000000000000000000e+00
5.000000000000000000e+00
5.000000000000000000e+00
5.000000000000000000e+00
5.000000000000000000e+00
5.000000000000000000e+00
5.000000000000000000e+00
5.000000000000000000e+00
5.000000000000000000e+00
5.000000000000000000e+00
5.000000000000000000e+00
5.000000000000000000e+00
5.000000000000000000e+00
5.000000000000000000e+00
5.000000000000000000e+00
5.000000000000000000e+00
5.000000000000000000e+00
5.000000000000000000e+00
5.000000000000000000e+00
5.000000000000000000e+00
5.000000000000000000e+00
5.000000000000000000e+00
5.000000000000000000e+00
5.000000000000000000e+00
5.000000000000000000e+00
5.000000000000000000e+00
5.000000000000000000e+00
5.000000000000000000e+00
5.000000000000000000e+00
5.000000000000000000e+00
5.000000000000000000e+00
5.000000000000000000e+00
5.000000000000000000e+00
5.000000000000000000e+00
5.000000000000000000e+00
5.000000000000000000e+00
5.000000000000000000e+00
5.000000000000000000e+00
5.000000000000000000e+00
5.000000000000000000e+00
5.000000000000000000e+00
5.000000000000000000e+00
5.000000000000000000e+00
5.000000000000000000e+00
5.000000000000000000e+00
5.000000000000000000e+00
5.000000000000000000e+00
5.000000000000000000e+00
5.000000000000000000e+00
5.000000000000000000e+00
5.000000000000000000e+00
5.000000000000000000e+00
5.000000000000000000e+00
5.000000000000000000e+00
5.000000000000000000e+00
5.000000000000000000e+00
5.000000000000000000e+00
5.000000000000000000e+00
5.000000000000000000e+00
5.000000000000000000e+00
5.000000000000000000e+00
5.000000000000000000e+00
5.000000000000000000e+00
5.000000000000000000e+00
5.000000000000000000e+00
5.000000000000000000e+00
5.000000000000000000e+00
5.000000000000000000e+00
5.000000000000000000e+00
5.000000000000000000e+00
5.000000000000000000e+00
5.000000000000000000e+00
5.000000000000000000e+00
5.000000000000000000e+00
5.000000000000000000e+00
5.000000000000000000e+00
5.000000000000000000e+00
5.000000000000000000e+00
5.000000000000000000e+00
5.000000000000000000e+00
5.000000000000000000e+00
5.000000000000000000e+00
5.000000000000000000e+00
5.000000000000000000e+00
5.000000000000000000e+00
5.000000000000000000e+00
5.000000000000000000e+00
5.000000000000000000e+00
5.000000000000000000e+00
5.000000000000000000e+00
5.000000000000000000e+00
5.000000000000000000e+00
5.000000000000000000e+00
5.000000000000000000e+00
5.000000000000000000e+00
5.000000000000000000e+00
5.000000000000000000e+00
5.000000000000000000e+00
5.000000000000000000e+00
5.000000000000000000e+00
5.000000000000000000e+00
5.000000000000000000e+00
5.000000000000000000e+00
5.000000000000000000e+00
5.000000000000000000e+00
5.000000000000000000e+00
5.000000000000000000e+00
5.000000000000000000e+00
5.000000000000000000e+00
5.000000000000000000e+00
5.000000000000000000e+00
5.000000000000000000e+00
5.000000000000000000e+00
5.000000000000000000e+00
5.000000000000000000e+00
5.000000000000000000e+00
5.000000000000000000e+00
5.000000000000000000e+00
5.000000000000000000e+00
5.000000000000000000e+00
5.000000000000000000e+00
5.000000000000000000e+00
5.000000000000000000e+00
5.000000000000000000e+00
5.000000000000000000e+00
5.000000000000000000e+00
5.000000000000000000e+00
5.000000000000000000e+00
5.000000000000000000e+00
5.000000000000000000e+00
5.000000000000000000e+00
5.000000000000000000e+00
5.000000000000000000e+00
5.000000000000000000e+00
5.000000000000000000e+00
5.000000000000000000e+00
5.000000000000000000e+00
5.000000000000000000e+00
5.000000000000000000e+00
5.000000000000000000e+00
5.000000000000000000e+00
5.000000000000000000e+00
5.000000000000000000e+00
5.000000000000000000e+00
5.000000000000000000e+00
5.000000000000000000e+00
5.000000000000000000e+00
5.000000000000000000e+00
5.000000000000000000e+00
5.000000000000000000e+00
5.000000000000000000e+00
5.000000000000000000e+00
5.000000000000000000e+00
5.000000000000000000e+00
5.000000000000000000e+00
5.000000000000000000e+00
5.000000000000000000e+00
5.000000000000000000e+00
5.000000000000000000e+00
5.000000000000000000e+00
5.000000000000000000e+00
