2.735730977822137699e+00
2.735597868138044841e+00
2.734965820297062589e+00
2.536180359021879660e+00
2.479524542417135269e+00
2.107343532319264856e+00
1.874671089673817015e+00
2.071515336975010779e+00
1.859003001026230617e+00
1.817584670203419073e+00
1.503095515587778319e+00
1.192239213065640291e+00
6.050598098718055207e-01
6.458949815272373440e-01
8.665466267739487805e-01
4.918656514757614451e-01
2.847250385949971485e-01
1.463019993997626556e-01
2.408060991144025664e-01
1.894784071036003659e-01
-9.063462087557985769e-02
-2.023629043812948947e-01
-2.643140078063038745e-01
-3.706666260336973218e-01
-5.563437051012728451e-01
-6.941939070608474927e-01
-7.836855182027856470e-01
-7.459736404060532955e-01
-8.300911740465785060e-01
-5.364826326308982374e-01
-5.577595528023366889e-01
-5.767547998734146031e-01
-6.246129045886656961e-01
-7.153157478040020889e-01
-8.031236643995655067e-01
-8.146583848266614192e-01
-9.719820675479556860e-01
-1.012610332553319781e+00
-1.193989086511692221e+00
-1.090148411157982222e+00
-1.275293846058258129e+00
-1.843390941669980965e+00
-1.831536311489864621e+00
-1.097146244494789702e+00
-1.245263917405735610e+00
-8.428539611558028000e-01
-1.177997127994547144e+00
-2.280669308813975879e-02
-2.037393838892003275e-02
-1.770472751487195961e-01
-1.745081629986366401e-01
-1.731459581920462287e-01
-1.710843241690691852e-01
-1.698212812851535025e-01
-2.391370421181040762e-01
-3.965375888288453776e-01
-3.949189352114685359e-01
-3.932314291976209963e-01
-3.911685576622441207e-01
-3.878886808387833063e-01
-2.364094606677773491e+00
-2.341691873007493818e+00
-2.376743084865298616e+00
-2.336094175148124119e+00
-1.848234929878417310e+00
-1.633006777441664337e+00
-1.558485103704057462e+00
-1.447045380532602898e+00
-1.651882470691848015e+00
-1.727038278046917341e+00
-7.393758836738896223e-01
-7.377500504242356927e-01
-7.367141938027965686e-01
-7.355693521301664983e-01
-7.336247550833108200e-01
-1.091899410074436805e+00
-1.090416683772367223e+00
-1.088336991432015344e+00
-7.945839132364784785e-01
-2.297251083297023655e+00
-3.138255824612389500e+00
-3.116865327859121404e+00
-3.107286082365675384e+00
-3.104165410093201238e+00
-3.092985823369156062e+00
-2.754895372072522886e+00
-2.639928387709138846e+00
-2.556852119529702705e+00
-2.461015470277306161e+00
-2.442650769246933251e+00
-2.393872280890985138e+00
-2.408213596963932002e+00
-2.422309247875197968e+00
-3.335000045832655413e+00
-1.240809081043825479e+00
-1.239259775577714606e+00
-1.238506442399625262e+00
-1.237062498946232214e+00
-1.235630310042164393e+00
-1.234245106747348553e+00
-1.233673767804883026e+00
-1.232739528787791139e+00
-1.231417909116306664e+00
-1.230691112207905835e+00
-1.630939386672819236e+00
-1.629899358542764576e+00
-1.628903456823678431e+00
-1.628328633944217785e+00
-1.627607749710623608e+00
-1.626670432656013743e+00
-1.625707951295899845e+00
-1.624244974112102557e+00
-1.623402891745542531e+00
-1.622792884990173157e+00
-1.621401949797498077e+00
-1.620803634638647184e+00
-1.620090933004825207e+00
-1.618417655641095187e+00
-1.617941838336016014e+00
-1.616284429388272548e+00
-2.064552191679782212e+00
-2.064207488929063583e+00
-2.063388043784607273e+00
-2.062496718169121390e+00
-2.061525016999998794e+00
-1.604737546587308383e+00
-2.048661010753696665e+00
-2.835034203437111877e+00
-4.218016653220893808e+00
-4.177306165660070292e+00
-4.158888300745077871e+00
-4.142866674805019578e+00
-4.132185956465011856e+00
-4.126241267540084579e+00
-4.119096083270683550e+00
-4.050072833069432221e+00
-4.050725007441994485e+00
-4.054532190681362280e+00
-4.075645770765692788e+00
-4.069308392315063472e+00
-4.044246754917645958e+00
-3.909134868936710028e+00
-3.808507817228205639e+00
-3.772169462951450392e+00
-3.724715458672085422e+00
-3.696866006310878472e+00
-3.674269843868620988e+00
-3.648182035643391607e+00
-3.657739744086457634e+00
-3.630155080789093436e+00
-3.638789386281892746e+00
-3.640511881282445295e+00
-3.617915055441672578e+00
-3.726523110289185148e+00
-4.107116389686472857e+00
-2.290320193074424360e+00
-2.290320193074424360e+00
-2.288858469150439223e+00
-2.289341598545128420e+00
-2.289341598545128420e+00
-2.287745960578152715e+00
-2.287745960578152715e+00
-2.286265103747993077e+00
-2.286265103747993077e+00
-2.341009134530991354e+00
-2.339203785582869344e+00
-2.339203785582869344e+00
-2.337436056913607896e+00
-2.337436056913607896e+00
-2.337436056913607896e+00
-2.831380070166364504e+00
-2.831536423178496520e+00
-2.830112204726997760e+00
-2.830112204726997760e+00
-2.830112204726997760e+00
-2.829464384926427822e+00
-2.829812789280266472e+00
-2.828566215160230879e+00
-2.828566215160230879e+00
-2.827333819025107609e+00
-2.827401634058630542e+00
-2.826581059380971706e+00
-2.826581059380971706e+00
-2.826581059380971706e+00
-2.842765915307735813e+00
-2.842881096357634974e+00
-2.842091094211506519e+00
-2.842091094211506519e+00
-2.841285353599627861e+00
-2.841285353599627861e+00
-2.840078203026143999e+00
-2.840481160720736309e+00
-2.839290861500721963e+00
-2.839290861500721963e+00
-2.838190502338544086e+00
-2.838190502338544086e+00
-2.837597227044216019e+00
-2.837738807984230949e+00
-2.836676112478503597e+00
-2.836676112478503597e+00
-2.835946086874418182e+00
-2.835223873433224018e+00
-2.835223873433224018e+00
-2.834185126489809914e+00
-2.834185126489809914e+00
-2.833176911692188771e+00
-2.833566628014662747e+00
-2.832468480995285365e+00
-2.831487219195763849e+00
-2.831487219195763849e+00
-2.830510167470842831e+00
-2.830901771028659475e+00
-2.830294997373317134e+00
-2.829327275282890408e+00
-2.829327275282890408e+00
-2.828825320277016164e+00
-3.335385831555812697e+00
-3.335429866899639162e+00
-3.335088682208478428e+00
-3.334729287330958858e+00
-3.334538778693300731e+00
-3.334298123329547892e+00
-3.333966822621581727e+00
-3.334311330341877877e+00
-3.333973767533815913e+00
-3.333386616154571325e+00
-3.333044377910443501e+00
-3.333044377910443501e+00
-3.332735440344179789e+00
-3.332128084497107956e+00
-3.331796086514368316e+00
-3.331468709742290812e+00
-3.331468709742290812e+00
-3.330847363643568926e+00
-3.330523226426710615e+00
-3.330382126453970137e+00
-3.330183683144034568e+00
-3.329777050671617999e+00
-3.329089638657212635e+00
-3.328498626949872197e+00
-3.327916989647400570e+00
-3.326859414062747433e+00
-2.803157323078059093e+00
-3.317169968901957144e+00
-3.315465334300546463e+00
-3.550417840014222115e+00
-3.792646537754503111e+00
-4.111519304697144328e+00
-4.488851372365520120e+00
-4.951146611498502104e+00
-5.183100871421687295e+00
-5.049706999278970265e+00
-5.028217759045224611e+00
-5.028217759045224611e+00
-5.007300180115342059e+00
-4.992222506507113522e+00
-4.991985083737755069e+00
-4.980900520852833857e+00
-4.977937253430363640e+00
-4.968545680092811168e+00
-4.959922763240666832e+00
-4.959922763240666832e+00
-4.950756778753070186e+00
-4.948585089559748518e+00
-4.943734982196421157e+00
-4.936834097890261397e+00
-4.935115724386238689e+00
-4.932635560025764754e+00
-4.931622071246306582e+00
-4.928027854259013019e+00
-4.928147288135133586e+00
-4.929148077738790157e+00
-4.931227959129486749e+00
-4.932043323966005310e+00
-4.883678927255803437e+00
-4.883678927255803437e+00
-4.904666008146185696e+00
-4.907794430671706287e+00
-4.922908365337264947e+00
-4.935337461545846516e+00
-4.953335226945007719e+00
-4.907245526495882970e+00
-4.918948452203824040e+00
-4.931884201471444129e+00
-4.947821361361665282e+00
-4.951532124353033915e+00
-4.904984840442009109e+00
-4.912610909169292661e+00
-4.919970565281271746e+00
-4.892652258434315726e+00
-5.084877636199706785e+00
-5.090254811019311987e+00
-5.100287970150328754e+00
-5.116863244731283622e+00
-5.118823443191214295e+00
-5.124219504193900931e+00
-5.070452856743642656e+00
-5.078298081111568330e+00
-5.082115868927584046e+00
-5.084728224885332715e+00
-5.041831592788347471e+00
-5.093918347094481547e+00
-5.093918347094481547e+00
-5.091767245061880054e+00
-5.091767245061880054e+00
-5.069612449656166753e+00
-5.069622328106631493e+00
-5.069179219175865114e+00
-5.116159041337540181e+00
-5.171761624877226460e+00
-5.321470265267856270e+00
-5.314419672923993865e+00
-5.378005584752547641e+00
-5.365160498065497663e+00
-5.517951313386821433e+00
-3.817794064530326104e+00
-3.817794064530326104e+00
-3.816952153252358038e+00
-3.816952153252358038e+00
-3.816952153252358038e+00
-3.816065600241838940e+00
-3.816065600241838940e+00
-3.815211222403245728e+00
-3.815371020963371773e+00
-3.815599095593779744e+00
-3.814697884319343757e+00
-3.814809385456674029e+00
-3.814809385456674029e+00
-4.084139384035012199e+00
-4.084425722010266213e+00
-4.083921838927114578e+00
-4.083921838927114578e+00
-4.083921838927114578e+00
-4.083390688058488927e+00
-4.083390688058488927e+00
-4.082623624960914910e+00
-4.082623624960914910e+00
-4.082623624960914910e+00
-4.082147891570561349e+00
-4.082147891570561349e+00
-4.081631040120506704e+00
-4.081631040120506704e+00
-4.081166904586105204e+00
-4.081166904586105204e+00
-4.080420183990348448e+00
-4.080420183990348448e+00
-4.080420183990348448e+00
-4.080393580277294596e+00
-4.080595410889342745e+00
-4.080145087123018932e+00
-4.080145087123018932e+00
-4.079666464371737966e+00
-4.079666464371737966e+00
-4.078934629807585921e+00
-4.078934629807585921e+00
-4.145296308025211651e+00
-4.145448105132715000e+00
-4.145034648269229294e+00
-4.145034648269229294e+00
-4.144651198049360552e+00
-4.144651198049360552e+00
-4.143823769313764949e+00
-4.143823769313764949e+00
-4.143391180008663355e+00
-4.142963709104024339e+00
-4.143268996778389557e+00
-4.142769699438717979e+00
-4.142769699438717979e+00
-4.142283702090225006e+00
-4.141999857852216138e+00
-4.141355243850044054e+00
-4.140901881352067271e+00
-4.140602492948148416e+00
-4.139936988178837041e+00
-4.139444031908896982e+00
-4.070683208364269667e+00
-4.068804782356927774e+00
-3.783823554528603861e+00
-4.056458825892185871e+00
-4.054417864202752853e+00
-4.123563501977546508e+00
-4.122671554067286692e+00
-4.122011607019633317e+00
-4.492506497275480903e+00
-4.492962873277081215e+00
-4.754269594686170386e+00
-4.965683864888029042e+00
-5.090328297535610780e+00
-5.274214314736175524e+00
-5.348015214442840559e+00
-5.622368872127080586e+00
-5.782681240819181667e+00
-5.968178364963828919e+00
-5.977065748901997821e+00
-5.804988435901881516e+00
-5.778792471410651999e+00
-5.761225385681005839e+00
-5.745277731309576197e+00
-5.745282989476305779e+00
-5.726650745290657873e+00
-5.713450861674253645e+00
-5.697685910099338003e+00
-5.683950432279760712e+00
-5.680641023567487125e+00
-5.657918920932764273e+00
-5.648905796789292388e+00
-5.636549682982675336e+00
-5.636549682982675336e+00
-5.620932779254718348e+00
-5.565111132926124249e+00
-5.548742688757857699e+00
-5.548742688757857699e+00
-5.543044702469382301e+00
-5.536635418328622826e+00
-5.530282197137752931e+00
-5.530282197137752931e+00
-5.525587570584181485e+00
-5.525211407977582923e+00
-5.522068099446447498e+00
-5.523272113703108666e+00
-5.526132083889989666e+00
-5.530783628251575657e+00
-5.537442788478188938e+00
-5.545984895127405778e+00
-5.556444433518445081e+00
-5.568779444349342356e+00
-5.520772341334050815e+00
-5.536670149018306120e+00
-5.563594208567574029e+00
-5.579572157532773247e+00
-5.533228220140571807e+00
-5.548688573208023556e+00
-5.557018175283012340e+00
-5.554008555095615307e+00
-5.554008555095615307e+00
-5.586573122262136870e+00
-5.586573122262136870e+00
-5.586573122262136870e+00
-5.586573122262136870e+00
-5.589265973289115230e+00
-5.590554875525949541e+00
-5.593593477406423986e+00
-5.597459409423209742e+00
-5.600083173442708784e+00
-5.602963015739344854e+00
-5.606862208958840910e+00
-5.610514629223445127e+00
-5.610562125320241122e+00
-5.573376953337318085e+00
-5.575714627867618844e+00
-5.579931257013026169e+00
-5.582978784672860684e+00
-5.584198809162755239e+00
-5.589308923779409355e+00
-5.590001004145609187e+00
-5.592188714189171073e+00
-5.596372476380823358e+00
-5.596382865569800025e+00
-5.608469620734275907e+00
-5.608469620734275907e+00
-5.608469620734275907e+00
-5.605604123058371968e+00
-5.618041033096946357e+00
-5.618041033096946357e+00
-5.617930354039273766e+00
-5.617950984645522006e+00
-5.624959539387054619e+00
-5.624959539387054619e+00
-5.622064736606936286e+00
-5.633146407540842837e+00
-5.633146407540842837e+00
-5.637872262064906437e+00
-5.637872262064906437e+00
-5.685624854226560387e+00
-5.685624854226560387e+00
-6.130760302271811568e+00
-6.130760302271811568e+00
-6.130765853442389890e+00
-6.130765853442389890e+00
-6.140558743009524534e+00
-6.140149739661876716e+00
-6.140744131080590584e+00
-6.140744131080590584e+00
-6.146167764181104332e+00
-6.146180640811429896e+00
-6.153624747300804110e+00
-6.153624747300804110e+00
-6.153624747300804110e+00
-6.154382943410658058e+00
-6.154382943410658058e+00
-6.155912482124305640e+00
-6.155912482124305640e+00
-6.220318550752731213e+00
-6.220318550752731213e+00
-6.214809756882074154e+00
-6.214455555346933835e+00
-6.214455555346933835e+00
-6.214548315579574655e+00
-6.214548315579574655e+00
-6.214548315579574655e+00
-6.212056739318274623e+00
-6.212056739318274623e+00
-6.264621123217909648e+00
-6.264621123217909648e+00
-6.264621123217909648e+00
-6.264631299512243068e+00
-6.243135541033971947e+00
-6.243135541033971947e+00
-6.367842194741784922e+00
-4.813215032974778929e+00
-4.813556905391104479e+00
-4.813556905391104479e+00
-4.812383657389116998e+00
-4.812383657389116998e+00
-4.812646891720352649e+00
-4.812646891720352649e+00
-4.812646891720352649e+00
-4.812646891720352649e+00
-4.811437667538508656e+00
-4.811437667538508656e+00
-4.811437667538508656e+00
-4.811568761700494079e+00
-4.811568761700494079e+00
-4.811568761700494079e+00
-4.810469059680647419e+00
-4.810469059680647419e+00
-4.810469059680647419e+00
-4.810469059680647419e+00
-4.810469059680647419e+00
-4.810469059680647419e+00
-4.809233972398337720e+00
-4.809603316594964539e+00
-4.809603316594964539e+00
-4.809603316594964539e+00
-4.809603316594964539e+00
-4.808461919765800729e+00
-4.808461919765800729e+00
-4.808461919765800729e+00
-4.808670352344091015e+00
-4.808670352344091015e+00
-4.808670352344091015e+00
-4.807428749920767075e+00
-4.807428749920767075e+00
-4.807428749920767075e+00
-4.807696463730914971e+00
-4.808161492798284975e+00
-4.890746257298158817e+00
-4.890746257298158817e+00
-4.890746257298158817e+00
-4.890794040779250729e+00
-4.890794040779250729e+00
-4.889613701245046684e+00
-4.890089613152649228e+00
-4.890089613152649228e+00
-4.890089613152649228e+00
-4.890089613152649228e+00
-4.890089613152649228e+00
-4.889011337803127688e+00
-4.889011337803127688e+00
-4.889011337803127688e+00
-4.889011337803127688e+00
-4.889011337803127688e+00
-4.888041221249129542e+00
-4.888041221249129542e+00
-4.888162561303458276e+00
-4.888162561303458276e+00
-4.888310148562673874e+00
-4.887216740641653345e+00
-4.887216740641653345e+00
-4.887216740641653345e+00
-4.887216740641653345e+00
-5.259386942780844620e+00
-5.259386942780844620e+00
-5.259386942780844620e+00
-5.259983121326826883e+00
-5.259983121326826883e+00
-5.259459620155340076e+00
-5.259459620155340076e+00
-5.259459620155340076e+00
-5.259459620155340076e+00
-5.259060063797076801e+00
-5.258772127727625367e+00
-5.258772127727625367e+00
-5.258772127727625367e+00
-5.258889474928444940e+00
-5.258889474928444940e+00
-5.258319754890577791e+00
-5.258319754890577791e+00
-5.258319754890577791e+00
-5.258319754890577791e+00
-5.257815570009098494e+00
-5.257815570009098494e+00
-5.258004592215542949e+00
-5.257606122844582508e+00
-5.257606122844582508e+00
-5.257397724786288862e+00
-5.257397724786288862e+00
-5.257397724786288862e+00
-5.257397724786288862e+00
-5.256927762892252609e+00
-5.256927762892252609e+00
-5.256927762892252609e+00
-5.256927762892252609e+00
-5.256629920038975001e+00
-5.256629920038975001e+00
-5.256629920038975001e+00
-5.256237993178235257e+00
-5.256237993178235257e+00
-5.255770531182907490e+00
-5.255770531182907490e+00
-5.255770531182907490e+00
-5.255770531182907490e+00
-5.255178080154037090e+00
-5.255178080154037090e+00
-5.255178080154037090e+00
-5.255178080154037090e+00
-5.255165181147001263e+00
-5.255401943832866074e+00
-5.356982471297646597e+00
-5.356982471297646597e+00
-5.356091134609169302e+00
-5.356091134609169302e+00
-5.356091134609169302e+00
-5.356091134609169302e+00
-5.355296516627198855e+00
-5.355296516627198855e+00
-5.355296516627198855e+00
-5.354509885707984473e+00
-5.354509885707984473e+00
-5.354509885707984473e+00
-5.354509885707984473e+00
-5.805598143755078766e+00
-5.805796962101320347e+00
-5.805796962101320347e+00
-5.805796962101320347e+00
-5.805380753287670892e+00
-5.805597289758076762e+00
-5.805597289758076762e+00
-5.805196439597724023e+00
-5.805196439597724023e+00
-5.805359062075850396e+00
-5.805359062075850396e+00
-5.804996975595650532e+00
-5.804690414554910305e+00
-5.804690414554910305e+00
-5.804202560551832590e+00
-5.804202560551832590e+00
-5.804202560551832590e+00
-5.804302907104298193e+00
-5.803851818780902505e+00
-5.803851818780902505e+00
-5.803851818780902505e+00
-5.803432565140220767e+00
-5.803432565140220767e+00
-5.803637127321862543e+00
-5.802957278672498553e+00
-5.802957278672498553e+00
-5.802810073081851705e+00
-5.802497338560055340e+00
-5.802347625921071561e+00
-5.802171589094503368e+00
-5.802013203069471103e+00
-5.801837235876672771e+00
-5.801358412041997425e+00
-5.800884205202819999e+00
-5.800568304396193753e+00
-5.799952486105519611e+00
-5.799313061138512637e+00
-5.340985151931100461e+00
-5.339824092686362711e+00
-5.336915998557103080e+00
-5.331465585444012945e+00
-4.894789807606741761e+00
-4.887317989813328545e+00
-5.312568988770270728e+00
-5.310440739231575336e+00
-5.309153310775560186e+00
-5.308002172035459765e+00
-5.307045154919499019e+00
-5.306359859876522478e+00
-5.305778658077840326e+00
-5.304909799485727717e+00
-5.303790089486513537e+00
-5.778729295252528431e+00
-5.778086523764343063e+00
-5.777704297067431050e+00
-5.777252655689923522e+00
-5.776964678185144031e+00
-6.006513879699726388e+00
-6.006597339465955976e+00
-6.180915528894495914e+00
-6.181095458755843985e+00
-6.336087468296720537e+00
-6.472444647892604763e+00
-6.538874963603248602e+00
-6.590303989922504435e+00
-6.624667849886952453e+00
-6.678506864846243118e+00
-6.726667531953065549e+00
-6.774630865151983095e+00
-6.846221100139535665e+00
-6.873157515269089579e+00
-6.848578294875555805e+00
-6.837013879352141110e+00
-6.963270814406179454e+00
-6.963270814406179454e+00
-7.051095263696857351e+00
-7.051095263696857351e+00
-7.162007840594612595e+00
-7.162007840594612595e+00
-7.236037841984360064e+00
-7.236051460153801962e+00
-7.298272513327723310e+00
-7.298130670058483815e+00
-7.358693490335496357e+00
-7.358693490335496357e+00
-7.429562241174038739e+00
-7.429562241174038739e+00
-7.552566208738430653e+00
-7.552566208738430653e+00
-7.620374371581017492e+00
-7.684964048021929450e+00
-7.684964048021929450e+00
-7.748143257364759506e+00
-7.748143257364759506e+00
-7.815521767056771374e+00
-7.815528951013173575e+00
-7.935080116250585291e+00
-7.935080116250585291e+00
-7.844901517584874640e+00
-7.844901517584874640e+00
-7.821976924374713036e+00
-7.821806238493445029e+00
-7.966069235642601498e+00
-7.963525073310202984e+00
-8.057918458884955726e+00
-8.057918458884955726e+00
-8.163889121756721323e+00
-8.163889121756721323e+00
-8.344490922922249254e+00
-8.344490922922249254e+00
-8.491648977308846824e+00
-6.045281581665224557e+00
-6.045281581665224557e+00
-6.043985356989884927e+00
-6.043985356989884927e+00
-6.043985356989884927e+00
-6.043985356989884927e+00
-6.043985356989884927e+00
-6.043985356989884927e+00
-6.044363367405678034e+00
-6.044363367405678034e+00
-6.044363367405678034e+00
-6.044363367405678034e+00
-6.042736788770922018e+00
-6.042736788770922018e+00
-6.042736788770922018e+00
-6.042736788770922018e+00
-6.042736788770922018e+00
-6.042736788770922018e+00
-6.042736788770922018e+00
-6.043155961587729053e+00
-6.043155961587729053e+00
-6.043155961587729053e+00
-6.043155961587729053e+00
-6.041498311221389805e+00
-6.041498311221389805e+00
-6.041989549808910454e+00
-6.041989549808910454e+00
-6.042406826148051024e+00
-6.042777266359503408e+00
-6.042777266359503408e+00
-6.042777266359503408e+00
-6.042777266359503408e+00
-6.041291846536525512e+00
-6.041291846536525512e+00
-6.041291846536525512e+00
-6.041291846536525512e+00
-6.041291846536525512e+00
-6.041291846536525512e+00
-6.041291846536525512e+00
-6.041291846536525512e+00
-6.041291846536525512e+00
-6.041291846536525512e+00
-6.039719440442537390e+00
-6.039719440442537390e+00
-6.039719440442537390e+00
-6.040105653071300651e+00
-6.040105653071300651e+00
-6.040105653071300651e+00
-6.040105653071300651e+00
-6.040105653071300651e+00
-6.040105653071300651e+00
-6.040105653071300651e+00
-6.038489739756984775e+00
-6.038887327004720973e+00
-6.039281768342289247e+00
-6.039281768342289247e+00
-6.039281768342289247e+00
-6.039281768342289247e+00
-6.039281768342289247e+00
-6.039281768342289247e+00
-6.039281768342289247e+00
-6.037747780150789723e+00
-6.038127992708395730e+00
-6.038127992708395730e+00
-6.038127992708395730e+00
-6.038127992708395730e+00
-6.038127992708395730e+00
-6.038127992708395730e+00
-6.038292976168770032e+00
-6.038292976168770032e+00
-6.038292976168770032e+00
-6.036834617740137965e+00
-6.037166545585516353e+00
-6.037166545585516353e+00
-6.037166545585516353e+00
-6.037166545585516353e+00
-6.037166545585516353e+00
-6.037166545585516353e+00
-6.037166545585516353e+00
-6.037166545585516353e+00
-6.036299869327673484e+00
-6.036670666719675893e+00
-6.036670666719675893e+00
-6.036670666719675893e+00
-6.036670666719675893e+00
-6.036670666719675893e+00
-6.036670666719675893e+00
-6.037087600980323820e+00
-6.037087600980323820e+00
-6.035690349978188429e+00
-6.035690349978188429e+00
-6.035690349978188429e+00
-6.035690349978188429e+00
-6.035690349978188429e+00
-6.035690349978188429e+00
-6.035690349978188429e+00
-6.036041986201374776e+00
-6.036041986201374776e+00
-6.316201528166428325e+00
-6.316201528166428325e+00
-6.316201528166428325e+00
-6.316201528166428325e+00
-6.316201528166428325e+00
-6.316201528166428325e+00
-6.316201528166428325e+00
-6.316201528166428325e+00
-6.315234969065264714e+00
-6.315234969065264714e+00
-6.315234969065264714e+00
-6.315234969065264714e+00
-6.315234969065264714e+00
-6.315234969065264714e+00
-6.315453040954730035e+00
-6.315712569326445092e+00
-6.315712569326445092e+00
-6.314467487919556810e+00
-6.314467487919556810e+00
-6.314467487919556810e+00
-6.314467487919556810e+00
-6.314467487919556810e+00
-6.314467487919556810e+00
-6.314864337179406206e+00
-6.314864337179406206e+00
-6.313681562523870028e+00
-6.313681562523870028e+00
-6.313681562523870028e+00
-6.313681562523870028e+00
-6.313681562523870028e+00
-6.313681562523870028e+00
-6.313681562523870028e+00
-6.313896940466643848e+00
-6.314253072117372412e+00
-6.313091654925922391e+00
-6.313091654925922391e+00
-6.313091654925922391e+00
-6.313091654925922391e+00
-6.313091654925922391e+00
-6.313091654925922391e+00
-6.313091654925922391e+00
-6.313091654925922391e+00
-6.311961346182530797e+00
-6.311961346182530797e+00
-6.311961346182530797e+00
-6.312164404167319276e+00
-6.312164404167319276e+00
-6.312164404167319276e+00
-6.312382362236447442e+00
-6.312539205951158472e+00
-6.355863460350574812e+00
-6.355863460350574812e+00
-6.355863460350574812e+00
-6.356182517569319401e+00
-6.356182517569319401e+00
-6.356549832468990857e+00
-6.356549832468990857e+00
-6.356549832468990857e+00
-6.355453822267269182e+00
-6.355811496568676056e+00
-6.355811496568676056e+00
-6.355811496568676056e+00
-6.355811496568676056e+00
-6.356003467311999167e+00
-6.356003467311999167e+00
-6.354914603843234921e+00
-6.354914603843234921e+00
-6.354914603843234921e+00
-6.354914603843234921e+00
-6.354914603843234921e+00
-6.354914603843234921e+00
-6.354914603843234921e+00
-6.354914603843234921e+00
-6.353991870469057446e+00
-6.353991870469057446e+00
-6.353991870469057446e+00
-6.353991870469057446e+00
-6.353991870469057446e+00
-6.353991870469057446e+00
-6.354184086689694588e+00
-6.591696525613555124e+00
-6.591696525613555124e+00
-6.591696525613555124e+00
-6.592026674088987015e+00
-6.592026674088987015e+00
-6.592026674088987015e+00
-6.592026674088987015e+00
-6.592386145724920432e+00
-6.591518181824361555e+00
-6.591518181824361555e+00
-6.591518181824361555e+00
-6.591518181824361555e+00
-6.591518181824361555e+00
-6.591726227829592055e+00
-6.591726227829592055e+00
-6.590813420921511678e+00
-6.590813420921511678e+00
-6.590813420921511678e+00
-6.590813420921511678e+00
-6.590813420921511678e+00
-6.590813420921511678e+00
-6.590813420921511678e+00
-6.589926208432717480e+00
-6.589926208432717480e+00
-6.589926208432717480e+00
-6.589926208432717480e+00
-6.589926208432717480e+00
-6.590254617527123493e+00
-6.590254617527123493e+00
-6.589668865859343860e+00
-6.589643244865756699e+00
-6.589643244865756699e+00
-6.589643244865756699e+00
-6.589643244865756699e+00
-6.589643244865756699e+00
-6.589019187025402680e+00
-6.589019187025402680e+00
-6.589019187025402680e+00
-6.589019187025402680e+00
-6.589388538049314903e+00
-6.589388538049314903e+00
-6.589507577100274460e+00
-6.588586780294117595e+00
-6.588586780294117595e+00
-6.588586780294117595e+00
-6.588559801582185571e+00
-6.588559801582185571e+00
-6.588559801582185571e+00
-6.588559801582185571e+00
-6.587723947387759793e+00
-6.587723947387759793e+00
-6.588051990888791565e+00
-6.588367281838588774e+00
-6.588367281838588774e+00
-6.588367281838588774e+00
-6.835953108218340901e+00
-6.835953108218340901e+00
-6.835953108218340901e+00
-6.835953108218340901e+00
-6.835953108218340901e+00
-6.929880505016488890e+00
-6.929110896156904786e+00
-6.929110896156904786e+00
-6.929110896156904786e+00
-6.929110896156904786e+00
-6.929110896156904786e+00
-6.929110896156904786e+00
-6.928375556984430084e+00
-6.928375556984430084e+00
-6.928375556984430084e+00
-6.928375556984430084e+00
-6.924742602408073822e+00
-6.924742602408073822e+00
-6.923861907084271294e+00
-6.924235445571403247e+00
-6.924235445571403247e+00
-6.924235445571403247e+00
-6.924235445571403247e+00
-6.924235445571403247e+00
-6.923455603861246033e+00
