4.259176075194588407e+01
4.264719684331994642e+01
4.271203570290973772e+01
4.280722242047767878e+01
4.238563567258901088e+01
4.202565889905258700e+01
4.179285188521504324e+01
4.158935591002712329e+01
4.143068441377309341e+01
4.124558945326465675e+01
4.116975314117846096e+01
4.108426152700724288e+01
4.096648183164407442e+01
4.086675986490578083e+01
4.081382486190734937e+01
4.076412869183105414e+01
4.069499684615315971e+01
4.060676281466439264e+01
4.055413101814893650e+01
4.052858462793207650e+01
4.051144024439124536e+01
4.048629662250489503e+01
4.045649356084507531e+01
4.043074961637719866e+01
4.040224805576709599e+01
4.037207393770844988e+01
4.034053289332759107e+01
4.030131172168174913e+01
4.025178689978484670e+01
4.016747953503401192e+01
4.016139344612270179e+01
4.014028240888524124e+01
4.013447832909281487e+01
4.011372790451537185e+01
4.010414445835338881e+01
4.008407470488761959e+01
4.007160545408633112e+01
4.005298715597136550e+01
4.004523783652412305e+01
4.002079978110737102e+01
4.001239979787609968e+01
4.000110416128286772e+01
3.998476393851828448e+01
3.998106917633422341e+01
3.997298910486205159e+01
3.993505317301037394e+01
3.991433666127180402e+01
3.959593641966168320e+01
3.960034901018956077e+01
3.960545099682697412e+01
3.961130633841800375e+01
3.961622028781215477e+01
3.962216621331398869e+01
3.962680117937048863e+01
3.963345241329226099e+01
3.963956679926269544e+01
3.964494631765681731e+01
3.965363083029981084e+01
3.966098304762090976e+01
3.967379850437602329e+01
3.969280911478186624e+01
3.968282079970295939e+01
3.970811784298999214e+01
3.972107799947046658e+01
3.978270280785583424e+01
3.980875673878627197e+01
3.982810892857756357e+01
3.984342965114756652e+01
3.985432795341683487e+01
3.986660783153446630e+01
3.938497954033617532e+01
3.939160471421393339e+01
3.939615869307753826e+01
3.939944895198074448e+01
3.940547887108559166e+01
3.941002660890391951e+01
3.941525638444437618e+01
3.942292439847835794e+01
3.944649664912475373e+01
3.946421535111803536e+01
3.947603170124135374e+01
3.946468127109186241e+01
3.945836588937600453e+01
3.945917801594921315e+01
3.949873238401812614e+01
3.954746927315253657e+01
3.957324419104827484e+01
3.959257119321544849e+01
3.960834529727051034e+01
3.962396184687113987e+01
3.963715173621980625e+01
3.964896113660763888e+01
3.965637474668176310e+01
3.964659861145888442e+01
3.903286740041736635e+01
3.903524125592118565e+01
3.903817100019291786e+01
3.904040262645873582e+01
3.904262909267909265e+01
3.904479496253575377e+01
3.904789423251901326e+01
3.905024548373700100e+01
3.905233536635621761e+01
3.905535325454695794e+01
3.905740750267739259e+01
3.905953996616739232e+01
3.906159305575147300e+01
3.906425265833007643e+01
3.906664451271952743e+01
3.906859949598590731e+01
3.907061729701913322e+01
3.907523766907684859e+01
3.907729171470914764e+01
3.907926008277758001e+01
3.908374743832379750e+01
3.908600277265182399e+01
3.908774583067686592e+01
3.909142151507851537e+01
3.909392406020917576e+01
3.909757430378489573e+01
3.910120663327229096e+01
3.910406525961010971e+01
3.910792850255513287e+01
3.911217012624462086e+01
3.911684205724913710e+01
3.912781970900584128e+01
3.918492053626157201e+01
3.920232476262413002e+01
3.922238174863287696e+01
3.919047187387086240e+01
3.917625150508440868e+01
3.916694645906802208e+01
3.915883028795461485e+01
3.915436549875433059e+01
3.915251006411729406e+01
3.914986180909696145e+01
3.915035272345299688e+01
3.915632638802943433e+01
3.917235995140117666e+01
3.920706076390588635e+01
3.924012371485584083e+01
3.926384235113714993e+01
3.928064828232589178e+01
3.929595279141820896e+01
3.931374957863863528e+01
3.932040896689879617e+01
3.933400583715327770e+01
3.934261770747542641e+01
3.935091464651544158e+01
3.935986869092777596e+01
3.936742940499540566e+01
3.936893995409816682e+01
3.938488175482678599e+01
3.938629230353047461e+01
3.935710478368130083e+01
3.858521671934276043e+01
3.858521671934276043e+01
3.858720996896411748e+01
3.858813053443599017e+01
3.858813053443599017e+01
3.859031366697578846e+01
3.859031366697578846e+01
3.859235116339522165e+01
3.859235116339522165e+01
3.859354840812045495e+01
3.859561592406249275e+01
3.859561592406249275e+01
3.859765220500833038e+01
3.859765220500833038e+01
3.859765220500833038e+01
3.860047796985739410e+01
3.860053652229644428e+01
3.860266402279907538e+01
3.860266402279907538e+01
3.860266402279907538e+01
3.860557266380538977e+01
3.860590194323633284e+01
3.860777566721232290e+01
3.860777566721232290e+01
3.860982983438266558e+01
3.860983978678888207e+01
3.861255334334249767e+01
3.861255334334249767e+01
3.861255334334249767e+01
3.861447232057155077e+01
3.861450161906341094e+01
3.861727673234227609e+01
3.861727673234227609e+01
3.861938419578230253e+01
3.861938419578230253e+01
3.862127704170002573e+01
3.862207051521016155e+01
3.862394258722572005e+01
3.862394258722572005e+01
3.862568180031808396e+01
3.862568180031808396e+01
3.862845295715809613e+01
3.862850579253434802e+01
3.863019625077782138e+01
3.863019625077782138e+01
3.863220495452991798e+01
3.863487609984136384e+01
3.863487609984136384e+01
3.863654568238212050e+01
3.863654568238212050e+01
3.863817350319193622e+01
3.863892530399990477e+01
3.864070283937572015e+01
3.864229849918326920e+01
3.864229849918326920e+01
3.864389423320083949e+01
3.864464385889332476e+01
3.864666409023752891e+01
3.864825224027050865e+01
3.864825224027050865e+01
3.865061721638156200e+01
3.865229262842218816e+01
3.865229804200939157e+01
3.865381276386435871e+01
3.865541388450049709e+01
3.865615678563887769e+01
3.865765135134822827e+01
3.865913909583705532e+01
3.865947706372847392e+01
3.866099238881110978e+01
3.866310352109258019e+01
3.866465443672139912e+01
3.866465443672139912e+01
3.866605906545322568e+01
3.866825615023907403e+01
3.866978017972931525e+01
3.867128808358585701e+01
3.867128808358585701e+01
3.867360506834388900e+01
3.867511292136791212e+01
3.867710507299739220e+01
3.867890342859764985e+01
3.868080833176932032e+01
3.868349399271448874e+01
3.868629776682747945e+01
3.868907429434580081e+01
3.869416726680815088e+01
3.870695988455000247e+01
3.874318055259453075e+01
3.875249979647017540e+01
3.875964649262644457e+01
3.876604370275051537e+01
3.876578118871911727e+01
3.871361553154413571e+01
3.871544894640196333e+01
3.884200426360580138e+01
3.878977763082345831e+01
3.877375489980783385e+01
3.877375489980783385e+01
3.876115903781291649e+01
3.875027865449929720e+01
3.875051118488057256e+01
3.874250581948624017e+01
3.874311769785411741e+01
3.873640770841966940e+01
3.873027195634455211e+01
3.873027195634455211e+01
3.872628144141926754e+01
3.872474870110259815e+01
3.872134667880109760e+01
3.871924074630528878e+01
3.871803852402875634e+01
3.871678259197551597e+01
3.871607571466577724e+01
3.871613142488291714e+01
3.871621454288560926e+01
3.871691129866600534e+01
3.871836088368937112e+01
3.872142233265262234e+01
3.872256440381453046e+01
3.872256440381453046e+01
3.873996261229660831e+01
3.874259992514754458e+01
3.875343936629139563e+01
3.876243269463383001e+01
3.877816085240507249e+01
3.878933875091346550e+01
3.879809417085373013e+01
3.881024825947361023e+01
3.882235887875545188e+01
3.882519392417278681e+01
3.883733822330100338e+01
3.884575389491605790e+01
3.885187016145972905e+01
3.886318403209899941e+01
3.886895831186758699e+01
3.887325548496136207e+01
3.888137201142626509e+01
3.889064773384841089e+01
3.889224192461222884e+01
3.889663735322511684e+01
3.890258664226841745e+01
3.890960703982218405e+01
3.891276264395720830e+01
3.891729984404881293e+01
3.892295031804941630e+01
3.892494197334652029e+01
3.892494197334652029e+01
3.892529265478881939e+01
3.892529265478881939e+01
3.895055135558701664e+01
3.895056183295199048e+01
3.895071456350340355e+01
3.895061846383119786e+01
3.894805397774582900e+01
3.893949543601110008e+01
3.893595733299220996e+01
3.893665676659816199e+01
3.892626768305254359e+01
3.890836973978883861e+01
3.826309810461478378e+01
3.826309810461478378e+01
3.826561779394113216e+01
3.826561779394113216e+01
3.826561779394113216e+01
3.826717336516793466e+01
3.826717336516793466e+01
3.826867838783365983e+01
3.826874083032025453e+01
3.826886064850521763e+01
3.827045188483150895e+01
3.827114935233622361e+01
3.827114935233622361e+01
3.827262278016718255e+01
3.827289738498961924e+01
3.827433612622280634e+01
3.827433612622280634e+01
3.827433612622280634e+01
3.827585787155922503e+01
3.827585787155922503e+01
3.827799167060433660e+01
3.827799167060433660e+01
3.827799167060433660e+01
3.827936602890807194e+01
3.827936602890807194e+01
3.828086408710137789e+01
3.828086408710137789e+01
3.828221373950589168e+01
3.828221373950589168e+01
3.828431942021025236e+01
3.828431942021025236e+01
3.828431942021025236e+01
3.828605689109186727e+01
3.828616901888769064e+01
3.828748721856675274e+01
3.828748721856675274e+01
3.828889262541682825e+01
3.828889262541682825e+01
3.829097600296223902e+01
3.829097600296223902e+01
3.829236639474408577e+01
3.829242747803940006e+01
3.829389367970739499e+01
3.829389367970739499e+01
3.829525748275324304e+01
3.829525748275324304e+01
3.829745113144024060e+01
3.829745113144024060e+01
3.829900439342964091e+01
3.830054422683268456e+01
3.830083307363513256e+01
3.830263319486529383e+01
3.830263319486529383e+01
3.830439187454206262e+01
3.830542201219961385e+01
3.830706825174669206e+01
3.830872678760698591e+01
3.831069373422641888e+01
3.831314416301007952e+01
3.831496736672351489e+01
3.831870809460029648e+01
3.832462535213103649e+01
3.833924033889958594e+01
3.836580062795584922e+01
3.837296471893224492e+01
3.837735946384238161e+01
3.838114544372095338e+01
3.838510727778628961e+01
3.838837166633701514e+01
3.839092881642618238e+01
3.839229675038416190e+01
3.838996104418173161e+01
3.837780826347550089e+01
3.833621387179027806e+01
3.820717058969618307e+01
3.831882844639870456e+01
3.843707124452511437e+01
3.853300821372598506e+01
3.854025681749257615e+01
3.845439631795800750e+01
3.843692316848162704e+01
3.842351450837244897e+01
3.841138812254605739e+01
3.841139575984475130e+01
3.839768823478584636e+01
3.838784249953249628e+01
3.837618396950301047e+01
3.836613178913155764e+01
3.836675279022522034e+01
3.835031013703924430e+01
3.834385418010225521e+01
3.833506581366571453e+01
3.833506581366571453e+01
3.832406220302765121e+01
3.831916678412852661e+01
3.831037797720154003e+01
3.831037797720154003e+01
3.830642669326275040e+01
3.830200120123566876e+01
3.829763442563478293e+01
3.829763442563478293e+01
3.829476214274016854e+01
3.829450521251742856e+01
3.829498235799779593e+01
3.829590245647190017e+01
3.829790142225751026e+01
3.830108705587004891e+01
3.830566712886881930e+01
3.831157316739624719e+01
3.831885353288061680e+01
3.832750744215444172e+01
3.833835713312144833e+01
3.834984163333620444e+01
3.836951011768760367e+01
3.838133600789083744e+01
3.839209503608390150e+01
3.840384491362773645e+01
3.841051116084007333e+01
3.841103900544945304e+01
3.841103900544945304e+01
3.843618737023504650e+01
3.843618737023504650e+01
3.843618737023504650e+01
3.843618737023504650e+01
3.843828602586496856e+01
3.844206211010502727e+01
3.844443642530896454e+01
3.844751806011085904e+01
3.844957485712399148e+01
3.845183548203884527e+01
3.845490140371776278e+01
3.845777861142011034e+01
3.846050901652497345e+01
3.846367348021060195e+01
3.846553167918365546e+01
3.846890072587653009e+01
3.847133098126321471e+01
3.847233087181478339e+01
3.847641572905051532e+01
3.847954011500873150e+01
3.848129312885339459e+01
3.848465045533333750e+01
3.848465880024748742e+01
3.849439370757838219e+01
3.849439370757838219e+01
3.849439370757838219e+01
3.849481836421480097e+01
3.850488145768659365e+01
3.850488145768659365e+01
3.850505216513235496e+01
3.850512528490790487e+01
3.851083256843276104e+01
3.851083256843276104e+01
3.851124826771267351e+01
3.852027632887090647e+01
3.852027632887090647e+01
3.852413932766806681e+01
3.852413932766806681e+01
3.852947691238196626e+01
3.852947691238196626e+01
3.853522726964933298e+01
3.853522726964933298e+01
3.853523305369290597e+01
3.853523305369290597e+01
3.854329820567070897e+01
3.854347183661787568e+01
3.854636527524401401e+01
3.854636527524401401e+01
3.855084670299841321e+01
3.855088073097157064e+01
3.855704708262113201e+01
3.855704708262113201e+01
3.855704708262113201e+01
3.856003903705401115e+01
3.856003903705401115e+01
3.856130886966593607e+01
3.856130886966593607e+01
3.856336420654087505e+01
3.856336420654087505e+01
3.856133198388306482e+01
3.856147712400382943e+01
3.856147712400382943e+01
3.856156171898528129e+01
3.856156171898528129e+01
3.856156171898528129e+01
3.856191594794361777e+01
3.856191594794361777e+01
3.855491096871001844e+01
3.855491096871001844e+01
3.855491096871001844e+01
3.855493769344769817e+01
3.853967677313328721e+01
3.853967677313328721e+01
3.860081336082779302e+01
3.788503470280160457e+01
3.788530669962537445e+01
3.788530669962537445e+01
3.788679782209180757e+01
3.788679782209180757e+01
3.788695103439943068e+01
3.788695103439943068e+01
3.788695103439943068e+01
3.788695103439943068e+01
3.788849295957385266e+01
3.788849295957385266e+01
3.788849295957385266e+01
3.788853320021297577e+01
3.788853320021297577e+01
3.788853320021297577e+01
3.789089902036663204e+01
3.789089902036663204e+01
3.789089902036663204e+01
3.789089902036663204e+01
3.789089902036663204e+01
3.789089902036663204e+01
3.789248565566369820e+01
3.789277834224137820e+01
3.789277834224137820e+01
3.789277834224137820e+01
3.789277834224137820e+01
3.789424870480590357e+01
3.789424870480590357e+01
3.789424870480590357e+01
3.789492219342425017e+01
3.789492219342425017e+01
3.789492219342425017e+01
3.789652658104586180e+01
3.789652658104586180e+01
3.789652658104586180e+01
3.789664291078196356e+01
3.789686440175191251e+01
3.789805020692005399e+01
3.789805020692005399e+01
3.789805020692005399e+01
3.789805889740441813e+01
3.789805889740441813e+01
3.789967970508266148e+01
3.790063828333011742e+01
3.790063828333011742e+01
3.790063828333011742e+01
3.790063828333011742e+01
3.790063828333011742e+01
3.790212177307711983e+01
3.790212177307711983e+01
3.790212177307711983e+01
3.790212177307711983e+01
3.790212177307711983e+01
3.790346151636474303e+01
3.790346151636474303e+01
3.790348951063976557e+01
3.790348951063976557e+01
3.790422474463375124e+01
3.790573859253046152e+01
3.790573859253046152e+01
3.790573859253046152e+01
3.790573859253046152e+01
3.790706717383793034e+01
3.790706717383793034e+01
3.790706717383793034e+01
3.790753778190982359e+01
3.790753778190982359e+01
3.790884145216904244e+01
3.790884145216904244e+01
3.790884145216904244e+01
3.790884145216904244e+01
3.790948599520048390e+01
3.791089848785367167e+01
3.791089848785367167e+01
3.791089848785367167e+01
3.791093734808167426e+01
3.791093734808167426e+01
3.791236541529491433e+01
3.791236541529491433e+01
3.791236541529491433e+01
3.791236541529491433e+01
3.791363308109229990e+01
3.791363308109229990e+01
3.791370324832585936e+01
3.791434997444002875e+01
3.791434997444002875e+01
3.791583638285149505e+01
3.791583638285149505e+01
3.791583638285149505e+01
3.791583638285149505e+01
3.791702409888313241e+01
3.791702409888313241e+01
3.791702409888313241e+01
3.791702409888313241e+01
3.791852260500962757e+01
3.791852260500962757e+01
3.791852260500962757e+01
3.791916215414278213e+01
3.791916215414278213e+01
3.792035153350717280e+01
3.792035153350717280e+01
3.792035153350717280e+01
3.792035153350717280e+01
3.792186354674988991e+01
3.792186354674988991e+01
3.792186354674988991e+01
3.792186354674988991e+01
3.792294071506930209e+01
3.792305168523314762e+01
3.792364321174635933e+01
3.792364321174635933e+01
3.792494400782492647e+01
3.792494400782492647e+01
3.792494400782492647e+01
3.792494400782492647e+01
3.792610772981144862e+01
3.792610772981144862e+01
3.792610772981144862e+01
3.792726355997851329e+01
3.792726355997851329e+01
3.792726355997851329e+01
3.792726355997851329e+01
3.792919192590609612e+01
3.792932995140372299e+01
3.792932995140372299e+01
3.792932995140372299e+01
3.793054899216609499e+01
3.793079296997223082e+01
3.793079296997223082e+01
3.793196837407737121e+01
3.793196837407737121e+01
3.793203517317738971e+01
3.793203517317738971e+01
3.793309858099445364e+01
3.793371485316261271e+01
3.793371485316261271e+01
3.793515508515315560e+01
3.793515508515315560e+01
3.793515508515315560e+01
3.793519178248725865e+01
3.793652697482791325e+01
3.793652697482791325e+01
3.793652697482791325e+01
3.793803748465333570e+01
3.793803748465333570e+01
3.793814376260855425e+01
3.794084791367436083e+01
3.794084791367436083e+01
3.794128728379970994e+01
3.794222223304331010e+01
3.794267054602716627e+01
3.794319829538228106e+01
3.794441094421904381e+01
3.794493970204560185e+01
3.794638185991523471e+01
3.794781497506612311e+01
3.794877237011246507e+01
3.795064497014948302e+01
3.795231990109659392e+01
3.795503420492730129e+01
3.795684714381187064e+01
3.796142863635333953e+01
3.797017561847702893e+01
3.797748592159572212e+01
3.798753950109417588e+01
3.800223899417395756e+01
3.800598257860210083e+01
3.800829405638167202e+01
3.801037307674921095e+01
3.801211038513542917e+01
3.801426910428457262e+01
3.801533143831618133e+01
3.801692521934566571e+01
3.801898922650536861e+01
3.801991599292742308e+01
3.802223115306134815e+01
3.802361384131805266e+01
3.802525341847820783e+01
3.802685027891683234e+01
3.802819414034767931e+01
3.802954564586251252e+01
3.803112401547143406e+01
3.803209089118190889e+01
3.803250822181652779e+01
3.803246896022102419e+01
3.803205677152040209e+01
3.803005261129795400e+01
3.802673060626795376e+01
3.802107053929732672e+01
3.801146622286206878e+01
3.799675995283399033e+01
3.797314226549578109e+01
3.793112144404130959e+01
3.787674875536460206e+01
3.786919257390962912e+01
3.791649247789472099e+01
3.791649247789472099e+01
3.797754693281852667e+01
3.797754693281852667e+01
3.802387863516139532e+01
3.802387863516139532e+01
3.808006683968178407e+01
3.808009356808772594e+01
3.813118885582714768e+01
3.813135452573723683e+01
3.818013011856182715e+01
3.818013011856182715e+01
3.823886288914589215e+01
3.823886288914589215e+01
3.828857765150047499e+01
3.828857765150047499e+01
3.834701665331396470e+01
3.840378474220682392e+01
3.840378474220682392e+01
3.846320807938515429e+01
3.846320807938515429e+01
3.852434838010746887e+01
3.852437615364724621e+01
3.858383075944635010e+01
3.858383075944635010e+01
3.855129983067140387e+01
3.855129983067140387e+01
3.853028295461388808e+01
3.853035210745136396e+01
3.861273603320933745e+01
3.861284969064968919e+01
3.870091951751213344e+01
3.870091951751213344e+01
3.880130695681025088e+01
3.880130695681025088e+01
3.891858891954740329e+01
3.891858891954740329e+01
3.906092298557790343e+01
3.753429440442232590e+01
3.753429440442232590e+01
3.753604833184623146e+01
3.753604833184623146e+01
3.753604833184623146e+01
3.753604833184623146e+01
3.753604833184623146e+01
3.753604833184623146e+01
3.753667136702664209e+01
3.753667136702664209e+01
3.753667136702664209e+01
3.753667136702664209e+01
3.753803675200528289e+01
3.753803675200528289e+01
3.753803675200528289e+01
3.753803675200528289e+01
3.753803675200528289e+01
3.753803675200528289e+01
3.753803675200528289e+01
3.753830644787308302e+01
3.753830644787308302e+01
3.753830644787308302e+01
3.753830644787308302e+01
3.753970311197927856e+01
3.753970311197927856e+01
3.753994378297647927e+01
3.753994378297647927e+01
3.754062927272342165e+01
3.754094698726044044e+01
3.754094698726044044e+01
3.754094698726044044e+01
3.754094698726044044e+01
3.754219924056372548e+01
3.754219924056372548e+01
3.754219924056372548e+01
3.754219924056372548e+01
3.754219924056372548e+01
3.754219924056372548e+01
3.754219924056372548e+01
3.754219924056372548e+01
3.754219924056372548e+01
3.754219924056372548e+01
3.754353089744065386e+01
3.754353089744065386e+01
3.754353089744065386e+01
3.754416266788983592e+01
3.754416266788983592e+01
3.754416266788983592e+01
3.754416266788983592e+01
3.754416266788983592e+01
3.754416266788983592e+01
3.754416266788983592e+01
3.754560092037046815e+01
3.754585588801634799e+01
3.754619330031670188e+01
3.754619330031670188e+01
3.754619330031670188e+01
3.754619330031670188e+01
3.754619330031670188e+01
3.754619330031670188e+01
3.754619330031670188e+01
3.754749965236197795e+01
3.754811938290769291e+01
3.754811938290769291e+01
3.754811938290769291e+01
3.754811938290769291e+01
3.754811938290769291e+01
3.754811938290769291e+01
3.754817533967124632e+01
3.754817533967124632e+01
3.754817533967124632e+01
3.754942049292985473e+01
3.754958828740541321e+01
3.754958828740541321e+01
3.754958828740541321e+01
3.754958828740541321e+01
3.754958828740541321e+01
3.754958828740541321e+01
3.754958828740541321e+01
3.754958828740541321e+01
3.755154792261599539e+01
3.755186442463842411e+01
3.755186442463842411e+01
3.755186442463842411e+01
3.755186442463842411e+01
3.755186442463842411e+01
3.755186442463842411e+01
3.755213134739967984e+01
3.755213134739967984e+01
3.755332836438635979e+01
3.755332836438635979e+01
3.755332836438635979e+01
3.755332836438635979e+01
3.755332836438635979e+01
3.755332836438635979e+01
3.755332836438635979e+01
3.755389938208848832e+01
3.755389938208848832e+01
3.755513133638216061e+01
3.755513133638216061e+01
3.755513133638216061e+01
3.755513133638216061e+01
3.755513133638216061e+01
3.755513133638216061e+01
3.755513133638216061e+01
3.755513133638216061e+01
3.755673943791158820e+01
3.755673943791158820e+01
3.755673943791158820e+01
3.755673943791158820e+01
3.755673943791158820e+01
3.755673943791158820e+01
3.755685277039899006e+01
3.755755185654798112e+01
3.755755185654798112e+01
3.755876164196251921e+01
3.755876164196251921e+01
3.755876164196251921e+01
3.755876164196251921e+01
3.755876164196251921e+01
3.755876164196251921e+01
3.755902273831813432e+01
3.755902273831813432e+01
3.756017514341782260e+01
3.756017514341782260e+01
3.756017514341782260e+01
3.756017514341782260e+01
3.756017514341782260e+01
3.756017514341782260e+01
3.756017514341782260e+01
3.756075141083672264e+01
3.756106384433323342e+01
3.756219715987238317e+01
3.756219715987238317e+01
3.756219715987238317e+01
3.756219715987238317e+01
3.756219715987238317e+01
3.756219715987238317e+01
3.756219715987238317e+01
3.756219715987238317e+01
3.756330428968317392e+01
3.756330428968317392e+01
3.756330428968317392e+01
3.756339807442519430e+01
3.756339807442519430e+01
3.756339807442519430e+01
3.756397791607167136e+01
3.756403242413349375e+01
3.756527855953633832e+01
3.756527855953633832e+01
3.756527855953633832e+01
3.756544441894429553e+01
3.756544441894429553e+01
3.756568640846305129e+01
3.756568640846305129e+01
3.756568640846305129e+01
3.756679054636342130e+01
3.756710486852708897e+01
3.756710486852708897e+01
3.756710486852708897e+01
3.756710486852708897e+01
3.756769609051502101e+01
3.756769609051502101e+01
3.756886369086170419e+01
3.756886369086170419e+01
3.756886369086170419e+01
3.756886369086170419e+01
3.756886369086170419e+01
3.756886369086170419e+01
3.756886369086170419e+01
3.756886369086170419e+01
3.756979772652124439e+01
3.756979772652124439e+01
3.756979772652124439e+01
3.756979772652124439e+01
3.756979772652124439e+01
3.756979772652124439e+01
3.757038488809072874e+01
3.757142510194665874e+01
3.757142510194665874e+01
3.757142510194665874e+01
3.757172355003872610e+01
3.757172355003872610e+01
3.757172355003872610e+01
3.757172355003872610e+01
3.757196682608191907e+01
3.757304397258359074e+01
3.757304397258359074e+01
3.757304397258359074e+01
3.757304397258359074e+01
3.757304397258359074e+01
3.757315506488064472e+01
3.757315506488064472e+01
3.757484492646127450e+01
3.757484492646127450e+01
3.757484492646127450e+01
3.757484492646127450e+01
3.757484492646127450e+01
3.757484492646127450e+01
3.757484492646127450e+01
3.757595245873842060e+01
3.757595245873842060e+01
3.757595245873842060e+01
3.757595245873842060e+01
3.757595245873842060e+01
3.757624889529824941e+01
3.757624889529824941e+01
3.757730437853464878e+01
3.757783647808643224e+01
3.757783647808643224e+01
3.757783647808643224e+01
3.757783647808643224e+01
3.757783647808643224e+01
3.757861840935677833e+01
3.757861840935677833e+01
3.757861840935677833e+01
3.757861840935677833e+01
3.757886777093091268e+01
3.757886777093091268e+01
3.757891031438965257e+01
3.758006544360742396e+01
3.758006544360742396e+01
3.758006544360742396e+01
3.758065185056764079e+01
3.758065185056764079e+01
3.758065185056764079e+01
3.758065185056764079e+01
3.758170383526343983e+01
3.758170383526343983e+01
3.758199939244683208e+01
3.758216725859892904e+01
3.758216725859892904e+01
3.758216725859892904e+01
3.758312015837306319e+01
3.758312015837306319e+01
3.758312015837306319e+01
3.758312015837306319e+01
3.758312015837306319e+01
3.758364538355655782e+01
3.758459797561009452e+01
3.758459797561009452e+01
3.758459797561009452e+01
3.758459797561009452e+01
3.758459797561009452e+01
3.758459797561009452e+01
3.758551087471323626e+01
3.758551087471323626e+01
3.758551087471323626e+01
3.758551087471323626e+01
3.758575312867654361e+01
3.758575312867654361e+01
3.758685861061128719e+01
3.758768962710085759e+01
3.758768962710085759e+01
3.758768962710085759e+01
3.758768962710085759e+01
3.758768962710085759e+01
3.758867000062647890e+01
