2.832650660947930721e+00
2.831230596020413159e+00
2.825179126005649799e+00
2.261479582913090258e+00
2.049018244150031531e+00
1.729567472805401351e+00
1.661840919286774909e+00
1.519517598236299616e+00
1.217643650305556324e+00
1.146554322307661522e+00
8.387622535835015380e-01
5.641471133936675209e-01
4.618546179324986567e-01
3.883620577253554806e-01
2.270574881679842116e-01
7.708210191183907656e-02
2.234269305817859416e-02
5.845199155625903364e-02
-3.791583662308255828e-03
-6.624568355300097799e-02
-1.851916053687958919e-01
-2.942787807079108031e-01
-3.390421049443746448e-01
-4.254168914347447594e-01
-5.339436489301417899e-01
-5.708945270072753875e-01
-5.968063890683136252e-01
-5.714380229155191504e-01
-6.218395612287881402e-01
-5.511712105924031491e-01
-6.245420867529658526e-01
-6.415918820066595085e-01
-7.345197044896555338e-01
-8.174487375177116322e-01
-8.835654488666681017e-01
-8.988648723018022313e-01
-9.479617522766703441e-01
-1.084925581649431203e+00
-1.119246347006920272e+00
-1.147723613822225097e+00
-1.191289324714942977e+00
-1.526176328942709270e+00
-1.481244394742297299e+00
-1.587763866094649146e+00
-1.484076765517549745e+00
-1.427043144078019354e+00
-1.397519688906975421e+00
-7.312687753391602374e-01
-7.293150104434382719e-01
-8.821339758569851641e-01
-8.801644891030737661e-01
-8.792050998399708606e-01
-8.776319800359962953e-01
-8.767427149062334557e-01
-9.425732298587623514e-01
-1.098287286082325620e+00
-1.097067512890856689e+00
-1.095886111825522313e+00
-1.094326023857441932e+00
-1.091918902297963179e+00
-1.744446928205416913e+00
-1.728072411634948846e+00
-1.753053391433280872e+00
-1.827994202159961779e+00
-2.111782468737426921e+00
-2.078553943840566021e+00
-2.068416926453093829e+00
-2.008193324132393265e+00
-2.212845072705570182e+00
-2.260347147460382011e+00
-1.409708960541422584e+00
-1.408596956976380543e+00
-1.407874817104752818e+00
-1.407042024030338068e+00
-1.405634756213944403e+00
-1.751190580152022003e+00
-1.750085281874033116e+00
-1.748558399220637050e+00
-1.465818513474682172e+00
-2.719202641423237310e+00
-2.612211232422727569e+00
-2.594712366902155232e+00
-2.587036322762171103e+00
-2.584295090049708588e+00
-2.676766544892655197e+00
-2.878004523644581258e+00
-2.901787203540181270e+00
-2.902166748588630441e+00
-2.897039134235601221e+00
-2.906817935543800413e+00
-2.894499573454986763e+00
-2.908471289162722240e+00
-2.886421572062790819e+00
-2.639945387674368593e+00
-1.865690687732759256e+00
-1.864455046897799395e+00
-1.863998958546782880e+00
-1.862847907541439474e+00
-1.861706994348707900e+00
-1.860604239574592089e+00
-1.860286576357457866e+00
-1.859596327718579412e+00
-1.858544803120401712e+00
-1.858114374852949391e+00
-2.250234510798747145e+00
-2.249420708244933120e+00
-2.248641831358822785e+00
-2.248292131700078134e+00
-2.247778519626550064e+00
-2.247045672099396540e+00
-2.246293508965976127e+00
-2.245252766346331086e+00
-2.244579875956193682e+00
-2.244081790962627387e+00
-2.243095341329796266e+00
-2.242680635223742058e+00
-2.242100267414075088e+00
-2.240786221831357672e+00
-2.240509524861514112e+00
-2.239218121026904207e+00
-2.675343501371576505e+00
-2.675167299395091458e+00
-2.674639721994638730e+00
-2.674066269004073071e+00
-2.673441583074505523e+00
-2.230473231932223577e+00
-2.665229855949826199e+00
-3.422973631084256230e+00
-3.670937150528742698e+00
-3.636092833134264790e+00
-3.620486797214104158e+00
-3.606789009675970270e+00
-3.597834225266577146e+00
-3.592898368559339861e+00
-3.586808863437173756e+00
-3.630645483141858865e+00
-3.631201558634915560e+00
-3.634255739555043885e+00
-3.652354617011923210e+00
-3.719745431120835555e+00
-3.781110702223301701e+00
-3.872232513498874873e+00
-3.907801346839907097e+00
-3.924027920543235570e+00
-3.950558269184594629e+00
-3.949410753293872922e+00
-3.956912902737828919e+00
-3.957864841503277997e+00
-3.967110944367823411e+00
-3.966217122729600142e+00
-3.974599403858980473e+00
-3.976272200885485386e+00
-3.984643351306491166e+00
-4.007230198171966684e+00
-3.921855357697500821e+00
-2.832042918770726558e+00
-2.832042918770726558e+00
-2.830904526639918206e+00
-2.831425366752534867e+00
-2.831425366752534867e+00
-2.830182709843888311e+00
-2.830182709843888311e+00
-2.829030347125864431e+00
-2.829030347125864431e+00
-2.877725828174169109e+00
-2.876261762429960012e+00
-2.876261762429960012e+00
-2.874829321447236463e+00
-2.874829321447236463e+00
-2.874829321447236463e+00
-3.361086168740907709e+00
-3.361181105498761035e+00
-3.360047033049751164e+00
-3.360047033049751164e+00
-3.360047033049751164e+00
-3.359688342626975022e+00
-3.360017549962327710e+00
-3.359024881746767388e+00
-3.359024881746767388e+00
-3.358004797036697742e+00
-3.358026722472966075e+00
-3.357528408829100197e+00
-3.357528408829100197e+00
-3.357528408829100197e+00
-3.383954760247733784e+00
-3.384009696892082975e+00
-3.383552051464365995e+00
-3.383552051464365995e+00
-3.382982861706068434e+00
-3.382982861706068434e+00
-3.382055010801781059e+00
-3.382501625863656880e+00
-3.381586570127337321e+00
-3.381586570127337321e+00
-3.380741173030558766e+00
-3.380741173030558766e+00
-3.380417473797674877e+00
-3.380500882681427566e+00
-3.379684707156104029e+00
-3.379684707156104029e+00
-3.379172916862135168e+00
-3.378760900157026903e+00
-3.378760900157026903e+00
-3.377963507151677813e+00
-3.377963507151677813e+00
-3.377189976177005004e+00
-3.377617775760103136e+00
-3.376775057763020449e+00
-3.376022457060813942e+00
-3.376022457060813942e+00
-3.375273479312819624e+00
-3.375701843413245307e+00
-3.375256774262811899e+00
-3.374514919922908085e+00
-3.374514919922908085e+00
-3.374270827193641686e+00
-3.868554568177023700e+00
-3.868564846594927165e+00
-3.868389614801964971e+00
-3.868205102709405097e+00
-3.868015997338969392e+00
-3.867886393016711555e+00
-3.867716779397397886e+00
-3.867993517410254434e+00
-3.867820352744786749e+00
-3.867432345523010628e+00
-3.867257269247590390e+00
-3.867257269247590390e+00
-3.867099286224160881e+00
-3.866696315111220361e+00
-3.866527035114609490e+00
-3.866360173499769903e+00
-3.866360173499769903e+00
-3.865954983383289356e+00
-3.865790251439197522e+00
-3.865809707484756164e+00
-3.865752055947384136e+00
-3.865544985932185096e+00
-3.865108908080917338e+00
-3.864808895188059701e+00
-3.864513837254512474e+00
-3.863977840157345245e+00
-3.355379183181395053e+00
-3.859019996308032940e+00
-3.858168532507655346e+00
-4.083552455366382894e+00
-4.326846899446099570e+00
-4.587715408728712418e+00
-4.687625163513623683e+00
-4.571028675509617223e+00
-4.659075196985732248e+00
-4.648182433074362407e+00
-4.630686828472571293e+00
-4.630686828472571293e+00
-4.613577001129533173e+00
-4.601595701022891838e+00
-4.601505813162741099e+00
-4.592687948330659076e+00
-4.590099110301193441e+00
-4.584187001385893190e+00
-4.577399361702165770e+00
-4.577399361702165770e+00
-4.569977061268882146e+00
-4.568276374981615540e+00
-4.564504644826324231e+00
-4.558871787968609368e+00
-4.557534664495168641e+00
-4.555732667903354738e+00
-4.554945820158629921e+00
-4.551917192601550255e+00
-4.552009776137488473e+00
-4.552785799627267593e+00
-4.554399846261365958e+00
-4.554801153508628353e+00
-4.579472573086152742e+00
-4.579472573086152742e+00
-4.596029571288434035e+00
-4.598640407397343033e+00
-4.610832680890108115e+00
-4.620920001591210635e+00
-4.635433898593744217e+00
-4.672166221824025634e+00
-4.682031145255989735e+00
-4.692839815506217427e+00
-4.706405598881416630e+00
-4.709574781667357435e+00
-4.744688328227730345e+00
-4.751227696299621606e+00
-4.757732661570334365e+00
-4.786531435154178560e+00
-5.054975902508131114e+00
-5.059809594594910642e+00
-5.068874745562225392e+00
-5.160466468830728459e+00
-5.162250557282507479e+00
-5.167165542260865330e+00
-5.179841925737013852e+00
-5.187094676269749627e+00
-5.190620296957156654e+00
-5.192996243614526719e+00
-5.201595536926080676e+00
-5.201506112018848604e+00
-5.201506112018848604e+00
-5.199481720826964803e+00
-5.199481720826964803e+00
-5.227505246802692795e+00
-5.227515579369071297e+00
-5.227112754161969299e+00
-5.222052658251778112e+00
-5.210534677966689010e+00
-5.152391184398506851e+00
-5.149693319719187201e+00
-5.126482784955970651e+00
-5.115227392355461866e+00
-4.993544650284408526e+00
-4.291368102850428912e+00
-4.291368102850428912e+00
-4.290891894862100209e+00
-4.290891894862100209e+00
-4.290891894862100209e+00
-4.290289533438058633e+00
-4.290289533438058633e+00
-4.289709406284980986e+00
-4.289801685333516801e+00
-4.289958862209892310e+00
-4.289347205025214826e+00
-4.289504089910744611e+00
-4.289504089910744611e+00
-4.551853150722505070e+00
-4.552110134105490147e+00
-4.551837571348340994e+00
-4.551837571348340994e+00
-4.551837571348340994e+00
-4.551550415956209683e+00
-4.551550415956209683e+00
-4.551064395477717461e+00
-4.551064395477717461e+00
-4.551064395477717461e+00
-4.550807768449740998e+00
-4.550807768449740998e+00
-4.550529107666586803e+00
-4.550529107666586803e+00
-4.550278998953572795e+00
-4.550278998953572795e+00
-4.549805338530684473e+00
-4.549805338530684473e+00
-4.549805338530684473e+00
-4.549892062227669953e+00
-4.550032652485569429e+00
-4.549790068464296233e+00
-4.549790068464296233e+00
-4.549532367328241733e+00
-4.549532367328241733e+00
-4.549068094129923523e+00
-4.549068094129923523e+00
-4.604998920481602198e+00
-4.605089615784957680e+00
-4.604889984008186943e+00
-4.604889984008186943e+00
-4.604704928359593552e+00
-4.604704928359593552e+00
-4.604157933604280828e+00
-4.604157933604280828e+00
-4.603949976036780356e+00
-4.603744584684190677e+00
-4.604023123524251027e+00
-4.603782743922396392e+00
-4.603782743922396392e+00
-4.603548905043499673e+00
-4.603412395458969186e+00
-4.602968589373206854e+00
-4.602751306442808499e+00
-4.602655192061301470e+00
-4.602336309004010140e+00
-4.602100268309177622e+00
-4.544645964153683160e+00
-4.543646496053378669e+00
-4.269194591728627586e+00
-4.537057873139152875e+00
-4.535989807602923030e+00
-4.594447841764320195e+00
-4.594030269426629509e+00
-4.593813523177369795e+00
-4.945494760457327388e+00
-4.946177125814853248e+00
-5.203631490663604531e+00
-5.357056873773482053e+00
-5.379640751324118675e+00
-5.387495049036542305e+00
-5.175397169616670290e+00
-5.258711924146107997e+00
-5.384619423453197662e+00
-5.437449928278531353e+00
-5.444837325248758297e+00
-5.402892912963952909e+00
-5.381176459008557345e+00
-5.366994664898394163e+00
-5.354151681403772400e+00
-5.354161990832840168e+00
-5.339417356670503878e+00
-5.328952718253805010e+00
-5.316541769038954257e+00
-5.305831088172498156e+00
-5.302900501739324035e+00
-5.285324584840284778e+00
-5.278410968235047740e+00
-5.268987765170890292e+00
-5.268987765170890292e+00
-5.257169611762632755e+00
-5.274122651366326409e+00
-5.261230456455759708e+00
-5.261230456455759708e+00
-5.256878882470227055e+00
-5.252000270074569599e+00
-5.247181366262836377e+00
-5.247181366262836377e+00
-5.243792083179230623e+00
-5.243508154249556519e+00
-5.240797934704516159e+00
-5.241800266371632766e+00
-5.244010722311451822e+00
-5.247529327461871063e+00
-5.252583839703706126e+00
-5.259093045043067960e+00
-5.267104609682615290e+00
-5.276610320221251982e+00
-5.307584705304919659e+00
-5.320379885763580674e+00
-5.342197392676759193e+00
-5.355264472766091188e+00
-5.387373516663438444e+00
-5.400452730621187136e+00
-5.407630103688131129e+00
-5.404866129674419817e+00
-5.404866129674419817e+00
-5.432701076408726237e+00
-5.432701076408726237e+00
-5.432701076408726237e+00
-5.432701076408726237e+00
-5.435016251479114935e+00
-5.435940405641241036e+00
-5.438557441826737282e+00
-5.441933912126016182e+00
-5.444198246693695786e+00
-5.446685731617923132e+00
-5.450057258957039963e+00
-5.453219112442779348e+00
-5.453089122661751276e+00
-5.472086729712692055e+00
-5.474142099623565016e+00
-5.477867371398939866e+00
-5.480551897904591740e+00
-5.481649627258224911e+00
-5.486157337954875146e+00
-5.486629772508308633e+00
-5.488562466318059663e+00
-5.492261687763100753e+00
-5.492270878863035222e+00
-5.502980832190165650e+00
-5.502980832190165650e+00
-5.502980832190165650e+00
-5.500296988966858258e+00
-5.511347702060386489e+00
-5.511347702060386489e+00
-5.511323401966060409e+00
-5.511381897780341710e+00
-5.517639026562150661e+00
-5.517639026562150661e+00
-5.514921758244065053e+00
-5.524807810396508145e+00
-5.524807810396508145e+00
-5.529032012197181878e+00
-5.529032012197181878e+00
-5.518666279371519323e+00
-5.518666279371519323e+00
-5.966663937332561396e+00
-5.966663937332561396e+00
-5.966670390266581414e+00
-5.966670390266581414e+00
-5.975298215812927083e+00
-5.974983364362416616e+00
-5.975401252562974719e+00
-5.975401252562974719e+00
-5.980190435995496046e+00
-5.980222945049901817e+00
-5.986807277654061288e+00
-5.986807277654061288e+00
-5.986807277654061288e+00
-5.987415750856817098e+00
-5.987415750856817098e+00
-5.988770707658683357e+00
-5.988770707658683357e+00
-5.969197484179407098e+00
-5.969197484179407098e+00
-5.964268584632074877e+00
-5.964002050246748787e+00
-5.964002050246748787e+00
-5.964093758890106400e+00
-5.964093758890106400e+00
-5.964093758890106400e+00
-5.961803535179755364e+00
-5.961803535179755364e+00
-5.929360029860175629e+00
-5.929360029860175629e+00
-5.929360029860175629e+00
-5.929393162905878256e+00
-5.910976046013894702e+00
-5.910976046013894702e+00
-5.947281788794193780e+00
-5.175589067996947179e+00
-5.175893592122740472e+00
-5.175893592122740472e+00
-5.175005488326076097e+00
-5.175005488326076097e+00
-5.175202160899542214e+00
-5.175202160899542214e+00
-5.175202160899542214e+00
-5.175202160899542214e+00
-5.174287308217234482e+00
-5.174287308217234482e+00
-5.174287308217234482e+00
-5.174349687211096338e+00
-5.174349687211096338e+00
-5.174349687211096338e+00
-5.173661338640028973e+00
-5.173661338640028973e+00
-5.173661338640028973e+00
-5.173661338640028973e+00
-5.173661338640028973e+00
-5.173661338640028973e+00
-5.172727718462786228e+00
-5.173055857142448311e+00
-5.173055857142448311e+00
-5.173055857142448311e+00
-5.173055857142448311e+00
-5.172193306982930672e+00
-5.172193306982930672e+00
-5.172193306982930672e+00
-5.172490615651577528e+00
-5.172490615651577528e+00
-5.172490615651577528e+00
-5.171552394899101124e+00
-5.171552394899101124e+00
-5.171552394899101124e+00
-5.171726577992332707e+00
-5.172029591458813691e+00
-5.270217731993020571e+00
-5.270217731993020571e+00
-5.270217731993020571e+00
-5.270229457983724330e+00
-5.270229457983724330e+00
-5.269395723466687720e+00
-5.269888286714182080e+00
-5.269888286714182080e+00
-5.269888286714182080e+00
-5.269888286714182080e+00
-5.269888286714182080e+00
-5.269126484430061375e+00
-5.269126484430061375e+00
-5.269126484430061375e+00
-5.269126484430061375e+00
-5.269126484430061375e+00
-5.268441571034416349e+00
-5.268441571034416349e+00
-5.268481835423316717e+00
-5.268481835423316717e+00
-5.268699328930692261e+00
-5.267927548686702544e+00
-5.267927548686702544e+00
-5.267927548686702544e+00
-5.267927548686702544e+00
-5.627750174436859432e+00
-5.627750174436859432e+00
-5.627750174436859432e+00
-5.628240720456815005e+00
-5.628240720456815005e+00
-5.627946706502449103e+00
-5.627946706502449103e+00
-5.627946706502449103e+00
-5.627946706502449103e+00
-5.627619367094043312e+00
-5.627477300431812601e+00
-5.627477300431812601e+00
-5.627477300431812601e+00
-5.627532389951682035e+00
-5.627532389951682035e+00
-5.627213078575287852e+00
-5.627213078575287852e+00
-5.627213078575287852e+00
-5.627213078575287852e+00
-5.626930651305116271e+00
-5.626930651305116271e+00
-5.627029886716771401e+00
-5.626703269329317969e+00
-5.626703269329317969e+00
-5.626674942186397743e+00
-5.626674942186397743e+00
-5.626674942186397743e+00
-5.626674942186397743e+00
-5.626411984330996319e+00
-5.626411984330996319e+00
-5.626411984330996319e+00
-5.626411984330996319e+00
-5.626286773315542611e+00
-5.626286773315542611e+00
-5.626286773315542611e+00
-5.625965196378155397e+00
-5.625965196378155397e+00
-5.625704106503444102e+00
-5.625704106503444102e+00
-5.625704106503444102e+00
-5.625704106503444102e+00
-5.625373385225701739e+00
-5.625373385225701739e+00
-5.625373385225701739e+00
-5.625373385225701739e+00
-5.625460938952853596e+00
-5.625612808796020659e+00
-5.721877113304592477e+00
-5.721877113304592477e+00
-5.721219609447732779e+00
-5.721219609447732779e+00
-5.721219609447732779e+00
-5.721219609447732779e+00
-5.720633749770687615e+00
-5.720633749770687615e+00
-5.720633749770687615e+00
-5.720054056333887083e+00
-5.720054056333887083e+00
-5.720054056333887083e+00
-5.720054056333887083e+00
-6.156388828216776687e+00
-6.156541454846739647e+00
-6.156541454846739647e+00
-6.156541454846739647e+00
-6.156299259481946784e+00
-6.156493916683058565e+00
-6.156493916683058565e+00
-6.156260518641498258e+00
-6.156260518641498258e+00
-6.156349516046317305e+00
-6.156349516046317305e+00
-6.156138746537645368e+00
-6.155880346667768954e+00
-6.155880346667768954e+00
-6.155596829529798697e+00
-6.155596829529798697e+00
-6.155596829529798697e+00
-6.155645853010735635e+00
-6.155383823753799000e+00
-6.155383823753799000e+00
-6.155383823753799000e+00
-6.155121900723920625e+00
-6.155121900723920625e+00
-6.155258856320257266e+00
-6.154856976716157391e+00
-6.154856976716157391e+00
-6.154771573655186678e+00
-6.154590177368986836e+00
-6.154503358542366520e+00
-6.154401290321100504e+00
-6.154346415863066966e+00
-6.154244376655911175e+00
-6.153966805999708356e+00
-6.153692038565431233e+00
-6.153509067680985822e+00
-6.153152544525448242e+00
-6.152707169974545032e+00
-5.710460978309613189e+00
-5.709611611163801115e+00
-5.707486888142368819e+00
-5.703515034125553385e+00
-5.281977023546193806e+00
-5.276504592845538966e+00
-5.689850106260707641e+00
-5.688678733443058633e+00
-5.687753201849718110e+00
-5.686926302347544038e+00
-5.686239316783034070e+00
-5.685823681706010824e+00
-5.685406687128710779e+00
-5.684783601711433931e+00
-5.683981143261709335e+00
-6.141162829730285821e+00
-6.140797738237717240e+00
-6.140580745773521087e+00
-6.140324452581400472e+00
-6.140156348586418567e+00
-6.358399645431354053e+00
-6.358573129278132008e+00
-6.515798779649678352e+00
-6.516054268400401028e+00
-6.649921601867392340e+00
-6.785882879965295267e+00
-6.829160089022532354e+00
-6.859454474929999712e+00
-6.875808336142588573e+00
-6.894068364230237833e+00
-6.900459342219706471e+00
-6.878435667552741606e+00
-6.841249604588466759e+00
-6.767731229129835491e+00
-6.695067852569066780e+00
-6.687073324859814427e+00
-6.719516774674865189e+00
-6.719516774674865189e+00
-6.782049025414960575e+00
-6.782049025414960575e+00
-6.809173214457803880e+00
-6.809173214457803880e+00
-6.863956260105381624e+00
-6.863991453391752096e+00
-6.912273679689692862e+00
-6.912260538311854496e+00
-6.960948356015781435e+00
-6.960948356015781435e+00
-7.019593896173371483e+00
-7.019593896173371483e+00
-7.025032210472895500e+00
-7.025032210472895500e+00
-7.078671529987349942e+00
-7.134226646086635704e+00
-7.134226646086635704e+00
-7.189448982503529706e+00
-7.189448982503529706e+00
-7.249588562886794207e+00
-7.249628382957928885e+00
-7.233547429902156267e+00
-7.233547429902156267e+00
-7.276158216793725764e+00
-7.276158216793725764e+00
-7.255453783747542573e+00
-7.255348899217132441e+00
-7.261338561226828858e+00
-7.258921124993459983e+00
-7.336630085181150562e+00
-7.336630085181150562e+00
-7.434482881822487954e+00
-7.434482881822487954e+00
-7.479424749547490592e+00
-7.479424749547490592e+00
-7.604116165170372810e+00
-6.311653616652481702e+00
-6.311653616652481702e+00
-6.310644512104678583e+00
-6.310644512104678583e+00
-6.310644512104678583e+00
-6.310644512104678583e+00
-6.310644512104678583e+00
-6.310644512104678583e+00
-6.311083482288295521e+00
-6.311083482288295521e+00
-6.311083482288295521e+00
-6.311083482288295521e+00
-6.309759112577498996e+00
-6.309759112577498996e+00
-6.309759112577498996e+00
-6.309759112577498996e+00
-6.309759112577498996e+00
-6.309759112577498996e+00
-6.309759112577498996e+00
-6.310100164330827432e+00
-6.310100164330827432e+00
-6.310100164330827432e+00
-6.310100164330827432e+00
-6.308751203029436816e+00
-6.308751203029436816e+00
-6.309066206709608160e+00
-6.309066206709608160e+00
-6.309550001973815547e+00
-6.309894796726408295e+00
-6.309894796726408295e+00
-6.309894796726408295e+00
-6.309894796726408295e+00
-6.308685878954896076e+00
-6.308685878954896076e+00
-6.308685878954896076e+00
-6.308685878954896076e+00
-6.308685878954896076e+00
-6.308685878954896076e+00
-6.308685878954896076e+00
-6.308685878954896076e+00
-6.308685878954896076e+00
-6.308685878954896076e+00
-6.307407006433619401e+00
-6.307407006433619401e+00
-6.307407006433619401e+00
-6.307853791920584818e+00
-6.307853791920584818e+00
-6.307853791920584818e+00
-6.307853791920584818e+00
-6.307853791920584818e+00
-6.307853791920584818e+00
-6.307853791920584818e+00
-6.306514103927396420e+00
-6.306836846263305318e+00
-6.307203300161122073e+00
-6.307203300161122073e+00
-6.307203300161122073e+00
-6.307203300161122073e+00
-6.307203300161122073e+00
-6.307203300161122073e+00
-6.307203300161122073e+00
-6.305956332790557894e+00
-6.306395343742013715e+00
-6.306395343742013715e+00
-6.306395343742013715e+00
-6.306395343742013715e+00
-6.306395343742013715e+00
-6.306395343742013715e+00
-6.306466219358758174e+00
-6.306466219358758174e+00
-6.306466219358758174e+00
-6.305281045153185993e+00
-6.305500769104298797e+00
-6.305500769104298797e+00
-6.305500769104298797e+00
-6.305500769104298797e+00
-6.305500769104298797e+00
-6.305500769104298797e+00
-6.305500769104298797e+00
-6.305500769104298797e+00
-6.304881808456686443e+00
-6.305225794042366161e+00
-6.305225794042366161e+00
-6.305225794042366161e+00
-6.305225794042366161e+00
-6.305225794042366161e+00
-6.305225794042366161e+00
-6.305563829560768774e+00
-6.305563829560768774e+00
-6.304428700864820101e+00
-6.304428700864820101e+00
-6.304428700864820101e+00
-6.304428700864820101e+00
-6.304428700864820101e+00
-6.304428700864820101e+00
-6.304428700864820101e+00
-6.304833935636692921e+00
-6.304833935636692921e+00
-6.579795295361938301e+00
-6.579795295361938301e+00
-6.579795295361938301e+00
-6.579795295361938301e+00
-6.579795295361938301e+00
-6.579795295361938301e+00
-6.579795295361938301e+00
-6.579795295361938301e+00
-6.579062553592187612e+00
-6.579062553592187612e+00
-6.579062553592187612e+00
-6.579062553592187612e+00
-6.579062553592187612e+00
-6.579062553592187612e+00
-6.579208445843801378e+00
-6.579539303936127403e+00
-6.579539303936127403e+00
-6.578534253298573553e+00
-6.578534253298573553e+00
-6.578534253298573553e+00
-6.578534253298573553e+00
-6.578534253298573553e+00
-6.578534253298573553e+00
-6.578859343276169724e+00
-6.578859343276169724e+00
-6.577904922495968698e+00
-6.577904922495968698e+00
-6.577904922495968698e+00
-6.577904922495968698e+00
-6.577904922495968698e+00
-6.577904922495968698e+00
-6.577904922495968698e+00
-6.578178600019439770e+00
-6.578512254536206250e+00
-6.577574968379122922e+00
-6.577574968379122922e+00
-6.577574968379122922e+00
-6.577574968379122922e+00
-6.577574968379122922e+00
-6.577574968379122922e+00
-6.577574968379122922e+00
-6.577574968379122922e+00
-6.576663252170848573e+00
-6.576663252170848573e+00
-6.576663252170848573e+00
-6.576784375955147866e+00
-6.576784375955147866e+00
-6.576784375955147866e+00
-6.577060566468852620e+00
-6.577128504054376990e+00
-6.634789140512910244e+00
-6.634789140512910244e+00
-6.634789140512910244e+00
-6.634995309519056583e+00
-6.634995309519056583e+00
-6.635286161345566924e+00
-6.635286161345566924e+00
-6.635286161345566924e+00
-6.634442693918711775e+00
-6.634766619399992571e+00
-6.634766619399992571e+00
-6.634766619399992571e+00
-6.634766619399992571e+00
-6.634999584713020759e+00
-6.634999584713020759e+00
-6.634139565988069975e+00
-6.634139565988069975e+00
-6.634139565988069975e+00
-6.634139565988069975e+00
-6.634139565988069975e+00
-6.634139565988069975e+00
-6.634139565988069975e+00
-6.634139565988069975e+00
-6.633429804036942379e+00
-6.633429804036942379e+00
-6.633429804036942379e+00
-6.633429804036942379e+00
-6.633429804036942379e+00
-6.633429804036942379e+00
-6.633662192071245300e+00
-6.861201613719297043e+00
-6.861201613719297043e+00
-6.861201613719297043e+00
-6.861507193002167604e+00
-6.861507193002167604e+00
-6.861507193002167604e+00
-6.861507193002167604e+00
-6.861798012660081270e+00
-6.861143796228971858e+00
-6.861143796228971858e+00
-6.861143796228971858e+00
-6.861143796228971858e+00
-6.861143796228971858e+00
-6.861281134999549280e+00
-6.861281134999549280e+00
-6.860637291715042885e+00
-6.860637291715042885e+00
-6.860637291715042885e+00
-6.860637291715042885e+00
-6.860637291715042885e+00
-6.860637291715042885e+00
-6.860637291715042885e+00
-6.859969107664054988e+00
-6.859969107664054988e+00
-6.859969107664054988e+00
-6.859969107664054988e+00
-6.859969107664054988e+00
-6.860272700128627221e+00
-6.860272700128627221e+00
-6.859800876440717232e+00
-6.859821003988564314e+00
-6.859821003988564314e+00
-6.859821003988564314e+00
-6.859821003988564314e+00
-6.859821003988564314e+00
-6.859351174383287564e+00
-6.859351174383287564e+00
-6.859351174383287564e+00
-6.859351174383287564e+00
-6.859649402223014114e+00
-6.859649402223014114e+00
-6.859700304756554345e+00
-6.859007230960137314e+00
-6.859007230960137314e+00
-6.859007230960137314e+00
-6.859030352758940019e+00
-6.859030352758940019e+00
-6.859030352758940019e+00
-6.859030352758940019e+00
-6.858401437945745194e+00
-6.858401437945745194e+00
-6.858704248906552614e+00
-6.858911901377864773e+00
-6.858911901377864773e+00
-6.858911901377864773e+00
-7.093600851740255564e+00
-7.093600851740255564e+00
-7.093600851740255564e+00
-7.093600851740255564e+00
-7.093600851740255564e+00
-7.183186479312075434e+00
-7.182577294414745239e+00
-7.182577294414745239e+00
-7.182577294414745239e+00
-7.182577294414745239e+00
-7.182577294414745239e+00
-7.182577294414745239e+00
-7.181995446057928056e+00
-7.181995446057928056e+00
-7.181995446057928056e+00
-7.181995446057928056e+00
-7.180869356309447227e+00
-7.180869356309447227e+00
-7.180169698328917605e+00
-7.180562373189743219e+00
-7.180562373189743219e+00
-7.180562373189743219e+00
-7.180562373189743219e+00
-7.180562373189743219e+00
-7.179942762512784959e+00
