-2.300744668133089199e+00
-2.339872292178171165e+00
-2.310109949555031683e+00
-2.478212978716883175e+00
-2.345647200772750907e+00
-2.621046308775113687e+00
-2.625291383881281249e+00
-2.786114597372681523e+00
-2.873308757667719870e+00
-2.868198554587573224e+00
-2.857743586002561287e+00
-2.855956817359204258e+00
-2.875835860143876488e+00
-2.834224632832464952e+00
-2.807546783275317814e+00
-2.764121093525164330e+00
-2.592869377206819426e+00
-2.549849802469007720e+00
-2.572727374107722564e+00
-2.544968569264393299e+00
-2.516638950947628572e+00
-2.460490987499940996e+00
-2.431003340870724116e+00
-2.394430533166494346e+00
-2.329567435365228700e+00
-2.292445312225665610e+00
-2.268362585566467526e+00
-2.235504060710210794e+00
-2.200377842688801433e+00
-2.187783382837959145e+00
-2.272861663093857398e+00
-2.244681572381706847e+00
-2.200250908633885505e+00
-2.142409238574557673e+00
-2.146289981918834577e+00
-2.106919526841183554e+00
-2.099686033378150629e+00
-2.075200096477212597e+00
-1.951272654878150492e+00
-1.926367188159957555e+00
-1.927759077942949872e+00
-1.880681420173435647e+00
-1.887867815774605607e+00
-1.746208903144806257e+00
-1.754749468787496047e+00
-1.755622730528637598e+00
-1.762578830247474304e+00
-1.790870613917460386e+00
-1.275187967182149107e+00
-1.592587419986266184e+00
-2.024302701779324032e+00
-2.025610983733411086e+00
-2.026348739331790050e+00
-2.027394057648505665e+00
-1.930624596846613583e+00
-1.931259472165350877e+00
-1.931979307862716988e+00
-1.932966132078522525e+00
-1.936396284396055156e+00
-1.936963213268893425e+00
-1.880367521816497467e+00
-1.881284968126833546e+00
-1.882439473230288707e+00
-1.738052346663419678e+00
-1.738540083020336580e+00
-1.738884232695667054e+00
-1.739527738330302276e+00
-1.740033173452619764e+00
-1.741032322120209308e+00
-1.612874675174256645e+00
-1.689046040912125957e+00
-1.689564926335974882e+00
-1.689791233512045299e+00
-1.691112375944763491e+00
-1.691578328404261589e+00
-1.692238396621719598e+00
-1.692839737524748811e+00
-1.688676153474297559e+00
-1.594479592657086497e+00
-1.504406538809868632e+00
-1.529666368416187083e+00
-1.543962309273605671e+00
-1.546122462992218338e+00
-1.546662739639564910e+00
-1.547051660072909840e+00
-1.547351181716765112e+00
-1.510910612292934108e+00
-1.511072655072593474e+00
-1.511614591945825037e+00
-1.511854942468899177e+00
-1.512384175973233269e+00
-1.344844422356573865e+00
-1.345087740719983049e+00
-1.344390368501850119e+00
-1.268298342409550861e+00
-1.461564359453757733e+00
-9.795679252198900011e-01
-1.205327325817167505e+00
-1.205327290958874809e+00
-1.206119449192344151e+00
-1.206966819517576006e+00
-1.206967271487352944e+00
-1.207736935228625352e+00
-1.207736406695279374e+00
-1.208079277240352800e+00
-1.208080316533636900e+00
-1.208845641532779291e+00
-1.208503046618555565e+00
-1.208529229098930236e+00
-1.209225985697163885e+00
-1.210257576090921106e+00
-1.210036085298608288e+00
-1.210839063458556852e+00
-1.211551487729266130e+00
-1.211552148451201516e+00
-1.211835045506584052e+00
-1.211822691908975624e+00
-1.212501247642245650e+00
-1.213200741511692549e+00
-1.213200741511692549e+00
-1.213875258343604102e+00
-1.214522863777509620e+00
-1.214507040342281741e+00
-1.215185585360253118e+00
-1.215185585360253118e+00
-1.215809598709457706e+00
-1.191743949601148156e+00
-1.191759536986544576e+00
-1.192531357809648584e+00
-1.064859402307906100e+00
-1.065418584869176843e+00
-1.065418584869176843e+00
-1.065797280415128334e+00
-1.066504038887160055e+00
-1.066504038887160055e+00
-1.067023970815776490e+00
-1.084446787361418973e+00
-1.084882527484776205e+00
-1.085490471099839205e+00
-1.085490471099839205e+00
-1.085906275827542178e+00
-1.086311888244009038e+00
-9.422926288108612880e-01
-9.425593508192902092e-01
-9.429512744942722957e-01
-9.432013325670699500e-01
-9.434671177858235946e-01
-9.432614598834896391e-01
-9.435016672057106035e-01
-9.440895220446099412e-01
-9.443094122319490857e-01
-9.142242291196920334e-01
-9.144182602491199852e-01
-1.073234320328628977e+00
-1.073735879889611944e+00
-1.074038574645106880e+00
-1.074359178658677028e+00
-1.074183922342634823e+00
-1.074505602004414140e+00
-1.074866681505450838e+00
-1.075795746860522373e+00
-1.076218115909097994e+00
-1.076722555035626971e+00
-1.077431613192093796e+00
-9.901502868187407325e-01
-9.936554807995491290e-01
-8.266701779743081957e-01
-1.021737074722897543e+00
-1.405892352626774144e-01
4.189268323095984847e-01
-1.459093641834845467e-01
-1.459093652713325806e-01
-1.459093654240357640e-01
-1.448402714822691895e-01
-1.473764079329580312e-01
-1.473764082451887170e-01
-1.473764086748332591e-01
-1.460503391151302122e-01
-1.460503392256764510e-01
-1.489557430068704225e-01
-1.489556830180767122e-01
-1.489556829913407654e-01
-1.489556812849452960e-01
-1.489556770974755917e-01
-1.512611673539485668e-01
-1.512580357128292530e-01
-1.497652301502068184e-01
-1.497652195478000881e-01
-1.521844648747023854e-01
-1.521844123811262328e-01
-1.521843690369997226e-01
-1.521856613020605153e-01
-1.521842787287719378e-01
-1.548357258934065506e-01
-1.538240281017060340e-01
-1.538240018418346455e-01
-1.524816297083586569e-01
-1.548242160102075715e-01
-1.548241982448905762e-01
-1.548266725626610274e-01
-1.548266724564628660e-01
-1.548266725495175411e-01
-1.569872265201261996e-01
-1.569872267788907649e-01
-1.569872267788907649e-01
-1.556653749510331641e-01
-1.581925012617082515e-01
-1.581925022488879229e-01
-1.581071205004269675e-01
-1.581071203774968570e-01
-1.603433303992883585e-01
-1.603338207138829130e-01
-1.603338518902570620e-01
-1.603338518902570620e-01
-1.615687238475340681e-01
-1.602367634927457374e-01
-1.602367651992553377e-01
-1.602367651992553377e-01
-1.602363355168843206e-01
-1.627198415112243168e-01
-1.627198415112243168e-01
-1.627198415112243168e-01
-1.627198415112243168e-01
-1.649154891629789899e-01
-1.635133685778391577e-01
-1.635133685778391577e-01
-1.635133685778391577e-01
-1.656003824048783990e-01
-1.656003824048783990e-01
-1.656003824048783990e-01
-1.675977030582904703e-01
-1.675977018993288770e-01
-1.662797958834361101e-01
-1.662797958834361101e-01
3.939277844354537317e-01
3.939277844354537317e-01
3.939277844354537317e-01
3.939277844354537317e-01
3.922164022616515533e-01
3.922164022616515533e-01
3.922164022616515533e-01
3.931672412405886607e-01
3.914709016758490812e-01
3.914694372328043070e-01
3.914709941699008322e-01
3.914709941699008322e-01
3.896988976451607467e-01
3.896988976451607467e-01
3.896988976451607467e-01
3.878184345919654108e-01
3.886412866216621964e-01
3.886501678069064214e-01
3.886501678069064214e-01
3.881997963367374016e-01
3.881997963367374016e-01
3.881997963367374016e-01
3.866544754706934262e-01
3.866544754706934262e-01
3.874756501237844319e-01
3.874756501237844319e-01
3.859844427264635947e-01
3.859844427264635947e-01
3.859844427264635947e-01
3.845347437221406928e-01
3.845347437221406928e-01
3.845347437221406928e-01
5.001579351251699279e-01
4.980477087964196858e-01
4.980477087964196858e-01
4.980477087964196858e-01
4.962271445928285729e-01
4.962271445928285729e-01
4.962275953503478831e-01
4.955466859716992079e-01
4.969572745108602474e-01
4.969572745108602474e-01
4.947645733171887050e-01
4.947645733171887050e-01
4.947645733171887050e-01
1.480646139489888657e+00
1.480646139489888657e+00
1.480646139489888657e+00
1.481274036336852840e+00
1.479813848508768181e+00
1.479813848508768181e+00
1.479813848508768181e+00
1.478502843621602780e+00
1.478502843621602780e+00
1.478502843621602780e+00
1.477357856873882769e+00
1.478020441859496215e+00
1.478032124726800234e+00
1.440045297947271985e+00
1.440045297947271985e+00
1.438932231111383242e+00
1.438932231111383242e+00
1.438932231111383242e+00
1.437814323551242168e+00
1.438476352240082301e+00
1.438476352240082301e+00
1.437570738938805714e+00
1.437570738938805714e+00
1.437570738938805714e+00
1.436773537861847139e+00
1.436773537861847139e+00
2.164670706225704233e+00
2.164670706225704233e+00
2.164670706225704233e+00
2.164292441187946725e+00
2.164292441187946725e+00
2.165244998324816539e+00
2.164817696745680919e+00
2.164817696745680919e+00
2.164209341206971615e+00
2.164209341206971615e+00
2.164209341206971615e+00
2.163755317798137234e+00
2.163755317798137234e+00
3.041941734663331953e+00
3.041941449243055651e+00
3.040105649096989548e+00
3.040412362584779427e+00
3.040412362584779427e+00
3.040678344867397520e+00
3.040678344867397520e+00
2.466233763985229643e+00
2.466233763985229643e+00
2.466234636860498597e+00
2.465283688788504790e+00
2.466365313341818855e+00
2.466182835782484872e+00
2.466182835782484872e+00
3.422695468337308977e+00
3.422695468337308977e+00
3.423415092884171784e+00
3.420576582745375127e+00
3.421346188247073705e+00
3.421460793483374285e+00
3.422218562399187203e+00
3.422218562399187203e+00
3.423139990454555637e+00
3.423139990454555637e+00
3.912148592925047463e+00
3.912148592925047463e+00
3.912101716700911780e+00
3.912101716700911780e+00
5.316673182167804157e+00
5.318040290848843554e+00
5.321374848274754932e+00
5.317108050916924178e+00
5.321070999235558041e+00
5.323013018235601024e+00
5.326634049110014146e+00
5.330884304514991179e+00
3.911780495373907041e+00
3.911617139153396039e+00
3.910323825470685133e+00
1.916278357834591883e+00
1.532612182483142238e+00
2.705185562547359091e+00
3.908320000525051352e+00
5.469602334535952792e+00
7.483071859481727373e+00
6.193010113906531444e+00
4.212210006529592654e+00
3.948519273728026135e+00
3.948341174976866874e+00
3.948341413534555144e+00
3.927601159539635844e+00
3.924433070546534008e+00
3.924434541233223328e+00
3.924433143499978627e+00
3.924433940441594437e+00
3.924434748136548023e+00
3.924433156572624704e+00
3.924433904988989585e+00
3.921258288093623534e+00
3.921259584239747742e+00
3.921261633197098639e+00
3.921261852660634428e+00
3.921260446200020233e+00
3.921261277961936464e+00
3.918231260879573519e+00
3.921743643193989382e+00
3.921743643193989382e+00
3.921744851301663726e+00
3.921739060711185054e+00
3.921737418801808595e+00
3.921738079759659712e+00
3.918389210302306136e+00
3.918389513883473896e+00
3.918389331774233764e+00
3.918389017207954961e+00
3.918389009920260069e+00
3.918389822422025048e+00
5.910090597156668402e+00
5.910089605341271479e+00
5.910089216056208627e+00
5.910088856227181608e+00
5.910311433772050371e+00
5.913999537804365936e+00
5.913999719819853951e+00
5.910980430696821664e+00
5.910983336941444399e+00
5.910982216415711754e+00
5.910983443032383988e+00
5.910985090985247936e+00
5.910983382129701980e+00
5.907821102638325605e+00
5.907821292430803339e+00
5.907821904386365119e+00
5.907826430282297814e+00
5.907826430282297814e+00
5.907819896751492550e+00
5.904822925107647613e+00
5.904822705600315302e+00
5.904822588878850809e+00
5.908608336316254039e+00
5.908607822923844566e+00
5.908607514897121327e+00
5.904897677943274026e+00
5.904898512733668170e+00
5.904898120441641751e+00
5.904899812099746903e+00
5.904899812099746903e+00
5.904898040987493602e+00
5.902719167818427870e+00
5.902719465392165077e+00
5.902719465392165077e+00
5.902718585157815667e+00
5.902937478378214919e+00
5.900306836184273429e+00
5.900306836184273429e+00
5.900306836184273429e+00
5.903933359026648731e+00
5.903933359026648731e+00
5.903932023036987609e+00
9.050416577570087995e+00
9.050416667539710858e+00
9.050418421311691830e+00
9.050415079273280483e+00
9.050415079273280483e+00
9.050417870409493304e+00
9.047817182574600992e+00
9.047817182574600992e+00
9.047817182574600992e+00
9.047859336929951368e+00
9.047859336929951368e+00
9.044903898694311550e+00
9.044909050560844932e+00
9.049170859546537216e+00
9.049171117999959435e+00
9.049171117999959435e+00
9.049171384852675359e+00
9.046718163118647738e+00
9.046718312117945970e+00
9.046717715363545409e+00
9.046716099185804438e+00
9.046717683538480159e+00
9.044012821127083157e+00
9.043343462646959097e+00
9.043345173366144962e+00
9.043345173366144962e+00
9.043344557684953600e+00
9.040691448220188775e+00
9.040691448220188775e+00
9.044217944450727131e+00
9.044214198222571000e+00
9.044214665964675604e+00
9.042054611129236363e+00
9.042052740576700387e+00
9.042058619963649235e+00
9.042058620306846706e+00
9.042058620387052770e+00
1.336315346942671844e+01
1.336315136122395941e+01
1.336314738337672203e+01
1.336315111363316710e+01
1.336315111363316710e+01
1.336112947210500579e+01
1.336112947210500579e+01
1.336113112562203931e+01
1.336445077557362460e+01
1.336445173752024651e+01
1.336280918671624285e+01
1.336280771021605851e+01
1.336280771021605851e+01
1.336280771021605851e+01
1.336280770893322867e+01
1.336114096616564062e+01
1.336139511090200749e+01
1.336139731730050428e+01
1.336139940965950856e+01
1.336139426478315961e+01
1.335968393239846641e+01
1.335968393239846641e+01
1.335968393239846641e+01
1.335968393239846641e+01
1.336281512277506245e+01
1.336136351083217377e+01
1.336136351083217377e+01
1.336136351083217377e+01
1.336136351083217377e+01
1.808598897397565253e+01
1.808598870472359366e+01
1.808598870396912162e+01
1.808598848807889681e+01
1.808598848807889681e+01
1.808588377511852130e+01
1.808588377511852130e+01
1.808588377511852130e+01
1.808588377511852130e+01
1.808583798725334191e+01
1.867405303600854438e+01
1.867405303600854438e+01
1.867405303600854438e+01
1.867281108288326408e+01
1.867281108288326408e+01
1.867281108288326408e+01
1.867307526357802416e+01
1.867307526357802416e+01
1.867215894282102795e+01
1.867215894282102795e+01
1.867221287464625235e+01
1.867221287464625235e+01
1.867133387769219510e+01
1.867133387769219510e+01
1.867133387769219510e+01
1.867415509575108956e+01
2.316038745736316429e+01
2.316038745736316429e+01
2.316038745736316429e+01
2.316038745736316429e+01
2.316032921576222137e+01
2.316033009939130238e+01
2.316033009939130238e+01
2.316033009939130238e+01
2.316028127854132990e+01
2.316028127854132990e+01
2.316028127854132990e+01
2.316028127854132990e+01
2.316017996489857111e+01
2.316017996489857111e+01
2.316011328478768050e+01
2.316011328478768050e+01
2.220913135475909073e+01
2.220913135475909073e+01
2.220913135475909073e+01
2.220938708596233013e+01
2.220903903082912123e+01
2.220903903082912123e+01
2.220903903082912123e+01
2.220903903082912123e+01
2.220863103665777416e+01
2.220863103665777416e+01
2.220863103665777416e+01
2.463973813978054395e+01
2.463973813978054395e+01
2.463664286104609147e+01
2.463664286104609147e+01
2.463771474241300297e+01
2.463776264436652497e+01
2.463776264436652497e+01
2.463776264436652497e+01
2.463920405915136058e+01
2.463920405915136058e+01
2.463920405915136058e+01
2.464112428569497126e+01
2.464112428569497126e+01
2.464112428569497126e+01
2.464301481089805179e+01
2.464301481089805179e+01
2.464008909489263033e+01
2.464008909489263033e+01
2.464184705606546189e+01
2.464184705606546189e+01
2.464184705606546189e+01
2.464490605499062781e+01
2.464490605499062781e+01
2.464490605499062781e+01
2.464870707371342107e+01
2.464870707371342107e+01
2.465115274407605739e+01
2.465212782150758386e+01
2.465444715647025120e+01
2.465739205737195050e+01
2.465890428340285823e+01
2.465936994635340440e+01
2.466343733343531142e+01
2.466584882528984934e+01
2.467167172586697532e+01
2.467899796862372597e+01
2.218736417247022175e+01
2.218074196731641479e+01
1.638670814422474464e+01
8.738503616005910857e+00
1.632624867572817351e+01
2.214481791756839968e+01
2.214411362727103239e+01
2.480205490404816970e+01
2.480209290612983963e+01
2.479858724560425287e+01
2.478584973666623625e+01
2.443955067067719611e+01
2.410758677310790077e+01
2.380724188345464398e+01
2.351907933348895696e+01
2.335219827613706656e+01
2.329599546848765712e+01
2.329129275479611394e+01
2.329082467539481272e+01
2.329074827495245259e+01
2.329073637930763141e+01
2.329073694519584592e+01
2.329073599026191133e+01
2.328980257946040666e+01
2.328980194247343860e+01
2.328980287900994028e+01
2.328980274375791382e+01
2.328980290548223309e+01
2.328980256527565373e+01
2.328980252035323772e+01
2.328980227790378876e+01
2.328980247757873201e+01
2.328980266006924538e+01
2.328980255094278817e+01
2.328980312678593378e+01
2.328980341797626608e+01
2.328980331639278134e+01
2.328896832920891669e+01
2.328896847988560737e+01
2.328896798014622860e+01
2.328896830438997867e+01
2.328972907442893359e+01
2.328972907442893359e+01
2.328972847473846386e+01
2.328972847473846386e+01
2.328972847473846386e+01
2.328972912819538621e+01
2.328972912819538621e+01
2.327330109505285449e+01
2.327330170444176360e+01
2.327255519775775738e+01
2.327255519775775738e+01
2.327255519775775738e+01
2.327255500243287045e+01
2.327255690752544837e+01
2.327255690752544837e+01
2.327255626527347232e+01
2.327255626527347232e+01
2.327255635327353644e+01
2.327255634035023135e+01
2.327255634035023135e+01
2.327255667201842826e+01
2.327255630736177849e+01
2.327255639137690579e+01
2.327188100738763410e+01
2.327188161534885324e+01
2.327188137761458719e+01
2.327188129755332113e+01
2.327188123701489886e+01
2.327262642300082618e+01
2.327262642300082618e+01
2.327262637408150070e+01
2.327262662303018814e+01
2.327262696437679423e+01
2.327262660841828179e+01
2.327262656263727791e+01
2.327262656263727791e+01
2.513207502996248621e+01
2.513207591600305335e+01
2.513207591600305335e+01
2.513207521179889170e+01
2.513207521179889170e+01
2.513207521179889170e+01
2.513207521179889170e+01
2.513207521179889170e+01
2.513207529387334560e+01
2.513214399209379835e+01
2.513214399209379835e+01
2.513214399209379835e+01
2.513214399209379835e+01
2.513167581171533627e+01
2.513167682333232733e+01
2.513167612863552947e+01
2.513167603942073924e+01
2.513167603942073924e+01
2.513167660515942003e+01
2.513219645825877535e+01
2.513219701177541765e+01
2.513219701177541765e+01
2.513219625682264180e+01
2.513219702161170588e+01
2.513219698060606433e+01
2.513172194040843976e+01
2.513172209410350533e+01
2.513172221949541907e+01
2.513172307869407263e+01
2.513172307869407263e+01
2.513172218106624101e+01
2.513172237652900520e+01
2.513172391454226684e+01
2.513172264479001328e+01
2.513172324425699955e+01
2.513172309477421251e+01
2.513172309477421251e+01
2.513172386697507577e+01
2.513117795126294141e+01
2.513117793875600015e+01
2.513117831210911035e+01
2.513117831210911035e+01
2.513117798995609675e+01
2.513117777727202551e+01
2.513117804415450962e+01
2.513117804415450962e+01
2.513170689209063724e+01
2.513170596417097968e+01
2.513170659135208140e+01
2.513170659135208140e+01
2.513170619578345466e+01
2.513126489098046434e+01
2.513166565202294223e+01
2.513166565202294223e+01
2.513166565202294223e+01
2.513166625490515926e+01
2.513166625490515926e+01
2.513166620215245572e+01
2.513166620215245572e+01
2.513166623947065759e+01
2.513166656225186202e+01
2.513166711557967403e+01
2.513167093389597184e+01
2.513122264565581787e+01
2.513122264565581787e+01
2.513122264565581787e+01
2.513122205681181143e+01
2.513122205681181143e+01
2.513122205681181143e+01
2.513122247647474339e+01
2.513122247647474339e+01
2.513122287358942941e+01
2.513122287358942941e+01
2.513181088199112523e+01
2.513181109660800061e+01
2.513135416018226920e+01
2.513135416018226920e+01
2.513135416018226920e+01
2.513135416018226920e+01
2.513135416018226920e+01
2.513135453032961664e+01
2.513135453032961664e+01
2.513135453032961664e+01
2.513135453032961664e+01
2.513135499957131103e+01
2.513135436993019312e+01
2.513135506560107402e+01
2.513095123102645445e+01
2.513095142963783601e+01
2.513095142963783601e+01
2.513095142963783601e+01
2.513095151175716424e+01
2.513095151175716424e+01
2.513095151175716424e+01
2.513101533254516440e+01
2.513101533254516440e+01
2.513101527682175274e+01
2.513101582320826211e+01
2.513056153004692561e+01
2.513105159099402286e+01
2.513105251708212151e+01
2.513105251708212151e+01
2.513105268773999157e+01
2.513105216067293668e+01
2.513105238939905561e+01
2.513105256558402445e+01
2.513105227707179878e+01
2.513105227707179878e+01
2.513105227707179878e+01
2.513105334566295923e+01
2.567441049234675177e+01
2.567441446520525616e+01
2.567441472750422804e+01
2.567441421387828626e+01
2.567441429173414136e+01
2.567441344277002813e+01
2.567441430643248523e+01
2.567441429294237665e+01
2.567441429294237665e+01
2.567441429294237665e+01
2.567441429294237665e+01
2.567414412082989372e+01
2.567414412082989372e+01
2.567414412082989372e+01
2.567414412082989372e+01
2.567447472757779892e+01
2.567447433847437210e+01
2.567447516001551833e+01
2.567447506697636328e+01
2.567447446918574983e+01
2.567454980580861701e+01
2.567455033684921162e+01
2.567455025365433841e+01
2.567424225590776388e+01
2.567424206824492927e+01
2.567424242857634908e+01
2.567424192810592842e+01
2.567424162041620761e+01
2.567424162041620761e+01
2.567424264669902811e+01
2.567424264669902811e+01
2.567424257992613690e+01
2.567424335042866446e+01
2.567424237747695770e+01
2.567399688767351051e+01
2.567399688767351051e+01
2.567399655541460390e+01
2.567399655541460390e+01
2.567399666010429726e+01
2.567399595712010552e+01
2.567399678244968797e+01
2.567431271470147891e+01
2.567431281417962197e+01
2.567431351475309853e+01
2.567431351475309853e+01
2.567404671800883875e+01
2.567404671800883875e+01
2.567404671800883875e+01
2.567404643297390265e+01
2.567404665362202110e+01
2.567404645568904442e+01
2.567404970893697680e+01
2.567405031221824530e+01
2.567404986555617441e+01
2.567404986555617441e+01
2.567382288775925758e+01
2.567389595275025016e+01
2.567389649827226705e+01
2.567389649827226705e+01
2.567389642669112249e+01
2.567389727349864614e+01
2.567389633821960970e+01
2.567389624423246630e+01
2.567389579320156301e+01
2.567389524699682823e+01
2.567389524699682823e+01
2.570202378276620081e+01
2.570202378276620081e+01
2.570202378276620081e+01
2.570202378276620081e+01
2.570202378276620081e+01
2.570202383890027065e+01
2.570202383890027065e+01
2.570202383890027065e+01
2.570202383890027065e+01
2.570202383890027065e+01
2.570174303971117169e+01
2.570174303971117169e+01
2.570174336435341189e+01
2.570174428979325754e+01
2.570174318809244340e+01
2.570174367114352521e+01
2.570174403565259169e+01
2.570174290886269119e+01
2.570174327267625003e+01
2.570174327267625003e+01
2.570140086742861385e+01
2.570140086742861385e+01
2.570140086742861385e+01
2.570140086742861385e+01
2.570140086742861385e+01
2.570184766377316876e+01
2.570184766377316876e+01
2.570192455627299211e+01
2.570192455627299211e+01
2.570192455627299211e+01
2.570192455627299211e+01
2.616888319216802117e+01
2.616888319216802117e+01
2.616888319216802117e+01
2.616888319216802117e+01
2.616888319216802117e+01
2.616888319216802117e+01
2.616888319216802117e+01
2.616888319216802117e+01
2.616888319216802117e+01
2.616869280243505003e+01
2.616868937404398565e+01
2.616868937404398565e+01
2.616868937404398565e+01
2.616868937404398565e+01
2.616868937404398565e+01
2.616868937404398565e+01
2.616868937404398565e+01
2.616868937404398565e+01
2.616904389458558100e+01
2.616887154348145827e+01
2.616887154348145827e+01
2.616887154348145827e+01
2.616887154348145827e+01
2.616887154348145827e+01
2.616887154348145827e+01
2.616887154348145827e+01
2.616887154348145827e+01
2.616887154348145827e+01
2.616887154348145827e+01
2.616860703296299206e+01
2.616860671210967482e+01
2.616860671210967482e+01
2.616868626646857976e+01
2.616868626646857976e+01
2.616868626646857976e+01
2.616868626646857976e+01
2.616868626646857976e+01
2.616868573926193875e+01
2.616858462935059393e+01
2.616858462935059393e+01
2.616858462935059393e+01
2.616858462935059393e+01
2.616891699055923581e+01
2.616891699055923581e+01
2.616891699055923581e+01
2.616891699055923581e+01
2.616891699055923581e+01
2.616891699055923581e+01
2.616876535399858383e+01
2.616876535399858383e+01
2.616876535399858383e+01
2.616876535399858383e+01
2.616876535399858383e+01
2.616876535399858383e+01
2.616876535399858383e+01
2.616876535399858383e+01
2.616876535399858383e+01
2.616863874865806849e+01
2.616863874865806849e+01
2.616863874865806849e+01
2.616863874865806849e+01
2.616863874865806849e+01
2.616863874865806849e+01
2.616863874865806849e+01
2.616863874865806849e+01
2.616895860080174785e+01
2.616878998632587283e+01
2.616878998632587283e+01
2.616878998632587283e+01
2.616886932744667149e+01
2.616886932744667149e+01
2.616886932744667149e+01
2.616886897852286964e+01
2.616886897852286964e+01
2.616886897852286964e+01
2.658853187310620925e+01
2.658853187310620925e+01
2.658853187310620925e+01
2.658853187310620925e+01
2.658853187310620925e+01
2.658853187310620925e+01
2.658853187310620925e+01
2.658853187310620925e+01
2.658853187310620925e+01
2.658852294054823773e+01
2.658852294054823773e+01
2.658852294054823773e+01
2.658852294054823773e+01
2.658852294054823773e+01
2.658851154901885394e+01
2.658850902613724543e+01
2.658850902613724543e+01
2.658850280811819644e+01
2.658850280811819644e+01
2.658850280811819644e+01
2.658850280811819644e+01
2.658850280811819644e+01
2.658850280811819644e+01
2.658850280811819644e+01
2.658850280811819644e+01
2.658850280811819644e+01
2.658849479904694491e+01
2.658849479904694491e+01
2.658849479904694491e+01
2.658849479904694491e+01
2.658849479904694491e+01
2.658849479904694491e+01
2.658849479904694491e+01
2.658849479904694491e+01
2.658849178319387363e+01
2.658849178319387363e+01
2.658856725259041198e+01
2.658855458509280467e+01
2.658855458509280467e+01
2.658855458509280467e+01
2.658855458509280467e+01
2.658855458509280467e+01
2.658854589976800042e+01
2.658854589976800042e+01
2.658854589976800042e+01
2.658854589976800042e+01
2.658854589976800042e+01
2.658854589976800042e+01
2.658854589976800042e+01
