2.994189915794045920e+00
2.986905792027130691e+00
2.956414425479124475e+00
2.578821247353030088e+00
2.324536477404267387e+00
2.138484292993195979e+00
1.225504265523892133e+00
5.532210434976464475e-01
3.048511499065383323e-01
1.841435923809465469e-01
-4.743987716929626980e-02
-1.689278808219862038e-01
-4.317372507695926842e-01
-4.588061716643384025e-01
-5.279893968435971363e-01
-6.529846263011901408e-01
-7.897384729127773229e-01
-8.250008245495261683e-01
-7.788375301287576713e-01
-7.738203799723336607e-01
-8.332187961344842408e-01
-9.327536445558577416e-01
-9.042040035888020411e-01
-1.006590127864871231e+00
-1.046537879177902308e+00
-1.017949926777532266e+00
-1.097418934236771504e+00
-1.272308847543764276e+00
-1.238274833958393550e+00
-1.338946405526469929e+00
-1.361495849175136774e+00
-1.449646855067916240e+00
-1.658127030484256581e+00
-1.626400820631366262e+00
-1.631349429366846460e+00
-1.727422435161801939e+00
-1.731887763346427356e+00
-1.809303893050747236e+00
-1.877608027703762783e+00
-1.830949742604558006e+00
-1.997203340222241774e+00
-2.057732667595352893e+00
-1.916415136740101444e+00
-2.549935948008889675e+00
-2.409407963156470434e+00
-2.383728950875300345e+00
-2.281945227541613885e+00
-2.319260069204319485e+00
-2.280460267704407240e+00
-2.372614916662560969e+00
-1.366584802574851487e+00
-1.364411648592899207e+00
-1.362575412743867398e+00
-1.360967396155822851e+00
-1.360190013728708625e+00
-1.358670454534563588e+00
-1.355754721490938675e+00
-1.703104688036720216e+00
-1.702475790572704151e+00
-1.701342061034339270e+00
-1.700143348928022657e+00
-1.698678468837434563e+00
-1.659907961994909975e+00
-1.684106755807476929e+00
-1.682004496827936846e+00
-1.678502340581196073e+00
-2.359109714478088815e+00
-3.386677423551385679e+00
-3.339027785983215590e+00
-3.797046638600373392e+00
-3.710985059965135058e+00
-3.657547341322139989e+00
-3.626032286113523018e+00
-3.613501731638721459e+00
-3.633150043486916392e+00
-3.496287619154464732e+00
-3.360580368179483468e+00
-3.413698122450584460e+00
-3.455051919847531572e+00
-3.613182874683782853e+00
-3.856788863138100876e+00
-2.427028846349390090e+00
-2.968697538081622955e+00
-2.968054334877868516e+00
-2.945130946961388663e+00
-2.944391174149742163e+00
-2.943015100717827348e+00
-2.942507763867383108e+00
-2.940602508867180997e+00
-2.389825385636195065e+00
-3.846022089542532552e+00
-4.628449623109058386e+00
-4.600948372757204474e+00
-4.577612139406579850e+00
-4.532271518815710110e+00
-4.496080165960629316e+00
-4.451936494326578675e+00
-4.411491800905102956e+00
-4.379975130478303669e+00
-4.368036503339166821e+00
-4.372409021073433877e+00
-4.397208670324441293e+00
-4.411902492008224819e+00
-4.323648633732698698e+00
-4.224607949001121909e+00
-4.301455223890262580e+00
-4.343658766181897946e+00
-4.382331201756164418e+00
-4.484723242398332310e+00
-4.510890995770683531e+00
-4.518037766014701972e+00
-3.130278146337509781e+00
-3.130278146337509781e+00
-3.129626613557848547e+00
-3.861524187120821239e+00
-3.861524187120821239e+00
-3.860538022813566617e+00
-3.859565443165754228e+00
-3.860397782647463583e+00
-3.859470430962583798e+00
-3.858576395523867664e+00
-3.857812827547507872e+00
-3.856955756462789431e+00
-3.857402167405589388e+00
-3.856473667606862499e+00
-3.855616786074432589e+00
-3.854803538077006486e+00
-3.854200866076290311e+00
-3.854671241140470439e+00
-3.855164716616681364e+00
-3.854406167872983513e+00
-3.853575465869242933e+00
-3.852830883708770138e+00
-3.852635925017715568e+00
-4.254753964793460241e+00
-4.254243755382659309e+00
-4.253703288294087059e+00
-4.261103703616837102e+00
-4.260822089764329412e+00
-4.260258494971829180e+00
-4.259854278330336363e+00
-4.259329230476386563e+00
-4.259049048698077655e+00
-4.634293762388995042e+00
-4.634000086052852296e+00
-4.668459542586385957e+00
-4.668192203024483788e+00
-4.668010285068292298e+00
-4.667704096418432869e+00
-4.667032348173269618e+00
-4.666565509084802166e+00
-4.665881109632256774e+00
-4.664544564394780934e+00
-4.251512810446029356e+00
-4.653562636937591535e+00
-5.448004466924712297e+00
-5.889303106903396312e+00
-6.461145756021545061e+00
-6.415151571739563963e+00
-6.387599769129097993e+00
-6.552453971788291476e+00
-6.516732857561973624e+00
-6.469121876686517503e+00
-6.430398506322013930e+00
-6.387110773532791441e+00
-6.328007563343493125e+00
-6.302364237951753267e+00
-6.283950244754029413e+00
-6.242221898004794767e+00
-6.234242719086296347e+00
-6.238249574523271335e+00
-6.253478222983290813e+00
-6.283555397488416183e+00
-6.290842974739645932e+00
-6.305229153333376857e+00
-6.317987740955889109e+00
-6.316849584500730863e+00
-6.316104183924823978e+00
-6.323942597537135946e+00
-6.328012675928550657e+00
-6.334208571702922619e+00
-6.334006016627544255e+00
-6.337604636490582699e+00
-6.344327726471238549e+00
-6.346085049583793491e+00
-6.378707853744588263e+00
-6.378274231150853346e+00
-6.378052673847918186e+00
-6.373430784492888357e+00
-6.360558898304665476e+00
-6.383049266583914694e+00
-6.383049266583914694e+00
-6.377083606141476402e+00
-6.357049732009199872e+00
-6.337852438408755340e+00
-6.479168932115764612e+00
-5.067840325249954425e+00
-5.066416679808941836e+00
-5.066416679808941836e+00
-5.066416679808941836e+00
-5.067067911409276704e+00
-5.065477815364352487e+00
-5.065477815364352487e+00
-5.065477815364352487e+00
-5.064139015548648537e+00
-5.064139015548648537e+00
-5.064139015548648537e+00
-5.064139015548648537e+00
-5.062866872709226307e+00
-5.063500906756445374e+00
-5.063500906756445374e+00
-5.062129699611122469e+00
-5.062129699611122469e+00
-5.062167998153720205e+00
-5.062506353785218849e+00
-5.061231543759307172e+00
-5.061231543759307172e+00
-5.061857715514226363e+00
-5.615219673693614411e+00
-5.615219673693614411e+00
-5.615219673693614411e+00
-5.615415330695700646e+00
-5.614390614732045037e+00
-5.614390614732045037e+00
-5.614390614732045037e+00
-5.613743166008279495e+00
-5.613743166008279495e+00
-5.613743166008279495e+00
-5.612850274183805332e+00
-5.612850274183805332e+00
-5.612850274183805332e+00
-5.612208411327253010e+00
-5.612497911094289194e+00
-5.612847178061397102e+00
-5.612847178061397102e+00
-5.611862952283598993e+00
-5.611862952283598993e+00
-5.611862952283598993e+00
-5.611051448758930249e+00
-5.611051448758930249e+00
-5.611405974537487573e+00
-5.610509006485129291e+00
-5.610572108341863817e+00
-5.610572108341863817e+00
-5.609765060747540666e+00
-5.609765060747540666e+00
-5.609765060747540666e+00
-5.608937283615248681e+00
-5.609247837679437687e+00
-5.609557788609887297e+00
-5.608708354576068977e+00
-5.608893926487568571e+00
-5.608178531614068874e+00
-5.608178531614068874e+00
-5.608178531614068874e+00
-5.607841106350566207e+00
-5.607841106350566207e+00
-5.607841106350566207e+00
-6.042996233787655491e+00
-6.042996233787655491e+00
-6.042996233787655491e+00
-6.042659057020698832e+00
-6.042659057020698832e+00
-6.042110052221738137e+00
-6.042110052221738137e+00
-6.042110052221738137e+00
-6.041772086086949933e+00
-6.046712302469239297e+00
-6.046811213261014117e+00
-6.046495938110508561e+00
-6.046311731228530384e+00
-6.046013589278081746e+00
-6.046013589278081746e+00
-6.045733306478383362e+00
-6.045733306478383362e+00
-6.045733306478383362e+00
-6.045445217233671009e+00
-6.045278499788834026e+00
-6.044957153388244464e+00
-6.044957153388244464e+00
-6.045129918750679288e+00
-6.044851726618150956e+00
-6.044851726618150956e+00
-6.044600815147548545e+00
-6.044741870007555917e+00
-6.426773661576059560e+00
-6.426773661576059560e+00
-6.426970894648581734e+00
-6.427000919380298605e+00
-6.427000919380298605e+00
-6.427238139177768872e+00
-6.426099002680677685e+00
-6.426313279247740873e+00
-6.426313279247740873e+00
-6.426497731718291639e+00
-6.426497731718291639e+00
-6.426676362641219775e+00
-6.666525135026461157e+00
-6.666310894974144752e+00
-6.666310894974144752e+00
-6.666161091848492148e+00
-6.666411657018940673e+00
-6.666213364779544293e+00
-6.666213364779544293e+00
-6.907499077100872853e+00
-6.907499077100872853e+00
-6.961376312530981991e+00
-6.961491920104581510e+00
-6.961491920104581510e+00
-6.961604079565071324e+00
-6.961738685132310422e+00
-6.961161566785944999e+00
-6.961161566785944999e+00
-6.961311021652780262e+00
-6.961497555520942626e+00
-6.961497555520942626e+00
-6.961717987238687400e+00
-6.961335851065827640e+00
-6.961556975336657516e+00
-6.961915708949924841e+00
-6.962309893426033902e+00
-6.963043121625937637e+00
-6.737417597663167612e+00
-6.114161938103371163e+00
-6.729752663226636678e+00
-6.969321130687614385e+00
-7.148759451579548063e+00
-7.292041540340058248e+00
-7.363616438337580838e+00
-7.533756606584672610e+00
-7.640819490531900016e+00
-7.589350592711298304e+00
-7.876880168470731469e+00
-8.142312424312438068e+00
-8.263047751790770334e+00
-8.187312453323402295e+00
-8.127478616284706803e+00
-8.063463404286936864e+00
-8.023655874264713717e+00
-7.938052842073526350e+00
-7.874544056487597921e+00
-7.804198428920583908e+00
-7.766961124343538359e+00
-7.728623580254325276e+00
-7.711651723240121825e+00
-7.696442773480742794e+00
-7.648320156555781679e+00
-7.648320156555781679e+00
-7.638833650151284793e+00
-7.637709626346835812e+00
-7.639579566578718506e+00
-7.641146310541137687e+00
-7.641618550968289902e+00
-7.642947192904135711e+00
-7.641849445573988042e+00
-7.642893638861394834e+00
-7.644615734253665806e+00
-7.646270260330882529e+00
-7.647830443852584814e+00
-7.647239314752920514e+00
-7.648796029913716765e+00
-7.651308737179681962e+00
-7.653323729883758197e+00
-7.654102881518402235e+00
-7.655797283557696176e+00
-7.656841164441261505e+00
-7.658441262222495993e+00
-7.660171624957201608e+00
-7.661870934970859359e+00
-7.663564846831333099e+00
-7.665008698728107639e+00
-7.996207886340309656e+00
-7.997882115010939152e+00
-7.999173876142585016e+00
-8.000699287330901299e+00
-8.002305143739183890e+00
-8.003924718451392195e+00
-8.003924718451392195e+00
-8.005428893735953011e+00
-8.006938272414892310e+00
-8.008585267594504842e+00
-8.010164007009180409e+00
-8.010258465826783691e+00
-8.012011516493027230e+00
-8.013208967453197218e+00
-8.014545716258725250e+00
-8.017456060103906879e+00
-8.015660939783616712e+00
-8.019163659235198693e+00
-8.019718890107256470e+00
-8.021204931619800860e+00
-8.021204931619800860e+00
-8.019442454469968951e+00
-8.019442454469968951e+00
-8.031444332822648136e+00
-8.031490032250676592e+00
-8.031521525729854005e+00
-8.030803473906235723e+00
-8.028532129008851825e+00
-8.034324948842364478e+00
-8.034324948842364478e+00
-8.034324948842364478e+00
-8.034324948842364478e+00
-8.040595264921082119e+00
-8.040596191709409979e+00
-8.040596191709409979e+00
-8.040596191709409979e+00
-8.043658234538847651e+00
-8.353553260124330748e+00
-8.356193462186785936e+00
-8.356193462186785936e+00
-8.356161024517014368e+00
-8.362546556005877818e+00
-8.360848735913680940e+00
-8.360848735913680940e+00
-8.363086234008381581e+00
-8.365307883713603232e+00
-8.363746696373896228e+00
-8.363758806822401581e+00
-8.369045314381844847e+00
-8.369045314381844847e+00
-8.369045314381844847e+00
-8.369015466043668638e+00
-8.369015466043668638e+00
-8.371836734850655048e+00
-8.371800849296649361e+00
-8.371800849296649361e+00
-8.374232655655612589e+00
-8.374232655655612589e+00
-8.374232655655612589e+00
-8.375836706549595334e+00
-8.375845548282290665e+00
-8.374413611262289336e+00
-8.377591213946892879e+00
-8.377609676614138579e+00
-8.377588275061329526e+00
-8.377285623741508758e+00
-8.377285623741508758e+00
-8.377285623741508758e+00
-8.377285623741508758e+00
-8.377247288134077152e+00
-8.737612767860756691e+00
-8.737612767860756691e+00
-8.737612767860756691e+00
-8.737612767860756691e+00
-8.736551862736963159e+00
-8.775618077716845988e+00
-8.775618077716845988e+00
-8.780267762161964029e+00
-8.791693349388964407e+00
-8.791693349388964407e+00
-8.929993093980105101e+00
-7.905272306135805671e+00
-7.905272306135805671e+00
-7.905007654416118079e+00
-7.905007654416118079e+00
-7.905007654416118079e+00
-7.905007654416118079e+00
-7.904548722753243162e+00
-7.904548722753243162e+00
-7.904548722753243162e+00
-7.904548722753243162e+00
-7.904117034215453863e+00
-7.904117034215453863e+00
-7.904117034215453863e+00
-7.904117034215453863e+00
-8.331367834283966545e+00
-8.331367834283966545e+00
-8.433471336088114612e+00
-8.433471336088114612e+00
-8.432938287250371090e+00
-8.432938287250371090e+00
-8.432938287250371090e+00
-8.432938287250371090e+00
-8.432653495814353306e+00
-8.432653495814353306e+00
-8.432962101208850925e+00
-8.432962101208850925e+00
-8.432586258464189299e+00
-8.432729801175021578e+00
-8.432729801175021578e+00
-8.432360304338336832e+00
-8.432722008394069491e+00
-8.432722008394069491e+00
-8.432722008394069491e+00
-8.432358238300308173e+00
-8.432358238300308173e+00
-8.432358238300308173e+00
-8.432358238300308173e+00
-9.043245514074346403e+00
-9.043245514074346403e+00
-9.043245514074346403e+00
-9.043085601462028222e+00
-9.043085601462028222e+00
-9.043085601462028222e+00
-9.042943647318230305e+00
-9.042746629592798513e+00
-9.042746629592798513e+00
-9.042746629592798513e+00
-9.042571202526509921e+00
-9.042571202526509921e+00
-9.042571202526509921e+00
-9.042502965500494483e+00
-9.042778174847020622e+00
-9.042778174847020622e+00
-9.042778174847020622e+00
-9.042628368298444741e+00
-9.042628368298444741e+00
-9.042495563432840555e+00
-9.474523108795558812e+00
-9.474523108795558812e+00
-9.474523108795558812e+00
-9.475018117539971030e+00
-9.475018117539971030e+00
-9.475018117539971030e+00
-9.492595326982232962e+00
-9.492595326982232962e+00
-9.492620526611300846e+00
-9.492967956303981936e+00
-9.492967956303981936e+00
-9.493040826051897696e+00
-9.492338285430166778e+00
-9.492338285430166778e+00
-9.492338285430166778e+00
-9.492819965782754110e+00
-9.492819965782754110e+00
-9.492819965782754110e+00
-9.493392150264549301e+00
-9.493392150264549301e+00
-9.493586174993323468e+00
-9.494366459213173570e+00
-9.494552464223541932e+00
-9.494935938992785651e+00
-9.495439692799822140e+00
-9.494645498389314042e+00
-9.495245236876355577e+00
-9.495962135418178462e+00
-9.496858661345926933e+00
-9.497980000239554244e+00
-9.499382577816895434e+00
-8.170781115436467346e+00
-8.409042811222755986e+00
-7.906337192671326619e+00
-7.901499509268485433e+00
-8.477080427400666807e+00
-8.143050295580488651e+00
-9.523762288323149861e+00
-9.522924773281783217e+00
-9.522971804663161066e+00
-9.704522564443436750e+00
-9.777800239122610648e+00
-9.810007496013067652e+00
-9.834375913295936300e+00
-9.849845763113661334e+00
-9.914131982455881342e+00
-9.931286113582496355e+00
-9.875988076420801676e+00
-9.820362507628978221e+00
-9.918343617106282650e+00
-1.003971169197754953e+01
-1.017814402543689489e+01
-1.029061714947538242e+01
-1.037792897670794368e+01
-1.046734034256889956e+01
-1.059765248864073328e+01
-1.064338129950911238e+01
-1.067462835414855604e+01
-1.038380152400094758e+01
-1.034806023005255327e+01
-1.026135746644620639e+01
-1.021282701501509571e+01
-1.014345805870507711e+01
-1.011272456289745136e+01
-1.006499040308261250e+01
-1.004795463039457992e+01
-1.001321432321878113e+01
-9.969366802077306744e+00
-9.950852962681018710e+00
-9.943573112665088587e+00
-9.932425048935746403e+00
-9.932527549434171377e+00
-9.930014724885882771e+00
-9.930073508296693774e+00
-9.930073508296693774e+00
-9.928051866088052790e+00
-9.928051866088052790e+00
-9.928051866088052790e+00
-9.928051866088052790e+00
-9.928051866088052790e+00
-9.928051866088052790e+00
-9.941778102847464993e+00
-9.941778102847464993e+00
-9.941778102847464993e+00
-9.941778102847464993e+00
-9.941778102847464993e+00
-9.941778102847464993e+00
-9.939445110603253752e+00
-9.939445110603253752e+00
-9.939445110603253752e+00
-9.939445110603253752e+00
-9.939445110603253752e+00
-9.943222026536092883e+00
-9.943222026536092883e+00
-9.943222026536092883e+00
-9.944404025370952027e+00
-9.944404025370952027e+00
-9.944404025370952027e+00
-9.944404025370952027e+00
-1.066844783281286979e+01
-1.066844783281286979e+01
-1.066848590045023037e+01
-1.066848590045023037e+01
-1.066848590045023037e+01
-1.066848590045023037e+01
-1.066848590045023037e+01
-1.066848590045023037e+01
-1.067291924397684966e+01
-1.067291924397684966e+01
-1.067291924397684966e+01
-1.067081147229387028e+01
-1.067081147229387028e+01
-1.067082709034091614e+01
-1.067082709034091614e+01
-1.067565518768918764e+01
-1.067565518768918764e+01
-1.067565518768918764e+01
-1.067565518768918764e+01
-1.067565518768918764e+01
-1.067565518768918764e+01
-1.067569719903253400e+01
-1.067952733198772286e+01
-1.067772651510193072e+01
-1.067772651510193072e+01
-1.067772651510193072e+01
-1.067772651510193072e+01
-1.067772651510193072e+01
-1.067772651510193072e+01
-1.068307690236960639e+01
-1.068307690236960639e+01
-1.068307690236960639e+01
-1.068307690236960639e+01
-1.068307690236960639e+01
-1.068140172531987808e+01
-1.068140172531987808e+01
-1.068142073547581639e+01
-1.068142073547581639e+01
-1.068145198620963932e+01
-1.068145198620963932e+01
-1.068145198620963932e+01
-1.069362782506919629e+01
-1.069362782506919629e+01
-1.069362782506919629e+01
-1.069369497243125444e+01
-1.069200948524428085e+01
-1.069200948524428085e+01
-1.069200948524428085e+01
-1.069200948524428085e+01
-1.069200948524428085e+01
-1.069200948524428085e+01
-1.069200948524428085e+01
-1.069200948524428085e+01
-1.069726710227722677e+01
-1.069726710227722677e+01
-1.069726710227722677e+01
-1.069523568465640651e+01
-1.069523568465640651e+01
-1.069523568465640651e+01
-1.069523568465640651e+01
-1.069523568465640651e+01
-1.069523568465640651e+01
-1.069523568465640651e+01
-1.070483530647022263e+01
-1.070483530647022263e+01
-1.070483530647022263e+01
-1.070483530647022263e+01
-1.070304226558548599e+01
-1.070304226558548599e+01
-1.070307516566316508e+01
-1.070307516566316508e+01
-1.070307516566316508e+01
-1.070307516566316508e+01
-1.070307516566316508e+01
-1.070307516566316508e+01
-1.070307516566316508e+01
-1.070307516566316508e+01
-1.070139978131262204e+01
-1.071576829747267645e+01
-1.071576829747267645e+01
-1.071576829747267645e+01
-1.071576829747267645e+01
-1.071576829747267645e+01
-1.071576829747267645e+01
-1.071576829747267645e+01
-1.071576829747267645e+01
-1.071576829747267645e+01
-1.071417735541570160e+01
-1.071417735541570160e+01
-1.071421230132066071e+01
-1.071421230132066071e+01
-1.072039260764201352e+01
-1.072042392653714593e+01
-1.072045070955295820e+01
-1.072045070955295820e+01
-1.072045070955295820e+01
-1.072045070955295820e+01
-1.072045070955295820e+01
-1.071887656549962919e+01
-1.071887656549962919e+01
-1.071887656549962919e+01
-1.073002703758892906e+01
-1.073002703758892906e+01
-1.073002703758892906e+01
-1.073002703758892906e+01
-1.073002703758892906e+01
-1.073002703758892906e+01
-1.073002703758892906e+01
-1.126281982132581838e+01
-1.126281982132581838e+01
-1.126286858733679708e+01
-1.126286858733679708e+01
-1.127175940742724158e+01
-1.127175940742724158e+01
-1.127175940742724158e+01
-1.129937314490746303e+01
-1.129937314490746303e+01
-1.129937314490746303e+01
-1.129789868953218601e+01
-1.129789868953218601e+01
-1.129789868953218601e+01
-1.129789868953218601e+01
-1.130571014257663087e+01
-1.130571014257663087e+01
-1.130571014257663087e+01
-1.130571771693227134e+01
-1.130571771693227134e+01
-1.130571771693227134e+01
-1.130429670856497815e+01
-1.130432473973496599e+01
-1.130432473973496599e+01
-1.130432473973496599e+01
-1.131305312239399008e+01
-1.131305312239399008e+01
-1.131305312239399008e+01
-1.131305312239399008e+01
-1.131305312239399008e+01
-1.131169181313564742e+01
-1.131171691470581564e+01
-1.131171691470581564e+01
-1.131171691470581564e+01
-1.131171691470581564e+01
-1.132241384811358742e+01
-1.132241384811358742e+01
-1.132241384811358742e+01
-1.132241384811358742e+01
-1.132241384811358742e+01
-1.132047895383054303e+01
-1.132050373183206737e+01
-1.132050373183206737e+01
-1.132056571106349985e+01
-1.132056571106349985e+01
-1.132056571106349985e+01
-1.133701745290652774e+01
-1.133701745290652774e+01
-1.133701745290652774e+01
-1.133606731026557490e+01
-1.133606731026557490e+01
-1.133606731026557490e+01
-1.133606731026557490e+01
-1.133606731026557490e+01
-1.133608654875097344e+01
-1.133608654875097344e+01
-1.133608654875097344e+01
-1.133608654875097344e+01
-1.133477268416715233e+01
-1.139526297190389315e+01
-1.139526297190389315e+01
-1.139526297190389315e+01
-1.139528857869109757e+01
-1.139528857869109757e+01
-1.139528857869109757e+01
-1.139528857869109757e+01
-1.139528857869109757e+01
-1.139528857869109757e+01
-1.139410301362095090e+01
-1.139410301362095090e+01
-1.139410301362095090e+01
-1.139410301362095090e+01
-1.139411606838116420e+01
-1.139411606838116420e+01
-1.139411606838116420e+01
-1.139411606838116420e+01
-1.139412453381031298e+01
-1.215022765407982952e+01
-1.215022765407982952e+01
-1.215022765407982952e+01
-1.215022765407982952e+01
-1.215022765407982952e+01
-1.215023287174437172e+01
-1.215023287174437172e+01
-1.215023287174437172e+01
-1.215023287174437172e+01
-1.214881593642348001e+01
-1.214881593642348001e+01
-1.112051760158259306e+01
-1.112051760158259306e+01
-1.112051760158259306e+01
-1.112051760158259306e+01
-1.112051760158259306e+01
-1.112051760158259306e+01
-1.112007511984165831e+01
-1.112007511984165831e+01
-1.112020328438647532e+01
-1.112042728931253244e+01
-1.112042728931253244e+01
-1.112042728931253244e+01
-1.112042728931253244e+01
-1.112042728931253244e+01
-1.112042728931253244e+01
-1.112000991206024025e+01
-1.112000991206024025e+01
-1.112017366226675108e+01
-1.112017366226675108e+01
-1.112017366226675108e+01
-1.112017366226675108e+01
-1.112017366226675108e+01
-1.112017366226675108e+01
-1.111985343221185119e+01
-1.111985343221185119e+01
-1.112119431400004821e+01
-1.112119431400004821e+01
-1.112119431400004821e+01
-1.112124843922843453e+01
-1.112124843922843453e+01
-1.112148974809078261e+01
-1.112101622982190285e+01
-1.112101622982190285e+01
-1.112101622982190285e+01
-1.112101622982190285e+01
-1.112101622982190285e+01
-1.112101622982190285e+01
-1.112101622982190285e+01
-1.112101622982190285e+01
-1.112057128706372922e+01
-1.112057128706372922e+01
-1.112057128706372922e+01
-1.112057128706372922e+01
-1.112058311375304065e+01
-1.112058311375304065e+01
-1.112058311375304065e+01
-1.112058311375304065e+01
-1.112025868692825448e+01
-1.112025868692825448e+01
-1.112025868692825448e+01
-1.112025868692825448e+01
-1.112046515297836535e+01
-1.112046515297836535e+01
-1.112046515297836535e+01
-1.112046515297836535e+01
-1.157034178220517440e+01
-1.157052960332427993e+01
-1.157052960332427993e+01
-1.157066572162819007e+01
-1.157066572162819007e+01
-1.157066572162819007e+01
-1.157079385719263165e+01
-1.157079385719263165e+01
-1.157059400780294212e+01
-1.157059400780294212e+01
-1.157059400780294212e+01
-1.157059400780294212e+01
-1.157059400780294212e+01
-1.157059400780294212e+01
-1.157059400780294212e+01
-1.157045577792781899e+01
-1.157045577792781899e+01
-1.157031234859063673e+01
-1.157031234859063673e+01
-1.157031234859063673e+01
-1.157031234859063673e+01
-1.157031234859063673e+01
-1.157031234859063673e+01
-1.157018912676835143e+01
-1.157018912676835143e+01
-1.157022603326921839e+01
-1.157022603326921839e+01
-1.157022603326921839e+01
-1.157022603326921839e+01
-1.157022603326921839e+01
-1.157011427144785820e+01
-1.157011427144785820e+01
-1.157030769115944047e+01
-1.157030769115944047e+01
-1.157030769115944047e+01
-1.157030769115944047e+01
-1.157030769115944047e+01
-1.157001080550607774e+01
-1.157001080550607774e+01
-1.157001080550607774e+01
-1.157014508740386560e+01
-1.157014508740386560e+01
-1.157014508740386560e+01
-1.157014508740386560e+01
-1.157003812708631152e+01
-1.157003812708631152e+01
-1.157003812708631152e+01
-1.157003812708631152e+01
-1.157003812708631152e+01
-1.157003812708631152e+01
-1.157003812708631152e+01
-1.190742311074985693e+01
-1.190742311074985693e+01
-1.190742311074985693e+01
-1.190742311074985693e+01
-1.190742311074985693e+01
-1.190742311074985693e+01
-1.190671460965539374e+01
-1.190676772376650128e+01
-1.190676772376650128e+01
-1.190688111727152609e+01
-1.190688111727152609e+01
-1.190688111727152609e+01
-1.190688111727152609e+01
-1.190703578863363710e+01
-1.190711530489481085e+01
-1.190711530489481085e+01
-1.190711530489481085e+01
-1.190711530489481085e+01
-1.190711530489481085e+01
-1.190711530489481085e+01
-1.190711530489481085e+01
-1.190724852718294358e+01
-1.190724852718294358e+01
-1.190724852718294358e+01
-1.190724852718294358e+01
-1.190724852718294358e+01
-1.190653584529403730e+01
-1.190659049760387767e+01
-1.190659049760387767e+01
-1.190674044938161913e+01
-1.190674044938161913e+01
-1.190674044938161913e+01
-1.190674044938161913e+01
-1.190674044938161913e+01
-1.190679635299870576e+01
-1.190679635299870576e+01
-1.190679635299870576e+01
-1.190679635299870576e+01
-1.190679635299870576e+01
-1.190679635299870576e+01
-1.190688622123449214e+01
-1.190688622123449214e+01
-1.190688622123449214e+01
-1.190688622123449214e+01
-1.190688622123449214e+01
-1.190631493679912367e+01
-1.206602781922427425e+01
-1.206602781922427425e+01
-1.206602781922427425e+01
-1.206602781922427425e+01
-1.206602781922427425e+01
-1.206602781922427425e+01
-1.206628466127678223e+01
-1.206628466127678223e+01
-1.206628466127678223e+01
-1.206628466127678223e+01
-1.206628466127678223e+01
-1.206628466127678223e+01
-1.206664212247647328e+01
-1.206664212247647328e+01
-1.206674718006743596e+01
-1.206674718006743596e+01
-1.206674718006743596e+01
-1.206674718006743596e+01
-1.206598565821706792e+01
-1.206598565821706792e+01
-1.206598565821706792e+01
-1.206598565821706792e+01
-1.206598565821706792e+01
-1.206598565821706792e+01
-1.206654039962795366e+01
-1.206666793130838222e+01
-1.206666793130838222e+01
-1.206666793130838222e+01
-1.206666793130838222e+01
-1.206666793130838222e+01
-1.206737298507177947e+01
-1.206748935904454711e+01
-1.206748935904454711e+01
-1.206748935904454711e+01
-1.206748935904454711e+01
-1.206843128842883672e+01
-1.206843128842883672e+01
-1.206728470645394147e+01
-1.206760251822036523e+01
-1.206786720741011187e+01
-1.206812516874287411e+01
-1.206838761665449411e+01
-1.206838761665449411e+01
-1.206872869724145403e+01
-1.206903076679863318e+01
