-2.305287089716053561e+00
-2.328315348898456261e+00
-2.325606535064089986e+00
-2.331117746404938629e+00
-2.351256012383446059e+00
-2.474861059627970761e+00
-2.632948142711862616e+00
-2.740277031388464124e+00
-2.767349122907397430e+00
-2.743569384296570490e+00
-2.763574388588188047e+00
-2.778492441202838670e+00
-2.906409894358762180e+00
-2.876874794403503799e+00
-2.859172480927509419e+00
-2.837737739002367032e+00
-2.798108544832804245e+00
-2.761619495638125255e+00
-2.703844586922851345e+00
-2.516074646082343325e+00
-2.461765221422799410e+00
-2.457489624623634850e+00
-2.446172582590024014e+00
-2.383750028589475267e+00
-2.472134448336369861e+00
-2.469752036480663104e+00
-2.415277055162478703e+00
-2.401836227125619505e+00
-2.352213713506292159e+00
-2.344150067753344668e+00
-2.327514818382544703e+00
-2.284591788769074316e+00
-2.283703150842637086e+00
-2.245212987994766873e+00
-2.243997823405206482e+00
-2.232247421773189355e+00
-2.179762449659810919e+00
-2.135731964289482310e+00
-2.161115764903813741e+00
-2.174356510236497009e+00
-2.084076401758475861e+00
-2.063324003793149952e+00
-2.114711064425744969e+00
-2.023985277602256438e+00
-2.027359440979016991e+00
-2.048226723600047094e+00
-1.992560428149384499e+00
-1.998192266752208957e+00
-1.716301607845703181e+00
-1.530051064961442941e+00
-2.052202063283016464e+00
-2.053367204160203130e+00
-2.054282380152786747e+00
-2.055169068643457830e+00
-2.055681353167157166e+00
-2.056521795821748988e+00
-2.057991594477171393e+00
-1.962247950311651445e+00
-1.962609456120858242e+00
-1.963259490798884510e+00
-1.964003321707563199e+00
-1.964841750998143510e+00
-1.930094384581339639e+00
-1.905034485654492515e+00
-1.906156069523315288e+00
-1.907641672537114585e+00
-1.538611281026950994e+00
-1.823915630617233274e+00
-1.824906663280549735e+00
-1.692076964454926058e+00
-1.682916996334895554e+00
-1.683567913520653159e+00
-1.684730441148546198e+00
-1.685353815143937339e+00
-1.686453503210800786e+00
-1.681647956626341811e+00
-1.116840186622222175e+00
-1.492423773965685596e+00
-1.647345163117757361e+00
-1.690102510152099891e+00
-1.690692243886613433e+00
-1.691452430633548776e+00
-1.537365969182121983e+00
-1.537885912515689402e+00
-1.501547857002325737e+00
-1.501949588627536247e+00
-1.502856431875794874e+00
-1.503002309844044593e+00
-1.504183071961039619e+00
-1.713492085855024216e+00
-3.716366190470399844e-01
-1.396223923973181069e+00
-1.397013541121043589e+00
-1.397013945745290586e+00
-1.398256506787655340e+00
-1.399477310838486144e+00
-1.399477733648143207e+00
-1.400693747565812997e+00
-1.399757637310028890e+00
-1.400942343991448347e+00
-1.402156798231404711e+00
-1.402157054748142784e+00
-1.402989806557763508e+00
-1.403941485528930500e+00
-1.313286750014391657e+00
-1.399449018742081163e+00
-1.406023324656536344e+00
-1.409140686336399773e+00
-1.410544114089886447e+00
-1.410545248542580454e+00
-1.411559646950781621e+00
-1.412538493549232665e+00
-1.412538493549232665e+00
-1.413136249057002081e+00
-1.193049055354969967e+00
-1.193049055354969967e+00
-1.193798819857555316e+00
-1.194535336061595121e+00
-1.194010730490201899e+00
-1.194712537026447752e+00
-1.195413389736147636e+00
-1.195824044893118776e+00
-1.196474555567053510e+00
-1.196266314324991642e+00
-1.196969100592062407e+00
-1.197619678236822915e+00
-1.198234760114465614e+00
-1.198609427079290635e+00
-1.198388866639308548e+00
-1.201637871483225650e+00
-1.202200566982534635e+00
-1.202815151883945166e+00
-1.203366670388148041e+00
-1.203645243791434893e+00
-1.077387665226403168e+00
-1.077776157162228188e+00
-1.078185668159709065e+00
-1.051851393533046686e+00
-1.052283864690182869e+00
-1.052788549020989839e+00
-1.053001800861158577e+00
-1.053472659402131528e+00
-1.053899805621454577e+00
-9.075538996279908233e-01
-9.079247190243888710e-01
-8.773987087633438042e-01
-8.777563680061615248e-01
-8.779178522554337283e-01
-8.783255718529769940e-01
-8.792228983793173303e-01
-8.799003955387614262e-01
-8.808125955298802268e-01
-8.825675946409463624e-01
-1.029521904482241013e+00
-8.970812709217765857e-01
-2.485567460470345935e-01
-5.533739104391592889e-01
-5.578472380387844431e-01
-5.578472381463972507e-01
-5.567602715220099086e-01
-7.283789940734539670e-01
-7.283789942377190130e-01
-7.283789945237475472e-01
-7.283789946626482159e-01
-7.283802654052805581e-01
-7.296987175670008874e-01
-7.296987176342839554e-01
-7.296987176803912956e-01
-7.296986946457360013e-01
-7.323692133515156133e-01
-7.323692131166701369e-01
-7.323705651823601004e-01
-7.323700221472624339e-01
-7.348854137770433059e-01
-7.334311926106917845e-01
-7.334315148056920197e-01
-7.334320476123901145e-01
-7.359115831150095932e-01
-7.348893080770706465e-01
-7.348890677342063693e-01
-7.348578440719062410e-01
-7.370856032225630017e-01
-7.370853855653645148e-01
-7.889593783653234826e-01
-7.889592700405332337e-01
-7.911187629750253691e-01
-7.911187657300076115e-01
-7.911192959868907915e-01
-7.911197130351562690e-01
-7.933195546447371349e-01
-7.932005723496622362e-01
-7.932005723496622362e-01
-7.921886947925780298e-01
-7.941380361189813719e-01
-7.941224610762418479e-01
-7.941210834904417482e-01
-7.930688740319131735e-01
-7.950828428780301049e-01
-7.950828428780301049e-01
-7.950828428780301049e-01
-7.940601110872962387e-01
-7.963074382679196095e-01
-7.963074382679196095e-01
-7.963074382679196095e-01
-7.981976340299805628e-01
-7.981976340299805628e-01
-7.981976340299805628e-01
-7.981976340299805628e-01
-7.999919611817356557e-01
-7.989970931829422085e-01
-7.989970931829422085e-01
-8.009308069645054706e-01
-8.009308069645054706e-01
-8.009307565553325237e-01
-7.999216718551109828e-01
-8.017202086554399143e-01
-8.017202086554399143e-01
-8.007757343296251218e-01
-2.889740607977917541e-01
-2.889740607977917541e-01
-2.889740607977917541e-01
-2.888482480747771586e-01
-2.903885913481614178e-01
-2.903885913481614178e-01
-2.903885913481614178e-01
-2.914448277087702266e-01
-2.914448277087702266e-01
-2.914448277087702266e-01
-2.927847274608155193e-01
-2.927847274608155193e-01
-2.927847274608155193e-01
-2.939010111236206590e-01
-2.928483050846333868e-01
-2.924120965862335719e-01
-2.924120965862335719e-01
-2.938893547891539004e-01
-2.938893547891539004e-01
-2.938893547891539004e-01
-2.951067112119301061e-01
-2.951067112119301061e-01
-2.947260985084367846e-01
-2.960700981579773572e-01
-2.960685983110351582e-01
-2.960685983110351582e-01
-2.972770113962663885e-01
-2.972770113962663885e-01
-2.972770113962663885e-01
-2.985168067281891990e-01
-2.981262314056907781e-01
-2.970035926980090224e-01
-2.982774475105415268e-01
-2.981582786320202683e-01
-2.992295252233583280e-01
-2.992295252233583280e-01
-2.992295252233583280e-01
-2.998069266577346181e-01
-2.998069266577346181e-01
-2.998069266577346181e-01
1.923930221861092082e-01
1.923930221861092082e-01
1.923930221861092082e-01
1.917623341067388187e-01
1.917623341067388187e-01
1.907361743814802724e-01
1.907361743814802724e-01
1.907361743814802724e-01
1.901049359092140678e-01
1.896902043213863909e-01
1.897053487134748861e-01
1.891337761047707788e-01
1.888011341898994111e-01
1.882617906548705866e-01
1.882617906548705866e-01
1.877550163835407515e-01
1.877550163835407515e-01
1.877550163835407515e-01
1.872343917152451409e-01
1.869332282102104115e-01
1.863529912092002361e-01
1.863529912092002361e-01
1.864858680091910914e-01
1.859840949519883102e-01
1.859840949519883102e-01
1.855317417471814556e-01
1.864338320001139859e-01
9.467876267409658375e-01
9.467876267409658375e-01
9.470260970397782474e-01
9.470261164208650939e-01
9.470261164208650939e-01
9.472499229422144396e-01
9.452107973094286963e-01
9.454701262943123741e-01
9.454701262943123741e-01
9.456932080437041588e-01
9.456932080437041588e-01
9.459069667532706838e-01
1.306923485747025993e+00
1.306420295156571987e+00
1.306420295156571987e+00
1.305975046095579462e+00
1.307254909335615611e+00
1.306788092259319356e+00
1.306788092259319356e+00
1.952715250390229640e+00
1.952715250390229640e+00
1.579254731445715043e+00
1.578903978907716610e+00
1.578903978907716610e+00
1.578561680834635883e+00
1.578721475591695622e+00
1.577495973482365255e+00
1.577495973482365255e+00
1.577048792066425342e+00
1.576492042321857356e+00
1.576492042321857356e+00
1.575836342983088167e+00
1.575759728596342280e+00
1.575107388603157910e+00
1.574050279003707198e+00
1.572889761754888927e+00
1.570743506689620705e+00
1.026500315626583948e+00
3.409272185625007445e-01
9.916242343939594139e-01
1.550376820863129890e+00
2.230775101381020420e+00
3.122899217959546725e+00
4.806554315312713044e+00
3.035492121284748546e+00
1.903891751328671722e+00
1.897361399931386972e+00
1.897358368135475759e+00
1.897358513106945033e+00
1.901429708961665632e+00
1.901429580428481758e+00
1.897260452184146073e+00
1.897260240693059208e+00
1.897738185496274044e+00
1.897736497805708300e+00
1.897794958283059774e+00
1.897794941659671775e+00
1.893465254369259609e+00
1.893463310763379148e+00
1.893466123661512235e+00
1.893466121029277804e+00
1.893466985169971029e+00
1.893466985169971029e+00
1.889705269683175981e+00
1.893790823788665811e+00
1.893789949835538833e+00
1.893791617843671116e+00
1.893789709081900696e+00
1.893789993866692001e+00
1.889654680767923089e+00
1.889654501705228196e+00
1.889655092667855030e+00
1.889654331476251503e+00
1.889655930787645710e+00
1.885561596543056995e+00
1.885564292860643532e+00
1.885561933394490186e+00
1.885562112258307499e+00
1.885560946971230001e+00
1.885562601619445111e+00
1.778747592182103654e+00
1.778748504524400476e+00
1.779227172671534518e+00
1.779226901332563671e+00
1.779226552464444389e+00
1.779227895662384373e+00
2.710818534416144843e+00
2.710817086625641359e+00
2.710818226798687558e+00
2.710817531657470525e+00
2.710873835148289945e+00
2.707801209309575352e+00
2.707801209309575352e+00
2.707800095261414963e+00
2.707800790287410386e+00
2.707800644335209395e+00
2.711867060855872591e+00
2.708449172425358764e+00
2.708447638908196620e+00
2.708449291629897893e+00
2.708450572709503401e+00
2.708454335685334780e+00
2.705561299681144227e+00
2.705561164441580235e+00
2.705560683007111056e+00
2.705563242055920359e+00
2.705563242055920359e+00
2.702732474275746810e+00
2.702732474275746810e+00
2.702731661560345167e+00
2.703206210967872725e+00
2.706781556174593817e+00
2.706781221450416552e+00
2.703138321770851782e+00
2.703140871691133817e+00
2.703140871691133817e+00
2.703140871691133817e+00
2.703140871691133817e+00
2.700612683489639565e+00
2.700612615286211327e+00
2.700612615286211327e+00
2.700612615286211327e+00
2.700611212578579501e+00
3.930015613562399590e+00
3.930077660819803587e+00
3.930077660819803587e+00
3.933097344101931903e+00
3.933098670310245293e+00
3.930446120056052095e+00
3.930446120056052095e+00
3.930446106650089533e+00
3.930446618271536963e+00
3.928014843132034972e+00
3.928017884333339094e+00
3.928018636770425509e+00
3.928018636770425509e+00
3.928018636770425509e+00
3.926187926821890439e+00
3.926187926821890439e+00
3.926188003308169527e+00
3.929262564548460901e+00
3.929262564548460901e+00
3.926864949846089914e+00
3.926864949846089914e+00
3.926864949846089914e+00
3.926865196046382955e+00
3.926865330370641782e+00
3.924650826395519765e+00
3.924651044006364220e+00
3.924658285119079437e+00
3.924657841539732850e+00
3.922593469237027897e+00
3.922593469237027897e+00
3.922593469237027897e+00
3.922593469237027897e+00
3.925796824216588821e+00
5.753659408496675454e+00
5.753659408496675454e+00
5.753659408496675454e+00
5.753659408496675454e+00
5.752266808575707380e+00
5.752264231619622414e+00
5.752264231619622414e+00
5.752264736990817084e+00
5.751293816573584294e+00
5.751293816573584294e+00
5.751294581821125185e+00
5.751293499941568577e+00
5.751293499941568577e+00
5.752042924312161354e+00
5.752042924312161354e+00
5.752042924312161354e+00
5.752042924312161354e+00
5.750626267582737761e+00
5.750626267582737761e+00
5.750626267582737761e+00
5.750626267582737761e+00
5.749293249785670135e+00
5.749293249785670135e+00
5.749293249785670135e+00
5.749293249785670135e+00
8.348179770361417340e+00
8.348179770361417340e+00
8.969570010582474495e+00
8.969570010582474495e+00
8.967586449252911152e+00
8.967586449252911152e+00
8.967586449252911152e+00
8.967586449252911152e+00
8.966529162154573740e+00
8.966529162154573740e+00
8.967106905000560957e+00
8.967106905000560957e+00
8.965404961271932649e+00
8.965472295698406313e+00
8.965472295698406313e+00
8.964104102628976278e+00
8.967139487285665567e+00
8.967139487285665567e+00
8.967139487285665567e+00
8.965787209117738854e+00
8.965787209117738854e+00
8.965787209117738854e+00
8.965787209117738854e+00
1.273669812889449382e+01
1.273669812889449382e+01
1.273669812889449382e+01
1.273651180981115694e+01
1.273651180981115694e+01
1.273651180981115694e+01
1.273634401418796003e+01
1.273611232917231995e+01
1.273611232917231995e+01
1.273611232917231995e+01
1.273590299194433761e+01
1.273590299194433761e+01
1.273590299194433761e+01
1.273577465228632555e+01
1.273653992562577386e+01
1.273653992562577386e+01
1.273653992562577386e+01
1.273636102578534235e+01
1.273636102578534235e+01
1.273620531264909950e+01
1.577979533457830286e+01
1.577979533457830286e+01
1.577979533457830286e+01
1.578401587981465326e+01
1.578401587981465326e+01
1.578401587981465326e+01
1.466982401461209662e+01
1.466982401461209662e+01
1.466982494907222900e+01
1.467170754107738340e+01
1.467170754107738340e+01
1.467171625941777258e+01
1.466985809290114595e+01
1.466985809290114595e+01
1.466985809290114595e+01
1.467246181913935210e+01
1.467246181913935210e+01
1.467246181913935210e+01
1.467555182988511753e+01
1.467555182988511753e+01
1.467622538959691703e+01
1.468043254039930900e+01
1.468143572308667011e+01
1.468349983828533034e+01
1.468588198321052829e+01
1.468388072831862345e+01
1.468709845858779239e+01
1.469093905909206477e+01
1.469573516387880652e+01
1.470171846810412397e+01
1.470918163176733806e+01
1.085808410358158760e+01
8.884399623669853696e+00
5.820619083382963410e+00
5.804019510762835843e+00
7.095366686767420106e+00
1.077859745673992897e+01
1.483477830811221132e+01
1.483202574554056596e+01
1.483226258164452815e+01
1.680043105458857866e+01
1.624671135909329323e+01
1.520592358011075262e+01
1.440485232007440608e+01
1.391971230293850859e+01
1.312669980260671565e+01
1.307421152969286915e+01
1.307008324512545983e+01
1.306985174668101024e+01
1.306981494938090371e+01
1.306760579608071282e+01
1.306760639771087540e+01
1.306760568097033115e+01
1.306760554330111468e+01
1.306760592638324070e+01
1.306760674841673442e+01
1.306764210687319583e+01
1.306763950679893860e+01
1.306763898307030125e+01
1.306764042110256874e+01
1.306764015944469293e+01
1.306764055717236950e+01
1.306764092872167993e+01
1.306551589525439994e+01
1.306551692800267439e+01
1.306551774070043770e+01
1.306551870038148522e+01
1.306552670935706040e+01
1.306552939731430740e+01
1.306552547144955057e+01
1.306552468274873569e+01
1.306791180338402647e+01
1.306819370899370369e+01
1.306819267437339960e+01
1.306819267437339960e+01
1.306599281331032891e+01
1.306599281331032891e+01
1.306599281331032891e+01
1.306599281331032891e+01
1.306599281331032891e+01
1.306599281331032891e+01
1.306599990105379483e+01
1.306599990105379483e+01
1.306599990105379483e+01
1.306599990105379483e+01
1.306599990105379483e+01
1.306599990105379483e+01
1.306349100797114993e+01
1.306349100797114993e+01
1.306349100797114993e+01
1.306349100797114993e+01
1.306349100797114993e+01
1.306349105533093002e+01
1.306349105533093002e+01
1.306349105533093002e+01
1.310434518425404171e+01
1.310434518425404171e+01
1.310434518425404171e+01
1.310434518425404171e+01
1.852284440941182808e+01
1.852284440941182808e+01
1.852287501586823382e+01
1.852287501586823382e+01
1.852287501586823382e+01
1.852287501586823382e+01
1.852287501586823382e+01
1.852287501586823382e+01
1.852317086863630990e+01
1.852317086863630990e+01
1.852317086863630990e+01
1.852068614892767329e+01
1.852068614892767329e+01
1.852068635142166286e+01
1.852068635142166286e+01
1.852068677029894062e+01
1.852068677029894062e+01
1.852068677029894062e+01
1.852068677029894062e+01
1.852068677029894062e+01
1.852068677029894062e+01
1.852306859435525510e+01
1.852306767117806174e+01
1.852094877765834724e+01
1.852094877765834724e+01
1.852094877765834724e+01
1.852094877765834724e+01
1.852094877765834724e+01
1.852094877765834724e+01
1.852094888222319113e+01
1.852094888222319113e+01
1.852094888222319113e+01
1.852094888222319113e+01
1.852094888222319113e+01
1.851898726817877616e+01
1.851898726817877616e+01
1.851898812243355508e+01
1.851898812243355508e+01
1.851899450005020498e+01
1.851899450005020498e+01
1.851899450005020498e+01
1.851899368647355715e+01
1.851899368647355715e+01
1.851899368647355715e+01
1.851931195191792412e+01
1.851956806471639183e+01
1.851956806471639183e+01
1.851956806471639183e+01
1.851956806471639183e+01
1.851956806471639183e+01
1.851956806471639183e+01
1.851956806471639183e+01
1.851956806471639183e+01
1.851956836645571514e+01
1.851956836645571514e+01
1.851956836645571514e+01
1.851720404645220341e+01
1.851720404645220341e+01
1.851720404645220341e+01
1.851720404645220341e+01
1.851720404645220341e+01
1.851720404645220341e+01
1.851720404645220341e+01
1.851720570530267196e+01
1.851720570530267196e+01
1.851720570530267196e+01
1.851720570530267196e+01
1.851513199077338712e+01
1.851513199077338712e+01
1.851734964024572605e+01
1.851734964024572605e+01
1.851734964024572605e+01
1.851734964024572605e+01
1.851734964024572605e+01
1.851734964024572605e+01
1.851734964024572605e+01
1.851734964024572605e+01
1.851541086886650689e+01
1.851566730149827933e+01
1.851566730149827933e+01
1.851566730149827933e+01
1.851566730149827933e+01
1.851566730149827933e+01
1.851566730149827933e+01
1.851566730149827933e+01
1.851566730149827933e+01
1.851566730149827933e+01
1.851383857933432964e+01
1.851383857933432964e+01
1.851387091947535879e+01
1.851387091947535879e+01
1.851386979245030417e+01
1.851624954853812710e+01
1.851625508489363270e+01
1.851625508489363270e+01
1.851625508489363270e+01
1.851625508489363270e+01
1.851625508489363270e+01
1.851444515449534833e+01
1.851444515449534833e+01
1.851444515449534833e+01
1.851444550023015978e+01
1.851444550023015978e+01
1.851444550023015978e+01
1.851444550023015978e+01
1.851444550023015978e+01
1.851444550023015978e+01
1.851444550023015978e+01
2.341316686199613173e+01
2.341316686199613173e+01
2.341340657730375341e+01
2.341340657730375341e+01
2.341340622518203318e+01
2.341340622518203318e+01
2.341340622518203318e+01
2.336466516193514309e+01
2.336466516193514309e+01
2.336466516193514309e+01
2.336378484637401343e+01
2.336378484637401343e+01
2.336378484637401343e+01
2.336378484637401343e+01
2.336378461165315201e+01
2.336378461165315201e+01
2.336378461165315201e+01
2.336378545251676542e+01
2.336378545251676542e+01
2.336378545251676542e+01
2.336294751799156799e+01
2.336297523293890421e+01
2.336297523293890421e+01
2.336297523293890421e+01
2.336297554764065154e+01
2.336297554764065154e+01
2.336297554764065154e+01
2.336297554764065154e+01
2.336297554764065154e+01
2.336217617033359772e+01
2.336323826490923494e+01
2.336323826490923494e+01
2.336323826490923494e+01
2.336323826490923494e+01
2.336323911239469808e+01
2.336323911239469808e+01
2.336323911239469808e+01
2.336323911239469808e+01
2.336323911239469808e+01
2.336210554229256786e+01
2.336211012959221023e+01
2.336211012959221023e+01
2.336246860229242728e+01
2.336246860229242728e+01
2.336246860229242728e+01
2.336246421649995852e+01
2.336246421649995852e+01
2.336246421649995852e+01
2.336190985598368997e+01
2.336190985598368997e+01
2.336190985598368997e+01
2.336190985598368997e+01
2.336190985598368997e+01
2.336293944060641792e+01
2.336293944060641792e+01
2.336293944060641792e+01
2.336293944060641792e+01
2.336217203197145764e+01
2.336215870268419437e+01
2.336215870268419437e+01
2.336215870268419437e+01
2.336218963297459084e+01
2.336218963297459084e+01
2.336218963297459084e+01
2.336218963297459084e+01
2.336218963297459084e+01
2.336218963297459084e+01
2.336150747983373321e+01
2.336150747983373321e+01
2.336150747983373321e+01
2.336150747983373321e+01
2.336150775409980085e+01
2.336150775409980085e+01
2.336150775409980085e+01
2.336150775409980085e+01
2.336256497028345436e+01
2.514732568239870858e+01
2.514732568239870858e+01
2.514732568239870858e+01
2.514732568239870858e+01
2.514732568239870858e+01
2.514752989182003517e+01
2.514752989182003517e+01
2.514752989182003517e+01
2.514752989182003517e+01
2.514709934017182391e+01
2.514709934017182391e+01
2.514709962174246982e+01
2.514709962174246982e+01
2.514709962174246982e+01
2.514709962174246982e+01
2.514709962174246982e+01
2.514709962174246982e+01
2.514679189586213326e+01
2.514679189586213326e+01
2.514679591700499373e+01
2.514714972683916727e+01
2.514714972683916727e+01
2.514714972683916727e+01
2.514714972683916727e+01
2.514714972683916727e+01
2.514714972683916727e+01
2.514685966285926710e+01
2.514685966285926710e+01
2.514689198261110192e+01
2.514689198261110192e+01
2.514689198261110192e+01
2.514689198261110192e+01
2.514689198261110192e+01
2.514689198261110192e+01
2.514666957160584815e+01
2.514666957160584815e+01
2.514485488255848011e+01
2.514485488255848011e+01
2.514485488255848011e+01
2.514485504963200668e+01
2.514485504963200668e+01
2.514523948936110997e+01
2.514491696881862381e+01
2.514491696881862381e+01
2.514491696881862381e+01
2.514491696881862381e+01
2.514491696881862381e+01
2.514491696881862381e+01
2.514491696881862381e+01
2.514491696881862381e+01
2.514461342639018682e+01
2.514461342639018682e+01
2.514461342639018682e+01
2.514461342639018682e+01
2.514461472311972301e+01
2.514461472311972301e+01
2.514461472311972301e+01
2.514461472311972301e+01
2.514439366888915828e+01
2.514439366888915828e+01
2.514439366888915828e+01
2.514439366888915828e+01
2.514472125654598855e+01
2.514472125654598855e+01
2.514472125654598855e+01
2.514472125654598855e+01
2.562308630532517739e+01
2.562327713808898721e+01
2.562327713808898721e+01
2.562330746416808935e+01
2.562330746416808935e+01
2.562330746416808935e+01
2.562331053910465428e+01
2.562331053910465428e+01
2.562323437360000256e+01
2.562323437360000256e+01
2.562323437360000256e+01
2.562323437360000256e+01
2.562323437360000256e+01
2.562323437360000256e+01
2.562323437360000256e+01
2.562318013104780690e+01
2.562318013104780690e+01
2.562312539969669345e+01
2.562312539969669345e+01
2.562312539969669345e+01
2.562312539969669345e+01
2.562312539969669345e+01
2.562312539969669345e+01
2.562307925616117998e+01
2.562307925616117998e+01
2.562307865757193781e+01
2.562307865757193781e+01
2.562307865757193781e+01
2.562307865757193781e+01
2.562307865757193781e+01
2.562303610737416193e+01
2.562303610737416193e+01
2.562323236955669259e+01
2.562323236955669259e+01
2.562323236955669259e+01
2.562323236955669259e+01
2.562323236955669259e+01
2.562311878437781232e+01
2.562311878437781232e+01
2.562311878437781232e+01
2.562315029715939119e+01
2.562315029715939119e+01
2.562315029715939119e+01
2.562315029715939119e+01
2.562310886346563876e+01
2.562310886346563876e+01
2.562310886346563876e+01
2.562310886346563876e+01
2.562310886346563876e+01
2.562310886346563876e+01
2.562310886346563876e+01
2.593538839103718630e+01
2.593538839103718630e+01
2.593538839103718630e+01
2.593538839103718630e+01
2.593538839103718630e+01
2.593538839103718630e+01
2.593479879910732322e+01
2.593488676469184995e+01
2.593488676469184995e+01
2.593488799262270206e+01
2.593488799262270206e+01
2.593488799262270206e+01
2.593488799262270206e+01
2.593508552856319227e+01
2.593521523223432368e+01
2.593521523223432368e+01
2.593521523223432368e+01
2.593521523223432368e+01
2.593521523223432368e+01
2.593521523223432368e+01
2.593521523223432368e+01
2.593531110970866038e+01
2.593531110970866038e+01
2.593531110970866038e+01
2.593531110970866038e+01
2.593531110970866038e+01
2.593467840486544773e+01
2.593476763057748968e+01
2.593476763057748968e+01
2.593480760233605054e+01
2.593480760233605054e+01
2.593480760233605054e+01
2.593480760233605054e+01
2.593480760233605054e+01
2.593489910836149193e+01
2.593489910836149193e+01
2.593489910836149193e+01
2.593489910836149193e+01
2.593489910836149193e+01
2.593489910836149193e+01
2.593504645632316041e+01
2.593504645632316041e+01
2.593504645632316041e+01
2.593504645632316041e+01
2.593504645632316041e+01
2.593463708738278228e+01
2.614213719700589067e+01
2.614213719700589067e+01
2.614213719700589067e+01
2.614213719700589067e+01
2.614213719700589067e+01
2.614213719700589067e+01
2.614251139129775225e+01
2.614251139129775225e+01
2.614251139129775225e+01
2.614251139129775225e+01
2.614251139129775225e+01
2.614251139129775225e+01
2.614303253998325260e+01
2.614303253998325260e+01
2.614303115210498163e+01
2.614303115210498163e+01
2.614303115210498163e+01
2.614303115210498163e+01
2.614238365597058689e+01
2.614238365597058689e+01
2.614238365597058689e+01
2.614238365597058689e+01
2.614238365597058689e+01
2.614238365597058689e+01
2.614319141953490444e+01
2.614322803015183183e+01
2.614322803015183183e+01
2.614322803015183183e+01
2.614322803015183183e+01
2.614322803015183183e+01
2.614425588967486647e+01
2.614442551022521144e+01
2.614442551022521144e+01
2.614442551022521144e+01
2.614442551022521144e+01
2.614579790435142570e+01
2.614579790435142570e+01
2.614456892932858167e+01
2.614492832358416052e+01
2.614531338304588814e+01
2.614568867523876960e+01
2.614607043525229457e+01
2.614607043525229457e+01
2.614656620748499449e+01
2.614700461758416594e+01
