4.009707293224913371e+01
4.012564347281328736e+01
4.005882994772486683e+01
4.070928632846550244e+01
4.003007605230155974e+01
3.935411872093821728e+01
3.829687685803855146e+01
3.807251190254021367e+01
3.755952842128426994e+01
3.733007844942699904e+01
3.708423433639281086e+01
3.673530689678763395e+01
3.648255182950887843e+01
3.630614101766435198e+01
3.613111420783434369e+01
3.589077141868179410e+01
3.611441361745345091e+01
3.600048830083670737e+01
3.576645407162010315e+01
3.574057108872002431e+01
3.566836010725515393e+01
3.559504351717222903e+01
3.549907161697935010e+01
3.541143126541486197e+01
3.532644386251132573e+01
3.531681449569692433e+01
3.522396056837128242e+01
3.513658412185216662e+01
3.506312703812169218e+01
3.503019723289462206e+01
3.476866368262416529e+01
3.474209106337166730e+01
3.474066257789787215e+01
3.481998781249443908e+01
3.467327972087453247e+01
3.466896935680460956e+01
3.475970629134516798e+01
3.475394037358218213e+01
3.461224830171855160e+01
3.471795182695446869e+01
3.471257100158398146e+01
3.470662613039898048e+01
3.468906615201750299e+01
3.466380409676867913e+01
3.466575950492722313e+01
3.475479172236828873e+01
3.464274247754001834e+01
3.464172367485005566e+01
3.519058895866299963e+01
3.512853922783546778e+01
3.256975438322179883e+01
2.360282790357236138e+01
2.360806258131226087e+01
2.361896912942797400e+01
2.362979770507138255e+01
2.363493580739244138e+01
2.364514402833773232e+01
2.365477373970071540e+01
2.366431713284986671e+01
2.367380571458462413e+01
2.368268154884085419e+01
2.369150404744540594e+01
2.370458641902331820e+01
2.371273662759512035e+01
2.372510831993916725e+01
2.373314099189704152e+01
2.374600973586573005e+01
2.376021101435776472e+01
2.378217160749507286e+01
2.391679990224314167e+01
3.263306810133590119e+01
3.255206810133590523e+01
3.242106810133590500e+01
3.228056810133590204e+01
3.217506810133590278e+01
3.210856810133590500e+01
3.215106810133590187e+01
3.208306810133590403e+01
3.204056810133590716e+01
3.207906810133590625e+01
3.212456810133590324e+01
3.217256810133590506e+01
3.221706810133590437e+01
3.256856810133590585e+01
1.449315738482907534e+01
1.449317731687880695e+01
1.449305149391995684e+01
1.449290336264838430e+01
1.449274917662420492e+01
1.449263130692757429e+01
1.449244644094876477e+01
1.449241256615335516e+01
1.449226971042241630e+01
1.449226358162945161e+01
1.449251396501715305e+01
1.449123203233778412e+01
1.434388061543707948e+01
3.234277497548587377e+01
3.229877497548586973e+01
3.219477497548587053e+01
3.205777497548587007e+01
3.194477497548587408e+01
3.185677497548587311e+01
3.179277497548587306e+01
3.176077497548587303e+01
3.176677497548587326e+01
3.185077497548587289e+01
3.185877497548587201e+01
3.185277497548587178e+01
3.188477497548587536e+01
3.190377497548587371e+01
3.192577497548587218e+01
3.195977497548587110e+01
3.198677497548587212e+01
3.196777497548587377e+01
3.193377497548587485e+01
1.434814988222007770e+01
1.434826574473216709e+01
1.434837461603660813e+01
1.434837461603660813e+01
1.434847431429789921e+01
1.434856539488542637e+01
1.434890261251636190e+01
1.434898621522867046e+01
1.434898621522867046e+01
1.434905990772323037e+01
1.434946849749293918e+01
1.434982894068915016e+01
1.434988603791365591e+01
1.434993362163659469e+01
1.434997235812080518e+01
1.434997235812080518e+01
1.435030857203740240e+01
1.435065821398113073e+01
1.435065821398113073e+01
1.435066960096263955e+01
1.435100507570640715e+01
1.435099782771108323e+01
1.435132655397623225e+01
1.435132655397623225e+01
1.435130013064703647e+01
1.435126440954927673e+01
1.435121855475967934e+01
1.435116344543720501e+01
1.435149791402596975e+01
1.435143341950703544e+01
1.435135803171076674e+01
1.435160311140885625e+01
1.435151272023518843e+01
1.435172545393998789e+01
1.435161363612152030e+01
1.435149109727904460e+01
1.435136078436448415e+01
1.435153247340050342e+01
1.435167969232964325e+01
1.435152711025722283e+01
1.435136710039329699e+01
1.435152269883235476e+01
1.435135698149368011e+01
1.435118838509641392e+01
1.435117886442385071e+01
1.435103286369129449e+01
1.435090113245652788e+01
1.435078251302229546e+01
1.435104673601289704e+01
1.435118909012660637e+01
1.435185101222686654e+01
1.434979994411950344e+01
1.434331015060151771e+01
1.412366005117137036e+01
3.181960678685246080e+01
3.203560678685246188e+01
3.193760678685246290e+01
3.187160678685246040e+01
3.178460678685246066e+01
3.167160678685246111e+01
3.151460678685246108e+01
3.141060678685246188e+01
3.134060678685246160e+01
3.130560678685246145e+01
3.127160678685246253e+01
3.126660678685246353e+01
3.127460678685246265e+01
3.130460678685246378e+01
3.133960678685246037e+01
3.135160678685246083e+01
3.135560678685246216e+01
3.135860678685246228e+01
3.136760678685246262e+01
3.137660678685246296e+01
3.138560678685246330e+01
3.139060678685246231e+01
3.140160678685246154e+01
3.141360678685246199e+01
3.141760678685245978e+01
3.142560678685246245e+01
3.143260678685246035e+01
3.143560678685246046e+01
3.144060678685246302e+01
3.144260678685246191e+01
3.144660678685246324e+01
3.144760678685246091e+01
3.144860678685245858e+01
3.144860678685245858e+01
3.144860678685245858e+01
3.145260678685246347e+01
3.144760678685246091e+01
3.143660678685246168e+01
3.143460678685246279e+01
3.144160678685246069e+01
3.143860678685246057e+01
3.143860678685246057e+01
3.145260678685246347e+01
3.145260678685246347e+01
3.146960678685246293e+01
3.166660678685246211e+01
1.413205728892990365e+01
1.413205728892990365e+01
1.413205728892990365e+01
1.413243837743398856e+01
1.413243837743398856e+01
1.413243837743398856e+01
1.413243837743398856e+01
1.413283451734654861e+01
1.413329991959191290e+01
1.413329991959191290e+01
1.413329991959191290e+01
1.413368358629498189e+01
1.413368358629498189e+01
1.413368358629498189e+01
1.413408849317384863e+01
1.413408849317384863e+01
1.413455571031186508e+01
1.413455571031186508e+01
1.413540266328885409e+01
1.413540266328885409e+01
1.413540266328885409e+01
1.413540266328885409e+01
1.413575473123606940e+01
1.413575473123606940e+01
1.413575473123606940e+01
1.413617894059419200e+01
1.413652177054696324e+01
1.413652177054696324e+01
1.413652177054696324e+01
1.413652177054696324e+01
1.413685547722223035e+01
1.413685547722223035e+01
1.413685547722223035e+01
1.413717241125188906e+01
1.413760713599593544e+01
1.413760713599593544e+01
1.413760713599593544e+01
1.413836771051806451e+01
1.413836771051806451e+01
1.413836771051806451e+01
1.413869332222234476e+01
1.413869332222234476e+01
1.413916192590594179e+01
1.413916192590594179e+01
1.413944781514532423e+01
1.413944781514532423e+01
1.413944781514532423e+01
1.413972243292414888e+01
1.413972243292414888e+01
1.413972243292414888e+01
1.414015821836389009e+01
1.414042517906690222e+01
1.414042517906690222e+01
1.414042517906690222e+01
1.414067623088186210e+01
1.414067623088186210e+01
1.414067623088186210e+01
1.414137672860243100e+01
1.414180267280173808e+01
1.414180267280173808e+01
1.414201496790972001e+01
1.414201496790972001e+01
1.414201496790972001e+01
1.414223416225125618e+01
1.414223416225125618e+01
1.414223416225125618e+01
1.414263269711662119e+01
1.414285374585083233e+01
1.414285374585083233e+01
1.414285374585083233e+01
1.414304850288635151e+01
1.414304850288635151e+01
1.414304850288635151e+01
1.414322931138177353e+01
1.414365086746276390e+01
1.414365086746276390e+01
1.414427269635805473e+01
1.414427269635805473e+01
1.414443059441153849e+01
1.414443059441153849e+01
1.414443059441153849e+01
1.414456195164121155e+01
1.414497270144860863e+01
1.414497270144860863e+01
1.414510614340069949e+01
1.414510614340069949e+01
1.414510614340069949e+01
1.414523860891826956e+01
1.414523860891826956e+01
1.414575058163942245e+01
1.414575058163942245e+01
1.414575058163942245e+01
1.414584614501671922e+01
1.414584614501671922e+01
1.414629471063710042e+01
1.414637874853999122e+01
1.414637874853999122e+01
1.414686609758091151e+01
1.414686609758091151e+01
1.414686609758091151e+01
1.414692065921845199e+01
1.414692065921845199e+01
1.414696809595483273e+01
1.414696809595483273e+01
1.414733985440422970e+01
1.414737530893824058e+01
1.414737530893824058e+01
1.414740064029814093e+01
1.414740064029814093e+01
1.414741129164103839e+01
1.414741129164103839e+01
1.414741129164103839e+01
1.414780305148927653e+01
1.414824484796837822e+01
1.414823393488519088e+01
1.414823393488519088e+01
1.414821205324737008e+01
1.414821205324737008e+01
1.414817955608446098e+01
1.414856051583031871e+01
1.414851879272230306e+01
1.414851879272230306e+01
1.414846880674800644e+01
1.414846880674800644e+01
1.414841101357617958e+01
1.414841101357617958e+01
1.414872358489424542e+01
1.414872358489424542e+01
1.414865764865283637e+01
1.414865764865283637e+01
1.414859355886551384e+01
1.414903129053902120e+01
1.414897071002721418e+01
1.414933942692149671e+01
1.414929239541051587e+01
1.414927871112687185e+01
1.414926560948742562e+01
1.414926932204096133e+01
1.414930328308618712e+01
1.414936534906382448e+01
1.414982784666036153e+01
1.415004302599847108e+01
1.415011464667752961e+01
1.414886607562241139e+01
1.414775766013146097e+01
1.414649573589087694e+01
1.414420604807576964e+01
1.387050500393314678e+01
1.387050500393314678e+01
1.387131914953457112e+01
3.050480528317406481e+01
3.098080528317406390e+01
3.132380528317406743e+01
3.172180528317406356e+01
3.151580528317406760e+01
3.139280528317406649e+01
3.125480528317406481e+01
3.110880528317406402e+01
3.092880528317406430e+01
3.081380528317406586e+01
3.075880528317406615e+01
3.067480528317406652e+01
3.060480528317406623e+01
3.058580528317406788e+01
3.054680528317406640e+01
3.053780528317406606e+01
3.053780528317406606e+01
3.051680528317406527e+01
3.051680528317406527e+01
3.051980528317406538e+01
3.052280528317406549e+01
3.052480528317406794e+01
3.052980528317406339e+01
3.053180528317406583e+01
3.053380528317406828e+01
3.053580528317406362e+01
3.053680528317406839e+01
3.053880528317406373e+01
3.054080528317406618e+01
3.054280528317406507e+01
3.054380528317406629e+01
3.054580528317406518e+01
3.054780528317406407e+01
3.054980528317406652e+01
3.055080528317406419e+01
3.055380528317406430e+01
3.055480528317406552e+01
3.055780528317406564e+01
3.055980528317406453e+01
3.056080528317406575e+01
3.056380528317406586e+01
3.056480528317406709e+01
3.056780528317406720e+01
3.056880528317406487e+01
3.056980528317406609e+01
3.057280528317406620e+01
3.057280528317406620e+01
3.057780528317406521e+01
3.057880528317406643e+01
3.058180528317406655e+01
3.058280528317406777e+01
3.058480528317406311e+01
3.058780528317406322e+01
3.059080528317406333e+01
3.059180528317406811e+01
3.059480528317406822e+01
3.059680528317406356e+01
3.060080528317406490e+01
3.060080528317406490e+01
3.060280528317406379e+01
3.060280528317406379e+01
3.060980528317406524e+01
3.060980528317406524e+01
3.061180528317406413e+01
3.061480528317406424e+01
3.061580528317406547e+01
3.061580528317406547e+01
3.061580528317406547e+01
3.062580528317406703e+01
3.062580528317406703e+01
3.062680528317406470e+01
3.062880528317406714e+01
3.063180528317406726e+01
3.063380528317406615e+01
3.063480528317406737e+01
3.063480528317406737e+01
3.064480528317406538e+01
3.064480528317406538e+01
3.064480528317406538e+01
3.064480528317406538e+01
3.065280528317406805e+01
3.065280528317406805e+01
3.065380528317406572e+01
3.065580528317406817e+01
3.065780528317406350e+01
3.066080528317406362e+01
3.066080528317406362e+01
3.066780528317406507e+01
3.066780528317406507e+01
3.066980528317406396e+01
3.067080528317406518e+01
3.067380528317406529e+01
3.067580528317406419e+01
3.067780528317406663e+01
3.067980528317406552e+01
3.068180528317406441e+01
3.068180528317406441e+01
3.069180528317406598e+01
3.069180528317406598e+01
3.069180528317406598e+01
3.069380528317406487e+01
3.069580528317406731e+01
3.069880528317406743e+01
3.070080528317406632e+01
3.070280528317406521e+01
3.070580528317406532e+01
3.070880528317406544e+01
3.070880528317406544e+01
3.071080528317406788e+01
3.071380528317406799e+01
3.071680528317406811e+01
3.071780528317406578e+01
3.071780528317406578e+01
3.072680528317406612e+01
3.072680528317406612e+01
3.072780528317406379e+01
3.073080528317406390e+01
3.073480528317406524e+01
3.074080528317406547e+01
3.074280528317406436e+01
3.074280528317406436e+01
3.074280528317406436e+01
3.075780528317406493e+01
3.075780528317406493e+01
3.075780528317406493e+01
3.075980528317406737e+01
3.076780528317406649e+01
3.077780528317406805e+01
3.078180528317406583e+01
3.078180528317406583e+01
3.078180528317406583e+01
3.078180528317406583e+01
3.080980528317406453e+01
3.080980528317406453e+01
3.080980528317406453e+01
3.080980528317406453e+01
3.080980528317406453e+01
3.083380528317406544e+01
3.089580528317406660e+01
3.111380528317406657e+01
1.388946886246517920e+01
1.388946886246517920e+01
1.388974191154469651e+01
1.388974191154469651e+01
1.388974191154469651e+01
1.388974191154469651e+01
1.389004493391527362e+01
1.389075281934829320e+01
1.389075281934829320e+01
1.389075281934829320e+01
1.389101972286233888e+01
1.389101972286233888e+01
1.389101972286233888e+01
1.389101972286233888e+01
1.389101972286233888e+01
1.389126488436346207e+01
1.389126488436346207e+01
1.389126488436346207e+01
1.389126488436346207e+01
1.389149436488792944e+01
1.389149436488792944e+01
1.389149436488792944e+01
1.389221049202456371e+01
1.389242484536778832e+01
1.389242484536778832e+01
1.389242484536778832e+01
1.389242484536778832e+01
1.389262057504943115e+01
1.389262057504943115e+01
1.389262057504943115e+01
1.389262057504943115e+01
1.389279971396587854e+01
1.389279971396587854e+01
1.389279971396587854e+01
1.389279971396587854e+01
1.389295165196548609e+01
1.389295165196548609e+01
1.389362886035003797e+01
1.389362886035003797e+01
1.389378706763395144e+01
1.389378706763395144e+01
1.389378706763395144e+01
1.389378706763395144e+01
1.389391731766238536e+01
1.389391731766238536e+01
1.389391731766238536e+01
1.389391731766238536e+01
1.389403193535433800e+01
1.389403193535433800e+01
1.389403193535433800e+01
1.389412979344827193e+01
1.389412979344827193e+01
1.389481723271626379e+01
1.389481723271626379e+01
1.389489919163959541e+01
1.389489919163959541e+01
1.389489919163959541e+01
1.389489919163959541e+01
1.389496704164717400e+01
1.389496704164717400e+01
1.389496704164717400e+01
1.389501421993544028e+01
1.389501421993544028e+01
1.389501421993544028e+01
1.389505656743262207e+01
1.389505656743262207e+01
1.389573451386043601e+01
1.389573451386043601e+01
1.389576727140315526e+01
1.389576727140315526e+01
1.389576727140315526e+01
1.350576241110848130e+01
1.350576241110848130e+01
1.350576241110848130e+01
1.350576241110848130e+01
1.350576241110848130e+01
1.350576241110848130e+01
1.350576241110848130e+01
1.350576241110848130e+01
1.389579805594120998e+01
1.389579725816440003e+01
1.389646955324516142e+01
1.389646462130390248e+01
1.389646089911076743e+01
1.389644950259499012e+01
1.389642758863497107e+01
1.389638342288337469e+01
1.389628903905501645e+01
1.389601775227284008e+01
1.389524372549248454e+01
1.389642662307361931e+01
1.389639045473882817e+01
1.389622844357036868e+01
1.389598672259245760e+01
1.389574315224444234e+01
1.350911137088685265e+01
1.350911137088685265e+01
1.350911137088685265e+01
1.350911137088685265e+01
1.350911137088685265e+01
1.350911137088685265e+01
1.350911137088685265e+01
1.350911137088685265e+01
1.350911137088685265e+01
1.350911137088685265e+01
1.350911137088685265e+01
3.015007620220893969e+01
3.034207620220893986e+01
3.053107620220893992e+01
3.070907620220894074e+01
3.079707620220894171e+01
3.096607620220893864e+01
3.113607620220894034e+01
3.140707620220894114e+01
3.149707620220894100e+01
3.147507620220893898e+01
3.086707620220893844e+01
3.079007620220894026e+01
3.058207620220894185e+01
3.050707620220893901e+01
3.040307620220893980e+01
3.031907620220894017e+01
3.026407620220894046e+01
3.024107620220894077e+01
3.020207620220893929e+01
3.016807620220894037e+01
3.015607620220893992e+01
3.014707620220893958e+01
3.014707620220893958e+01
3.015507620220893870e+01
3.015507620220893870e+01
3.015507620220893870e+01
3.016207620220894015e+01
3.016207620220894015e+01
3.016207620220894015e+01
3.016207620220894015e+01
3.016207620220894015e+01
3.016207620220894015e+01
3.016207620220894015e+01
3.016407620220893904e+01
3.016407620220893904e+01
3.016407620220893904e+01
3.017007620220893926e+01
3.017007620220893926e+01
3.017207620220894171e+01
3.017307620220893938e+01
3.017307620220893938e+01
3.017307620220893938e+01
3.017507620220894182e+01
3.017507620220894182e+01
3.017507620220894182e+01
3.017607620220893949e+01
3.017707620220894071e+01
3.017707620220894071e+01
3.017807620220893838e+01
3.017907620220893961e+01
3.017907620220893961e+01
3.017807620220893838e+01
3.018207620220893972e+01
3.018207620220893972e+01
3.018107620220893850e+01
3.018407620220893861e+01
3.018407620220893861e+01
3.018507620220893983e+01
3.018607620220894106e+01
3.018607620220894106e+01
3.018707620220893872e+01
3.018707620220893872e+01
3.018707620220893872e+01
3.018707620220893872e+01
3.018707620220893872e+01
3.019807620220894151e+01
3.019807620220894151e+01
3.019807620220894151e+01
3.019807620220894151e+01
3.019807620220894151e+01
3.019807620220894151e+01
3.019907620220893918e+01
3.020007620220894040e+01
3.020107620220894162e+01
3.020107620220894162e+01
3.020207620220893929e+01
3.020307620220894051e+01
3.020407620220894174e+01
3.020407620220894174e+01
3.020507620220893941e+01
3.020707620220894185e+01
3.020807620220893952e+01
3.020807620220893952e+01
3.020907620220894074e+01
3.021007620220893841e+01
3.021107620220893963e+01
3.021107620220893963e+01
3.021207620220894086e+01
3.021407620220893975e+01
3.021407620220893975e+01
3.021507620220894097e+01
3.021807620220894108e+01
3.021807620220894108e+01
3.021807620220894108e+01
3.021907620220893875e+01
3.021907620220893875e+01
3.022207620220893887e+01
3.022307620220894009e+01
3.022307620220894009e+01
3.022407620220894131e+01
3.022607620220894020e+01
3.022707620220894142e+01
3.022707620220894142e+01
3.022807620220893909e+01
3.023007620220894154e+01
3.023107620220893921e+01
3.023107620220893921e+01
3.023207620220894043e+01
3.023407620220893932e+01
3.023507620220894054e+01
3.023507620220894054e+01
3.023507620220894054e+01
3.023907620220893833e+01
3.023907620220893833e+01
3.024007620220893955e+01
3.024007620220893955e+01
3.024107620220894077e+01
3.024207620220893844e+01
3.024407620220894088e+01
3.024407620220894088e+01
3.024807620220893867e+01
3.024807620220893867e+01
3.024807620220893867e+01
3.025007620220894111e+01
3.025007620220894111e+01
3.025007620220894111e+01
3.025307620220894123e+01
3.025307620220894123e+01
3.025607620220894134e+01
3.025607620220894134e+01
3.025607620220894134e+01
3.025907620220894145e+01
3.025907620220894145e+01
3.025907620220894145e+01
3.025907620220894145e+01
3.025907620220894145e+01
3.025907620220894145e+01
3.026907620220893946e+01
3.026907620220893946e+01
3.026907620220893946e+01
3.026907620220893946e+01
3.027007620220894069e+01
3.027107620220893835e+01
3.027107620220893835e+01
3.027207620220893958e+01
3.027507620220893969e+01
3.027507620220893969e+01
3.027507620220893969e+01
3.028107620220893992e+01
3.028107620220893992e+01
3.028107620220893992e+01
3.028207620220894114e+01
3.028207620220894114e+01
3.028407620220894003e+01
3.028607620220893892e+01
3.028607620220893892e+01
3.028607620220893892e+01
3.029107620220894148e+01
3.029107620220894148e+01
3.029207620220893915e+01
3.029307620220894037e+01
3.029507620220893926e+01
3.029607620220894049e+01
3.029807620220893938e+01
3.029807620220893938e+01
3.029807620220893938e+01
3.030307620220893838e+01
3.030307620220893838e+01
3.030407620220893961e+01
3.030507620220894083e+01
3.030607620220893850e+01
3.030807620220894094e+01
3.030907620220893861e+01
3.031007620220893983e+01
3.031207620220893872e+01
3.031207620220893872e+01
3.031207620220893872e+01
3.031207620220893872e+01
3.032207620220894029e+01
3.032207620220894029e+01
3.032207620220894029e+01
3.032207620220894029e+01
3.032407620220893918e+01
3.032407620220893918e+01
3.032607620220894162e+01
3.032807620220894051e+01
3.032907620220894174e+01
3.033107620220894063e+01
3.033307620220893952e+01
3.033407620220894074e+01
3.033507620220893841e+01
3.033607620220893963e+01
3.033907620220893975e+01
3.034007620220894097e+01
3.034307620220894108e+01
3.034307620220894108e+01
3.034707620220893887e+01
3.034707620220893887e+01
3.035007620220893898e+01
3.035107620220894020e+01
3.035207620220894142e+01
3.035507620220894154e+01
3.035507620220894154e+01
3.036107620220894177e+01
3.036107620220894177e+01
3.036207620220893943e+01
3.036407620220893833e+01
3.036507620220893955e+01
3.036807620220893966e+01
3.037107620220893978e+01
3.037307620220893867e+01
3.037307620220893867e+01
3.038107620220894134e+01
3.038107620220894134e+01
3.038107620220894134e+01
3.038407620220894145e+01
3.038807620220893924e+01
3.039007620220894168e+01
3.039207620220894057e+01
3.039707620220893958e+01
3.040007620220893969e+01
3.040007620220893969e+01
3.040007620220893969e+01
3.040007620220893969e+01
3.041507620220894026e+01
3.041507620220894026e+01
3.041507620220894026e+01
3.041807620220894037e+01
3.042107620220894049e+01
3.042307620220893938e+01
3.043107620220893850e+01
3.044107620220894006e+01
3.044107620220894006e+01
3.044107620220894006e+01
3.044107620220894006e+01
3.044107620220894006e+01
3.044107620220894006e+01
3.044107620220894006e+01
3.046807620220894108e+01
3.046807620220894108e+01
3.046807620220894108e+01
3.046807620220894108e+01
3.046807620220894108e+01
3.046807620220894108e+01
3.046807620220894108e+01
3.047407620220894131e+01
3.049007620220893955e+01
3.051807620220894179e+01
3.055407620220893961e+01
3.062307620220893867e+01
3.071407620220893975e+01
1.144341206387653287e+01
1.144341206387653287e+01
1.144341206387653287e+01
1.144341206387653287e+01
1.144341206387653287e+01
1.144341206387653287e+01
1.144341206387653287e+01
1.144341206387653287e+01
1.144341206387653287e+01
1.144341206387653287e+01
1.144341206387653287e+01
1.144341206387653287e+01
1.144341206387653287e+01
1.144341206387653287e+01
1.144341206387653287e+01
1.144341206387653287e+01
1.144341206387653287e+01
1.144341206387653287e+01
1.144341206387653287e+01
1.144341206387653287e+01
1.144341206387653287e+01
1.144341206387653287e+01
1.144341206387653287e+01
1.144341206387653287e+01
1.144341206387653287e+01
1.144341206387653287e+01
1.144341206387653287e+01
1.144341206387653287e+01
1.144341206387653287e+01
1.144341206387653287e+01
1.144341206387653287e+01
1.144341206387653287e+01
1.144341206387653287e+01
1.144341206387653287e+01
1.144341206387653287e+01
1.144341206387653287e+01
1.144341206387653287e+01
1.144341206387653287e+01
1.144341206387653287e+01
1.144341206387653287e+01
1.144341206387653287e+01
1.144341206387653287e+01
1.144341206387653287e+01
1.144341206387653287e+01
1.144341206387653287e+01
1.144341206387653287e+01
1.144341206387653287e+01
1.144341206387653287e+01
1.144341206387653287e+01
1.144341206387653287e+01
1.144341206387653287e+01
1.144341206387653287e+01
1.144341206387653287e+01
1.144341206387653287e+01
1.144341206387653287e+01
1.144341206387653287e+01
1.144341206387653287e+01
1.144341206387653287e+01
1.144341206387653287e+01
1.144341206387653287e+01
1.144341206387653287e+01
1.144341206387653287e+01
1.144341206387653287e+01
1.144341206387653287e+01
1.144341206387653287e+01
1.144341206387653287e+01
1.144341206387653287e+01
1.144341206387653287e+01
1.144341206387653287e+01
1.144341206387653287e+01
1.144341206387653287e+01
1.144341206387653287e+01
1.144341206387653287e+01
1.144341206387653287e+01
1.144341206387653287e+01
1.144341206387653287e+01
1.144341206387653287e+01
1.144341206387653287e+01
1.144341206387653287e+01
1.144341206387653287e+01
1.144341206387653287e+01
1.144341206387653287e+01
1.144341206387653287e+01
1.144341206387653287e+01
1.144341206387653287e+01
1.144341206387653287e+01
1.144341206387653287e+01
1.144341206387653287e+01
1.144341206387653287e+01
1.144341206387653287e+01
1.144341206387653287e+01
1.144341206387653287e+01
1.144341206387653287e+01
1.144341206387653287e+01
1.144341206387653287e+01
1.144341206387653287e+01
1.144341206387653287e+01
1.144341206387653287e+01
1.144341206387653287e+01
1.144341206387653287e+01
1.144341206387653287e+01
1.144341206387653287e+01
1.144341206387653287e+01
1.144341206387653287e+01
1.144341206387653287e+01
1.144341206387653287e+01
1.144341206387653287e+01
1.144341206387653287e+01
1.144341206387653287e+01
1.144341206387653287e+01
1.144341206387653287e+01
1.144341206387653287e+01
1.144341206387653287e+01
1.144341206387653287e+01
1.144341206387653287e+01
1.144341206387653287e+01
1.144341206387653287e+01
1.144341206387653287e+01
1.144341206387653287e+01
1.144341206387653287e+01
1.144341206387653287e+01
1.144341206387653287e+01
1.144341206387653287e+01
1.144341206387653287e+01
1.144341206387653287e+01
1.144341206387653287e+01
1.144341206387653287e+01
1.144341206387653287e+01
1.144341206387653287e+01
1.144341206387653287e+01
1.144341206387653287e+01
1.144341206387653287e+01
1.144341206387653287e+01
1.144341206387653287e+01
1.144341206387653287e+01
1.144341206387653287e+01
1.144341206387653287e+01
