2.826816161742130351e+00
2.776838338825478925e+00
2.620599447104224211e+00
2.159608460830432008e+00
1.929354109438803810e+00
1.667690979212352431e+00
1.306570498762798849e+00
9.707232560679934785e-01
4.402543927694481662e-01
4.782447057834808279e-01
2.536646629686265531e-01
5.952507057024240128e-02
8.321227412337912910e-02
-1.502244936698095279e-01
-3.271066482218435434e-01
-4.929505154843251136e-01
-5.487125584144124657e-01
-4.685660143897463215e-01
-5.641904957725174530e-01
-5.771618062382085634e-01
-6.631428383422468542e-01
-8.216595914919964105e-01
-8.768332474565020407e-01
-9.532962456974436449e-01
-1.079404735853355390e+00
-1.168969442977948692e+00
-1.203733511155540947e+00
-1.266714016323033931e+00
-1.360322889700584126e+00
-1.390661920927825035e+00
-1.300187696802927340e+00
-1.356482931910438117e+00
-1.432604529778788605e+00
-1.585813030548134162e+00
-1.632625442254296955e+00
-1.673289050189445071e+00
-1.667635427498158851e+00
-1.751610092899910542e+00
-2.078451948190831455e+00
-2.091577191346947195e+00
-2.086530935158322109e+00
-2.145158259876333684e+00
-2.177182703932497354e+00
-2.519393135326558397e+00
-2.514882983240922965e+00
-2.465873923031477233e+00
-2.459471957531567110e+00
-2.552631379849358506e+00
-2.611488065327411512e+00
-2.592002355498455479e+00
-2.264181507219976464e+00
-1.975167770620368746e+00
-1.974366788794565730e+00
-1.972518938387566534e+00
-2.320207422514463325e+00
-2.319413760128957502e+00
-2.318642998152581125e+00
-2.317409835169350174e+00
-2.314602434885400850e+00
-2.314014908218335442e+00
-2.450329649458651282e+00
-2.448936638193226933e+00
-2.447049977809200527e+00
-2.844544911402479226e+00
-2.843772877134534305e+00
-2.843103357781095131e+00
-2.841889821414386397e+00
-2.840956156165483915e+00
-2.838802359370561579e+00
-3.203374008177854559e+00
-3.325503547121169134e+00
-3.298100550715465928e+00
-3.264374046175606114e+00
-3.223341082031778715e+00
-3.257964475580030772e+00
-3.241061633132374720e+00
-3.302110273348379366e+00
-3.616874582991871812e+00
-3.662070004306722915e+00
-4.166996363961066763e+00
-4.163451930108859500e+00
-4.129332658348243257e+00
-4.032091008028281465e+00
-3.795520724954689840e+00
-3.513712259971497609e+00
-3.513497128284568838e+00
-3.498049706309571238e+00
-3.497796829606416136e+00
-3.497180796029991878e+00
-3.496725754014655241e+00
-3.496119909825202487e+00
-3.928601875635419738e+00
-3.928770832310496175e+00
-3.931481650265042038e+00
-4.263147027686144064e+00
-3.584994282182938363e+00
-5.003303296627933605e+00
-4.771873729977964551e+00
-4.756525027537430894e+00
-4.717924166605739877e+00
-4.750097108086193565e+00
-4.712339956912818373e+00
-4.688453832223417272e+00
-4.711020889658940725e+00
-4.700771906238586872e+00
-4.709754628375493191e+00
-4.808057854381215357e+00
-5.002251440724636566e+00
-5.032734076672951140e+00
-5.013947049954614599e+00
-4.988950344018836525e+00
-4.988813972759255755e+00
-4.955918748420942599e+00
-4.918994580224322455e+00
-4.845416747001467961e+00
-4.699043311089807773e+00
-4.367598769588709295e+00
-4.366742842413035675e+00
-4.365856985409336311e+00
-4.365856985409336311e+00
-4.365003844962069834e+00
-4.364185520126646622e+00
-4.364711867899785602e+00
-4.363851177089452804e+00
-4.363851177089452804e+00
-4.363060062143455653e+00
-4.365735011296754564e+00
-4.366257073211768258e+00
-4.365422258537156708e+00
-4.770120125574630165e+00
-4.769500570926049399e+00
-4.769500570926049399e+00
-4.768931603395761165e+00
-4.768653551993343953e+00
-4.768653551993343953e+00
-4.768075500371227626e+00
-4.770474742601822804e+00
-4.769907925889397049e+00
-4.769704791780269737e+00
-4.769704791780269737e+00
-4.769186567165133006e+00
-4.768658651365662138e+00
-5.153724442685089890e+00
-5.153383818349183798e+00
-5.153474326986017040e+00
-5.153154503778036855e+00
-5.152811364209954448e+00
-5.152733597125751963e+00
-5.152426136243023258e+00
-5.152203077750774796e+00
-5.151919599244930481e+00
-5.200004744431223180e+00
-5.199760401113956654e+00
-5.386898094583525420e+00
-5.386569753716146103e+00
-5.386454186342659156e+00
-5.386331750781299554e+00
-5.386451845510553227e+00
-5.386332960959761884e+00
-5.386195189211087531e+00
-5.385699188429879491e+00
-5.385537987770066870e+00
-5.385345370740694193e+00
-5.385074683542577567e+00
-5.465129990541471194e+00
-5.462911509700702162e+00
-5.240181921190838921e+00
-5.445065155416251024e+00
-6.379614229101576051e+00
-6.791758118680967016e+00
-6.580644439666507139e+00
-6.669656653071331931e+00
-6.626453335366992548e+00
-6.603085366301449710e+00
-6.566651918601679405e+00
-6.522456406189504285e+00
-6.512440170995211552e+00
-6.474882005149184216e+00
-6.451228214746194567e+00
-6.440959145564950639e+00
-6.482913657114213635e+00
-6.483026092400552720e+00
-6.490154200830234643e+00
-6.507165883928636596e+00
-6.526048940997262626e+00
-6.573162819105342614e+00
-6.574389371538191362e+00
-6.575370319035471312e+00
-6.576606022466948254e+00
-6.581410169509863906e+00
-6.585337290323716175e+00
-6.587928412159174130e+00
-6.593407207555775251e+00
-6.596423340046640327e+00
-6.598095982291235728e+00
-6.600386978578778319e+00
-6.603298503731601876e+00
-6.602059491476047093e+00
-6.604240626816071824e+00
-6.562676150303327738e+00
-6.563556452432052879e+00
-6.562785378585412666e+00
-6.559664368966084957e+00
-6.557500219751743131e+00
-6.557500219751743131e+00
-6.557881572138435367e+00
-6.550509562473371794e+00
-6.542015744819801526e+00
-6.540818659229797660e+00
-6.541887898346137931e+00
-6.536669338267182106e+00
-6.535321292719645569e+00
-6.482511974744130434e+00
-6.482511974744130434e+00
-6.484455229968811629e+00
-6.555307643676913543e+00
-6.067496364070575687e+00
-6.067496364070575687e+00
-6.067524421982287031e+00
-6.066390080024600451e+00
-6.066390080024600451e+00
-6.066390080024600451e+00
-6.066390080024600451e+00
-6.065387498943256794e+00
-6.066028120273174729e+00
-6.066028120273174729e+00
-6.066028120273174729e+00
-6.065073988473127287e+00
-6.065073988473127287e+00
-6.065073988473127287e+00
-6.064160514553520009e+00
-6.064166850293910116e+00
-6.064769745871173789e+00
-6.064769745871173789e+00
-6.541655900144383473e+00
-6.541655900144383473e+00
-6.541655900144383473e+00
-6.541655900144383473e+00
-6.540925281299603711e+00
-6.540925281299603711e+00
-6.540925281299603711e+00
-6.541454367780303869e+00
-6.540729466433712780e+00
-6.540740007899390918e+00
-6.540757364649164352e+00
-6.540757364649164352e+00
-6.539999832831780324e+00
-6.539999832831780324e+00
-6.539999832831780324e+00
-6.539195793002710921e+00
-6.539585016143305118e+00
-6.539640547472315824e+00
-6.539640547472315824e+00
-6.539248511147810916e+00
-6.539248511147810916e+00
-6.539248511147810916e+00
-6.538587954037474503e+00
-6.538587954037474503e+00
-6.538977346666664303e+00
-6.538977346666664303e+00
-6.538338685678583673e+00
-6.538338685678583673e+00
-6.538338685678583673e+00
-6.537719180608770664e+00
-6.537719180608770664e+00
-6.537719180608770664e+00
-6.561711149477066130e+00
-6.560928121039996341e+00
-6.560928121039996341e+00
-6.560928121039996341e+00
-6.560252384318151719e+00
-6.560252384318151719e+00
-6.560277303926440595e+00
-6.559953311443113222e+00
-6.560460991687141252e+00
-6.560460991687141252e+00
-6.559647170361945001e+00
-6.559647170361945001e+00
-6.559647170361945001e+00
-7.109432684042946704e+00
-7.109432684042946704e+00
-7.109432684042946704e+00
-7.109658768093600756e+00
-7.109168564179256578e+00
-7.109168564179256578e+00
-7.109168564179256578e+00
-7.108728533872880284e+00
-7.108728533872880284e+00
-7.108728533872880284e+00
-7.108344315042971040e+00
-7.108582604386985970e+00
-7.108632858745792760e+00
-7.111564571904300358e+00
-7.111564571904300358e+00
-7.111146008682746711e+00
-7.111146008682746711e+00
-7.111146008682746711e+00
-7.110726806805295119e+00
-7.110942117014375619e+00
-7.110942117014375619e+00
-7.110602122873914688e+00
-7.110602122873914688e+00
-7.110602122873914688e+00
-7.110318908662563331e+00
-7.110318908662563331e+00
-7.390334590245002389e+00
-7.390334590245002389e+00
-7.390334590245002389e+00
-7.390194334096499063e+00
-7.390194334096499063e+00
-7.390406771941342434e+00
-7.390247960909296587e+00
-7.390247960909296587e+00
-7.390022561358458475e+00
-7.390022561358458475e+00
-7.390022561358458475e+00
-7.389854293575250033e+00
-7.389854293575250033e+00
-7.608035887807457875e+00
-7.608038498039543462e+00
-7.607529877495932347e+00
-7.607581913632802895e+00
-7.607581913632802895e+00
-7.607627465594814176e+00
-7.607627465594814176e+00
-7.677801956835306640e+00
-7.677801956835306640e+00
-7.677810117261133271e+00
-7.677248454297736835e+00
-7.677457441668058102e+00
-7.677668251220520546e+00
-7.677668251220520546e+00
-7.843924020398675090e+00
-7.843924020398675090e+00
-7.844278790542815294e+00
-7.843110264111834873e+00
-7.843489924130730095e+00
-7.843580094297236904e+00
-7.843954021843210889e+00
-7.843954021843210889e+00
-7.844407479891647661e+00
-7.844407479891647661e+00
-8.030700510997297314e+00
-8.030700510997297314e+00
-8.030962078249439529e+00
-8.030962078249439529e+00
-8.219804794879697951e+00
-8.220016850159501232e+00
-8.221027936504841094e+00
-8.219788466126551896e+00
-8.220990072266332049e+00
-8.221583661626517880e+00
-8.222683843246072044e+00
-8.223977818062147449e+00
-8.033580603344656623e+00
-8.034510069122861253e+00
-8.035098476033677883e+00
-7.537431972623395815e+00
-7.116115113357895261e+00
-7.790666837477049356e+00
-8.047841382168916979e+00
-8.267323319403670823e+00
-8.428155425067725304e+00
-8.441038633805339586e+00
-8.440623231242527780e+00
-8.265451053766190270e+00
-8.134264221551436691e+00
-8.233755276881931096e+00
-8.359704170621689912e+00
-8.471823929658697239e+00
-8.384301301613160007e+00
-8.334621279260804982e+00
-8.330795311877590592e+00
-8.278728984413438852e+00
-8.214830966782775690e+00
-8.225092826777601118e+00
-8.205473224961261636e+00
-8.179097931938487775e+00
-8.159050524882619726e+00
-8.153985259834248822e+00
-8.145358831094258178e+00
-8.143052501251002440e+00
-8.141630870148590660e+00
-8.165284580001651804e+00
-8.165284580001651804e+00
-8.165933012779669653e+00
-8.139459276608741689e+00
-8.140106604918651456e+00
-8.141308585723809443e+00
-8.140212401901203876e+00
-8.140769762786627339e+00
-8.141478210998698728e+00
-8.141833865506821866e+00
-8.142618042693440472e+00
-8.143036435091255854e+00
-8.520246150599039225e+00
-8.520650643507204691e+00
-8.521423592063555930e+00
-8.521800380072390269e+00
-8.522790652658253308e+00
-8.523392655714051358e+00
-8.524215061259559079e+00
-8.523374434292733781e+00
-8.524203640077161026e+00
-8.524827424536603360e+00
-8.525223103992832563e+00
-8.526111556427792948e+00
-8.526530772998913932e+00
-8.526108389117897701e+00
-8.526518888332804025e+00
-8.527010702022334243e+00
-8.556268882965884615e+00
-8.556268882965884615e+00
-8.529306782480501781e+00
-8.528408946433188476e+00
-8.529239163943769242e+00
-8.529640811370512665e+00
-8.530416352749588427e+00
-8.529577805848433059e+00
-8.530460027917841970e+00
-8.529234727021545837e+00
-8.530040573271653770e+00
-8.530458740407606655e+00
-8.531823208946921255e+00
-8.531823208946921255e+00
-8.532678173619805406e+00
-8.531705264248188314e+00
-8.533699702148940247e+00
-8.533699702148940247e+00
-8.534642337186053140e+00
-8.535447479516118818e+00
-8.534970746467374525e+00
-8.534970746467374525e+00
-8.534970746467374525e+00
-8.538215448500764637e+00
-8.538215448500764637e+00
-8.538764518675010962e+00
-9.023989859491976517e+00
-9.024701956214039811e+00
-9.025569135665023168e+00
-9.026002673134478016e+00
-9.026002673134478016e+00
-9.029041244926734322e+00
-9.027972108707562171e+00
-9.027972108707562171e+00
-9.027972108707562171e+00
-9.030722932688640014e+00
-9.030722932688640014e+00
-9.029867185821110809e+00
-9.030303418018577943e+00
-9.031375821561409722e+00
-9.032341143682675266e+00
-9.032341143682675266e+00
-9.034264831508979299e+00
-9.033250586610463984e+00
-9.033862081245773723e+00
-9.034370402856605864e+00
-9.035193373621579482e+00
-9.035837213891534603e+00
-9.035243949684995002e+00
-9.036530641618337967e+00
-9.037182291353936137e+00
-9.037182291353936137e+00
-9.039881530328806036e+00
-9.038772162085143336e+00
-9.038772162085143336e+00
-9.039560927078122532e+00
-9.040126647170493968e+00
-9.040923820321767224e+00
-9.040459805501258828e+00
-9.041124324651752531e+00
-9.042221759089287048e+00
-9.042892953512751575e+00
-9.043049556097207287e+00
-9.709663391186550641e+00
-9.710584226120532847e+00
-9.711331103995886949e+00
-9.711526130687143876e+00
-9.711526130687143876e+00
-9.713367253791332701e+00
-9.713367253791332701e+00
-9.713578315662743989e+00
-9.714506560803815916e+00
-9.715477318376366966e+00
-9.716085544472873536e+00
-9.716544598125560483e+00
-9.716544598125560483e+00
-9.716544598125560483e+00
-9.721118802667117365e+00
-9.720381356686379704e+00
-9.720490989019539896e+00
-9.721146256767941196e+00
-9.723248232714864159e+00
-9.725835553165858016e+00
-9.726260369609667222e+00
-9.726260369609667222e+00
-9.726260369609667222e+00
-9.726260369609667222e+00
-9.734772360343391995e+00
-9.734121254951304536e+00
-9.734121254951304536e+00
-9.734121254951304536e+00
-9.734121254951304536e+00
-1.037428436209056137e+01
-1.039283232841436089e+01
-1.041766406566119763e+01
-1.003974611853365495e+01
-1.003974611853365495e+01
-1.003959890989347237e+01
-1.003959890989347237e+01
-1.003959890989347237e+01
-1.003959890989347237e+01
-1.003953310799591669e+01
-1.012890812382859451e+01
-1.012890812382859451e+01
-1.012890812382859451e+01
-1.012861861663869512e+01
-1.012861861663869512e+01
-1.012861861663869512e+01
-1.012883172992821912e+01
-1.012883172992821912e+01
-1.012861830511468497e+01
-1.012861830511468497e+01
-1.012872728630343033e+01
-1.012872728630343033e+01
-1.012852222108636724e+01
-1.012852222108636724e+01
-1.012852222108636724e+01
-1.012884005428956335e+01
-1.061199045176799416e+01
-1.061199045176799416e+01
-1.061199045176799416e+01
-1.061199045176799416e+01
-1.061194644715787305e+01
-1.061197872347511328e+01
-1.061197872347511328e+01
-1.061197872347511328e+01
-1.061190450981205835e+01
-1.061190450981205835e+01
-1.061190450981205835e+01
-1.061190450981205835e+01
-1.061174784632093804e+01
-1.061174784632093804e+01
-1.061164448211861888e+01
-1.061164448211861888e+01
-1.069579530374499221e+01
-1.069579530374499221e+01
-1.069579530374499221e+01
-1.069599218036230859e+01
-1.069595097117005800e+01
-1.069595097117005800e+01
-1.069595097117005800e+01
-1.069595097117005800e+01
-1.069590260122801162e+01
-1.069590260122801162e+01
-1.069590260122801162e+01
-1.105934378873444679e+01
-1.105934378873444679e+01
-1.105834397520198387e+01
-1.105834397520198387e+01
-1.105859459182670435e+01
-1.105868978861042073e+01
-1.105868978861042073e+01
-1.105868978861042073e+01
-1.105902671497904954e+01
-1.105902671497904954e+01
-1.105902671497904954e+01
-1.105947596901904895e+01
-1.105947596901904895e+01
-1.105947596901904895e+01
-1.105991837855840743e+01
-1.105991837855840743e+01
-1.105897381356382603e+01
-1.105897381356382603e+01
-1.105938562544838710e+01
-1.105938562544838710e+01
-1.105938562544838710e+01
-1.106025775231486818e+01
-1.106025775231486818e+01
-1.106025775231486818e+01
-1.106114902070215678e+01
-1.106114902070215678e+01
-1.106172282691889031e+01
-1.106199604378563883e+01
-1.106254040194673216e+01
-1.106323240630534244e+01
-1.106358792957427006e+01
-1.106343344392553973e+01
-1.106439158826385238e+01
-1.106496020792724089e+01
-1.106637184058172174e+01
-1.106810362123976610e+01
-1.069285625640637072e+01
-1.069206573023290119e+01
-1.016232287830169234e+01
-8.693720923284489643e+00
-1.015135882494359088e+01
-1.068769873202979959e+01
-1.068761172816311600e+01
-1.109769568355791414e+01
-1.109770492132493658e+01
-1.109671526371734807e+01
-1.125099799910094944e+01
-1.131255249516597416e+01
-1.132691361729398061e+01
-1.132769395579360427e+01
-1.131748186636954046e+01
-1.129275459290694705e+01
-1.123975091793361436e+01
-1.115114515839723275e+01
-1.105363845171868675e+01
-1.103151712849072297e+01
-1.105861437947043058e+01
-1.111711213767498130e+01
-1.113047600811609250e+01
-1.119315222284074984e+01
-1.122701364345568642e+01
-1.129497596368530132e+01
-1.130959361536518593e+01
-1.142937829118011805e+01
-1.147172925396650101e+01
-1.146133217428382345e+01
-1.125452584228435526e+01
-1.122460363092354285e+01
-1.114654943834384682e+01
-1.117065187816268335e+01
-1.113648871442628518e+01
-1.110890967216759506e+01
-1.109166692963536427e+01
-1.108315199691694986e+01
-1.107134698950570773e+01
-1.106190916630010967e+01
-1.105900151060623671e+01
-1.105664904464890874e+01
-1.105664904464890874e+01
-1.105916690335527264e+01
-1.105916690335527264e+01
-1.105916690335527264e+01
-1.106077833419523948e+01
-1.106077833419523948e+01
-1.106097065910773658e+01
-1.106116313530206163e+01
-1.105966118593956793e+01
-1.105966118593956793e+01
-1.105966118593956793e+01
-1.106037478327982981e+01
-1.106042007294447949e+01
-1.106042007294447949e+01
-1.106198178127184661e+01
-1.106198178127184661e+01
-1.106244365943498664e+01
-1.106281948050854069e+01
-1.106281948050854069e+01
-1.106305012142839672e+01
-1.106341789148296328e+01
-1.106371311866565854e+01
-1.106234460616114923e+01
-1.106258647582312449e+01
-1.106298048598992523e+01
-1.106300680576163664e+01
-1.106333446441703749e+01
-1.106388202954914668e+01
-1.106388202954914668e+01
-1.106429118160868619e+01
-1.106447716664368563e+01
-1.106448458531620638e+01
-1.106502908844963073e+01
-1.106542156754381168e+01
-1.106542156754381168e+01
-1.162374649325949960e+01
-1.162408490105673842e+01
-1.162408490105673842e+01
-1.162454005162729409e+01
-1.162454005162729409e+01
-1.162454005162729409e+01
-1.162454005162729409e+01
-1.162454005162729409e+01
-1.162795274227316256e+01
-1.162808601696582578e+01
-1.162808601696582578e+01
-1.162808601696582578e+01
-1.162808601696582578e+01
-1.162689483007399360e+01
-1.162716152466194153e+01
-1.162754008664122019e+01
-1.162791708778371280e+01
-1.162791708778371280e+01
-1.162823632912833638e+01
-1.162885388496692585e+01
-1.162917208583260020e+01
-1.162917208583260020e+01
-1.162951748876109548e+01
-1.163001253697747117e+01
-1.163037795193801749e+01
-1.162911768089385589e+01
-1.162949259404580182e+01
-1.162993445454896069e+01
-1.163024587938889276e+01
-1.163024587938889276e+01
-1.163070693700990610e+01
-1.163122177374486022e+01
-1.163126499500716626e+01
-1.163164957300697644e+01
-1.163232709732194792e+01
-1.163249701797452929e+01
-1.163249701797452929e+01
-1.163292601661419035e+01
-1.163146768065148429e+01
-1.163219638611619189e+01
-1.163261070563169142e+01
-1.163261070563169142e+01
-1.163299488707892593e+01
-1.163342246060610563e+01
-1.163383082512607558e+01
-1.163383082512607558e+01
-1.163446551961199127e+01
-1.163488230158270120e+01
-1.163530390630459799e+01
-1.163530390630459799e+01
-1.163571467228956458e+01
-1.163489638760643885e+01
-1.163573738610080355e+01
-1.163573738610080355e+01
-1.163573738610080355e+01
-1.163722312799727732e+01
-1.163722312799727732e+01
-1.163755543051777686e+01
-1.163755543051777686e+01
-1.163793918328970101e+01
-1.163830160953745008e+01
-1.163923273726793362e+01
-1.163929332597155231e+01
-1.163873286132696450e+01
-1.163873286132696450e+01
-1.163873286132696450e+01
-1.163999297196617633e+01
-1.163999297196617633e+01
-1.163999297196617633e+01
-1.164052821244249358e+01
-1.164052821244249358e+01
-1.164186676370242601e+01
-1.164186676370242601e+01
-1.164209675066324401e+01
-1.164299993459571603e+01
-1.164176871184182360e+01
-1.164176871184182360e+01
-1.164176871184182360e+01
-1.164176871184182360e+01
-1.164176871184182360e+01
-1.164479085949255399e+01
-1.164479085949255399e+01
-1.164479085949255399e+01
-1.164479085949255399e+01
-1.164522496139268526e+01
-1.164564644266857130e+01
-1.164568565962369107e+01
-1.164530448054852663e+01
-1.164573762726588768e+01
-1.164573762726588768e+01
-1.164573762726588768e+01
-1.164799061896807153e+01
-1.164799061896807153e+01
-1.164799061896807153e+01
-1.164857677331999675e+01
-1.164857677331999675e+01
-1.164923974643999927e+01
-1.164991841680473250e+01
-1.164867923463092581e+01
-1.164884668724833716e+01
-1.165069515304164582e+01
-1.165069515304164582e+01
-1.165091333120663819e+01
-1.165116418888469774e+01
-1.165182074339763219e+01
-1.165228584980492244e+01
-1.165270444619015855e+01
-1.165270444619015855e+01
-1.165270444619015855e+01
-1.165445652171916180e+01
-1.214522400435289384e+01
-1.214549898257133442e+01
-1.214613527957446948e+01
-1.214647913570835946e+01
-1.214696544832784753e+01
-1.214724081947291268e+01
-1.214782514505082922e+01
-1.214825179024483504e+01
-1.214825179024483504e+01
-1.214825179024483504e+01
-1.214825179024483504e+01
-1.215077239364631545e+01
-1.215077239364631545e+01
-1.215077239364631545e+01
-1.215077239364631545e+01
-1.215147785484409226e+01
-1.215168986936631690e+01
-1.215229667992550766e+01
-1.215293106465371231e+01
-1.215319062695530938e+01
-1.215367624396759005e+01
-1.215436743801885555e+01
-1.215469844147360767e+01
-1.215427703126705872e+01
-1.215451890996359197e+01
-1.215527636927616584e+01
-1.215507757220319718e+01
-1.215616111038608516e+01
-1.215616111038608516e+01
-1.215781531188541109e+01
-1.215781531188541109e+01
-1.215879858784447620e+01
-1.215909965885118993e+01
-1.215953203254260551e+01
-1.215950905815013172e+01
-1.215950905815013172e+01
-1.216118782410991450e+01
-1.216118782410991450e+01
-1.216159360133636191e+01
-1.216208014578229246e+01
-1.216233306995095731e+01
-1.216331554658369285e+01
-1.216415699886593416e+01
-1.216473198672017908e+01
-1.216473198672017908e+01
-1.216629560674991239e+01
-1.216629560674991239e+01
-1.216629560674991239e+01
-1.216730716922323019e+01
-1.216854776998972731e+01
-1.216916429644688336e+01
-1.216981599363177580e+01
-1.217141014725073767e+01
-1.217215385868255417e+01
-1.217215385868255417e+01
-1.217135148577526138e+01
-1.217145806803338104e+01
-1.217619680285273809e+01
-1.217619680285273809e+01
-1.217620285664993851e+01
-1.217706332762719867e+01
-1.217816959548940403e+01
-1.217904968255282583e+01
-1.217958980457155072e+01
-1.218236278707582265e+01
-1.218236278707582265e+01
-1.220696438562895381e+01
-1.220696438562895381e+01
-1.220696438562895381e+01
-1.220696438562895381e+01
-1.220696438562895381e+01
-1.221622507742911878e+01
-1.221622507742911878e+01
-1.221622507742911878e+01
-1.221622507742911878e+01
-1.221622507742911878e+01
-1.221543776735366293e+01
-1.221543776735366293e+01
-1.221729061805153549e+01
-1.222234651635517011e+01
-1.223141154090299310e+01
-1.224371999883180706e+01
-1.226887580169107572e+01
-1.224915561961416799e+01
-1.186325584675933875e+01
-1.186325584675933875e+01
-1.186274856825419910e+01
-1.186274856825419910e+01
-1.186274856825419910e+01
-1.186274856825419910e+01
-1.186274856825419910e+01
-1.186310479478859747e+01
-1.186310479478859747e+01
-1.186333192855787466e+01
-1.186333192855787466e+01
-1.186333192855787466e+01
-1.186333192855787466e+01
-1.235711700240627131e+01
-1.235711700240627131e+01
-1.235711700240627131e+01
-1.235711700240627131e+01
-1.235711700240627131e+01
-1.235711700240627131e+01
-1.235711700240627131e+01
-1.235711700240627131e+01
-1.235711700240627131e+01
-1.235684023596042280e+01
-1.235698404714277920e+01
-1.235698404714277920e+01
-1.235698404714277920e+01
-1.235698404714277920e+01
-1.235698404714277920e+01
-1.235698404714277920e+01
-1.235698404714277920e+01
-1.235698404714277920e+01
-1.235717853594150029e+01
-1.235692849141963379e+01
-1.235692849141963379e+01
-1.235692849141963379e+01
-1.235692849141963379e+01
-1.235692849141963379e+01
-1.235692849141963379e+01
-1.235692849141963379e+01
-1.235692849141963379e+01
-1.235692849141963379e+01
-1.235692849141963379e+01
-1.235654556046353214e+01
-1.235659099271481409e+01
-1.235659099271481409e+01
-1.235680703308172568e+01
-1.235680703308172568e+01
-1.235680703308172568e+01
-1.235680703308172568e+01
-1.235680703308172568e+01
-1.235688052758809619e+01
-1.235673305010090495e+01
-1.235673305010090495e+01
-1.235673305010090495e+01
-1.235673305010090495e+01
-1.235691551719152592e+01
-1.235691551719152592e+01
-1.235691551719152592e+01
-1.235691551719152592e+01
-1.235691551719152592e+01
-1.235691551719152592e+01
-1.235669549942821632e+01
-1.235669549942821632e+01
-1.235669549942821632e+01
-1.235669549942821632e+01
-1.235669549942821632e+01
-1.235669549942821632e+01
-1.235669549942821632e+01
-1.235669549942821632e+01
-1.235669549942821632e+01
-1.235651373599728231e+01
-1.235651373599728231e+01
-1.235651373599728231e+01
-1.235651373599728231e+01
-1.235651373599728231e+01
-1.235651373599728231e+01
-1.235651373599728231e+01
-1.235651373599728231e+01
-1.235679840407361496e+01
-1.235655465682852849e+01
-1.235655465682852849e+01
-1.235655465682852849e+01
-1.235677176975820046e+01
-1.235677176975820046e+01
-1.235677176975820046e+01
-1.235679505365276576e+01
-1.235679505365276576e+01
-1.235679505365276576e+01
-1.269104661697697267e+01
-1.269104661697697267e+01
-1.269104661697697267e+01
-1.269104661697697267e+01
-1.269104661697697267e+01
-1.269104661697697267e+01
-1.269104661697697267e+01
-1.269104661697697267e+01
-1.269104661697697267e+01
-1.269096794684074681e+01
-1.269096794684074681e+01
-1.269096794684074681e+01
-1.269096794684074681e+01
-1.269096794684074681e+01
-1.269085908562463061e+01
-1.269093110080378217e+01
-1.269093110080378217e+01
-1.269087472489277246e+01
-1.269087472489277246e+01
-1.269087472489277246e+01
-1.269087472489277246e+01
-1.269087472489277246e+01
-1.269087472489277246e+01
-1.269087472489277246e+01
-1.269087472489277246e+01
-1.269087472489277246e+01
-1.269080062269884301e+01
-1.269080062269884301e+01
-1.269080062269884301e+01
-1.269080062269884301e+01
-1.269080062269884301e+01
-1.269080062269884301e+01
-1.269080062269884301e+01
-1.269080062269884301e+01
-1.269077282494305692e+01
-1.269077282494305692e+01
-1.269097567051370490e+01
-1.269112826024669793e+01
-1.269112826024669793e+01
-1.269112826024669793e+01
-1.269112826024669793e+01
-1.269112826024669793e+01
-1.269104172881665171e+01
-1.269104172881665171e+01
-1.269104172881665171e+01
-1.269104172881665171e+01
-1.269104172881665171e+01
-1.269104172881665171e+01
-1.269104172881665171e+01
