5.151929704780938124e+01
5.142179545239490324e+01
5.112694840008637698e+01
5.107091036597385880e+01
5.045846907434528816e+01
4.997341891780758516e+01
4.784087477165815017e+01
4.686623696965439478e+01
4.578173641070131339e+01
4.527300413996510997e+01
4.469987956685279329e+01
4.413634519080055441e+01
4.387248113409715700e+01
4.346769015957876547e+01
4.315451085757017324e+01
4.276560429025904853e+01
4.259293585578807040e+01
4.241178658891234932e+01
4.194385578776828538e+01
4.184482621395289925e+01
4.158037087122799846e+01
4.109260678088035945e+01
4.096855840857316622e+01
4.071048437547198517e+01
4.019895947707364314e+01
4.004041538792208144e+01
4.010972480102185500e+01
3.983183849541861576e+01
3.965435964955729276e+01
3.938992536705839598e+01
3.940949384167164737e+01
3.929150130298836530e+01
3.922436513976789030e+01
3.901349813927454591e+01
3.884855854296558419e+01
3.879238828876319189e+01
3.876528754389435250e+01
3.869764170556474880e+01
3.827522645638711651e+01
3.814031418997880962e+01
3.814642115310959269e+01
3.809444447811988255e+01
3.806953687861962976e+01
3.789139795887852813e+01
3.789718048767627323e+01
3.790065521678870653e+01
3.790411326997173802e+01
3.791027182139413299e+01
3.791307776550274866e+01
3.791905062668854498e+01
3.792236827545980304e+01
3.792821582414234172e+01
3.793132053008945803e+01
3.793641211760315457e+01
3.760641155070402419e+01
3.760944509027959270e+01
3.761443791732784803e+01
3.761920616505368287e+01
3.762394900196611047e+01
3.762857905983958062e+01
3.750772492996347296e+01
3.751244221454940231e+01
3.751930655102874823e+01
3.694524088729889399e+01
3.695030863174014968e+01
3.695408519056761065e+01
3.695929083401102844e+01
3.696489695575014878e+01
3.697345949447468172e+01
3.677588167620118043e+01
3.668871211436472635e+01
3.669158574319546773e+01
3.669447807315516741e+01
3.669982594851463631e+01
3.670261037932390025e+01
3.670529748258609715e+01
3.670775957713667026e+01
3.671301490210919383e+01
3.671537805901965612e+01
3.608059464260087168e+01
3.608227130976926134e+01
3.608513942229821936e+01
3.608844460748917982e+01
3.609179571332857961e+01
3.609443465353844260e+01
3.609761313026007201e+01
3.595083968183453749e+01
3.595212826942361062e+01
3.595609998951659492e+01
3.595867955682313521e+01
3.596261561430110021e+01
3.563132806110310469e+01
3.563478913908848966e+01
3.563589904903513883e+01
3.500137771238767925e+01
3.586483432741141542e+01
3.461118834254897081e+01
3.461447134254896696e+01
3.461447134254896696e+01
3.461758134254896646e+01
3.462092134254896791e+01
3.462092134254896791e+01
3.462396834254897016e+01
3.462396834254897016e+01
3.462707834254896966e+01
3.462707834254896966e+01
3.463021434254896747e+01
3.463021434254896747e+01
3.463315834254896686e+01
3.463315834254896686e+01
3.463623934254896852e+01
3.463623934254896852e+01
3.463919434254896856e+01
3.464202034254896745e+01
3.464202034254896745e+01
3.464506834254896717e+01
3.464506834254896717e+01
3.464782134254896562e+01
3.465067434254896739e+01
3.465067434254896739e+01
3.465343334254896490e+01
3.465609034254897125e+01
3.465609034254897125e+01
3.465888934254896725e+01
3.465888934254896725e+01
3.466147234254896858e+01
3.466400634254896573e+01
3.466400634254896573e+01
3.466669734254896440e+01
-1.000000000000000000e+01
-1.000000000000000000e+01
-1.000000000000000000e+01
-1.000000000000000000e+01
-1.000000000000000000e+01
-1.000000000000000000e+01
-1.000000000000000000e+01
-1.000000000000000000e+01
-1.000000000000000000e+01
-1.000000000000000000e+01
-1.000000000000000000e+01
-1.000000000000000000e+01
-1.000000000000000000e+01
-1.000000000000000000e+01
-1.000000000000000000e+01
-1.000000000000000000e+01
-1.000000000000000000e+01
-1.000000000000000000e+01
-1.000000000000000000e+01
-1.000000000000000000e+01
-1.000000000000000000e+01
-1.000000000000000000e+01
-1.000000000000000000e+01
-1.000000000000000000e+01
-1.000000000000000000e+01
-1.000000000000000000e+01
-1.000000000000000000e+01
-1.000000000000000000e+01
-1.000000000000000000e+01
-1.000000000000000000e+01
-1.000000000000000000e+01
-1.000000000000000000e+01
-1.000000000000000000e+01
-1.000000000000000000e+01
-1.000000000000000000e+01
-1.000000000000000000e+01
-1.000000000000000000e+01
-1.000000000000000000e+01
-1.000000000000000000e+01
-1.000000000000000000e+01
-1.000000000000000000e+01
-1.000000000000000000e+01
-1.000000000000000000e+01
-1.000000000000000000e+01
-1.000000000000000000e+01
-1.000000000000000000e+01
-1.000000000000000000e+01
-1.000000000000000000e+01
-1.000000000000000000e+01
-1.000000000000000000e+01
-1.000000000000000000e+01
-1.000000000000000000e+01
-1.000000000000000000e+01
-1.000000000000000000e+01
-1.000000000000000000e+01
-1.000000000000000000e+01
-1.000000000000000000e+01
-1.000000000000000000e+01
-1.000000000000000000e+01
-1.000000000000000000e+01
-1.000000000000000000e+01
-1.000000000000000000e+01
-1.000000000000000000e+01
-1.000000000000000000e+01
-1.000000000000000000e+01
-1.000000000000000000e+01
-1.000000000000000000e+01
-1.000000000000000000e+01
-1.000000000000000000e+01
-1.000000000000000000e+01
-1.000000000000000000e+01
-1.000000000000000000e+01
-1.000000000000000000e+01
-1.000000000000000000e+01
-1.000000000000000000e+01
-1.000000000000000000e+01
-1.000000000000000000e+01
-1.000000000000000000e+01
-1.000000000000000000e+01
-1.000000000000000000e+01
-1.000000000000000000e+01
-1.000000000000000000e+01
-1.000000000000000000e+01
-1.000000000000000000e+01
-1.000000000000000000e+01
-1.000000000000000000e+01
-1.000000000000000000e+01
-1.000000000000000000e+01
-1.000000000000000000e+01
-1.000000000000000000e+01
-1.000000000000000000e+01
-1.000000000000000000e+01
-1.000000000000000000e+01
-1.000000000000000000e+01
-1.000000000000000000e+01
-1.000000000000000000e+01
-1.000000000000000000e+01
-1.000000000000000000e+01
-1.000000000000000000e+01
-1.000000000000000000e+01
-1.000000000000000000e+01
-1.000000000000000000e+01
-1.000000000000000000e+01
-1.000000000000000000e+01
-1.000000000000000000e+01
-1.000000000000000000e+01
-1.000000000000000000e+01
-1.000000000000000000e+01
-1.000000000000000000e+01
-1.000000000000000000e+01
-1.000000000000000000e+01
-1.000000000000000000e+01
-1.000000000000000000e+01
-1.000000000000000000e+01
-1.000000000000000000e+01
-1.000000000000000000e+01
-1.000000000000000000e+01
-1.000000000000000000e+01
-1.000000000000000000e+01
-1.000000000000000000e+01
-1.000000000000000000e+01
-1.000000000000000000e+01
-1.000000000000000000e+01
-1.000000000000000000e+01
-1.000000000000000000e+01
-1.000000000000000000e+01
-1.000000000000000000e+01
-1.000000000000000000e+01
-1.000000000000000000e+01
-1.000000000000000000e+01
-1.000000000000000000e+01
-1.000000000000000000e+01
-1.000000000000000000e+01
-1.000000000000000000e+01
-1.000000000000000000e+01
-1.000000000000000000e+01
-1.000000000000000000e+01
-1.000000000000000000e+01
-1.000000000000000000e+01
-1.000000000000000000e+01
-1.000000000000000000e+01
-1.000000000000000000e+01
-1.000000000000000000e+01
-1.000000000000000000e+01
-1.000000000000000000e+01
-1.000000000000000000e+01
-1.000000000000000000e+01
-1.000000000000000000e+01
-1.000000000000000000e+01
-1.000000000000000000e+01
-1.000000000000000000e+01
-1.000000000000000000e+01
-1.000000000000000000e+01
-1.000000000000000000e+01
-1.000000000000000000e+01
-1.000000000000000000e+01
-1.000000000000000000e+01
-1.000000000000000000e+01
-1.000000000000000000e+01
-1.000000000000000000e+01
-1.000000000000000000e+01
-1.000000000000000000e+01
-1.000000000000000000e+01
-1.000000000000000000e+01
-1.000000000000000000e+01
-1.000000000000000000e+01
-1.000000000000000000e+01
-1.000000000000000000e+01
-1.000000000000000000e+01
-1.000000000000000000e+01
-1.000000000000000000e+01
-1.000000000000000000e+01
-1.000000000000000000e+01
-1.000000000000000000e+01
-1.000000000000000000e+01
-1.000000000000000000e+01
-1.000000000000000000e+01
-1.000000000000000000e+01
-1.000000000000000000e+01
-1.000000000000000000e+01
-1.000000000000000000e+01
-1.000000000000000000e+01
-1.000000000000000000e+01
-1.000000000000000000e+01
-1.000000000000000000e+01
-1.000000000000000000e+01
-1.000000000000000000e+01
-1.000000000000000000e+01
-1.000000000000000000e+01
-1.000000000000000000e+01
-1.000000000000000000e+01
-1.000000000000000000e+01
-1.000000000000000000e+01
-1.000000000000000000e+01
-1.000000000000000000e+01
-1.000000000000000000e+01
-1.000000000000000000e+01
-1.000000000000000000e+01
-1.000000000000000000e+01
-1.000000000000000000e+01
-1.000000000000000000e+01
-1.000000000000000000e+01
-1.000000000000000000e+01
-1.000000000000000000e+01
-1.000000000000000000e+01
-1.000000000000000000e+01
-1.000000000000000000e+01
-1.000000000000000000e+01
-1.000000000000000000e+01
-1.000000000000000000e+01
-1.000000000000000000e+01
-1.000000000000000000e+01
-1.000000000000000000e+01
-1.000000000000000000e+01
-1.000000000000000000e+01
-1.000000000000000000e+01
-1.000000000000000000e+01
-1.000000000000000000e+01
-1.000000000000000000e+01
-1.000000000000000000e+01
-1.000000000000000000e+01
-1.000000000000000000e+01
-1.000000000000000000e+01
-1.000000000000000000e+01
-1.000000000000000000e+01
-1.000000000000000000e+01
-1.000000000000000000e+01
-1.000000000000000000e+01
-1.000000000000000000e+01
-1.000000000000000000e+01
-1.000000000000000000e+01
-1.000000000000000000e+01
-1.000000000000000000e+01
-1.000000000000000000e+01
-1.000000000000000000e+01
-1.000000000000000000e+01
-1.000000000000000000e+01
-1.000000000000000000e+01
-1.000000000000000000e+01
-1.000000000000000000e+01
-1.000000000000000000e+01
-1.000000000000000000e+01
-1.000000000000000000e+01
-1.000000000000000000e+01
-1.000000000000000000e+01
-1.000000000000000000e+01
-1.000000000000000000e+01
-1.000000000000000000e+01
-1.000000000000000000e+01
-1.000000000000000000e+01
-1.000000000000000000e+01
-1.000000000000000000e+01
-1.000000000000000000e+01
-1.000000000000000000e+01
-1.000000000000000000e+01
-1.000000000000000000e+01
-1.000000000000000000e+01
-1.000000000000000000e+01
-1.000000000000000000e+01
-1.000000000000000000e+01
-1.000000000000000000e+01
-1.000000000000000000e+01
-1.000000000000000000e+01
-1.000000000000000000e+01
-1.000000000000000000e+01
-1.000000000000000000e+01
-1.000000000000000000e+01
-1.000000000000000000e+01
-1.000000000000000000e+01
-1.000000000000000000e+01
-1.000000000000000000e+01
-1.000000000000000000e+01
-1.000000000000000000e+01
-1.000000000000000000e+01
-1.000000000000000000e+01
-1.000000000000000000e+01
-1.000000000000000000e+01
-1.000000000000000000e+01
-1.000000000000000000e+01
-1.000000000000000000e+01
-1.000000000000000000e+01
-1.000000000000000000e+01
-1.000000000000000000e+01
-1.000000000000000000e+01
-1.000000000000000000e+01
-1.000000000000000000e+01
-1.000000000000000000e+01
-1.000000000000000000e+01
-1.000000000000000000e+01
-1.000000000000000000e+01
-1.000000000000000000e+01
-1.000000000000000000e+01
-1.000000000000000000e+01
-1.000000000000000000e+01
-1.000000000000000000e+01
-1.000000000000000000e+01
-1.000000000000000000e+01
-1.000000000000000000e+01
-1.000000000000000000e+01
-1.000000000000000000e+01
-1.000000000000000000e+01
-1.000000000000000000e+01
-1.000000000000000000e+01
-1.000000000000000000e+01
-1.000000000000000000e+01
-1.000000000000000000e+01
-1.000000000000000000e+01
-1.000000000000000000e+01
-1.000000000000000000e+01
-1.000000000000000000e+01
-1.000000000000000000e+01
-1.000000000000000000e+01
-1.000000000000000000e+01
-1.000000000000000000e+01
-1.000000000000000000e+01
-1.000000000000000000e+01
-1.000000000000000000e+01
-1.000000000000000000e+01
-1.000000000000000000e+01
-1.000000000000000000e+01
-1.000000000000000000e+01
-1.000000000000000000e+01
-1.000000000000000000e+01
-1.000000000000000000e+01
-1.000000000000000000e+01
-1.000000000000000000e+01
-1.000000000000000000e+01
-1.000000000000000000e+01
-1.000000000000000000e+01
-1.000000000000000000e+01
-1.000000000000000000e+01
-1.000000000000000000e+01
-1.000000000000000000e+01
-1.000000000000000000e+01
-1.000000000000000000e+01
-1.000000000000000000e+01
-1.000000000000000000e+01
-1.000000000000000000e+01
-1.000000000000000000e+01
-1.000000000000000000e+01
-1.000000000000000000e+01
-1.000000000000000000e+01
-1.000000000000000000e+01
-1.000000000000000000e+01
-1.000000000000000000e+01
-1.000000000000000000e+01
-1.000000000000000000e+01
-1.000000000000000000e+01
-1.000000000000000000e+01
-1.000000000000000000e+01
-1.000000000000000000e+01
-1.000000000000000000e+01
-1.000000000000000000e+01
-1.000000000000000000e+01
-1.000000000000000000e+01
-1.000000000000000000e+01
-1.000000000000000000e+01
-1.000000000000000000e+01
-1.000000000000000000e+01
-1.000000000000000000e+01
-1.000000000000000000e+01
-1.000000000000000000e+01
-1.000000000000000000e+01
-1.000000000000000000e+01
-1.000000000000000000e+01
-1.000000000000000000e+01
-1.000000000000000000e+01
-1.000000000000000000e+01
-1.000000000000000000e+01
-1.000000000000000000e+01
-1.000000000000000000e+01
-1.000000000000000000e+01
-1.000000000000000000e+01
-1.000000000000000000e+01
-1.000000000000000000e+01
-1.000000000000000000e+01
-1.000000000000000000e+01
-1.000000000000000000e+01
-1.000000000000000000e+01
-1.000000000000000000e+01
-1.000000000000000000e+01
-1.000000000000000000e+01
-1.000000000000000000e+01
-1.000000000000000000e+01
-1.000000000000000000e+01
-1.000000000000000000e+01
-1.000000000000000000e+01
-1.000000000000000000e+01
-1.000000000000000000e+01
-1.000000000000000000e+01
-1.000000000000000000e+01
-1.000000000000000000e+01
-1.000000000000000000e+01
-1.000000000000000000e+01
-1.000000000000000000e+01
-1.000000000000000000e+01
-1.000000000000000000e+01
-1.000000000000000000e+01
-1.000000000000000000e+01
-1.000000000000000000e+01
-1.000000000000000000e+01
-1.000000000000000000e+01
-1.000000000000000000e+01
-1.000000000000000000e+01
-1.000000000000000000e+01
-1.000000000000000000e+01
-1.000000000000000000e+01
-1.000000000000000000e+01
-1.000000000000000000e+01
-1.000000000000000000e+01
-1.000000000000000000e+01
-1.000000000000000000e+01
-1.000000000000000000e+01
-1.000000000000000000e+01
-1.000000000000000000e+01
-1.000000000000000000e+01
-1.000000000000000000e+01
-1.000000000000000000e+01
-1.000000000000000000e+01
-1.000000000000000000e+01
-1.000000000000000000e+01
-1.000000000000000000e+01
-1.000000000000000000e+01
-1.000000000000000000e+01
-1.000000000000000000e+01
-1.000000000000000000e+01
-1.000000000000000000e+01
-1.000000000000000000e+01
-1.000000000000000000e+01
-1.000000000000000000e+01
-1.000000000000000000e+01
-1.000000000000000000e+01
-1.000000000000000000e+01
-1.000000000000000000e+01
-1.000000000000000000e+01
-1.000000000000000000e+01
-1.000000000000000000e+01
-1.000000000000000000e+01
-1.000000000000000000e+01
-1.000000000000000000e+01
-1.000000000000000000e+01
-1.000000000000000000e+01
-1.000000000000000000e+01
-1.000000000000000000e+01
-1.000000000000000000e+01
-1.000000000000000000e+01
-1.000000000000000000e+01
-1.000000000000000000e+01
-1.000000000000000000e+01
-1.000000000000000000e+01
-1.000000000000000000e+01
-1.000000000000000000e+01
-1.000000000000000000e+01
-1.000000000000000000e+01
-1.000000000000000000e+01
-1.000000000000000000e+01
-1.000000000000000000e+01
-1.000000000000000000e+01
-1.000000000000000000e+01
-1.000000000000000000e+01
-1.000000000000000000e+01
-1.000000000000000000e+01
-1.000000000000000000e+01
-1.000000000000000000e+01
-1.000000000000000000e+01
-1.000000000000000000e+01
-1.000000000000000000e+01
-1.000000000000000000e+01
-1.000000000000000000e+01
-1.000000000000000000e+01
-1.000000000000000000e+01
-1.000000000000000000e+01
-1.000000000000000000e+01
-1.000000000000000000e+01
-1.000000000000000000e+01
-1.000000000000000000e+01
-1.000000000000000000e+01
-1.000000000000000000e+01
-1.000000000000000000e+01
-1.000000000000000000e+01
-1.000000000000000000e+01
-1.000000000000000000e+01
-1.000000000000000000e+01
-1.000000000000000000e+01
-1.000000000000000000e+01
-1.000000000000000000e+01
-1.000000000000000000e+01
-1.000000000000000000e+01
-1.000000000000000000e+01
-1.000000000000000000e+01
-1.000000000000000000e+01
-1.000000000000000000e+01
-1.000000000000000000e+01
-1.000000000000000000e+01
-1.000000000000000000e+01
-1.000000000000000000e+01
-1.000000000000000000e+01
-1.000000000000000000e+01
-1.000000000000000000e+01
-1.000000000000000000e+01
-1.000000000000000000e+01
-1.000000000000000000e+01
-1.000000000000000000e+01
-1.000000000000000000e+01
-1.000000000000000000e+01
-1.000000000000000000e+01
-1.000000000000000000e+01
-1.000000000000000000e+01
-1.000000000000000000e+01
-1.000000000000000000e+01
-1.000000000000000000e+01
-1.000000000000000000e+01
-1.000000000000000000e+01
-1.000000000000000000e+01
-1.000000000000000000e+01
-1.000000000000000000e+01
-1.000000000000000000e+01
-1.000000000000000000e+01
-1.000000000000000000e+01
-1.000000000000000000e+01
-1.000000000000000000e+01
-1.000000000000000000e+01
-1.000000000000000000e+01
-1.000000000000000000e+01
-1.000000000000000000e+01
-1.000000000000000000e+01
-1.000000000000000000e+01
-1.000000000000000000e+01
-1.000000000000000000e+01
-1.000000000000000000e+01
-1.000000000000000000e+01
-1.000000000000000000e+01
-1.000000000000000000e+01
-1.000000000000000000e+01
-1.000000000000000000e+01
-1.000000000000000000e+01
-1.000000000000000000e+01
-1.000000000000000000e+01
-1.000000000000000000e+01
-1.000000000000000000e+01
-1.000000000000000000e+01
-1.000000000000000000e+01
-1.000000000000000000e+01
-1.000000000000000000e+01
-1.000000000000000000e+01
-1.000000000000000000e+01
-1.000000000000000000e+01
-1.000000000000000000e+01
-1.000000000000000000e+01
-1.000000000000000000e+01
-1.000000000000000000e+01
-1.000000000000000000e+01
-1.000000000000000000e+01
-1.000000000000000000e+01
-1.000000000000000000e+01
-1.000000000000000000e+01
-1.000000000000000000e+01
-1.000000000000000000e+01
-1.000000000000000000e+01
-1.000000000000000000e+01
-1.000000000000000000e+01
-1.000000000000000000e+01
-1.000000000000000000e+01
-1.000000000000000000e+01
-1.000000000000000000e+01
-1.000000000000000000e+01
-1.000000000000000000e+01
-1.000000000000000000e+01
-1.000000000000000000e+01
-1.000000000000000000e+01
-1.000000000000000000e+01
-1.000000000000000000e+01
-1.000000000000000000e+01
-1.000000000000000000e+01
-1.000000000000000000e+01
-1.000000000000000000e+01
-1.000000000000000000e+01
-1.000000000000000000e+01
-1.000000000000000000e+01
-1.000000000000000000e+01
-1.000000000000000000e+01
-1.000000000000000000e+01
-1.000000000000000000e+01
-1.000000000000000000e+01
-1.000000000000000000e+01
-1.000000000000000000e+01
-1.000000000000000000e+01
-1.000000000000000000e+01
-1.000000000000000000e+01
-1.000000000000000000e+01
-1.000000000000000000e+01
-1.000000000000000000e+01
-1.000000000000000000e+01
-1.000000000000000000e+01
-1.000000000000000000e+01
-1.000000000000000000e+01
-1.000000000000000000e+01
-1.000000000000000000e+01
-1.000000000000000000e+01
-1.000000000000000000e+01
-1.000000000000000000e+01
-1.000000000000000000e+01
-1.000000000000000000e+01
-1.000000000000000000e+01
-1.000000000000000000e+01
-1.000000000000000000e+01
-1.000000000000000000e+01
-1.000000000000000000e+01
-1.000000000000000000e+01
-1.000000000000000000e+01
-1.000000000000000000e+01
-1.000000000000000000e+01
-1.000000000000000000e+01
-1.000000000000000000e+01
-1.000000000000000000e+01
-1.000000000000000000e+01
-1.000000000000000000e+01
-1.000000000000000000e+01
-1.000000000000000000e+01
-1.000000000000000000e+01
-1.000000000000000000e+01
-1.000000000000000000e+01
-1.000000000000000000e+01
-1.000000000000000000e+01
-1.000000000000000000e+01
-1.000000000000000000e+01
-1.000000000000000000e+01
-1.000000000000000000e+01
-1.000000000000000000e+01
-1.000000000000000000e+01
-1.000000000000000000e+01
-1.000000000000000000e+01
-1.000000000000000000e+01
-1.000000000000000000e+01
-1.000000000000000000e+01
-1.000000000000000000e+01
-1.000000000000000000e+01
-1.000000000000000000e+01
-1.000000000000000000e+01
-1.000000000000000000e+01
-1.000000000000000000e+01
-1.000000000000000000e+01
-1.000000000000000000e+01
-1.000000000000000000e+01
-1.000000000000000000e+01
-1.000000000000000000e+01
-1.000000000000000000e+01
-1.000000000000000000e+01
-1.000000000000000000e+01
-1.000000000000000000e+01
-1.000000000000000000e+01
-1.000000000000000000e+01
-1.000000000000000000e+01
-1.000000000000000000e+01
-1.000000000000000000e+01
-1.000000000000000000e+01
-1.000000000000000000e+01
-1.000000000000000000e+01
-1.000000000000000000e+01
-1.000000000000000000e+01
-1.000000000000000000e+01
-1.000000000000000000e+01
-1.000000000000000000e+01
-1.000000000000000000e+01
-1.000000000000000000e+01
-1.000000000000000000e+01
-1.000000000000000000e+01
-1.000000000000000000e+01
-1.000000000000000000e+01
-1.000000000000000000e+01
-1.000000000000000000e+01
-1.000000000000000000e+01
-1.000000000000000000e+01
-1.000000000000000000e+01
-1.000000000000000000e+01
-1.000000000000000000e+01
-1.000000000000000000e+01
-1.000000000000000000e+01
-1.000000000000000000e+01
-1.000000000000000000e+01
-1.000000000000000000e+01
-1.000000000000000000e+01
-1.000000000000000000e+01
-1.000000000000000000e+01
-1.000000000000000000e+01
-1.000000000000000000e+01
-1.000000000000000000e+01
-1.000000000000000000e+01
-1.000000000000000000e+01
-1.000000000000000000e+01
-1.000000000000000000e+01
-1.000000000000000000e+01
-1.000000000000000000e+01
-1.000000000000000000e+01
-1.000000000000000000e+01
-1.000000000000000000e+01
-1.000000000000000000e+01
-1.000000000000000000e+01
-1.000000000000000000e+01
-1.000000000000000000e+01
-1.000000000000000000e+01
-1.000000000000000000e+01
-1.000000000000000000e+01
-1.000000000000000000e+01
-1.000000000000000000e+01
-1.000000000000000000e+01
-1.000000000000000000e+01
-1.000000000000000000e+01
-1.000000000000000000e+01
-1.000000000000000000e+01
-1.000000000000000000e+01
-1.000000000000000000e+01
-1.000000000000000000e+01
-1.000000000000000000e+01
-1.000000000000000000e+01
-1.000000000000000000e+01
-1.000000000000000000e+01
-1.000000000000000000e+01
-1.000000000000000000e+01
-1.000000000000000000e+01
-1.000000000000000000e+01
-1.000000000000000000e+01
-1.000000000000000000e+01
-1.000000000000000000e+01
-1.000000000000000000e+01
-1.000000000000000000e+01
-1.000000000000000000e+01
-1.000000000000000000e+01
-1.000000000000000000e+01
-1.000000000000000000e+01
-1.000000000000000000e+01
-1.000000000000000000e+01
-1.000000000000000000e+01
-1.000000000000000000e+01
-1.000000000000000000e+01
-1.000000000000000000e+01
-1.000000000000000000e+01
-1.000000000000000000e+01
-1.000000000000000000e+01
-1.000000000000000000e+01
-1.000000000000000000e+01
-1.000000000000000000e+01
-1.000000000000000000e+01
-1.000000000000000000e+01
-1.000000000000000000e+01
-1.000000000000000000e+01
-1.000000000000000000e+01
-1.000000000000000000e+01
-1.000000000000000000e+01
-1.000000000000000000e+01
-1.000000000000000000e+01
-1.000000000000000000e+01
-1.000000000000000000e+01
-1.000000000000000000e+01
-1.000000000000000000e+01
-1.000000000000000000e+01
-1.000000000000000000e+01
-1.000000000000000000e+01
-1.000000000000000000e+01
-1.000000000000000000e+01
-1.000000000000000000e+01
-1.000000000000000000e+01
-1.000000000000000000e+01
-1.000000000000000000e+01
-1.000000000000000000e+01
-1.000000000000000000e+01
-1.000000000000000000e+01
-1.000000000000000000e+01
-1.000000000000000000e+01
-1.000000000000000000e+01
-1.000000000000000000e+01
-1.000000000000000000e+01
-1.000000000000000000e+01
-1.000000000000000000e+01
-1.000000000000000000e+01
-1.000000000000000000e+01
-1.000000000000000000e+01
-1.000000000000000000e+01
-1.000000000000000000e+01
-1.000000000000000000e+01
-1.000000000000000000e+01
-1.000000000000000000e+01
-1.000000000000000000e+01
-1.000000000000000000e+01
-1.000000000000000000e+01
-1.000000000000000000e+01
-1.000000000000000000e+01
-1.000000000000000000e+01
-1.000000000000000000e+01
-1.000000000000000000e+01
-1.000000000000000000e+01
-1.000000000000000000e+01
-1.000000000000000000e+01
-1.000000000000000000e+01
-1.000000000000000000e+01
-1.000000000000000000e+01
-1.000000000000000000e+01
-1.000000000000000000e+01
-1.000000000000000000e+01
-1.000000000000000000e+01
-1.000000000000000000e+01
-1.000000000000000000e+01
-1.000000000000000000e+01
-1.000000000000000000e+01
-1.000000000000000000e+01
-1.000000000000000000e+01
-1.000000000000000000e+01
-1.000000000000000000e+01
-1.000000000000000000e+01
-1.000000000000000000e+01
-1.000000000000000000e+01
-1.000000000000000000e+01
-1.000000000000000000e+01
-1.000000000000000000e+01
-1.000000000000000000e+01
-1.000000000000000000e+01
-1.000000000000000000e+01
-1.000000000000000000e+01
-1.000000000000000000e+01
-1.000000000000000000e+01
-1.000000000000000000e+01
-1.000000000000000000e+01
-1.000000000000000000e+01
-1.000000000000000000e+01
-1.000000000000000000e+01
-1.000000000000000000e+01
-1.000000000000000000e+01
-1.000000000000000000e+01
-1.000000000000000000e+01
-1.000000000000000000e+01
-1.000000000000000000e+01
-1.000000000000000000e+01
-1.000000000000000000e+01
-1.000000000000000000e+01
-1.000000000000000000e+01
-1.000000000000000000e+01
-1.000000000000000000e+01
-1.000000000000000000e+01
-1.000000000000000000e+01
-1.000000000000000000e+01
-1.000000000000000000e+01
-1.000000000000000000e+01
-1.000000000000000000e+01
-1.000000000000000000e+01
-1.000000000000000000e+01
-1.000000000000000000e+01
-1.000000000000000000e+01
-1.000000000000000000e+01
-1.000000000000000000e+01
-1.000000000000000000e+01
-1.000000000000000000e+01
-1.000000000000000000e+01
-1.000000000000000000e+01
-1.000000000000000000e+01
-1.000000000000000000e+01
-1.000000000000000000e+01
-1.000000000000000000e+01
-1.000000000000000000e+01
-1.000000000000000000e+01
-1.000000000000000000e+01
-1.000000000000000000e+01
-1.000000000000000000e+01
-1.000000000000000000e+01
-1.000000000000000000e+01
-1.000000000000000000e+01
-1.000000000000000000e+01
-1.000000000000000000e+01
-1.000000000000000000e+01
-1.000000000000000000e+01
-1.000000000000000000e+01
-1.000000000000000000e+01
