5.215521284549166126e+01
5.214622269605094829e+01
5.207107567152944227e+01
5.185292464647552890e+01
5.129470031743430525e+01
5.079256992706710605e+01
5.015831944335317161e+01
4.953074839400122187e+01
4.904011394924482659e+01
4.876838358671173523e+01
4.846206431592283081e+01
4.816237216673169996e+01
4.801052437413084562e+01
4.782081781981244717e+01
4.763903812897032708e+01
4.744677835602177396e+01
4.735008316210248580e+01
4.726501451271057164e+01
4.711802359446616606e+01
4.706222696589749432e+01
4.696418276533082548e+01
4.682839544528771825e+01
4.675462357339439734e+01
4.665714550097155922e+01
4.651332496848762332e+01
4.642128172550239640e+01
4.635761854787676128e+01
4.626851517456768192e+01
4.618324209451996865e+01
4.609474545431423564e+01
4.608182685206831763e+01
4.601179501392753224e+01
4.595037640499086251e+01
4.579945625080733151e+01
4.574399175265939022e+01
4.569832385648568618e+01
4.568215501418066538e+01
4.560470487026802289e+01
4.529747063997294987e+01
4.526485455458735885e+01
4.525711242921197197e+01
4.518995082357719184e+01
4.514785465000323228e+01
4.479739034159467792e+01
4.480314018843149881e+01
4.480660805933945312e+01
4.481005929571122692e+01
4.481619992534005803e+01
4.481898660331042095e+01
4.482493503402540114e+01
4.482825485787728326e+01
4.483407926998287252e+01
4.483717961729043111e+01
4.484224381519149460e+01
4.452316415868795474e+01
4.452618483984755926e+01
4.453117100554241858e+01
4.453591929420209539e+01
4.454062491060275875e+01
4.454525172921032095e+01
4.442824618503104972e+01
4.443292885066175302e+01
4.443974837748936579e+01
4.408389592382974342e+01
4.408968720208871872e+01
4.409378921783639527e+01
4.409978982122311919e+01
4.410637578364851663e+01
4.411702267975296365e+01
4.384052727191146204e+01
4.364137794917370172e+01
4.364416589548286396e+01
4.364708305423373247e+01
4.365227250094275746e+01
4.365507509559903099e+01
4.365768319756776350e+01
4.366007332148099351e+01
4.366528095383138464e+01
4.366752002962293489e+01
4.317465059851443243e+01
4.317632438486778312e+01
4.317918759513243288e+01
4.318248737657802394e+01
4.318583283686474772e+01
4.318846736180256585e+01
4.319164595407021068e+01
4.322325283456491718e+01
4.322484017056345351e+01
4.322892886213320196e+01
4.323210236020612740e+01
4.323617206676978242e+01
4.284678296255739127e+01
4.285062581792227121e+01
4.285350468097115595e+01
4.254437953895225633e+01
4.322845874611939365e+01
4.198330713158559035e+01
4.198658342333083482e+01
4.198658342333083482e+01
4.198960930277979742e+01
4.199285961149713842e+01
4.199285961149713842e+01
4.199582537185376907e+01
4.199582537185376907e+01
4.199894096601418880e+01
4.199894096601418880e+01
4.200199389161978303e+01
4.200199389161978303e+01
4.200486043311402540e+01
4.200486043311402540e+01
4.200794311711840834e+01
4.200794311833091399e+01
4.201082087175707613e+01
4.201357347469970449e+01
4.201357347469970449e+01
4.201654643368937059e+01
4.201662410622068933e+01
4.201930603489809357e+01
4.202208584365172328e+01
4.202208584365172328e+01
4.202477450811846893e+01
4.202736418326519185e+01
4.202744453318388906e+01
4.203017253996661395e+01
4.203017253996661395e+01
4.203269041982879628e+01
4.203480556817648051e+01
4.203488706192455027e+01
4.203751265198978615e+01
4.165471569178889411e+01
4.165697281246897887e+01
4.165697281246897887e+01
4.165937951402825945e+01
4.166172466495938664e+01
4.166172466495938664e+01
4.166384931080571619e+01
4.166607500554684407e+01
4.166813521945701382e+01
4.167041099644593061e+01
4.167041099644593061e+01
4.167248563695275720e+01
4.167441936252821932e+01
4.131129848254254000e+01
4.131306741849594744e+01
4.131350201505382813e+01
4.131516678022303068e+01
4.131695866718700927e+01
4.131854357510557207e+01
4.132015546544394624e+01
4.132214832493377799e+01
4.132364205635306575e+01
4.129520406189135429e+01
4.129667586028006809e+01
4.109161419526962078e+01
4.109367531938953988e+01
4.109493273245276157e+01
4.109626849070649257e+01
4.109756489652652078e+01
4.109890759198364663e+01
4.110041510105052964e+01
4.110431603946280177e+01
4.110610638533334793e+01
4.110825449767679629e+01
4.111128971366385088e+01
4.104570202566355164e+01
4.105493294434572249e+01
4.131312880433793566e+01
4.113611842308483801e+01
4.028560011432755061e+01
3.991258140412726618e+01
3.991258093177206945e+01
3.991258093177206945e+01
3.991258093177206945e+01
3.991258110087409250e+01
3.991546619586265621e+01
3.991546619586265621e+01
3.991546619586265621e+01
3.991555476558395554e+01
3.991555476558395554e+01
3.991875479001402027e+01
3.991875479001402027e+01
3.991875479001402027e+01
3.991875479001402027e+01
3.991875479001402027e+01
3.992130527532444972e+01
3.992130527532444972e+01
3.992140453103739617e+01
3.992140453103739617e+01
3.992408573901370517e+01
3.992408573901370517e+01
3.992408573901370517e+01
3.992408573901370517e+01
3.992408573901370517e+01
3.992703693768253714e+01
3.992703709695528147e+01
3.992703709695528147e+01
3.992712612154163310e+01
3.992973422012248363e+01
3.992973422012248363e+01
3.992973422012248363e+01
3.992973422012248363e+01
3.992973422012248363e+01
3.993214892258960447e+01
3.993214892258960447e+01
3.993214892258960447e+01
3.993223626689641748e+01
3.993506776986790641e+01
3.993506776986790641e+01
3.993506777040086320e+01
3.993506777040086320e+01
3.993758084085342830e+01
3.993758084085342830e+01
3.993758084085342830e+01
3.993758084085342830e+01
3.994002662623114475e+01
3.994011405834133654e+01
3.994011405834133654e+01
3.994011405834133654e+01
3.994011405834133654e+01
3.994291748887810911e+01
3.994291748887810911e+01
3.994291748887810911e+01
3.994291748887810911e+01
3.994540429598342257e+01
3.994549587414388725e+01
3.994549587414388725e+01
3.994549587414388725e+01
3.994786523592974703e+01
3.994786523592974703e+01
3.994786523592974703e+01
3.995014089870453233e+01
3.995014089870453233e+01
3.995022680326073328e+01
3.995022680326073328e+01
3.949597301898802471e+01
3.949597301898802471e+01
3.949597301898802471e+01
3.949597301898802471e+01
3.949810941906561368e+01
3.949810941906561368e+01
3.949810941906561368e+01
3.949835303682110066e+01
3.950047458616864304e+01
3.950047458616864304e+01
3.950047458616864304e+01
3.950047458616864304e+01
3.950269867842985150e+01
3.950269867842985150e+01
3.950269867842985150e+01
3.950506756972538369e+01
3.950529838425606499e+01
3.950529838425606499e+01
3.950529838425606499e+01
3.950710366739769341e+01
3.950710366739769341e+01
3.950710366739769341e+01
3.950905577355085541e+01
3.950905577355085541e+01
3.950928617460431980e+01
3.950928617460431980e+01
3.951117578669219199e+01
3.951117578669219199e+01
3.951117578669219199e+01
3.951301394093486863e+01
3.951301394093486863e+01
3.951301394093486863e+01
3.949315699856295225e+01
3.949526393293595561e+01
3.949526393293595561e+01
3.949526393293595561e+01
3.949708735363840617e+01
3.949708735363840617e+01
3.949708735363840617e+01
3.949885970402510793e+01
3.949896727016373887e+01
3.949896727016373887e+01
3.950116791896341795e+01
3.950116791896341795e+01
3.950116791896341795e+01
3.897236085757805313e+01
3.897236085757805313e+01
3.897236085757805313e+01
3.897272877998183560e+01
3.897449840057250725e+01
3.897449840057250725e+01
3.897449840057250725e+01
3.897609135076879738e+01
3.897609135076879738e+01
3.897609135076879738e+01
3.897748572659493504e+01
3.897787098592684174e+01
3.897787098592684174e+01
3.897902676361766083e+01
3.897902676361766083e+01
3.898052037388563917e+01
3.898052037388563917e+01
3.898052037388563917e+01
3.898201997988272893e+01
3.898237311842691355e+01
3.898237311842691355e+01
3.898359056242842513e+01
3.898359056242842513e+01
3.898359056242842513e+01
3.898466329059887414e+01
3.898466329059887414e+01
3.871566876313821126e+01
3.871566876313821126e+01
3.871566876313821126e+01
3.871657889426716537e+01
3.871657889426716537e+01
3.871657946899242120e+01
3.871760918541559704e+01
3.871760918541559704e+01
3.871907421090739376e+01
3.871907421090739376e+01
3.871907421090739376e+01
3.872017063125404945e+01
3.872017063125404945e+01
3.850665350743766169e+01
3.850665350743766169e+01
3.850769709108895711e+01
3.850831190649654445e+01
3.850831190649654445e+01
3.850885088628908193e+01
3.850885088628908193e+01
3.846049041009737124e+01
3.846049041009737124e+01
3.846049041009737124e+01
3.846223701712908394e+01
3.846223811487728028e+01
3.846301101546910672e+01
3.846301101546910672e+01
3.830034217614706904e+01
3.830034217614706904e+01
3.830069932872801530e+01
3.830236335995709851e+01
3.830274415833579837e+01
3.830274417984821866e+01
3.830312003760334250e+01
3.830312003760334250e+01
3.830357670828178129e+01
3.830357670828178129e+01
3.811989077972181406e+01
3.811989077972181406e+01
3.812077228244004345e+01
3.812077228244004345e+01
3.793860440789173794e+01
3.793860834432049955e+01
3.793922836600707171e+01
3.794091358320795848e+01
3.794165007206413520e+01
3.794201259065086163e+01
3.794269130265990952e+01
3.794349313644408994e+01
3.813230405773023790e+01
3.813554074405527672e+01
3.814126152804510639e+01
3.864995605030169656e+01
3.905433335173131582e+01
3.844125379873559467e+01
3.818935488477139018e+01
3.797546947650981508e+01
3.782530133568405972e+01
3.781989020863515805e+01
3.781949247972858785e+01
3.781949706051703686e+01
3.781949706051703686e+01
3.781949706051703686e+01
3.781949009216990021e+01
3.782167207327967162e+01
3.782167207327967162e+01
3.782167207327967162e+01
3.782167207327967162e+01
3.782167207327967162e+01
3.782167207327967162e+01
3.782167207327967162e+01
3.782384309460214666e+01
3.782384309460214666e+01
3.782384309460214666e+01
3.782384309460214666e+01
3.782384309460214666e+01
3.782384309460214666e+01
3.782592330100209210e+01
3.782592796609907282e+01
3.782592796609907282e+01
3.782592796609907282e+01
3.782592796609907282e+01
3.782592796609907282e+01
3.782592796609907282e+01
3.782822677029658820e+01
3.782822677029658820e+01
3.782822677029658820e+01
3.782822677029658820e+01
3.782822677029658820e+01
3.782822677029658820e+01
3.745451174857129217e+01
3.745451174857129217e+01
3.745451174857129217e+01
3.745451174857129217e+01
3.745451179226049732e+01
3.745452268690580411e+01
3.745452268690580411e+01
3.745646029639692642e+01
3.745646029639692642e+01
3.745646029639692642e+01
3.745646029639692642e+01
3.745646029639692642e+01
3.745646029639692642e+01
3.745852240795271371e+01
3.745852240795271371e+01
3.745852240795271371e+01
3.745852240795271371e+01
3.745852240795271371e+01
3.745852240795271371e+01
3.746046208583867099e+01
3.746046208583867099e+01
3.746046208583867099e+01
3.746047325405393735e+01
3.746047325405393735e+01
3.746047325405393735e+01
3.746287195224343236e+01
3.746287195224343236e+01
3.746287195224343236e+01
3.746287195224343236e+01
3.746287195224343236e+01
3.746287195224343236e+01
3.746428590637890466e+01
3.746428590637890466e+01
3.746428590637890466e+01
3.746428590637890466e+01
3.746428594875798268e+01
3.746599865174357546e+01
3.746599865174357546e+01
3.746599865174357546e+01
3.746600933367045627e+01
3.746600933367045627e+01
3.746600933367045627e+01
3.698535760085591306e+01
3.698535760085591306e+01
3.698535760085591306e+01
3.698535760085591306e+01
3.698535760085591306e+01
3.698535760085591306e+01
3.698691235108272224e+01
3.698691235108272224e+01
3.698691235108272224e+01
3.698691235108272224e+01
3.698691235108272224e+01
3.698868041211581215e+01
3.698868041211581215e+01
3.698871575885922880e+01
3.698871575885922880e+01
3.698871575885922880e+01
3.698871575885922880e+01
3.699018267787050718e+01
3.699018267787050718e+01
3.699018267787050718e+01
3.699018267787050718e+01
3.699018267787050718e+01
3.699180564304159446e+01
3.699179887315698068e+01
3.699179887315698068e+01
3.699179887315698068e+01
3.699179887315698068e+01
3.699339429788066980e+01
3.699339429788066980e+01
3.699342346831605965e+01
3.699342346831605965e+01
3.699342346831605965e+01
3.699472366858439898e+01
3.699472366858439898e+01
3.699472366858439898e+01
3.699472366858439898e+01
3.699472366858439898e+01
3.633233903344958549e+01
3.633233903344958549e+01
3.633233903344958549e+01
3.633233903344958549e+01
3.633233903344958549e+01
3.633364496075272854e+01
3.633364496075272854e+01
3.633364496075272854e+01
3.633378920810297075e+01
3.633378920810297075e+01
3.633487746274948194e+01
3.633487746274948194e+01
3.633487746274948194e+01
3.633487746274948194e+01
3.633487746274948194e+01
3.633595364594713573e+01
3.633595401695073690e+01
3.633595401695073690e+01
3.633595401695073690e+01
3.633595401695073690e+01
3.633705955919116093e+01
3.633705955919116093e+01
3.633705955919116093e+01
3.633705955919116093e+01
3.633719543475572777e+01
3.633813225822454740e+01
3.633813225822454740e+01
3.633813225822454740e+01
3.633813225822454740e+01
3.570964854103331731e+01
3.570964854103331731e+01
3.570964854103331731e+01
3.570964854103331731e+01
3.570964854103331731e+01
3.571051932198282231e+01
3.571051932198282231e+01
3.571051932198282231e+01
3.571051932198282231e+01
3.571090902864565919e+01
3.562552745819468214e+01
3.562552745819468214e+01
3.562552745819468214e+01
3.562642330494659859e+01
3.562642330494659859e+01
3.562642330494659859e+01
3.562642516120406100e+01
3.562642516120406100e+01
3.562708570189532509e+01
3.562708570189532509e+01
3.562708570189532509e+01
3.562708570189532509e+01
3.562772067713095225e+01
3.562772067713095225e+01
3.562772067713095225e+01
3.562792554334907891e+01
3.515576578848292399e+01
3.515576578848292399e+01
3.515576578848292399e+01
3.515576578848292399e+01
3.515633934488404577e+01
3.515633934488404577e+01
3.515633934488404577e+01
3.515633934488404577e+01
3.515679897194907966e+01
3.515679897194907966e+01
3.515679897194907966e+01
3.515679897194907966e+01
3.515777057671195394e+01
3.515777057671195394e+01
3.515841262671966660e+01
3.515841262671966660e+01
3.508587233152665874e+01
3.508587233152665874e+01
3.508587233152665874e+01
3.508587881327065361e+01
3.508631969008834517e+01
3.508631969008834517e+01
3.508631969008834517e+01
3.508631969008834517e+01
3.508683769439726063e+01
3.508683769439726063e+01
3.508683769439726063e+01
3.473371242000058601e+01
3.473371242000058601e+01
3.473514001806248075e+01
3.473514001806248075e+01
3.473540978226791509e+01
3.473540978226791509e+01
3.473540978226791509e+01
3.473540978226791509e+01
3.473577312587556776e+01
3.473577312587556776e+01
3.473577312587556776e+01
3.473625851715585355e+01
3.473625851715585355e+01
3.473625851715585355e+01
3.473673753588979451e+01
3.473673753588979451e+01
3.473808544735202020e+01
3.473808544735202020e+01
3.473853023205397506e+01
3.473853023205397506e+01
3.473853023205397506e+01
3.473927535625203689e+01
3.473927535625203689e+01
3.473927535625203689e+01
3.474024505140303631e+01
3.474024505140303631e+01
3.474087155362316537e+01
3.474112155056596407e+01
3.474171829027907421e+01
3.474247915248331964e+01
3.474287104354592515e+01
3.474516199342527756e+01
3.474622072419999341e+01
3.474685136861693024e+01
3.474838258814030922e+01
3.475032740286106758e+01
3.512061084646191489e+01
3.512979120010615475e+01
3.566646014829706246e+01
3.713592654935192172e+01
3.570854587873292019e+01
3.518398672760272206e+01
3.518513235229629998e+01
3.478631462835036814e+01
3.478632674494815546e+01
3.478724096532340582e+01
3.464195337988965662e+01
3.459000208744198801e+01
3.457514082722812532e+01
3.456366684129558564e+01
3.456366684129558564e+01
3.456366684129558564e+01
3.456366684129558564e+01
3.456366684129558564e+01
3.456366684129558564e+01
3.456366684129558564e+01
3.456366684129558564e+01
3.456366684129558564e+01
3.456366684129558564e+01
3.456609451210879769e+01
3.456609451210879769e+01
3.456609451210879769e+01
3.456609451210879769e+01
3.456609451210879769e+01
3.456609451210879769e+01
3.456609451210879769e+01
3.456609451210879769e+01
3.456609451210879769e+01
3.456609451210879769e+01
3.456609451210879769e+01
3.456609451210879769e+01
3.456609451210879769e+01
3.456609451210879769e+01
3.456827644430639168e+01
3.456827644430639168e+01
3.456827644430639168e+01
3.456827644430639168e+01
3.456829725819945764e+01
3.456829725819945764e+01
3.456829725819945764e+01
3.456829725819945764e+01
3.456829725819945764e+01
3.456829725819945764e+01
3.456829725819945764e+01
3.456829725819945764e+01
3.456829725819945764e+01
3.457043853612727702e+01
3.457043853612727702e+01
3.457043853612727702e+01
3.457043853612727702e+01
3.457043853612727702e+01
3.457043853612727702e+01
3.457043853612727702e+01
3.457043853612727702e+01
3.457043853612727702e+01
3.457043853612727702e+01
3.457043853612727702e+01
3.457043853612727702e+01
3.457043853612727702e+01
3.457043853612727702e+01
3.457238460145821080e+01
3.457238460145821080e+01
3.457238460145821080e+01
3.457238460145821080e+01
3.457238460145821080e+01
3.457240494429225919e+01
3.457240494429225919e+01
3.457240494429225919e+01
3.457240494429225919e+01
3.457240494429225919e+01
3.457240494429225919e+01
3.457240494429225919e+01
3.457240494429225919e+01
3.402145065257334977e+01
3.402145065257334977e+01
3.402145065257334977e+01
3.402145065257334977e+01
3.402145065257334977e+01
3.402145065257334977e+01
3.402145065257334977e+01
3.402145065257334977e+01
3.402145065257334977e+01
3.402145065257334977e+01
3.402145065257334977e+01
3.402145065257334977e+01
3.402145065257334977e+01
3.402327098127578608e+01
3.402327098127578608e+01
3.402327098127578608e+01
3.402327098127578608e+01
3.402327098127578608e+01
3.402327098127578608e+01
3.402334232268668046e+01
3.402334232268668046e+01
3.402334232268668046e+01
3.402334232268668046e+01
3.402334232268668046e+01
3.402334232268668046e+01
3.402516647151287543e+01
3.402516647151287543e+01
3.402516647151287543e+01
3.402516647151287543e+01
3.402516647151287543e+01
3.402516647151287543e+01
3.402516647151287543e+01
3.402516647151287543e+01
3.402516647151287543e+01
3.402516647151287543e+01
3.402516647151287543e+01
3.402516647151287543e+01
3.402516647151287543e+01
3.402727200733342272e+01
3.402727200733342272e+01
3.402727200733342272e+01
3.402727200733342272e+01
3.402727200733342272e+01
3.402727200733342272e+01
3.402727200733342272e+01
3.402727200733342272e+01
3.402734439300279234e+01
3.402734439300279234e+01
3.402734439300279234e+01
3.402734439300279234e+01
3.402734439300279234e+01
3.402905145767262240e+01
3.402905145767262240e+01
3.402905145767262240e+01
3.402905145767262240e+01
3.402905145767262240e+01
3.402905145767262240e+01
3.402905145767262240e+01
3.402905145767262240e+01
3.402905145767262240e+01
3.402905145767262240e+01
3.402905145767262240e+01
3.402905145767262240e+01
3.403078394232668558e+01
3.403078394232668558e+01
3.403078394232668558e+01
3.403078394232668558e+01
3.403078394232668558e+01
3.403078394232668558e+01
3.403078394232668558e+01
3.403078394232668558e+01
3.403078394232668558e+01
3.403078394232668558e+01
3.403086446472591575e+01
3.403086446472591575e+01
3.403262399176712449e+01
3.403262399176712449e+01
3.403262399176712449e+01
3.403262399176712449e+01
3.403262399176712449e+01
3.403262399176712449e+01
3.403262399176712449e+01
3.403262399176712449e+01
3.403262399176712449e+01
3.403262399176712449e+01
3.403262399176712449e+01
3.403262399176712449e+01
3.403418788093484437e+01
3.403418788093484437e+01
3.403418788093484437e+01
3.403418788093484437e+01
3.403418788093484437e+01
3.403418788093484437e+01
3.403418788093484437e+01
3.403418788093484437e+01
3.403418788093484437e+01
3.403418788093484437e+01
3.403418788093484437e+01
3.403594686115594214e+01
3.403601392152886973e+01
3.403601392152886973e+01
3.403601392152886973e+01
3.403601392152886973e+01
3.403601392152886973e+01
3.403601392152886973e+01
3.403601392152886973e+01
3.403601392152886973e+01
3.403601392152886973e+01
3.403601392152886973e+01
3.403601392152886973e+01
3.355089438619478415e+01
3.355089438619478415e+01
3.355089438619478415e+01
3.355089438619478415e+01
3.355089438619478415e+01
3.355089438619478415e+01
3.355089438619478415e+01
3.355089438619478415e+01
3.355089438619478415e+01
3.355089438619478415e+01
3.355089438619478415e+01
3.355225517463279772e+01
3.355225517463279772e+01
3.355225517463279772e+01
3.355225517463279772e+01
3.355246173519748965e+01
3.355246173519748965e+01
3.355246173519748965e+01
3.355246173519748965e+01
3.355246173519748965e+01
3.355246173519748965e+01
3.355246173519748965e+01
3.355246173519748965e+01
3.355401192143824574e+01
3.355401192143824574e+01
3.355401192143824574e+01
3.355401192143824574e+01
3.355401192143824574e+01
3.355401192143824574e+01
3.355401192143824574e+01
3.355401192143824574e+01
3.355401192143824574e+01
3.355401192143824574e+01
3.355401192143824574e+01
3.355525229651442487e+01
3.355525229651442487e+01
3.355525229651442487e+01
3.355525229651442487e+01
3.355525229651442487e+01
3.355525229651442487e+01
3.355525229651442487e+01
3.355544994119381386e+01
3.355544994119381386e+01
3.355544994119381386e+01
3.355544994119381386e+01
3.355679627553553246e+01
3.355679627553553246e+01
3.355679627553553246e+01
3.355679627553553246e+01
3.355679627553553246e+01
3.355679627553553246e+01
3.355679627553553246e+01
3.355679627553553246e+01
3.355679627553553246e+01
3.355679627553553246e+01
3.355794789277874912e+01
3.355794789277874912e+01
3.355794789277874912e+01
3.355794789277874912e+01
3.355794789277874912e+01
3.355794789277874912e+01
3.355794789277874912e+01
3.355794789277874912e+01
3.355794789277874912e+01
3.355794789277874912e+01
3.355794789277874912e+01
3.353420585473816118e+01
3.353420585473816118e+01
3.353420585473816118e+01
3.353420585473816118e+01
3.353420585473816118e+01
3.353420585473816118e+01
3.353420585473816118e+01
3.353420585473816118e+01
3.353420585473816118e+01
3.353420585473816118e+01
3.353529029623349089e+01
3.353529029623349089e+01
3.353529029623349089e+01
3.353529029623349089e+01
3.353529029623349089e+01
3.353529029623349089e+01
3.353529029623349089e+01
3.353529029623349089e+01
3.353529029623349089e+01
3.353529029623349089e+01
3.353661619274888039e+01
3.353661619274888039e+01
3.353661619274888039e+01
3.353661619274888039e+01
3.353661619274888039e+01
3.353669608265160207e+01
3.353669608265160207e+01
3.353669608265160207e+01
3.353669608265160207e+01
3.353669608265160207e+01
3.353669608265160207e+01
3.305503417191171422e+01
3.305503417191171422e+01
3.305503417191171422e+01
3.305503417191171422e+01
3.305503417191171422e+01
3.305503417191171422e+01
3.305503417191171422e+01
3.305503417191171422e+01
3.305503417191171422e+01
3.305591189372212568e+01
3.305591189372212568e+01
3.305591189372212568e+01
3.305591189372212568e+01
3.305591189372212568e+01
3.305591189372212568e+01
3.305591189372212568e+01
3.305591189372212568e+01
3.305591189372212568e+01
3.305617132653289048e+01
3.305696400708774974e+01
3.305696400708774974e+01
3.305696400708774974e+01
3.305696400708774974e+01
3.305696400708774974e+01
3.305696400708774974e+01
3.305696400708774974e+01
3.305696400708774974e+01
3.305696400708774974e+01
3.305696400708774974e+01
3.305817988243618544e+01
3.305817988243618544e+01
3.305817988243618544e+01
3.305817988243618544e+01
3.305817988243618544e+01
3.305817988243618544e+01
3.305817988243618544e+01
3.305817988243618544e+01
3.305817988243618544e+01
3.305864798655104408e+01
3.305864798655104408e+01
3.305864798655104408e+01
3.305864798655104408e+01
3.305889104753465091e+01
3.305889104753465091e+01
3.305889104753465091e+01
3.305889104753465091e+01
3.305889104753465091e+01
3.305889104753465091e+01
3.305958940420977399e+01
3.305958940420977399e+01
3.305958940420977399e+01
3.305958940420977399e+01
3.305958940420977399e+01
3.305958940420977399e+01
3.305958940420977399e+01
3.305958940420977399e+01
3.305958940420977399e+01
3.306016691900329363e+01
3.306016691900329363e+01
3.306016691900329363e+01
3.306016691900329363e+01
3.306016691900329363e+01
3.306016691900329363e+01
3.306016691900329363e+01
3.306016691900329363e+01
3.306040172584722825e+01
3.306117590204281242e+01
3.306117590204281242e+01
3.306117590204281242e+01
3.306117590204281242e+01
3.306117590204281242e+01
3.306117590204281242e+01
3.306117590204281242e+01
3.306117590204281242e+01
3.306117590204281242e+01
3.272949609912731006e+01
3.272949609912731006e+01
3.272949609912731006e+01
3.272949609912731006e+01
3.272949609912731006e+01
3.272949609912731006e+01
3.272949609912731006e+01
3.272949609912731006e+01
3.272949609912731006e+01
3.272991238079421095e+01
3.272991238079421095e+01
3.272991238079421095e+01
3.272991238079421095e+01
3.272991238079421095e+01
3.273048895234624922e+01
3.273048895234624922e+01
3.273048895234624922e+01
3.273080308132419702e+01
3.273080308132419702e+01
3.273080308132419702e+01
3.273080308132419702e+01
3.273080308132419702e+01
3.273080308132419702e+01
3.273080308132419702e+01
3.273080308132419702e+01
3.273080308132419702e+01
3.273119585020351252e+01
3.273119585020351252e+01
3.273119585020351252e+01
3.273119585020351252e+01
3.273119585020351252e+01
3.273119585020351252e+01
3.273119585020351252e+01
3.273119585020351252e+01
3.273134326290037421e+01
3.273134326290037421e+01
3.273184746982394699e+01
3.273184746982394699e+01
3.273184746982394699e+01
3.273184746982394699e+01
3.273184746982394699e+01
3.273184746982394699e+01
3.273230499808410343e+01
3.273230499808410343e+01
3.273230499808410343e+01
3.273230499808410343e+01
3.273230499808410343e+01
3.273230499808410343e+01
3.273230499808410343e+01
