4.292043108396670448e+01
4.297982226617199331e+01
4.305036993843376081e+01
4.316063922954451471e+01
4.271389133082135459e+01
4.236637784203806234e+01
4.212101909072146100e+01
4.192866322097351883e+01
4.177279761982688200e+01
4.158537387223697834e+01
4.151100720215657702e+01
4.142711273029622987e+01
4.129417228209813828e+01
4.120663516110933955e+01
4.115586243976527925e+01
4.109938452313964063e+01
4.101670289508244593e+01
4.090878971345841819e+01
4.088832968479920993e+01
4.086687112370083241e+01
4.084089803370889626e+01
4.080981138735903357e+01
4.078600870008953905e+01
4.076127585976817613e+01
4.073393484009186238e+01
4.071426998476923131e+01
4.065531391466710431e+01
4.060952035294336326e+01
4.055467305135809397e+01
4.054619486424988395e+01
4.051729990638389722e+01
4.049874908669702478e+01
4.050926334677672003e+01
4.047343702477417082e+01
4.045594205880659899e+01
4.043486753835891534e+01
4.042440950346700390e+01
4.041073039924217625e+01
4.038848470753928410e+01
4.039081591905699042e+01
4.039431279381862794e+01
4.036880411344036190e+01
4.036302453243709465e+01
4.031518596524564657e+01
4.027900241740802301e+01
3.995668682453482745e+01
3.996233506063706642e+01
3.996755700532387579e+01
3.997372571503552763e+01
3.997863084626936825e+01
3.998571870019689101e+01
3.999231818000644978e+01
3.999868209407908637e+01
4.000689157680307062e+01
4.001311054606652817e+01
4.002171181417146784e+01
4.003202168654334514e+01
4.009838602771252170e+01
4.014153161312319185e+01
4.016351145448760462e+01
4.018144236112020451e+01
4.019553678250336759e+01
4.020904027137960668e+01
4.022152393591778718e+01
4.023519521581217617e+01
4.024848075288198856e+01
3.975106204238941388e+01
3.975610013019664279e+01
3.976070684822587964e+01
3.976597997906009141e+01
3.977246915495057067e+01
3.977733020190098046e+01
3.978573854081593453e+01
3.979229716107085579e+01
3.985226180060050893e+01
3.982953602223999212e+01
3.991072040268862509e+01
3.993759378727317255e+01
3.995545443705368882e+01
3.997121457926458277e+01
3.998414608373498424e+01
3.999728578954898239e+01
4.000976033687027922e+01
4.002002136241006269e+01
4.003112204734802049e+01
4.004264818223619216e+01
4.005481320414023116e+01
3.939830163587453171e+01
3.940099115117514827e+01
3.940413896908113145e+01
3.940644770838815703e+01
3.940863481909801180e+01
3.941178245956898962e+01
3.941383909831888133e+01
3.941632254949526271e+01
3.941850346810220884e+01
3.942134764925455670e+01
3.942586656935863232e+01
3.942799455028615796e+01
3.943122605600913744e+01
3.943365226263918544e+01
3.943798030659468168e+01
3.944080497353972703e+01
3.944301062535441815e+01
3.944702009807630105e+01
3.944946120960636904e+01
3.945216393048693249e+01
3.945624617624689989e+01
3.946015237628419214e+01
3.946289365892697987e+01
3.946681233746082995e+01
3.947120512650965907e+01
3.947376099422487528e+01
3.947780909840519570e+01
3.948300739528256997e+01
3.948955672185054055e+01
3.950530915933875775e+01
3.956575029515475705e+01
3.958936341465702213e+01
3.952642865328574118e+01
3.952979809408476797e+01
3.959281864808777129e+01
3.962436521075657936e+01
3.964518975715380122e+01
3.966014986884003690e+01
3.967524999995806922e+01
3.968419761432109283e+01
3.969871268822120669e+01
3.970953284401788608e+01
3.971947079991724650e+01
3.972973105653973391e+01
3.973644723027034331e+01
3.974644098094798750e+01
3.975535068181208942e+01
3.976394563503691160e+01
3.977212559384884827e+01
3.977871994265759525e+01
3.978570937343441472e+01
3.979787198230798140e+01
3.980460025396715906e+01
3.981484001088496427e+01
3.894456651091076083e+01
3.894456651091076083e+01
3.894589140549257422e+01
3.894837619443986654e+01
3.894837619443986654e+01
3.895059278695539007e+01
3.895059278695539007e+01
3.895380722806194029e+01
3.895380722806194029e+01
3.895622309274322959e+01
3.895622309274322959e+01
3.895622309274322959e+01
3.895932821905496724e+01
3.895970446124143649e+01
3.896200126702842681e+01
3.896200126702842681e+01
3.896425346483110275e+01
3.896521025093408497e+01
3.896734180687965932e+01
3.896734180687965932e+01
3.896955507669395047e+01
3.897051824675982346e+01
3.897274829284269515e+01
3.897312175149461666e+01
3.897524066517675578e+01
3.897524066517675578e+01
3.897836718173792292e+01
3.897836718173792292e+01
3.898038632921899449e+01
3.898038632921899449e+01
3.898336349884466756e+01
3.898336349884466756e+01
3.898550976826641090e+01
3.898753466286018465e+01
3.898791661864500213e+01
3.899090059656845142e+01
3.899090059656845142e+01
3.899303589160059857e+01
3.899303589160059857e+01
3.899586225260567574e+01
3.899785469006460659e+01
3.899785469006460659e+01
3.899990583525124066e+01
3.900299774090152027e+01
3.900299774090152027e+01
3.900497911868730228e+01
3.900497911868730228e+01
3.900769013682860020e+01
3.900956046328296623e+01
3.900956046328296623e+01
3.901152822759624428e+01
3.901426090792065082e+01
3.901604850563463600e+01
3.901647209469126665e+01
3.901841332611940061e+01
3.902098436749339072e+01
3.902271365577206552e+01
3.902271365577206552e+01
3.902458242367166719e+01
3.902709000952157936e+01
3.902885821557472212e+01
3.903062779242534930e+01
3.903062779242534930e+01
3.903338189683114479e+01
3.903519930408610605e+01
3.903690290973781174e+01
3.903856314958836293e+01
3.904112810099570652e+01
3.904289942591050533e+01
3.904477014136054436e+01
3.904655792550117610e+01
3.904933372587606755e+01
3.905155090796323947e+01
3.905345479868975644e+01
3.905727034153642308e+01
3.906074798270548598e+01
3.906872174565799583e+01
3.909619433498594532e+01
3.912271601621275607e+01
3.913192480437228937e+01
3.914212589374079698e+01
3.915171966118724356e+01
3.915540966253956157e+01
3.905142459078596318e+01
3.911519855193851214e+01
3.910202988678600633e+01
3.909393390689717762e+01
3.908969894611738027e+01
3.909189461238520380e+01
3.909979804703097983e+01
3.910007738946495692e+01
3.912257545629702804e+01
3.914001516751893917e+01
3.916809237566121737e+01
3.917980846783913762e+01
3.919599200188000765e+01
3.920242297116623575e+01
3.921429076819617165e+01
3.922468234725423031e+01
3.923144090677428864e+01
3.923816587877301743e+01
3.924690990598115548e+01
3.925467407942659293e+01
3.925954166002830448e+01
3.926800271129717146e+01
3.927302729856336327e+01
3.927876537093990805e+01
3.928602223433217944e+01
3.929207233561012913e+01
3.929721132042486431e+01
3.930307835454226506e+01
3.930819480814911060e+01
3.931210586167166809e+01
3.931875584917285948e+01
3.932182712009765879e+01
3.932905810071025599e+01
3.933300573869214389e+01
3.933602797826235786e+01
3.934286346451474969e+01
3.934834252786799880e+01
3.935241844594690974e+01
3.935854408296678031e+01
3.936199536367657004e+01
3.936696658374520297e+01
3.937227348649982872e+01
3.937597921155645508e+01
3.938065266784902008e+01
3.938752331848617416e+01
3.938975645560908845e+01
3.939382588180872347e+01
3.939643843933586709e+01
3.940324567360555363e+01
3.940714945106797273e+01
3.941518854771132396e+01
3.941637581365408494e+01
3.934013488661685187e+01
3.859945079071111707e+01
3.859945079071111707e+01
3.860182242347419646e+01
3.860182242347419646e+01
3.860378205431899801e+01
3.860467057478017239e+01
3.860663900340401256e+01
3.860663900340401256e+01
3.860663900340401256e+01
3.860867943734831442e+01
3.860867943734831442e+01
3.861059566768236095e+01
3.861059566768236095e+01
3.861338125355420914e+01
3.861338125355420914e+01
3.861544540082612542e+01
3.861544540082612542e+01
3.861563466493113594e+01
3.861748863939106968e+01
3.861748863939106968e+01
3.861930353883191458e+01
3.862015725411546896e+01
3.862213178505305677e+01
3.862213178505305677e+01
3.862396074717185002e+01
3.862396074717185002e+01
3.862577223340990429e+01
3.862577223340990429e+01
3.862769006092638335e+01
3.862855328770095298e+01
3.863030432362896249e+01
3.863030432362896249e+01
3.863212294009112924e+01
3.863232137537134747e+01
3.863419824058979657e+01
3.863592297846731327e+01
3.863674831077843663e+01
3.863862003224555508e+01
3.863862003224555508e+01
3.864047201017303479e+01
3.864228652169570921e+01
3.864228652169570921e+01
3.864416477949183104e+01
3.864493844068686457e+01
3.864687506939429085e+01
3.864893772317554976e+01
3.864893772317554976e+01
3.865096040151071577e+01
3.865267423913969225e+01
3.865445662656057380e+01
3.865628452128538584e+01
3.865912340232338806e+01
3.866165795810282901e+01
3.866616873184567282e+01
3.867302614697052832e+01
3.869626803489688882e+01
3.871990140967623262e+01
3.872608738452495913e+01
3.873258738068902574e+01
3.873769823994832251e+01
3.874246850204134773e+01
3.874793976785153404e+01
3.875457459080718792e+01
3.875950303656100004e+01
3.876477598973960426e+01
3.876787948510738602e+01
3.876146911660897842e+01
3.871477588429898731e+01
3.866531930233217906e+01
3.878166867064834378e+01
3.874474639876005710e+01
3.872322396258488197e+01
3.870995764710934850e+01
3.870304697699170049e+01
3.869697909412779779e+01
3.869304117474440119e+01
3.868864509917463579e+01
3.868644505234524900e+01
3.868680917390786789e+01
3.868984846878720418e+01
3.868984846878720418e+01
3.870319506515983221e+01
3.870319506515983221e+01
3.870319506515983221e+01
3.872975450406022446e+01
3.873038731789156941e+01
3.876425996774069205e+01
3.876425996774069205e+01
3.878870584279344769e+01
3.878870584279344769e+01
3.879939475274160543e+01
3.879997053757755054e+01
3.881587393014201837e+01
3.881587393014201837e+01
3.882160543526443064e+01
3.883066819844476925e+01
3.883467090398073651e+01
3.884224404688097110e+01
3.884661990067441906e+01
3.885317641393785237e+01
3.885892993813989449e+01
3.885892993813989449e+01
3.887468498050282051e+01
3.887468498050282051e+01
3.887810825449637520e+01
3.888081168301047796e+01
3.888615079375453831e+01
3.889071557046955263e+01
3.889561718512050703e+01
3.889959438405624326e+01
3.890408301598039031e+01
3.890628760238841721e+01
3.891214824421527396e+01
3.891401032648999347e+01
3.891859862066558406e+01
3.892344014434041810e+01
3.892718497153911983e+01
3.892895880051941049e+01
3.893410059539634460e+01
3.893835629823230704e+01
3.894194020132933076e+01
3.894564860714979915e+01
3.894889837666745080e+01
3.894889837666745080e+01
3.895542716634798808e+01
3.895848732144175841e+01
3.896446508476022075e+01
3.896585872452806143e+01
3.897012615180667439e+01
3.897012615180667439e+01
3.897741535121267731e+01
3.898023476085180050e+01
3.898379119092869871e+01
3.898886364874149990e+01
3.899048029460708165e+01
3.899391362205005862e+01
3.900054296081248850e+01
3.900151835352386342e+01
3.900293024927379548e+01
3.901100851747936815e+01
3.901137839201017243e+01
3.901488925300193955e+01
3.901785425430359311e+01
3.902152849273429069e+01
3.902637299419768624e+01
3.902902869302732825e+01
3.903156972420414661e+01
3.903392698008195794e+01
3.903729927717116510e+01
3.904181214275187273e+01
3.904456078998275359e+01
3.904623184592516338e+01
3.905393800834147555e+01
3.905393800834147555e+01
3.905626225342884084e+01
3.905765122665685851e+01
3.905798159148797311e+01
3.906923529186828148e+01
3.906923529186828148e+01
3.906935048364746166e+01
3.904501032136069227e+01
3.908109614043475943e+01
3.812871789506100129e+01
3.812871789506100129e+01
3.812871789506100129e+01
3.812871789506100129e+01
3.813106140373690778e+01
3.813106140373690778e+01
3.813106140373690778e+01
3.813106140373690778e+01
3.813106140373690778e+01
3.813106140373690778e+01
3.813347216485173874e+01
3.813407914698293411e+01
3.813407914698293411e+01
3.813407914698293411e+01
3.813407914698293411e+01
3.813668528785780154e+01
3.813668528785780154e+01
3.813668528785780154e+01
3.813668528785780154e+01
3.813668528785780154e+01
3.813901527996347340e+01
3.813901527996347340e+01
3.813901527996347340e+01
3.813901527996347340e+01
3.814191086581163859e+01
3.814191086581163859e+01
3.814191086581163859e+01
3.814191086581163859e+01
3.814191086581163859e+01
3.814420049511728905e+01
3.814420049511728905e+01
3.814420049511728905e+01
3.814420049511728905e+01
3.814420049511728905e+01
3.814644086859912875e+01
3.814644086859912875e+01
3.814707185321871918e+01
3.814707185321871918e+01
3.814949591672126417e+01
3.814949591672126417e+01
3.814949591672126417e+01
3.814949591672126417e+01
3.814949591672126417e+01
3.815171215192170706e+01
3.815171215192170706e+01
3.815171215192170706e+01
3.815171215192170706e+01
3.815171215192170706e+01
3.815453683614355640e+01
3.815453683614355640e+01
3.815453683614355640e+01
3.815453683614355640e+01
3.815670609620095632e+01
3.815670609620095632e+01
3.815670609620095632e+01
3.815670609620095632e+01
3.815878852734952886e+01
3.815878852734952886e+01
3.815878852734952886e+01
3.815878852734952886e+01
3.815945785969677218e+01
3.816180434788709164e+01
3.816180434788709164e+01
3.816180434788709164e+01
3.816180434788709164e+01
3.816387307302073140e+01
3.816387307302073140e+01
3.816387307302073140e+01
3.816387307302073140e+01
3.816596306957268325e+01
3.816596306957268325e+01
3.816596306957268325e+01
3.816653033157309949e+01
3.816855509146037662e+01
3.816855509146037662e+01
3.816855509146037662e+01
3.816855509146037662e+01
3.817057902330562769e+01
3.817057902330562769e+01
3.817057902330562769e+01
3.817057902330562769e+01
3.817279120331414788e+01
3.817279120331414788e+01
3.817338486436543121e+01
3.817539772256439790e+01
3.817539772256439790e+01
3.817539772256439790e+01
3.817539772256439790e+01
3.817739699269817066e+01
3.817739699269817066e+01
3.817739699269817066e+01
3.817739699269817066e+01
3.817939706220899154e+01
3.817939706220899154e+01
3.817995323534850627e+01
3.818196257194107091e+01
3.818196257194107091e+01
3.818196257194107091e+01
3.818196257194107091e+01
3.818403811174752605e+01
3.818403811174752605e+01
3.818403811174752605e+01
3.818599897040856206e+01
3.818599897040856206e+01
3.818599897040856206e+01
3.818655986612812114e+01
3.818857158306126109e+01
3.818857158306126109e+01
3.818857158306126109e+01
3.819054754203817481e+01
3.819054754203817481e+01
3.819054754203817481e+01
3.819269867510219285e+01
3.819269867510219285e+01
3.819269867510219285e+01
3.819269867510219285e+01
3.819520190933344850e+01
3.819520190933344850e+01
3.819520190933344850e+01
3.819721182141526583e+01
3.819721182141526583e+01
3.819721182141526583e+01
3.819951815832100550e+01
3.819951815832100550e+01
3.819951815832100550e+01
3.820159380545618433e+01
3.820159380545618433e+01
3.820217642028840999e+01
3.820441721462471918e+01
3.820441721462471918e+01
3.820674703613254763e+01
3.820674703613254763e+01
3.820754659635979067e+01
3.820820469521140694e+01
3.821013131982881816e+01
3.821048759781254489e+01
3.821199015137067079e+01
3.821324097123142138e+01
3.821507309897032201e+01
3.821606662028436574e+01
3.821801630497429869e+01
3.821909315652094108e+01
3.822157641558409580e+01
3.822305516222603217e+01
3.822673035534639041e+01
3.822905154946246142e+01
3.823599022811060877e+01
3.824989643050715671e+01
3.826572398661458863e+01
3.828288824471404439e+01
3.828682130390261307e+01
3.829132429138474691e+01
3.829345051787306886e+01
3.829658414040333980e+01
3.829986426044013115e+01
3.830148315317762808e+01
3.830464323934603499e+01
3.830678436051607605e+01
3.830978760476034495e+01
3.831273895030010834e+01
3.831572653041984466e+01
3.831773773104088576e+01
3.832051497429399944e+01
3.832379461646654306e+01
3.832571240150321046e+01
3.832895989651053981e+01
3.833226640712753408e+01
3.833466755455076935e+01
3.833778457448076438e+01
3.834145459372128784e+01
3.834313053672925520e+01
3.834690145569871333e+01
3.834854615891276097e+01
3.835159448462232490e+01
3.835429033820120992e+01
3.835528161625445875e+01
3.835675825474835676e+01
3.835615981989827361e+01
3.835267376912467796e+01
3.834920360187136623e+01
3.833774195540239305e+01
3.832931796304884386e+01
3.830024448553928096e+01
3.824482497289473315e+01
3.821429141377718963e+01
3.819948594772474593e+01
3.823990671349140769e+01
3.823990671349140769e+01
3.829270558069363517e+01
3.834338640974687706e+01
3.834338640974687706e+01
3.838834863262768238e+01
3.838834863262768238e+01
3.843407923315672292e+01
3.847828731355392051e+01
3.847856067665135527e+01
3.852599462973053335e+01
3.852599462973053335e+01
3.857098463209310069e+01
3.857098463209310069e+01
3.862107309362155405e+01
3.862107309362155405e+01
3.871856496562020311e+01
3.871856496562020311e+01
3.871871781918560629e+01
3.876940526800385101e+01
3.882108683140624805e+01
3.882108683140624805e+01
3.887475195121285054e+01
3.887475195121285054e+01
3.892950535773998411e+01
3.892950535773998411e+01
3.900506058951863508e+01
3.907115208840592402e+01
3.907115208840592402e+01
3.904687033919826433e+01
3.904687033919826433e+01
3.914431566042601673e+01
3.924358329192615713e+01
3.740372857134593687e+01
3.740372857134593687e+01
3.740372857134593687e+01
3.740693257134593352e+01
3.740693257134593352e+01
3.740693257134593352e+01
3.740693257134593352e+01
3.740693257134593352e+01
3.740693257134593352e+01
3.740693257134593352e+01
3.740693257134593352e+01
3.740693257134593352e+01
3.741005757134593068e+01
3.741005757134593068e+01
3.741005757134593068e+01
3.741005757134593068e+01
3.741005757134593068e+01
3.741005757134593068e+01
3.741005757134593068e+01
3.741005757134593068e+01
3.741285557134592921e+01
3.741285557134592921e+01
3.741285557134592921e+01
3.741285557134592921e+01
3.741285557134592921e+01
3.741285557134592921e+01
3.741285557134592921e+01
3.741285557134592921e+01
3.741285557134592921e+01
3.741587957134593267e+01
3.741587957134593267e+01
3.741587957134593267e+01
3.741587957134593267e+01
3.741587957134593267e+01
3.741587957134593267e+01
3.741587957134593267e+01
3.741587957134593267e+01
3.741887257134592915e+01
3.741887257134592915e+01
3.741887257134592915e+01
3.741887257134592915e+01
3.741887257134592915e+01
3.741887257134592915e+01
3.741887257134592915e+01
3.741887257134592915e+01
3.742189657134593261e+01
3.742189657134593261e+01
3.742189657134593261e+01
3.742189657134593261e+01
3.742189657134593261e+01
3.742189657134593261e+01
3.742189657134593261e+01
3.742189657134593261e+01
3.742478357134593381e+01
3.742478357134593381e+01
3.742478357134593381e+01
3.742478357134593381e+01
3.742478357134593381e+01
3.742478357134593381e+01
3.742478357134593381e+01
3.742478357134593381e+01
3.742791757134592956e+01
3.742791757134592956e+01
3.742791757134592956e+01
3.742791757134592956e+01
3.742791757134592956e+01
3.742791757134592956e+01
3.742791757134592956e+01
3.742791757134592956e+01
3.743060957134593281e+01
3.743060957134593281e+01
3.743060957134593281e+01
3.743060957134593281e+01
3.743060957134593281e+01
3.743060957134593281e+01
3.743060957134593281e+01
3.743060957134593281e+01
3.743330057134593147e+01
3.743330057134593147e+01
3.743330057134593147e+01
3.743330057134593147e+01
3.743330057134593147e+01
3.743330057134593147e+01
3.743330057134593147e+01
3.743639457134592874e+01
3.743639457134592874e+01
3.743639457134592874e+01
3.743639457134592874e+01
3.743639457134592874e+01
3.743639457134592874e+01
3.743639457134592874e+01
3.743639457134592874e+01
3.743902157134593267e+01
3.743902157134593267e+01
3.743902157134593267e+01
3.743902157134593267e+01
3.743902157134593267e+01
3.743902157134593267e+01
3.743902157134593267e+01
3.744164757134593202e+01
3.744164757134593202e+01
3.744164757134593202e+01
3.744164757134593202e+01
3.744164757134593202e+01
3.744164757134593202e+01
3.744164757134593202e+01
3.744410657134593379e+01
3.744410657134593379e+01
3.744410657134593379e+01
3.744410657134593379e+01
3.744410657134593379e+01
3.744410657134593379e+01
3.744410657134593379e+01
3.744665757134593065e+01
3.744665757134593065e+01
3.744665757134593065e+01
3.744665757134593065e+01
3.744665757134593065e+01
3.744665757134593065e+01
3.744665757134593065e+01
3.744919857134593144e+01
3.744919857134593144e+01
3.744919857134593144e+01
3.744919857134593144e+01
3.744919857134593144e+01
3.744919857134593144e+01
3.744919857134593144e+01
3.745165657134593573e+01
3.745165657134593573e+01
3.745165657134593573e+01
3.745165657134593573e+01
3.745165657134593573e+01
3.745165657134593573e+01
3.745165657134593573e+01
3.745461857134593231e+01
3.745461857134593231e+01
3.745461857134593231e+01
3.745461857134593231e+01
3.745461857134593231e+01
3.745461857134593231e+01
3.745689857134593126e+01
3.745689857134593126e+01
3.745689857134593126e+01
3.745689857134593126e+01
3.745689857134593126e+01
3.745689857134593126e+01
3.745689857134593126e+01
3.745920857134593263e+01
3.745920857134593263e+01
3.745920857134593263e+01
3.745920857134593263e+01
3.745920857134593263e+01
3.745920857134593263e+01
3.746185457134593122e+01
3.746185457134593122e+01
3.746185457134593122e+01
3.746185457134593122e+01
3.746185457134593122e+01
3.746185457134593122e+01
3.746185457134593122e+01
3.746417957134593024e+01
3.746417957134593024e+01
3.746417957134593024e+01
3.746417957134593024e+01
3.746417957134593024e+01
3.746417957134593024e+01
3.746647257134593190e+01
3.746647257134593190e+01
3.746647257134593190e+01
3.746647257134593190e+01
3.746647257134593190e+01
3.746647257134593190e+01
3.746867057134593182e+01
3.746867057134593182e+01
3.746867057134593182e+01
3.746867057134593182e+01
3.746867057134593182e+01
3.746867057134593182e+01
3.747091557134593387e+01
3.747091557134593387e+01
3.747091557134593387e+01
3.747091557134593387e+01
3.747091557134593387e+01
3.747310157134593567e+01
3.747310157134593567e+01
3.747310157134593567e+01
3.747310157134593567e+01
3.747310157134593567e+01
3.747310157134593567e+01
3.747534457134592856e+01
3.747534457134592856e+01
3.747534457134592856e+01
3.747534457134592856e+01
3.747534457134592856e+01
3.747534457134592856e+01
3.747778357134593108e+01
3.747778357134593108e+01
3.747778357134593108e+01
3.747778357134593108e+01
3.747778357134593108e+01
3.748004057134593126e+01
3.748004057134593126e+01
3.748004057134593126e+01
3.748004057134593126e+01
3.748004057134593126e+01
3.748004057134593126e+01
3.748218357134592793e+01
3.748218357134592793e+01
3.748218357134592793e+01
3.748218357134592793e+01
3.748218357134592793e+01
3.748441757134592933e+01
3.748441757134592933e+01
3.748441757134592933e+01
3.748441757134592933e+01
3.748441757134592933e+01
3.748660257134593365e+01
3.748660257134593365e+01
3.748660257134593365e+01
3.748660257134593365e+01
3.748660257134593365e+01
3.748900357134593264e+01
3.748900357134593264e+01
3.748900357134593264e+01
3.748900357134593264e+01
3.748900357134593264e+01
3.749136257134593109e+01
3.749136257134593109e+01
3.749136257134593109e+01
3.749136257134593109e+01
3.749136257134593109e+01
3.749373757134593177e+01
3.749373757134593177e+01
3.749373757134593177e+01
3.749373757134593177e+01
3.749373757134593177e+01
3.749618757134592784e+01
3.749618757134592784e+01
3.749618757134592784e+01
3.749618757134592784e+01
3.749618757134592784e+01
3.749887557134593408e+01
3.749887557134593408e+01
3.749887557134593408e+01
3.749887557134593408e+01
3.750179157134593311e+01
3.750179157134593311e+01
3.750179157134593311e+01
3.750263757134592879e+01
3.750357957134593079e+01
3.750438057134593350e+01
3.750438057134593350e+01
3.750521457134593106e+01
3.750620057134592855e+01
3.750709057134593394e+01
3.750801757134593117e+01
3.750907457134593415e+01
3.750907457134593415e+01
3.751045157134593211e+01
3.751156357134593122e+01
3.751274257134593171e+01
3.751401457134593187e+01
3.751537457134593012e+01
3.751683957134593328e+01
3.751844057134593413e+01
3.751844057134593413e+01
3.752036757134592904e+01
3.752222657134593220e+01
3.752445257134593248e+01
3.752702757134593270e+01
3.752997857134593573e+01
3.753402057134593406e+01
3.753919657134593280e+01
3.754607757134593271e+01
3.755669357134593156e+01
3.755669357134593156e+01
3.757407057134592776e+01
3.759024457134593433e+01
3.759024457134593433e+01
3.759631257134593341e+01
3.759923057134592739e+01
3.759923057134592739e+01
3.760204957134592973e+01
3.760204957134592973e+01
3.760473457134592934e+01
3.760626657134593387e+01
3.760626657134593387e+01
3.760861357134592708e+01
3.760861357134592708e+01
3.761109757134593679e+01
3.761265657134593710e+01
3.761265657134593710e+01
3.761504457134593338e+01
3.761504457134593338e+01
3.761710557134593103e+01
3.761845857134593274e+01
3.762048957134592797e+01
3.762048957134592797e+01
3.762258157134593262e+01
3.762258157134593262e+01
3.762471657134592817e+01
3.762471657134592817e+01
3.762681757134593141e+01
3.762895957134593061e+01
3.762895957134593061e+01
3.763089357134593627e+01
3.763284857134593153e+01
3.763284857134593153e+01
3.763478357134593466e+01
3.763478357134593466e+01
3.763723257134593325e+01
3.763906957134592801e+01
3.763906957134592801e+01
3.764148557134593176e+01
3.764368757134593579e+01
3.764368757134593579e+01
3.764592457134592962e+01
3.764592457134592962e+01
3.764817257134593120e+01
3.764985857134593061e+01
3.764985857134593061e+01
3.765215957134593339e+01
3.765486357134592765e+01
3.765486357134592765e+01
3.765698557134592761e+01
3.765698557134592761e+01
3.765912657134593644e+01
3.766190057134593161e+01
3.766190057134593161e+01
3.766408357134593388e+01
3.766665457134592998e+01
3.766665457134592998e+01
3.766922957134593020e+01
3.766922957134593020e+01
3.767188757134593402e+01
3.767456757134593204e+01
3.767456757134593204e+01
3.767702257134592969e+01
3.767946957134593333e+01
3.767946957134593333e+01
3.768218857134593236e+01
3.768218857134593236e+01
