9.100000000000000000e+01 -inf
9.400000000000000000e+01 -inf
9.600000000000000000e+01 -inf
9.800000000000000000e+01 -inf
1.000000000000000000e+02 -inf
1.020000000000000000e+02 -inf
1.040000000000000000e+02 -inf
1.060000000000000000e+02 -inf
1.080000000000000000e+02 -inf
1.100000000000000000e+02 -inf
1.140000000000000000e+02 -inf
1.180000000000000000e+02 -inf
1.210000000000000000e+02 -inf
1.250000000000000000e+02 -inf
1.270000000000000000e+02 -inf
1.280000000000000000e+02 -inf
1.310000000000000000e+02 -inf
1.320000000000000000e+02 -inf
1.340000000000000000e+02 -inf
1.370000000000000000e+02 -inf
1.400000000000000000e+02 -inf
1.430000000000000000e+02 -inf
1.470000000000000000e+02 -inf
1.510000000000000000e+02 -inf
1.550000000000000000e+02 -inf
1.590000000000000000e+02 -inf
1.620000000000000000e+02 -inf
1.660000000000000000e+02 -inf
1.700000000000000000e+02 -inf
1.730000000000000000e+02 -inf
1.770000000000000000e+02 -inf
1.800000000000000000e+02 -inf
1.820000000000000000e+02 -inf
1.860000000000000000e+02 -inf
1.910000000000000000e+02 -inf
1.940000000000000000e+02 -inf
1.980000000000000000e+02 -inf
2.020000000000000000e+02 -inf
2.050000000000000000e+02 -inf
2.100000000000000000e+02 -inf
2.160000000000000000e+02 -inf
2.200000000000000000e+02 -inf
2.230000000000000000e+02 -inf
2.270000000000000000e+02 -inf
2.300000000000000000e+02 2.632119257143207136e+01
2.340000000000000000e+02 2.668805854284477874e+01
2.400000000000000000e+02 2.701660561270602301e+01
2.460000000000000000e+02 2.735978988214801433e+01
2.520000000000000000e+02 2.765751040301728381e+01
2.570000000000000000e+02 2.782273975541410493e+01
2.600000000000000000e+02 2.801497585273450142e+01
2.640000000000000000e+02 2.818496232314690531e+01
2.690000000000000000e+02 2.838058231744179949e+01
2.740000000000000000e+02 2.858772628323672294e+01
2.790000000000000000e+02 2.878605057460364236e+01
2.840000000000000000e+02 2.900578617013807659e+01
2.900000000000000000e+02 2.922241021245311288e+01
2.960000000000000000e+02 2.943174354518375679e+01
3.010000000000000000e+02 2.959064929902205421e+01
3.080000000000000000e+02 2.978798709871081840e+01
3.180000000000000000e+02 3.013396002232061477e+01
3.280000000000000000e+02 3.041163828736426211e+01
3.380000000000000000e+02 3.068494829501359078e+01
3.480000000000000000e+02 3.093479785017568418e+01
3.570000000000000000e+02 3.118005641232798553e+01
3.660000000000000000e+02 3.138985832756019789e+01
3.750000000000000000e+02 3.156833191676075856e+01
3.850000000000000000e+02 3.177182457646185298e+01
3.950000000000000000e+02 3.196037170737501398e+01
4.050000000000000000e+02 3.213451511585021336e+01
4.140000000000000000e+02 3.228864840891949228e+01
4.220000000000000000e+02 3.240989216345069224e+01
4.300000000000000000e+02 3.253307110369001975e+01
4.410000000000000000e+02 3.269392300159371700e+01
4.510000000000000000e+02 3.283322531886770435e+01
4.600000000000000000e+02 3.294822144362429128e+01
4.700000000000000000e+02 3.307648007454170624e+01
4.800000000000000000e+02 3.319491689285232638e+01
4.900000000000000000e+02 3.331037748551137412e+01
5.000000000000000000e+02 3.342055012760641119e+01
5.060000000000000000e+02 3.423453991329837720e+01
5.120000000000000000e+02 3.474799590751869260e+01
5.200000000000000000e+02 3.479131603194708333e+01
5.300000000000000000e+02 3.486370145831856604e+01
5.400000000000000000e+02 3.486751142071302212e+01
5.500000000000000000e+02 3.498291561934007632e+01
5.600000000000000000e+02 3.503197921657082503e+01
5.700000000000000000e+02 3.509174520715993140e+01
5.800000000000000000e+02 3.508112827259576250e+01
5.900000000000000000e+02 3.516893625019165626e+01
6.000000000000000000e+02 3.521145735164810020e+01
6.100000000000000000e+02 3.526112463664273378e+01
6.200000000000000000e+02 3.529828547929216143e+01
6.300000000000000000e+02 3.533852384226795351e+01
6.400000000000000000e+02 3.535659366922414648e+01
6.500000000000000000e+02 3.540340227920224692e+01
6.580000000000000000e+02 3.543619942247224941e+01
6.650000000000000000e+02 3.545817914042810060e+01
6.750000000000000000e+02 3.547403664949502655e+01
6.850000000000000000e+02 3.549925702588170395e+01
6.950000000000000000e+02 3.555523522151986526e+01
7.050000000000000000e+02 3.557007476502111132e+01
7.160000000000000000e+02 3.561088023327907592e+01
7.260000000000000000e+02 3.563248915908600623e+01
7.350000000000000000e+02 3.565518215426069304e+01
7.450000000000000000e+02 3.569035897595147588e+01
7.550000000000000000e+02 3.571568166890821772e+01
7.650000000000000000e+02 3.573964536817440774e+01
7.750000000000000000e+02 3.576615008225719095e+01
7.850000000000000000e+02 3.579233503887964218e+01
7.950000000000000000e+02 3.580984826996841974e+01
8.050000000000000000e+02 3.583112799911381785e+01
8.150000000000000000e+02 3.584677301983981579e+01
8.250000000000000000e+02 3.587340022626139557e+01
8.350000000000000000e+02 3.586593284448117913e+01
8.450000000000000000e+02 3.590346515764608171e+01
8.550000000000000000e+02 3.592027753368078891e+01
8.650000000000000000e+02 3.594161401231950492e+01
8.750000000000000000e+02 3.596369114291611169e+01
8.850000000000000000e+02 3.598428336313507003e+01
8.950000000000000000e+02 3.600115795466930990e+01
9.050000000000000000e+02 3.601144139717843018e+01
9.150000000000000000e+02 3.616252252630162900e+01
9.250000000000000000e+02 3.698875318659613498e+01
9.350000000000000000e+02 3.738614998386986343e+01
9.450000000000000000e+02 3.773827439476052348e+01
9.550000000000000000e+02 3.783842098074055826e+01
9.650000000000000000e+02 3.792949306427705380e+01
9.750000000000000000e+02 3.746809323961062432e+01
9.850000000000000000e+02 3.793715619498592417e+01
9.950000000000000000e+02 3.790927638316664172e+01
1.005000000000000000e+03 3.794764597163138120e+01
1.015000000000000000e+03 3.791692937024109966e+01
1.025000000000000000e+03 3.754757388510392957e+01
1.035000000000000000e+03 3.785391592425787621e+01
1.045000000000000000e+03 3.796272920510189408e+01
1.055000000000000000e+03 3.794553880517636912e+01
1.065000000000000000e+03 3.789810477966981495e+01
1.075000000000000000e+03 3.792287184417330081e+01
1.085000000000000000e+03 3.787615114354620260e+01
1.095000000000000000e+03 3.791764173552336104e+01
1.105000000000000000e+03 3.789494553093250317e+01
1.115000000000000000e+03 3.789027175271128556e+01
1.125000000000000000e+03 3.785268247804693686e+01
1.135000000000000000e+03 3.787964121236648651e+01
1.145000000000000000e+03 3.785069013596894649e+01
1.155000000000000000e+03 3.785857875634862069e+01
1.165000000000000000e+03 3.785583171868337615e+01
1.175000000000000000e+03 3.776850422420848474e+01
1.185000000000000000e+03 3.783460830934936325e+01
1.195000000000000000e+03 3.779855956241684822e+01
1.205000000000000000e+03 3.773361042445628755e+01
1.215000000000000000e+03 3.742041123589222451e+01
1.225000000000000000e+03 3.774418883631867772e+01
1.235000000000000000e+03 3.779334169390470777e+01
1.245000000000000000e+03 3.779230638613341853e+01
1.255000000000000000e+03 3.778169760664449939e+01
1.265000000000000000e+03 3.776997462910259173e+01
1.275000000000000000e+03 3.777614553012459453e+01
1.285000000000000000e+03 3.776852852111167635e+01
1.295000000000000000e+03 3.773167103545986834e+01
1.305000000000000000e+03 3.773106601361861578e+01
1.315000000000000000e+03 3.774553953757506974e+01
1.325000000000000000e+03 3.772829702459173973e+01
1.335000000000000000e+03 3.770816987368103668e+01
1.345000000000000000e+03 3.771520037725109376e+01
1.355000000000000000e+03 3.771247515213247681e+01
1.365000000000000000e+03 3.769471559644771474e+01
1.375000000000000000e+03 3.768822911662766728e+01
1.385000000000000000e+03 3.768369527808639674e+01
1.395000000000000000e+03 3.763988297556898033e+01
1.405000000000000000e+03 3.764294566210988080e+01
1.415000000000000000e+03 3.765753009320344802e+01
1.425000000000000000e+03 3.764599928555313113e+01
1.435000000000000000e+03 3.764498311673833086e+01
1.442000000000000000e+03 3.764472980949168601e+01
1.447000000000000000e+03 3.763885819127846588e+01
1.455000000000000000e+03 3.763067890376646574e+01
1.465000000000000000e+03 3.761730385378669439e+01
1.475000000000000000e+03 3.761103182070490902e+01
1.485000000000000000e+03 3.760332522146322276e+01
1.495000000000000000e+03 3.759567706150359356e+01
1.505000000000000000e+03 3.757845603075632113e+01
1.512000000000000000e+03 3.755919517407809849e+01
1.517000000000000000e+03 3.756357685463916596e+01
1.525000000000000000e+03 3.756044409771919845e+01
1.535000000000000000e+03 3.752965657558632984e+01
1.545000000000000000e+03 3.752781169239517567e+01
1.555000000000000000e+03 3.751173097803670942e+01
1.565000000000000000e+03 3.752084912302493080e+01
1.575000000000000000e+03 3.752489675447560558e+01
1.585000000000000000e+03 3.752002131683939012e+01
1.595000000000000000e+03 3.751704283212659163e+01
1.605000000000000000e+03 3.750138943172007089e+01
1.615000000000000000e+03 3.749399960810748667e+01
1.625000000000000000e+03 3.748998865326909424e+01
1.635000000000000000e+03 3.749115736336285920e+01
1.645000000000000000e+03 3.748031369541378410e+01
1.655000000000000000e+03 3.747638199378391022e+01
1.665000000000000000e+03 3.747688242922136226e+01
1.672000000000000000e+03 3.746405379706000360e+01
1.677000000000000000e+03 3.747359177118197238e+01
1.685000000000000000e+03 3.746753028398002527e+01
1.695000000000000000e+03 3.745568956328125410e+01
1.705000000000000000e+03 3.744420789867950816e+01
1.715000000000000000e+03 3.743067766133452778e+01
1.725000000000000000e+03 3.742467837612236536e+01
1.735000000000000000e+03 3.742590303138067043e+01
1.745000000000000000e+03 3.741623388634046421e+01
1.755000000000000000e+03 3.741631759315085759e+01
1.765000000000000000e+03 3.739872056429041436e+01
1.775000000000000000e+03 3.739493627835463485e+01
1.785000000000000000e+03 3.739314637115434437e+01
1.795000000000000000e+03 3.739196547616235478e+01
1.805000000000000000e+03 3.738839544943172655e+01
1.815000000000000000e+03 3.737085300198485527e+01
1.825000000000000000e+03 3.737080659091968471e+01
1.835000000000000000e+03 3.736245138564613910e+01
1.845000000000000000e+03 3.733735998757577335e+01
1.855000000000000000e+03 3.732949317564878555e+01
1.865000000000000000e+03 3.733177267047506120e+01
1.875000000000000000e+03 3.733676548364258707e+01
1.885000000000000000e+03 3.730809592216556325e+01
1.895000000000000000e+03 3.728844205126431177e+01
1.905000000000000000e+03 3.730501004867169001e+01
1.915000000000000000e+03 3.728778049730573230e+01
1.925000000000000000e+03 3.727594996854355713e+01
1.935000000000000000e+03 3.728505181794781009e+01
1.945000000000000000e+03 3.728839165409320344e+01
1.955000000000000000e+03 3.726119555338264178e+01
1.967000000000000000e+03 3.727376791876650941e+01
1.976000000000000000e+03 3.728093978487362392e+01
1.984000000000000000e+03 3.726120115506722641e+01
1.995000000000000000e+03 3.724892405073123314e+01
2.005000000000000000e+03 3.725303003038078486e+01
2.015000000000000000e+03 3.725202769916511158e+01
2.025000000000000000e+03 3.725418697695538128e+01
2.035000000000000000e+03 3.723534578206668755e+01
2.045000000000000000e+03 3.723160532914198484e+01
2.055000000000000000e+03 3.721552653816966938e+01
2.065000000000000000e+03 3.721652526345943102e+01
2.074000000000000000e+03 3.722903677484477214e+01
2.078000000000000000e+03 3.721202632744051186e+01
2.085000000000000000e+03 3.721286225240229584e+01
2.095000000000000000e+03 3.719836611958702122e+01
2.105000000000000000e+03 3.720310023488360684e+01
2.115000000000000000e+03 3.719993735089285281e+01
2.125000000000000000e+03 3.720052524518639814e+01
2.135000000000000000e+03 3.719222415451851305e+01
2.145000000000000000e+03 3.718110169930193365e+01
2.155000000000000000e+03 3.718261572025501493e+01
2.165000000000000000e+03 3.717645812401883632e+01
2.175000000000000000e+03 3.717018339563796303e+01
2.185000000000000000e+03 3.716532927306856493e+01
2.195000000000000000e+03 3.716297973467048621e+01
2.205000000000000000e+03 3.715582261362214922e+01
2.215000000000000000e+03 3.714999948440681976e+01
2.225000000000000000e+03 3.714175815113916457e+01
2.235000000000000000e+03 3.713856152783363029e+01
2.245000000000000000e+03 3.713471996659032470e+01
2.255000000000000000e+03 3.712682530942516479e+01
2.265000000000000000e+03 3.712404862811708739e+01
2.275000000000000000e+03 3.711876926121686893e+01
2.285000000000000000e+03 3.711519262903057381e+01
2.295000000000000000e+03 3.710274090498004540e+01
2.305000000000000000e+03 3.710294268847385979e+01
2.315000000000000000e+03 3.709573560040949047e+01
2.325000000000000000e+03 3.705362155326797335e+01
2.335000000000000000e+03 3.708241362956154319e+01
2.345000000000000000e+03 3.707631302591455835e+01
2.355000000000000000e+03 3.707506541278794288e+01
2.365000000000000000e+03 3.706718664224199244e+01
2.375000000000000000e+03 3.706318513634269607e+01
2.385000000000000000e+03 3.705585440123074648e+01
2.395000000000000000e+03 3.705338784416900921e+01
2.405000000000000000e+03 3.704745533187530526e+01
2.415000000000000000e+03 3.704198665667774293e+01
2.425000000000000000e+03 3.703989047132741064e+01
2.435000000000000000e+03 3.703195602563857847e+01
2.445000000000000000e+03 3.702862908113529272e+01
2.455000000000000000e+03 3.702526909968509017e+01
2.465000000000000000e+03 3.701833975644210994e+01
2.475000000000000000e+03 3.701372075533794259e+01
2.485000000000000000e+03 3.700973675870636725e+01
2.495000000000000000e+03 3.699286430018393901e+01
2.505000000000000000e+03 3.699989506926854688e+01
2.513000000000000000e+03 3.698896110128367809e+01
2.518000000000000000e+03 3.699304182208788916e+01
2.525000000000000000e+03 3.698790534568074406e+01
2.535000000000000000e+03 3.698166766853951515e+01
2.545000000000000000e+03 3.697544417851059961e+01
2.555000000000000000e+03 3.697510691155729035e+01
2.565000000000000000e+03 3.696960701161302865e+01
2.575000000000000000e+03 3.696687503685441811e+01
2.585000000000000000e+03 3.696245910564100257e+01
2.595000000000000000e+03 3.695754350896720553e+01
2.605000000000000000e+03 3.695197580659379355e+01
2.615000000000000000e+03 3.694731209748248091e+01
2.625000000000000000e+03 3.694313414986439881e+01
2.635000000000000000e+03 3.693824256844082754e+01
2.645000000000000000e+03 3.693823492366612982e+01
2.655000000000000000e+03 3.693365348150521044e+01
2.665000000000000000e+03 3.692674912964146472e+01
2.675000000000000000e+03 3.692337717772960559e+01
2.685000000000000000e+03 3.692092083542178216e+01
2.695000000000000000e+03 3.691222790727327663e+01
2.705000000000000000e+03 3.691056845967463573e+01
2.715000000000000000e+03 3.690532568519992651e+01
2.725000000000000000e+03 3.689775073258846305e+01
2.735000000000000000e+03 3.689662180443852435e+01
2.745000000000000000e+03 3.688771399989452959e+01
2.755000000000000000e+03 3.688416363342794568e+01
2.765000000000000000e+03 3.687904585211202857e+01
2.775000000000000000e+03 3.687936283770275736e+01
2.785000000000000000e+03 3.687411442361612757e+01
2.795000000000000000e+03 3.686200248307086724e+01
2.805000000000000000e+03 3.686258090476284366e+01
2.815000000000000000e+03 3.686170723471683175e+01
2.825000000000000000e+03 3.685401925507619580e+01
2.835000000000000000e+03 3.684724692540333990e+01
2.845000000000000000e+03 3.684705234784627237e+01
2.855000000000000000e+03 3.684287712080225674e+01
2.865000000000000000e+03 3.683958793595564885e+01
2.875000000000000000e+03 3.683489956861103565e+01
2.885000000000000000e+03 3.683070443526676030e+01
2.895000000000000000e+03 3.682650536959155829e+01
2.910000000000000000e+03 3.682010714519145722e+01
2.930000000000000000e+03 3.681078092563679149e+01
2.950000000000000000e+03 3.679966951589941004e+01
2.970000000000000000e+03 3.679419930553956419e+01
2.990000000000000000e+03 3.678532550224623776e+01
3.010000000000000000e+03 3.677684439583018161e+01
3.030000000000000000e+03 3.676932279415539995e+01
3.050000000000000000e+03 3.676110454524938831e+01
3.070000000000000000e+03 3.675270815119158385e+01
3.090000000000000000e+03 3.674385461855837320e+01
3.110000000000000000e+03 3.673628389746578193e+01
3.130000000000000000e+03 3.672757968618877555e+01
3.150000000000000000e+03 3.671974948051522603e+01
3.170000000000000000e+03 3.671177625051149818e+01
3.190000000000000000e+03 3.670050110694533174e+01
3.210000000000000000e+03 3.669602959951990329e+01
3.230000000000000000e+03 3.668784426270315180e+01
3.250000000000000000e+03 3.668047701931160987e+01
3.270000000000000000e+03 3.667341421818984770e+01
3.290000000000000000e+03 3.666495203374588385e+01
3.310000000000000000e+03 3.665785908412087224e+01
3.330000000000000000e+03 3.665018747141993316e+01
3.350000000000000000e+03 3.664153727268032412e+01
3.370000000000000000e+03 3.663424131665364314e+01
3.390000000000000000e+03 3.662703556391655013e+01
3.410000000000000000e+03 3.661972322563026694e+01
3.430000000000000000e+03 3.660726792982015354e+01
3.450000000000000000e+03 3.660093754941792099e+01
3.470000000000000000e+03 3.659708000270160255e+01
3.490000000000000000e+03 3.659017760642300487e+01
3.510000000000000000e+03 3.658420822837638298e+01
3.530000000000000000e+03 3.657663805271726432e+01
3.550000000000000000e+03 3.656992324964738827e+01
3.570000000000000000e+03 3.656349323961065068e+01
3.590000000000000000e+03 3.655424053535537610e+01
3.610000000000000000e+03 3.654786876645383131e+01
3.630000000000000000e+03 3.654045831262879318e+01
3.640000000000000000e+03 3.653937771186172512e+01
3.650000000000000000e+03 3.653435531572463901e+01
3.670000000000000000e+03 3.652416702131661452e+01
3.690000000000000000e+03 3.650267349912601844e+01
3.710000000000000000e+03 3.651246339388558226e+01
3.730000000000000000e+03 3.650815259451893979e+01
3.750000000000000000e+03 3.654684826929781138e+01
3.770000000000000000e+03 3.654683452778321140e+01
3.790000000000000000e+03 3.656565384459739221e+01
3.810000000000000000e+03 3.658604145870945956e+01
3.830000000000000000e+03 3.653091634996116710e+01
3.850000000000000000e+03 3.659161812193245567e+01
3.870000000000000000e+03 3.659165983632890118e+01
3.890000000000000000e+03 3.650486975161024361e+01
3.910000000000000000e+03 3.658554386342103726e+01
3.930000000000000000e+03 3.657469576029681946e+01
3.950000000000000000e+03 3.657101546355431765e+01
3.970000000000000000e+03 3.647164001765237629e+01
3.990000000000000000e+03 3.655655825463033182e+01
4.010000000000000000e+03 3.655442335172725166e+01
4.030000000000000000e+03 3.653690507051737058e+01
4.050000000000000000e+03 3.654401645236420393e+01
4.070000000000000000e+03 3.653413097160438383e+01
4.090000000000000000e+03 3.650598594283073339e+01
4.110000000000000000e+03 3.645071911390299846e+01
4.130000000000000000e+03 3.650961742919763253e+01
4.150000000000000000e+03 3.650630478054861783e+01
4.170000000000000000e+03 3.650248712102890636e+01
4.190000000000000000e+03 3.649666794983046714e+01
4.210000000000000000e+03 3.649036957805699899e+01
4.230000000000000000e+03 3.648331719075250135e+01
4.250000000000000000e+03 3.647609207453642455e+01
4.270000000000000000e+03 3.646677233221466707e+01
4.290000000000000000e+03 3.646063534860658706e+01
4.310000000000000000e+03 3.644981233242676666e+01
4.330000000000000000e+03 3.641828737495050206e+01
4.350000000000000000e+03 3.637894376390787698e+01
4.370000000000000000e+03 3.643427010960540713e+01
4.390000000000000000e+03 3.642304528679471787e+01
4.410000000000000000e+03 3.642463171779168363e+01
4.430000000000000000e+03 3.641851559438838137e+01
4.450000000000000000e+03 3.641388385692251006e+01
4.470000000000000000e+03 3.639377545371068834e+01
4.490000000000000000e+03 3.640152824196907488e+01
4.510000000000000000e+03 3.639783097453897653e+01
4.530000000000000000e+03 3.639006520121634480e+01
4.550000000000000000e+03 3.638410273563002306e+01
4.570000000000000000e+03 3.637914132385406418e+01
4.590000000000000000e+03 3.637232093343453698e+01
4.610000000000000000e+03 3.636703513339045912e+01
4.630000000000000000e+03 3.636087023653832517e+01
4.650000000000000000e+03 3.635382276513812627e+01
4.670000000000000000e+03 3.634954052563686844e+01
4.690000000000000000e+03 3.634377034179273380e+01
4.710000000000000000e+03 3.633228166243128499e+01
4.730000000000000000e+03 3.633166044508087111e+01
4.750000000000000000e+03 3.632598131509099915e+01
4.770000000000000000e+03 3.632129297178594385e+01
4.790000000000000000e+03 3.631532569391035281e+01
4.810000000000000000e+03 3.630907938596459417e+01
4.830000000000000000e+03 3.630153684082624466e+01
4.850000000000000000e+03 3.627292156446939941e+01
4.870000000000000000e+03 3.622612733763978099e+01
4.890000000000000000e+03 3.628339905461240278e+01
4.910000000000000000e+03 3.628031540704312619e+01
4.930000000000000000e+03 3.626731635985011337e+01
4.950000000000000000e+03 3.627039456721949051e+01
4.970000000000000000e+03 3.626560306762209507e+01
4.990000000000000000e+03 3.625834375653456476e+01
5.010000000000000000e+03 3.624696340060670252e+01
5.030000000000000000e+03 3.624802878290089581e+01
5.050000000000000000e+03 3.623961357026657026e+01
5.070000000000000000e+03 3.623821207000291622e+01
5.090000000000000000e+03 3.623192922626915902e+01
5.110000000000000000e+03 3.622675975802762594e+01
5.130000000000000000e+03 3.622057202085125738e+01
5.150000000000000000e+03 3.621468691075432389e+01
5.170000000000000000e+03 3.620917936050495456e+01
5.190000000000000000e+03 3.620446779504846546e+01
5.210000000000000000e+03 3.619902576151255857e+01
5.230000000000000000e+03 3.619479179924951495e+01
5.250000000000000000e+03 3.619030291889725248e+01
5.270000000000000000e+03 3.618309186278681011e+01
5.290000000000000000e+03 3.618039388812591994e+01
5.310000000000000000e+03 3.617591683583644624e+01
5.330000000000000000e+03 3.616887041946784365e+01
5.350000000000000000e+03 3.616555836616034014e+01
5.370000000000000000e+03 3.616053961390563387e+01
5.390000000000000000e+03 3.615514651069512553e+01
5.410000000000000000e+03 3.614963108072335274e+01
5.430000000000000000e+03 3.614462059512325709e+01
5.450000000000000000e+03 3.614068001415834885e+01
5.470000000000000000e+03 3.613562038219714623e+01
5.490000000000000000e+03 3.613086746233683755e+01
5.510000000000000000e+03 3.612589878406080857e+01
5.530000000000000000e+03 3.612142214219553438e+01
5.550000000000000000e+03 3.611714822270866421e+01
5.570000000000000000e+03 3.611139587687273433e+01
5.590000000000000000e+03 3.610635801833306857e+01
5.610000000000000000e+03 3.610201165320584948e+01
5.630000000000000000e+03 3.609777746549608679e+01
5.650000000000000000e+03 3.609274825062601622e+01
5.670000000000000000e+03 3.608720330219090044e+01
5.690000000000000000e+03 3.608315075537157668e+01
5.710000000000000000e+03 3.607775379310268704e+01
5.730000000000000000e+03 3.607500172491665325e+01
5.750000000000000000e+03 3.606956222488304320e+01
5.770000000000000000e+03 3.606541112759043699e+01
5.790000000000000000e+03 3.606018447875533184e+01
5.810000000000000000e+03 3.605611360894226181e+01
5.830000000000000000e+03 3.605185135208478187e+01
5.850000000000000000e+03 3.604659202599289358e+01
5.870000000000000000e+03 3.603224161808547876e+01
5.890000000000000000e+03 3.603549973558749286e+01
5.910000000000000000e+03 3.603294069039503711e+01
5.930000000000000000e+03 3.602853546291176912e+01
5.950000000000000000e+03 3.602398844217670160e+01
5.970000000000000000e+03 3.601982329095478974e+01
5.990000000000000000e+03 3.601500812050221612e+01
6.010000000000000000e+03 3.601012866459949180e+01
6.030000000000000000e+03 3.600587895233167046e+01
6.050000000000000000e+03 3.600226607041666682e+01
6.070000000000000000e+03 3.599744433148082123e+01
6.090000000000000000e+03 3.599269935576483448e+01
6.110000000000000000e+03 3.598809411151509607e+01
6.130000000000000000e+03 3.598227593894500842e+01
6.150000000000000000e+03 3.597861408003046790e+01
6.170000000000000000e+03 3.597369398545097852e+01
6.190000000000000000e+03 3.597064917136544437e+01
6.210000000000000000e+03 3.596639529240205491e+01
6.230000000000000000e+03 3.596118017351138718e+01
6.250000000000000000e+03 3.595551845000078828e+01
6.270000000000000000e+03 3.595355156333988589e+01
6.290000000000000000e+03 3.594918214203530482e+01
6.310000000000000000e+03 3.594392601606232773e+01
6.330000000000000000e+03 3.594041508094574056e+01
6.350000000000000000e+03 3.593606484720196192e+01
6.370000000000000000e+03 3.593218014719649744e+01
6.390000000000000000e+03 3.592820138010473130e+01
6.410000000000000000e+03 3.592297248814886501e+01
6.430000000000000000e+03 3.591934333914566935e+01
6.450000000000000000e+03 3.591547358899672560e+01
6.470000000000000000e+03 3.591109562699921298e+01
6.490000000000000000e+03 3.590570906143838670e+01
6.510000000000000000e+03 3.590300598968565282e+01
6.530000000000000000e+03 3.589841714698361130e+01
6.550000000000000000e+03 3.588286898957011317e+01
6.570000000000000000e+03 3.583587185324962832e+01
6.590000000000000000e+03 3.588284894626014676e+01
6.610000000000000000e+03 3.588267466046077914e+01
6.630000000000000000e+03 3.587947171328378460e+01
6.650000000000000000e+03 3.587549967278238228e+01
6.670000000000000000e+03 3.586812833417910440e+01
6.690000000000000000e+03 3.586518218481194253e+01
6.710000000000000000e+03 3.586339676515830632e+01
6.730000000000000000e+03 3.586008103095031174e+01
6.750000000000000000e+03 3.585578732755835318e+01
6.770000000000000000e+03 3.585202593508613944e+01
6.790000000000000000e+03 3.584791375844611849e+01
6.810000000000000000e+03 3.584412399016506612e+01
6.830000000000000000e+03 3.584051556910070957e+01
6.850000000000000000e+03 3.583595421902512612e+01
6.870000000000000000e+03 3.583246946498567098e+01
6.890000000000000000e+03 3.582909381829313133e+01
6.910000000000000000e+03 3.582492741239481404e+01
6.930000000000000000e+03 3.582117141182695264e+01
6.950000000000000000e+03 3.581700452086451492e+01
6.970000000000000000e+03 3.581360666710853025e+01
6.990000000000000000e+03 3.580958166602606951e+01
7.010000000000000000e+03 3.580517035634490952e+01
7.030000000000000000e+03 3.580206468878354542e+01
7.050000000000000000e+03 3.579845089197156938e+01
7.070000000000000000e+03 3.578956537173218067e+01
7.090000000000000000e+03 3.579074101498794391e+01
7.110000000000000000e+03 3.578710248743404776e+01
7.130000000000000000e+03 3.578283455739553176e+01
7.150000000000000000e+03 3.577916586220089101e+01
7.170000000000000000e+03 3.577589735690966677e+01
7.190000000000000000e+03 3.577096425535934543e+01
7.210000000000000000e+03 3.576796237989837124e+01
7.230000000000000000e+03 3.576395479910432584e+01
7.250000000000000000e+03 3.576167976017811156e+01
7.270000000000000000e+03 3.575798013167127465e+01
7.290000000000000000e+03 3.575080761689056885e+01
7.310000000000000000e+03 3.575033083154360725e+01
7.330000000000000000e+03 3.574697525201651871e+01
7.350000000000000000e+03 3.574364455700845156e+01
7.370000000000000000e+03 3.574043964897951753e+01
7.390000000000000000e+03 3.573607936319769607e+01
7.410000000000000000e+03 3.573120216161599672e+01
7.430000000000000000e+03 3.572899152527659083e+01
7.450000000000000000e+03 3.572594706472015247e+01
7.470000000000000000e+03 3.572246433078262839e+01
7.490000000000000000e+03 3.571880774357403254e+01
7.510000000000000000e+03 3.571530994042956308e+01
7.530000000000000000e+03 3.571223828170479919e+01
7.550000000000000000e+03 3.570928105151534737e+01
7.570000000000000000e+03 3.570548701249366985e+01
7.590000000000000000e+03 3.570191670274290630e+01
7.610000000000000000e+03 3.569857620735434267e+01
7.630000000000000000e+03 3.569528096897751368e+01
7.650000000000000000e+03 3.569206240619680415e+01
7.670000000000000000e+03 3.568729096835487269e+01
7.690000000000000000e+03 3.568546080469559456e+01
7.710000000000000000e+03 3.568061629349610087e+01
7.730000000000000000e+03 3.567814699502184084e+01
7.750000000000000000e+03 3.567435321352141386e+01
7.770000000000000000e+03 3.567174199490509778e+01
7.790000000000000000e+03 3.566850536374986547e+01
7.810000000000000000e+03 3.566539958131868815e+01
7.830000000000000000e+03 3.566174515167000436e+01
7.850000000000000000e+03 3.565847950672026911e+01
7.870000000000000000e+03 3.565508556298271969e+01
7.890000000000000000e+03 3.565138810791313517e+01
7.910000000000000000e+03 3.564770700389171765e+01
7.930000000000000000e+03 3.564386183412036502e+01
7.950000000000000000e+03 3.564066078051805420e+01
7.970000000000000000e+03 3.563868068256225285e+01
7.990000000000000000e+03 3.563571738686436419e+01
8.010000000000000000e+03 3.563159009475923966e+01
8.030000000000000000e+03 3.562910261673475532e+01
8.050000000000000000e+03 3.562532926817647905e+01
8.070000000000000000e+03 3.562315526925620190e+01
8.090000000000000000e+03 3.561850617311534251e+01
8.110000000000000000e+03 3.561608144982262303e+01
8.130000000000000000e+03 3.561371133299962821e+01
8.150000000000000000e+03 3.560996914946990444e+01
8.170000000000000000e+03 3.560736101500013717e+01
8.190000000000000000e+03 3.560268167411449269e+01
8.210000000000000000e+03 3.559764042878965284e+01
8.230000000000000000e+03 3.559533292154702622e+01
8.250000000000000000e+03 3.559325288506170182e+01
8.270000000000000000e+03 3.558971120461508519e+01
8.290000000000000000e+03 3.558741002301692902e+01
8.310000000000000000e+03 3.558337850876095843e+01
8.330000000000000000e+03 3.557837172560958550e+01
8.350000000000000000e+03 3.557507771696205623e+01
8.370000000000000000e+03 3.557089011793779321e+01
8.390000000000000000e+03 3.556624203418138563e+01
8.410000000000000000e+03 3.556450073222461583e+01
8.430000000000000000e+03 3.556085113091355510e+01
8.450000000000000000e+03 3.555899347833682356e+01
8.470000000000000000e+03 3.555068275284109802e+01
8.490000000000000000e+03 3.555640385279694726e+01
8.510000000000000000e+03 3.553881993500104386e+01
8.530000000000000000e+03 3.555359759268067421e+01
8.550000000000000000e+03 3.551601932460802402e+01
8.570000000000000000e+03 3.555536936580959662e+01
8.590000000000000000e+03 3.553516383398527978e+01
8.610000000000000000e+03 3.553119338740162902e+01
8.630000000000000000e+03 3.554965248479512496e+01
8.650000000000000000e+03 3.553814174126525671e+01
8.670000000000000000e+03 3.549436768872275394e+01
8.690000000000000000e+03 3.553782369535993979e+01
8.710000000000000000e+03 3.554096397348131831e+01
8.730000000000000000e+03 3.553124766970568515e+01
8.750000000000000000e+03 3.549525565662833770e+01
8.770000000000000000e+03 3.552125503637763870e+01
8.790000000000000000e+03 3.552966676216048825e+01
8.810000000000000000e+03 3.552616149142440349e+01
8.830000000000000000e+03 3.552248432954273483e+01
8.850000000000000000e+03 3.550458453673513048e+01
8.870000000000000000e+03 3.547829449133612911e+01
8.890000000000000000e+03 3.551224146665465753e+01
8.910000000000000000e+03 3.551350210096212834e+01
8.930000000000000000e+03 3.551072425392629128e+01
8.950000000000000000e+03 3.550825039389771121e+01
8.970000000000000000e+03 3.550523492479889853e+01
8.990000000000000000e+03 3.549738581608813348e+01
9.010000000000000000e+03 3.545995167245487778e+01
9.030000000000000000e+03 3.547712217076050933e+01
9.050000000000000000e+03 3.549277366058829131e+01
9.070000000000000000e+03 3.548904282688025091e+01
9.090000000000000000e+03 3.548608544972832135e+01
9.110000000000000000e+03 3.548605611896219614e+01
9.130000000000000000e+03 3.548400089033897586e+01
9.150000000000000000e+03 3.548140438470110780e+01
9.170000000000000000e+03 3.547767201998263431e+01
9.190000000000000000e+03 3.547458832435701481e+01
9.210000000000000000e+03 3.546119412767426127e+01
9.230000000000000000e+03 3.542493034684353859e+01
9.250000000000000000e+03 3.545560674136704904e+01
9.270000000000000000e+03 3.546212413310790623e+01
9.290000000000000000e+03 3.546175161990540659e+01
9.310000000000000000e+03 3.545873048626778967e+01
9.330000000000000000e+03 3.545695821300115114e+01
9.350000000000000000e+03 3.545397321674224145e+01
9.370000000000000000e+03 3.545080379563930251e+01
9.390000000000000000e+03 3.544894369584612548e+01
9.410000000000000000e+03 3.544405247085615684e+01
9.430000000000000000e+03 3.544350805078965294e+01
9.450000000000000000e+03 3.544038511440203365e+01
9.470000000000000000e+03 3.543669940180684819e+01
9.490000000000000000e+03 3.543512795435874807e+01
9.510000000000000000e+03 3.542871293199579696e+01
9.530000000000000000e+03 3.541667755072181478e+01
9.550000000000000000e+03 3.538361630685714943e+01
9.570000000000000000e+03 3.541659937370128830e+01
9.590000000000000000e+03 3.542077094236851309e+01
9.610000000000000000e+03 3.541821025712981452e+01
9.630000000000000000e+03 3.541501535395455846e+01
9.650000000000000000e+03 3.541331278353688106e+01
9.670000000000000000e+03 3.541093176917015484e+01
9.690000000000000000e+03 3.540904183300085606e+01
9.710000000000000000e+03 3.540547459387562412e+01
9.730000000000000000e+03 3.540389681415307166e+01
9.750000000000000000e+03 3.540072471872240811e+01
9.770000000000000000e+03 3.539859183011578381e+01
9.790000000000000000e+03 3.539569419713295417e+01
9.810000000000000000e+03 3.539380370115113550e+01
9.830000000000000000e+03 3.539151591241694916e+01
9.850000000000000000e+03 3.538898530015893584e+01
9.870000000000000000e+03 3.538589370651259003e+01
9.890000000000000000e+03 3.538342032021359529e+01
9.910000000000000000e+03 3.538076039322686484e+01
9.930000000000000000e+03 3.537874022826679266e+01
9.950000000000000000e+03 3.537628491864438018e+01
9.970000000000000000e+03 3.537365257972324173e+01
9.990000000000000000e+03 3.537067424320369469e+01
1.002500000000000000e+04 3.535585766526915563e+01
1.007500000000000000e+04 3.534529457122141594e+01
1.012500000000000000e+04 3.535311271473015893e+01
1.017500000000000000e+04 3.534763027893932019e+01
1.022500000000000000e+04 3.534162127044101709e+01
1.027500000000000000e+04 3.533629803354143917e+01
1.032500000000000000e+04 3.532816073889189568e+01
1.037500000000000000e+04 3.532332591942365241e+01
1.042500000000000000e+04 3.531811055133221799e+01
1.047500000000000000e+04 3.531156545290027537e+01
1.052500000000000000e+04 3.530629639782972617e+01
1.057500000000000000e+04 3.530011553939236535e+01
1.062500000000000000e+04 3.529363131770301720e+01
1.067500000000000000e+04 3.528644310986321386e+01
1.072500000000000000e+04 3.528238624669475598e+01
1.077500000000000000e+04 3.527606330327122919e+01
1.082500000000000000e+04 3.526672000700517629e+01
1.087500000000000000e+04 3.526385014137748897e+01
1.092500000000000000e+04 3.524000412740530663e+01
1.097500000000000000e+04 3.524849284323913423e+01
1.102500000000000000e+04 3.524753705821976979e+01
1.107500000000000000e+04 3.524363108640888953e+01
1.112500000000000000e+04 3.523748853733120967e+01
1.117500000000000000e+04 3.523188569327876252e+01
1.122500000000000000e+04 3.522672050687025092e+01
1.127500000000000000e+04 3.522053757205577540e+01
1.132500000000000000e+04 3.521549883816086890e+01
1.137500000000000000e+04 3.520988489804305033e+01
1.142500000000000000e+04 3.520357848028253756e+01
1.147500000000000000e+04 3.519984292767735212e+01
1.152500000000000000e+04 3.519455166575021821e+01
1.157500000000000000e+04 3.518892488840776878e+01
1.162500000000000000e+04 3.518200019676316259e+01
1.167500000000000000e+04 3.517786656265162293e+01
1.172500000000000000e+04 3.517366388366788499e+01
1.177500000000000000e+04 3.516712769948077977e+01
1.182500000000000000e+04 3.516183518361774674e+01
1.187500000000000000e+04 3.515558543324429763e+01
1.192500000000000000e+04 3.515270928883469281e+01
1.197500000000000000e+04 3.514383554374440877e+01
1.202500000000000000e+04 3.514177087015618639e+01
1.207500000000000000e+04 3.513626351693324068e+01
1.212500000000000000e+04 3.513214213233329986e+01
1.217500000000000000e+04 3.512748595289147602e+01
1.222500000000000000e+04 3.512247481332957477e+01
1.227500000000000000e+04 3.511711564269930363e+01
1.232500000000000000e+04 3.511262212925981885e+01
1.237500000000000000e+04 3.510754878333596452e+01
1.242500000000000000e+04 3.510237382648784177e+01
1.247500000000000000e+04 3.509773122299391446e+01
1.252500000000000000e+04 3.509233255989902744e+01
1.257500000000000000e+04 3.508791249816060542e+01
1.262500000000000000e+04 3.508309335659129147e+01
1.267500000000000000e+04 3.507810794259209075e+01
1.272500000000000000e+04 3.507351530980416499e+01
1.277500000000000000e+04 3.506567998743862091e+01
1.282500000000000000e+04 3.504506333490331826e+01
1.287500000000000000e+04 3.505809806080993241e+01
1.292500000000000000e+04 3.505413167603584412e+01
1.297500000000000000e+04 3.504907651355983234e+01
1.302500000000000000e+04 3.504526374747730699e+01
1.307500000000000000e+04 3.504073089019560427e+01
1.312500000000000000e+04 3.503560830647608526e+01
1.317500000000000000e+04 3.503049414471119150e+01
1.322500000000000000e+04 3.502687190400001782e+01
1.327500000000000000e+04 3.502137296242788977e+01
1.332500000000000000e+04 3.501739116328168677e+01
1.337500000000000000e+04 3.501289178319189688e+01
1.342500000000000000e+04 3.500877600260697875e+01
1.347500000000000000e+04 3.500443482037287879e+01
1.352500000000000000e+04 3.500015404305281663e+01
1.357500000000000000e+04 3.499501491641767359e+01
1.362500000000000000e+04 3.499054572279125352e+01
1.367500000000000000e+04 3.498646515774547794e+01
1.372500000000000000e+04 3.498216591691254962e+01
1.377500000000000000e+04 3.497787299253145221e+01
1.382500000000000000e+04 3.497356351267948327e+01
1.387500000000000000e+04 3.496931299178842778e+01
1.392500000000000000e+04 3.496548339227494751e+01
1.397500000000000000e+04 3.496125712131907903e+01
1.402500000000000000e+04 3.495634918532666546e+01
1.407500000000000000e+04 3.495278770467178475e+01
1.412500000000000000e+04 3.494808218408280709e+01
1.417500000000000000e+04 3.494474181632435261e+01
1.422500000000000000e+04 3.493911772383484049e+01
1.427500000000000000e+04 3.493487428889896762e+01
1.432500000000000000e+04 3.493205395809359004e+01
1.437500000000000000e+04 3.492854813730809838e+01
1.442500000000000000e+04 3.492191483699594556e+01
1.447500000000000000e+04 3.492052239396625168e+01
1.452500000000000000e+04 3.491466472469404891e+01
1.457000000000000000e+04 3.491197121117647839e+01
1.462000000000000000e+04 3.490802079884628739e+01
1.467500000000000000e+04 3.490386344798741902e+01
1.472500000000000000e+04 3.489888568864772367e+01
1.477500000000000000e+04 3.489540729193782909e+01
1.482500000000000000e+04 3.489159398489523056e+01
1.487500000000000000e+04 3.488609052813954037e+01
1.492500000000000000e+04 3.488431950759392919e+01
1.497500000000000000e+04 3.487971156528296035e+01
1.502500000000000000e+04 3.487370991835008738e+01
1.507500000000000000e+04 3.486924468010517586e+01
1.512500000000000000e+04 3.486803064550697684e+01
1.517500000000000000e+04 3.486438381944081044e+01
1.522500000000000000e+04 3.486143285344240894e+01
1.527500000000000000e+04 3.485585630553863723e+01
1.532500000000000000e+04 3.485239532930165751e+01
1.537500000000000000e+04 3.485119928741485751e+01
1.542500000000000000e+04 3.484402736590826066e+01
1.547500000000000000e+04 3.484474709393038694e+01
1.552500000000000000e+04 3.484100693445900276e+01
1.557500000000000000e+04 3.483038577730803809e+01
1.562500000000000000e+04 3.483601270573522868e+01
1.567500000000000000e+04 3.482805018175010048e+01
1.572500000000000000e+04 3.481956567108974809e+01
1.577500000000000000e+04 3.482207125541719250e+01
1.582500000000000000e+04 3.481982725381200083e+01
1.587500000000000000e+04 3.480230399377182948e+01
1.592500000000000000e+04 3.481193812854036196e+01
1.597500000000000000e+04 3.481035313871336001e+01
1.605000000000000000e+04 3.480311217246820377e+01
1.615000000000000000e+04 3.478964628599875653e+01
1.625000000000000000e+04 3.478963178734392869e+01
1.635000000000000000e+04 3.477923726441962060e+01
1.645000000000000000e+04 3.476339228965506578e+01
1.655000000000000000e+04 3.476373811993230589e+01
1.665000000000000000e+04 3.475405516757500379e+01
1.675000000000000000e+04 3.474245994879175470e+01
1.685000000000000000e+04 3.472668306430690421e+01
1.695000000000000000e+04 3.472738300411225509e+01
1.705000000000000000e+04 3.471662958837091395e+01
1.715000000000000000e+04 3.470887167440344712e+01
1.725000000000000000e+04 3.469926392103324275e+01
1.735000000000000000e+04 3.467999229217773660e+01
1.745000000000000000e+04 3.468081239524470760e+01
1.755000000000000000e+04 3.467329028846867800e+01
1.765000000000000000e+04 3.466448511900599527e+01
1.775000000000000000e+04 3.465600197478271838e+01
1.785000000000000000e+04 3.464760369931964590e+01
1.795000000000000000e+04 3.463912214182828109e+01
1.805000000000000000e+04 3.463036985155773095e+01
1.815000000000000000e+04 3.461230457342242062e+01
1.825000000000000000e+04 3.461166738738050697e+01
1.835000000000000000e+04 3.460515763399462230e+01
1.845000000000000000e+04 3.459600656468408886e+01
1.855000000000000000e+04 3.458850061476221072e+01
1.865000000000000000e+04 3.457883206576956781e+01
1.875000000000000000e+04 3.455942040085297151e+01
1.885000000000000000e+04 3.456368666218560293e+01
1.895000000000000000e+04 3.455388142017163489e+01
1.905000000000000000e+04 3.454760620635372703e+01
1.915000000000000000e+04 3.453982836779548649e+01
1.925000000000000000e+04 3.453208117677837663e+01
1.935000000000000000e+04 3.452296578559494833e+01
1.945000000000000000e+04 3.450490459412556987e+01
1.955000000000000000e+04 3.450736081744783235e+01
1.965000000000000000e+04 3.450036609541921706e+01
1.975000000000000000e+04 3.449183353798851215e+01
1.985000000000000000e+04 3.448498322512055125e+01
1.995000000000000000e+04 3.447718863268444522e+01
2.005000000000000000e+04 3.447029922271346436e+01
2.015000000000000000e+04 3.446301595997868361e+01
2.025000000000000000e+04 3.445480647234978733e+01
2.035000000000000000e+04 3.444684781790743955e+01
2.045000000000000000e+04 3.444053327416392563e+01
2.055000000000000000e+04 3.443275757757920985e+01
2.065000000000000000e+04 3.442492742116697713e+01
2.075000000000000000e+04 3.441795999466062739e+01
2.085000000000000000e+04 3.441087920004510892e+01
2.095000000000000000e+04 3.440286017454427281e+01
2.105000000000000000e+04 3.439646765726568844e+01
2.115000000000000000e+04 3.438866441850741040e+01
2.125000000000000000e+04 3.438191776228659791e+01
2.135000000000000000e+04 3.437496274363384430e+01
2.145000000000000000e+04 3.436794903888645081e+01
2.155000000000000000e+04 3.436050364697798898e+01
2.165000000000000000e+04 3.434378199276360277e+01
2.175000000000000000e+04 3.434569849782246820e+01
2.185000000000000000e+04 3.433891956832475501e+01
2.195000000000000000e+04 3.433258113040217552e+01
2.205000000000000000e+04 3.432469698002560676e+01
2.215000000000000000e+04 3.431856728674932810e+01
2.225000000000000000e+04 3.431147529540233165e+01
2.235000000000000000e+04 3.430475734955064127e+01
2.245000000000000000e+04 3.429799559379441121e+01
2.255000000000000000e+04 3.429099237751585605e+01
2.265000000000000000e+04 3.428434194751791608e+01
2.275000000000000000e+04 3.427751535010398953e+01
2.285000000000000000e+04 3.427016367549090603e+01
2.295000000000000000e+04 3.425130303720868596e+01
2.305000000000000000e+04 3.425128441236574872e+01
2.315000000000000000e+04 3.424596285261817741e+01
2.325000000000000000e+04 3.422593307016663999e+01
2.335000000000000000e+04 3.422826280166152912e+01
2.345000000000000000e+04 3.422460554621562068e+01
2.355000000000000000e+04 3.420451044045988453e+01
2.365000000000000000e+04 3.420734709117708405e+01
2.375000000000000000e+04 3.420379184287840957e+01
2.385000000000000000e+04 3.418511101830635823e+01
2.395000000000000000e+04 3.418641910175810494e+01
2.405000000000000000e+04 3.418281667762429521e+01
2.415000000000000000e+04 3.416744885778497576e+01
2.425000000000000000e+04 3.416729645302489615e+01
2.435000000000000000e+04 3.416262449244873523e+01
2.445000000000000000e+04 3.415121474640498889e+01
2.455000000000000000e+04 3.414663033235188294e+01
2.465000000000000000e+04 3.414433456757554808e+01
2.475000000000000000e+04 3.413513180788641677e+01
2.485000000000000000e+04 3.412815946223179964e+01
2.495000000000000000e+04 3.412352429911715035e+01
2.505000000000000000e+04 3.412269447911494780e+01
2.515000000000000000e+04 3.411061514047407428e+01
2.525000000000000000e+04 3.410528278229146792e+01
2.535000000000000000e+04 3.410305106807977893e+01
2.545000000000000000e+04 3.409581792068867401e+01
2.555000000000000000e+04 3.408994684316991197e+01
2.565000000000000000e+04 3.408107075013322884e+01
2.575000000000000000e+04 3.408004222495928559e+01
2.585000000000000000e+04 3.407137115136194438e+01
2.595000000000000000e+04 3.406789646970974417e+01
2.605000000000000000e+04 3.406125220937705933e+01
2.615000000000000000e+04 3.405093354851059928e+01
2.625000000000000000e+04 3.404114867339748685e+01
2.635000000000000000e+04 3.404394892329197830e+01
2.645000000000000000e+04 3.403939755058823380e+01
2.655000000000000000e+04 3.403289388271937099e+01
2.665000000000000000e+04 3.402520235910512980e+01
2.675000000000000000e+04 3.401723728392711621e+01
2.685000000000000000e+04 3.401628848060630617e+01
2.695000000000000000e+04 3.401053408569953973e+01
2.705000000000000000e+04 3.400510902032890925e+01
2.715000000000000000e+04 3.399960844533642756e+01
2.725000000000000000e+04 3.399408450353926980e+01
2.735000000000000000e+04 3.398787752501330317e+01
2.745000000000000000e+04 3.398264540738841077e+01
2.755000000000000000e+04 3.397174824838963048e+01
2.765000000000000000e+04 3.396959657481180983e+01
2.775000000000000000e+04 3.396534921123839013e+01
2.785000000000000000e+04 3.395992282981868016e+01
2.795000000000000000e+04 3.395477882487034549e+01
2.805000000000000000e+04 3.394895327843001098e+01
2.815000000000000000e+04 3.394307815728695488e+01
2.825000000000000000e+04 3.393762947080828951e+01
2.835000000000000000e+04 3.393214193070424045e+01
2.845000000000000000e+04 3.392661218031497583e+01
2.855000000000000000e+04 3.392091567775599970e+01
2.865000000000000000e+04 3.391428603827087329e+01
2.875000000000000000e+04 3.390319731939153058e+01
2.885000000000000000e+04 3.390399162985620052e+01
2.895000000000000000e+04 3.389861851741336807e+01
2.905000000000000000e+04 3.389311499781743464e+01
2.915000000000000000e+04 3.388756864999200502e+01
2.925000000000000000e+04 3.388224364176109304e+01
2.935000000000000000e+04 3.387689116647713661e+01
2.945000000000000000e+04 3.387121883341390571e+01
2.955000000000000000e+04 3.386578436765708489e+01
2.965000000000000000e+04 3.386060296561475269e+01
2.975000000000000000e+04 3.385508771714934539e+01
2.985000000000000000e+04 3.384954942219207652e+01
2.995000000000000000e+04 3.384422396995201154e+01
3.005000000000000000e+04 3.383879380307651275e+01
3.015000000000000000e+04 3.383351455582685929e+01
3.025000000000000000e+04 3.382781968299981656e+01
3.035000000000000000e+04 3.381680227795707339e+01
3.045000000000000000e+04 3.381494587145910913e+01
3.055000000000000000e+04 3.381176937847629915e+01
3.065000000000000000e+04 3.380660631690729900e+01
3.075000000000000000e+04 3.380151917092305069e+01
3.085000000000000000e+04 3.379612036527286278e+01
3.095000000000000000e+04 3.379079342688034160e+01
3.105000000000000000e+04 3.378578768176675595e+01
3.115000000000000000e+04 3.377957887940860360e+01
3.125000000000000000e+04 3.377516998150938576e+01
3.135000000000000000e+04 3.377013180278323290e+01
3.145000000000000000e+04 3.376480853725809084e+01
3.155000000000000000e+04 3.375930388548860606e+01
3.165000000000000000e+04 3.375452309160805697e+01
3.175000000000000000e+04 3.374945842683831643e+01
3.185000000000000000e+04 3.374430373530353222e+01
3.195000000000000000e+04 3.373931305610123843e+01
3.210000000000000000e+04 3.373154572294614439e+01
3.230000000000000000e+04 3.372151761124369784e+01
3.250000000000000000e+04 3.371134055141337171e+01
3.270000000000000000e+04 3.370131209520808113e+01
3.290000000000000000e+04 3.368645514016007780e+01
3.310000000000000000e+04 3.367969396595077569e+01
3.330000000000000000e+04 3.367034131899939808e+01
3.350000000000000000e+04 3.366101284385179326e+01
3.370000000000000000e+04 3.365110421377968919e+01
3.390000000000000000e+04 3.364131972338950760e+01
3.410000000000000000e+04 3.363164550257319974e+01
3.430000000000000000e+04 3.362243238143842206e+01
3.450000000000000000e+04 3.361275902800891657e+01
3.470000000000000000e+04 3.360322741046709893e+01
3.490000000000000000e+04 3.359379667984231332e+01
3.510000000000000000e+04 3.358440078428595399e+01
3.530000000000000000e+04 3.357495816821111134e+01
3.550000000000000000e+04 3.356591260123045117e+01
3.570000000000000000e+04 3.355642751069983376e+01
3.590000000000000000e+04 3.354741537991241529e+01
3.610000000000000000e+04 3.353809445447276261e+01
3.630000000000000000e+04 3.352951820860609189e+01
3.650000000000000000e+04 3.351950506476604374e+01
3.670000000000000000e+04 3.351147274929239472e+01
3.690000000000000000e+04 3.350133217699500676e+01
3.710000000000000000e+04 3.349316800524607629e+01
3.730000000000000000e+04 3.348295184812100445e+01
3.750000000000000000e+04 3.347146109204219044e+01
3.770000000000000000e+04 3.346709595916272661e+01
3.790000000000000000e+04 3.345851763221193664e+01
3.810000000000000000e+04 3.344896642440884449e+01
3.830000000000000000e+04 3.344087541339261804e+01
3.850000000000000000e+04 3.343303550121717649e+01
3.870000000000000000e+04 3.342439272022238583e+01
3.890000000000000000e+04 3.341545108457837188e+01
3.910000000000000000e+04 3.340542374195647568e+01
3.930000000000000000e+04 3.339895684546132060e+01
3.950000000000000000e+04 3.339029331183664340e+01
3.970000000000000000e+04 3.338229117290986636e+01
3.990000000000000000e+04 3.337345746781149103e+01
4.010000000000000000e+04 3.336473893604436114e+01
4.030000000000000000e+04 3.335575416065106680e+01
4.050000000000000000e+04 3.334518713868497741e+01
4.070000000000000000e+04 3.334078428056185572e+01
4.090000000000000000e+04 3.333295709145972552e+01
4.110000000000000000e+04 3.332501202139439300e+01
4.130000000000000000e+04 3.331690190361581472e+01
4.150000000000000000e+04 3.330877793749760230e+01
4.170000000000000000e+04 3.329843935976701630e+01
4.190000000000000000e+04 3.329283755071236328e+01
4.210000000000000000e+04 3.328486354036806460e+01
4.230000000000000000e+04 3.327753924255919316e+01
4.250000000000000000e+04 3.326923696806039743e+01
4.270000000000000000e+04 3.326178959670338031e+01
4.290000000000000000e+04 3.324589218046137518e+01
4.310000000000000000e+04 3.323337220898930155e+01
4.330000000000000000e+04 3.323069476708364789e+01
4.350000000000000000e+04 3.321328483204489146e+01
4.370000000000000000e+04 3.320384160948000840e+01
4.390000000000000000e+04 3.319971369304999342e+01
4.410000000000000000e+04 3.318258129568772574e+01
4.430000000000000000e+04 3.317920534207910066e+01
4.450000000000000000e+04 3.317109189545722359e+01
4.470000000000000000e+04 3.315415229064297620e+01
4.490000000000000000e+04 3.315366550341854435e+01
4.510000000000000000e+04 3.314505527515819949e+01
4.530000000000000000e+04 3.313084587870916664e+01
4.550000000000000000e+04 3.312822286948055250e+01
4.570000000000000000e+04 3.312277162953403575e+01
4.590000000000000000e+04 3.310842974278706663e+01
4.610000000000000000e+04 3.310691491549561505e+01
4.630000000000000000e+04 3.309852426522250113e+01
4.650000000000000000e+04 3.308925369405604044e+01
4.670000000000000000e+04 3.308373739378823331e+01
4.690000000000000000e+04 3.307984566074632937e+01
4.710000000000000000e+04 3.307259847199584613e+01
4.730000000000000000e+04 3.306994421941725193e+01
4.750000000000000000e+04 3.306139181289030660e+01
4.770000000000000000e+04 3.305486044806098533e+01
4.790000000000000000e+04 3.304953882135333743e+01
4.810000000000000000e+04 3.304016796680671320e+01
4.830000000000000000e+04 3.303827136101659789e+01
4.850000000000000000e+04 3.303100169667699504e+01
4.870000000000000000e+04 3.302289854587290563e+01
4.890000000000000000e+04 3.301760635422272117e+01
4.910000000000000000e+04 3.301051904795747305e+01
4.930000000000000000e+04 3.300435269428422203e+01
4.950000000000000000e+04 3.299774602792011535e+01
4.970000000000000000e+04 3.299210440617245865e+01
4.990000000000000000e+04 3.298580623569594650e+01
5.010000000000000000e+04 3.298052643959151453e+01
5.030000000000000000e+04 3.297436153241704915e+01
5.050000000000000000e+04 3.296575269903247829e+01
5.070000000000000000e+04 3.296033504911107315e+01
5.090000000000000000e+04 3.295556620109035606e+01
5.110000000000000000e+04 3.294749056815516752e+01
5.130000000000000000e+04 3.293928066216970763e+01
5.150000000000000000e+04 3.293610273221435847e+01
5.170000000000000000e+04 3.293310081972497017e+01
5.190000000000000000e+04 3.292463686798107148e+01
5.210000000000000000e+04 3.291850491153617497e+01
5.230000000000000000e+04 3.291255213069158714e+01
5.250000000000000000e+04 3.290805696996424956e+01
5.270000000000000000e+04 3.290381106414265844e+01
5.290000000000000000e+04 3.289470262497746234e+01
5.310000000000000000e+04 3.288936343974387455e+01
5.330000000000000000e+04 3.288398452638502789e+01
5.350000000000000000e+04 3.287856795179585845e+01
5.370000000000000000e+04 3.287340785883336025e+01
5.390000000000000000e+04 3.286794605313713191e+01
5.410000000000000000e+04 3.286160858346800495e+01
5.430000000000000000e+04 3.285451843928147042e+01
5.450000000000000000e+04 3.285071513803625720e+01
5.470000000000000000e+04 3.284492837585872849e+01
5.490000000000000000e+04 3.283879910026291782e+01
5.510000000000000000e+04 3.283353899959607247e+01
5.530000000000000000e+04 3.283046531805771906e+01
5.550000000000000000e+04 3.282149075896176527e+01
5.570000000000000000e+04 3.281897538990384788e+01
5.590000000000000000e+04 3.281208991929911178e+01
5.610000000000000000e+04 3.280687331419057529e+01
5.630000000000000000e+04 3.280063452362317378e+01
5.650000000000000000e+04 3.279664040711973882e+01
5.670000000000000000e+04 3.279094741794309442e+01
5.690000000000000000e+04 3.278405642415295063e+01
5.710000000000000000e+04 3.278043209865769825e+01
5.730000000000000000e+04 3.277484545878381539e+01
5.750000000000000000e+04 3.276966246966495078e+01
5.770000000000000000e+04 3.276387149158450285e+01
5.790000000000000000e+04 3.275968685155279303e+01
5.810000000000000000e+04 3.275349234986022395e+01
5.830000000000000000e+04 3.274848916361179363e+01
5.850000000000000000e+04 3.274371729021706301e+01
5.870000000000000000e+04 3.273780049378975576e+01
5.890000000000000000e+04 3.273249945883122081e+01
5.910000000000000000e+04 3.272454724678610916e+01
5.930000000000000000e+04 3.272243572622001295e+01
5.950000000000000000e+04 3.271732841230611655e+01
5.970000000000000000e+04 3.271286973351260485e+01
5.990000000000000000e+04 3.270773557464276138e+01
6.010000000000000000e+04 3.270275591709157936e+01
6.030000000000000000e+04 3.269756788121984670e+01
6.050000000000000000e+04 3.269165050027262964e+01
6.070000000000000000e+04 3.268666690130666552e+01
6.090000000000000000e+04 3.268188372544641851e+01
6.110000000000000000e+04 3.267647785053208764e+01
6.130000000000000000e+04 3.267186050323650193e+01
6.150000000000000000e+04 3.266694026216956104e+01
6.170000000000000000e+04 3.266223921509773476e+01
6.190000000000000000e+04 3.265747841530145479e+01
6.210000000000000000e+04 3.265263820560286945e+01
6.230000000000000000e+04 3.264744972764147946e+01
6.250000000000000000e+04 3.264211980942519631e+01
6.270000000000000000e+04 3.263745654821397579e+01
6.290000000000000000e+04 3.263255666064758742e+01
6.310000000000000000e+04 3.262762404377378544e+01
6.330000000000000000e+04 3.262331167040856172e+01
6.350000000000000000e+04 3.261816758340201261e+01
6.370000000000000000e+04 3.261384831645695925e+01
6.390000000000000000e+04 3.260844662104985048e+01
6.420000000000000000e+04 3.260155696263815628e+01
6.460000000000000000e+04 3.259198810481003505e+01
6.500000000000000000e+04 3.258267062292257776e+01
6.540000000000000000e+04 3.257298851232823012e+01
6.580000000000000000e+04 3.256383576227847954e+01
6.620000000000000000e+04 3.255447375006351507e+01
6.660000000000000000e+04 3.254537096927445106e+01
6.700000000000000000e+04 3.253637188075222042e+01
6.740000000000000000e+04 3.252721077192231292e+01
6.780000000000000000e+04 3.251831088165437933e+01
6.820000000000000000e+04 3.250937022389062037e+01
6.860000000000000000e+04 3.250052642051729634e+01
6.900000000000000000e+04 3.249173192576695612e+01
6.940000000000000000e+04 3.248299406986694748e+01
6.980000000000000000e+04 3.247445777192956484e+01
7.020000000000000000e+04 3.246577550060155204e+01
7.060000000000000000e+04 3.245728293810075371e+01
7.100000000000000000e+04 3.244865405827508198e+01
7.140000000000000000e+04 3.244024912565900820e+01
7.180000000000000000e+04 3.243188950417884087e+01
7.220000000000000000e+04 3.242370665693291443e+01
7.260000000000000000e+04 3.241544359288214139e+01
7.300000000000000000e+04 3.240738144852997493e+01
7.340000000000000000e+04 3.239922513506130741e+01
7.380000000000000000e+04 3.239134647720759830e+01
7.420000000000000000e+04 3.238322248111099100e+01
7.460000000000000000e+04 3.237328219040875155e+01
7.500000000000000000e+04 3.236559969687335325e+01
7.540000000000000000e+04 3.235991957539044250e+01
7.580000000000000000e+04 3.235230850918383538e+01
7.620000000000000000e+04 3.234472806721987581e+01
7.660000000000000000e+04 3.233716731504154041e+01
7.700000000000000000e+04 3.232973899527728179e+01
7.740000000000000000e+04 3.232221710459883468e+01
7.780000000000000000e+04 3.231490322844243934e+01
7.820000000000000000e+04 3.230745290596922814e+01
7.860000000000000000e+04 3.230013925692109211e+01
7.900000000000000000e+04 3.229291999554021686e+01
7.940000000000000000e+04 3.228588054714889211e+01
7.980000000000000000e+04 3.227875955676290687e+01
8.020000000000000000e+04 3.227178123358296347e+01
8.060000000000000000e+04 3.226485946852506004e+01
8.100000000000000000e+04 3.225789743603149873e+01
8.140000000000000000e+04 3.225098582076252285e+01
8.180000000000000000e+04 3.224422473928341759e+01
8.220000000000000000e+04 3.223753891307649155e+01
8.260000000000000000e+04 3.223091098478801797e+01
8.300000000000000000e+04 3.222433967895424445e+01
8.340000000000000000e+04 3.221773155779467146e+01
8.380000000000000000e+04 3.221130977592844147e+01
8.420000000000000000e+04 3.220484469211196910e+01
8.460000000000000000e+04 3.219844296882474310e+01
8.500000000000000000e+04 3.219214036830210546e+01
8.540000000000000000e+04 3.218590845199849326e+01
8.580000000000000000e+04 3.217963790792590828e+01
8.620000000000000000e+04 3.217345370555857187e+01
8.660000000000000000e+04 3.216721233200900798e+01
8.700000000000000000e+04 3.216107117855651865e+01
8.740000000000000000e+04 3.215504005792047337e+01
8.780000000000000000e+04 3.214908756255579902e+01
8.820000000000000000e+04 3.214324731634516041e+01
8.860000000000000000e+04 3.213736665200453047e+01
8.900000000000000000e+04 3.213159905583130183e+01
8.940000000000000000e+04 3.212578245106274721e+01
8.980000000000000000e+04 3.212008399325063124e+01
9.020000000000000000e+04 3.211449996909493620e+01
9.060000000000000000e+04 3.210887393343023177e+01
9.100000000000000000e+04 3.210322731819296393e+01
9.140000000000000000e+04 3.209768743026189952e+01
9.180000000000000000e+04 3.209230080499727222e+01
9.220000000000000000e+04 3.208688219749639359e+01
9.260000000000000000e+04 3.208158296086123329e+01
9.300000000000000000e+04 3.207624824541139219e+01
9.340000000000000000e+04 3.207089500984725561e+01
9.380000000000000000e+04 3.206566083909633136e+01
9.420000000000000000e+04 3.206059262501722174e+01
9.460000000000000000e+04 3.205531663714764079e+01
9.500000000000000000e+04 3.205036912374764313e+01
9.540000000000000000e+04 3.204539899932301239e+01
9.580000000000000000e+04 3.204039447484971959e+01
9.620000000000000000e+04 3.203536720524499515e+01
9.660000000000000000e+04 3.203049566573780282e+01
9.700000000000000000e+04 3.202560063677740487e+01
9.740000000000000000e+04 3.202048807335897607e+01
9.780000000000000000e+04 3.201593484536226697e+01
9.820000000000000000e+04 3.201115516757750612e+01
9.860000000000000000e+04 3.200636858200299173e+01
9.900000000000000000e+04 3.200173903817572807e+01
9.940000000000000000e+04 3.199715412908538070e+01
9.980000000000000000e+04 3.199269594983414322e+01
1.002000000000000000e+05 3.198807871358582844e+01
2.000000000000000000e+05 3.155911748908291159e+01
4.000000000000000000e+05 3.146007038354661134e+01
6.000000000000000000e+05 3.139908791253442644e+01
8.000000000000000000e+05 3.133159037005101766e+01
1.000000000000000000e+06 3.125224561863692330e+01
1.200000000000000000e+06 3.115517903583034354e+01
1.400000000000000000e+06 3.103024029922204718e+01
1.600000000000000000e+06 3.085414904016636584e+01
