-2.284054089809278931e+00
-2.280617763860246061e+00
-2.277617192610771113e+00
-1.839500276939850965e+00
-2.077314182052337976e+00
-2.280389156883930291e+00
-2.444273198657988200e+00
-2.503109331347104227e+00
-2.523446878524063575e+00
-2.686981936824445416e+00
-2.658432282236561139e+00
-2.612011467189300440e+00
-2.641950434255381897e+00
-2.692276552554461855e+00
-2.644974633936282959e+00
-2.589287105183588622e+00
-2.632753003386023138e+00
-2.734288091667820719e+00
-2.702652520627000232e+00
-2.660203169056079009e+00
-2.667922810503465580e+00
-2.642127838074645130e+00
-2.606146788978170648e+00
-2.555724983482924983e+00
-2.511128468223211119e+00
-2.494011055370787044e+00
-2.499118485892582342e+00
-2.518787221837048840e+00
-2.545699534397221964e+00
-2.570640618491885299e+00
-2.528221890629586799e+00
-2.514643968385763095e+00
-2.471958437244482720e+00
-2.423293550877211544e+00
-2.421583355761039336e+00
-2.413768095368477695e+00
-2.378921526859816282e+00
-2.322276352082793149e+00
-2.310206578181527970e+00
-2.315798615201474675e+00
-1.986167567755700691e+00
-2.066123004402016683e+00
-2.171744518265286139e+00
-2.171586505414652368e+00
-2.219726961209110616e+00
-2.703987647203557554e+00
-2.705092599785638097e+00
-2.663297646512694961e+00
-2.624756591723616861e+00
-2.625173480462597464e+00
-2.625986751086070381e+00
-2.626324948433893525e+00
-2.599978110013396293e+00
-2.555071571647570927e+00
-2.555413791619646879e+00
-2.555880514188560326e+00
-2.556336526197420245e+00
-1.855331374826885593e+00
-1.561550531350231141e+00
-1.905104594739350343e+00
-1.833074631322093362e+00
-1.895182142346560239e+00
-1.962107205667979581e+00
-1.956237431487794165e+00
-1.911545072258159950e+00
-1.906332805367378702e+00
-2.444612185347555755e+00
-2.444920389355234480e+00
-2.416722007356328028e+00
-2.417411601787438968e+00
-2.418007947386624945e+00
-2.353938153922905396e+00
-2.354402583167092722e+00
-2.354634706860047277e+00
-2.356738793960606593e+00
-2.329901095403808853e+00
-9.196405226111709075e-01
-1.145115683371363158e+00
-1.482598015849136530e+00
-1.529557311112309748e+00
-1.574170720942873247e+00
-1.618193374647923122e+00
-1.713109412834539214e+00
-1.707815477223087797e+00
-1.703567717870617004e+00
-1.699544044982953972e+00
-1.694906791671583202e+00
-2.334572804932349310e+00
-2.334675757190973311e+00
-2.335022201299649325e+00
-2.335588799759507062e+00
-2.336122820739418682e+00
-2.336465018273783834e+00
-2.336962629659040669e+00
-2.337211637140419018e+00
-2.337735752205094553e+00
-2.338013403179889149e+00
-2.256801417640807994e+00
-2.257147809008658079e+00
-2.257275426853845524e+00
-2.257407632851287094e+00
-2.258066056126490473e+00
-2.258317209216452959e+00
-2.208908856064020210e+00
-2.209370345680367720e+00
-2.209444889402116363e+00
-2.209671482640695128e+00
-2.210134033230795936e+00
-2.210572146328831256e+00
-2.210789620750143847e+00
-2.211223272671289930e+00
-2.124840280741768339e+00
-2.125041437741570949e+00
-2.125192056730197621e+00
-2.125383640499636684e+00
-2.125728301846798285e+00
-2.214801190328011593e+00
-2.128127168343076470e+00
-1.616351805329921731e+00
-2.082301160212824076e+00
-2.082914689470596326e+00
-2.076055506995965416e+00
-1.434768260675545859e+00
9.911998973525726342e-02
1.140875759354470498e-01
-4.074989833646955883e-01
-5.908568160261123969e-01
-1.030452731739437633e+00
-1.231262116346712121e+00
-1.227107493693177398e+00
-1.524935592728125844e+00
-1.523811228723981781e+00
-1.310421186023063456e+00
-1.306964446320102002e+00
-1.380041523033783246e+00
-1.377077448394518067e+00
-1.375750353762173139e+00
-1.373275720972731317e+00
-1.369320817860145478e+00
-1.290259899050652193e+00
-1.183424427230883591e+00
-2.086427123978705112e+00
-2.086427123978705112e+00
-2.085750969107134534e+00
-1.997679982221011619e+00
-1.997679982221011619e+00
-1.998102022710835257e+00
-1.998102022710835257e+00
-1.998382813728102114e+00
-1.998382813728102114e+00
-1.998838381605812620e+00
-1.998838381605812620e+00
-1.998838381605812620e+00
-1.999113402012005825e+00
-1.998811927223633766e+00
-1.999242854259561053e+00
-1.999242854259561053e+00
-1.999663303483637966e+00
-1.999471293152736751e+00
-1.999867685492891178e+00
-1.999867685492891178e+00
-2.000277445284132760e+00
-2.000139534705243527e+00
-2.000551033972755910e+00
-2.000250596659976843e+00
-2.000640847987468884e+00
-2.000640847987468884e+00
-2.000915279010713199e+00
-2.000915279010713199e+00
-2.001284164195293869e+00
-2.001284164195293869e+00
-2.001545278256597449e+00
-2.001545278256597449e+00
-2.001933835765204339e+00
-2.002298646269049076e+00
-2.001990265945439607e+00
-2.002156746405644228e+00
-2.002156746405644228e+00
-2.002539735410171051e+00
-2.002539735410171051e+00
-2.002758707282017880e+00
-2.003113643211598127e+00
-2.003113643211598127e+00
-2.003477219619985039e+00
-2.003426640528249703e+00
-2.003426640528249703e+00
-2.003776413032316128e+00
-2.003776413032316128e+00
-2.003988038071308431e+00
-2.004315486401651469e+00
-2.004315486401651469e+00
-2.004658474253170120e+00
-2.004849095593166375e+00
-1.906703526816988514e+00
-1.906428720140407540e+00
-1.906568053207391200e+00
-1.906752232033249506e+00
-1.906875409032471769e+00
-1.906875409032471769e+00
-1.907007867944126467e+00
-1.865737467146624473e+00
-1.865783743510101234e+00
-1.865830535829245518e+00
-1.865830535829245518e+00
-1.865822651723917813e+00
-1.865870521469883192e+00
-1.865915067900627333e+00
-1.865958545964339743e+00
-1.866141659251963292e+00
-1.866186978244645633e+00
-1.866234532826181569e+00
-1.866279917170965197e+00
-1.866409747448500411e+00
-1.866271708586663580e+00
-1.866319864296105635e+00
-1.866516052797020819e+00
-1.866601587373913462e+00
-1.866794922499495302e+00
-1.968024443218771902e+00
-1.868108100526813864e+00
-1.868298920143044217e+00
-1.755727527411719668e+00
-1.629863199285478181e+00
-1.321450776672153937e+00
-1.841932770993618851e+00
-1.842565319883286090e+00
-1.842893487016948662e+00
-1.842900083452232440e+00
-1.842903589273778175e+00
-1.843311507817448680e+00
-1.843305028291255976e+00
-1.842795818539223474e+00
-1.842197054371333076e+00
-1.842694709679219223e+00
-1.840278826373137999e+00
-1.831921581647486974e+00
-1.754051654472942756e+00
-1.650983536217006220e+00
-1.451133290621261063e+00
-9.802379035189106027e-01
-4.181631371835048405e-01
-3.942411379819039663e-01
8.641662144445139138e-02
4.450958272387131043e-01
4.836571260774122916e-01
3.521444696654446593e-01
3.714049319406524940e-01
1.746647165025937420e-01
-7.197946292056212059e-02
-5.904879281893493648e-02
-3.062211075972560703e-01
-3.000338998165337223e-01
-4.957874414400087471e-01
-4.899762126290085895e-01
-4.836051128074132510e-01
-4.790786895021474923e-01
-6.583538184445326680e-01
-5.985407724632729742e-01
-5.962520791312482249e-01
-5.891809741891314012e-01
-5.859331877621349882e-01
-5.817683256589144536e-01
-5.757196831661333114e-01
-5.746349692017411748e-01
-5.696391893462600109e-01
-5.643426409272129796e-01
-5.636524875956089309e-01
-5.590274467943552317e-01
-5.544317016834064971e-01
-5.522470823452283462e-01
-3.318072849467379459e-01
-3.314936913914818817e-01
-7.676922718101519827e-02
2.551753739894646600e-01
6.269325012796423957e-01
9.541926272400653719e-01
-1.727731662498573018e+00
-1.728137303288077797e+00
-1.728137303288077797e+00
-1.728317623650988732e+00
-1.728317623650988732e+00
-1.728556974795087742e+00
-1.728292213278152190e+00
-1.728533223032550303e+00
-1.728533223032550303e+00
-1.728533223032550303e+00
-1.728781316069728291e+00
-1.728781316069728291e+00
-1.729013859686716614e+00
-1.729013859686716614e+00
-1.728972077192569623e+00
-1.728972077192569623e+00
-1.729220871526718772e+00
-1.729220871526718772e+00
-1.729146868472569931e+00
-1.729370390985314643e+00
-1.729370390985314643e+00
-1.729587974515556903e+00
-1.729331354363301543e+00
-1.729567925670454365e+00
-1.729567925670454365e+00
-1.729786476232146653e+00
-1.729786476232146653e+00
-1.730001003240199564e+00
-1.730001003240199564e+00
-1.730228079739205338e+00
-1.729967200867451593e+00
-1.730174869623786638e+00
-1.730174869623786638e+00
-1.730388866115478930e+00
-1.730311340232046913e+00
-1.730531887408201186e+00
-1.688695723173724961e+00
-1.688518244965117709e+00
-1.688676896356809065e+00
-1.688676896356809065e+00
-1.688833716897796933e+00
-1.688986517451879443e+00
-1.688986517451879443e+00
-1.689143613095959839e+00
-1.688976650642014743e+00
-1.689138642078647834e+00
-1.557734611273336789e+00
-1.557734611273336789e+00
-1.557692524513969001e+00
-1.557653622219081324e+00
-1.689695689859359584e+00
-1.689845213030875426e+00
-1.689846612912387691e+00
-1.690053418569562149e+00
-1.690418431535456012e+00
-1.690966161562211800e+00
-1.862208293990119445e+00
-1.694477948796003997e+00
-1.694912773904798220e+00
-1.695166950069406653e+00
-1.695518671703130531e+00
-1.556108047717940979e+00
-1.556015171340614289e+00
-1.555903982621574366e+00
-1.474440577241485029e+00
-1.378934041461505444e+00
-1.195074120683772723e+00
-7.269632080674193197e-02
-1.309174360593252207e+00
-1.581866551733268178e+00
-1.581739188124882345e+00
-1.581783127287855084e+00
-1.581863990543800114e+00
-1.581877723712282968e+00
-1.581885106290009224e+00
-1.581891982848960154e+00
-1.581895479182039876e+00
-1.581900533648030960e+00
-1.581902357903640199e+00
-1.581896406838566804e+00
-1.581893026528317314e+00
-1.581893026528317314e+00
-1.581146559417000219e+00
-1.581146559417000219e+00
-1.581146559417000219e+00
-1.581057440063242003e+00
-1.581121009157693935e+00
-1.577932085091012127e+00
-1.577932085091012127e+00
-1.577613771392130992e+00
-1.577613771392130992e+00
-1.565920692252193769e+00
-1.566089707930958808e+00
-1.531412973360664287e+00
-1.531412973360664287e+00
-1.455117028651958133e+00
-1.451875943772122257e+00
-1.214082793108414826e+00
-1.206538391055607340e+00
-9.211801560102156339e-01
-9.099188953806830460e-01
-5.985020342337521448e-01
-5.985020342337521448e-01
-2.147083643266802788e-01
-2.147083643266802788e-01
-2.127066474001848562e-01
-2.039783546753064503e-01
4.250160786794761614e-01
4.450129287878585860e-01
4.666098809927122781e-01
1.056518227275379918e+00
1.065140422367478079e+00
1.076612830447700508e+00
1.107220368644417752e+00
1.116978413830739925e+00
1.484788105922645318e+00
1.510524049130083313e+00
1.515464461711086619e+00
1.524913739647708599e+00
1.552351024944674140e+00
1.575112159127404876e+00
1.591004559996183509e+00
1.610904972967920790e+00
1.614065129172461255e+00
1.614065129172461255e+00
1.552673774057009348e+00
1.567010973120943840e+00
1.595034045107758480e+00
1.601570284468831540e+00
1.609508593115992703e+00
1.609508593115992703e+00
1.643719056616263163e+00
1.656958731161323417e+00
1.673664837717426801e+00
1.697502332136630265e+00
1.689804055726960685e+00
1.705942577235048274e+00
1.737117521028138656e+00
1.741705751162616833e+00
1.748347933991950764e+00
1.773903294025077848e+00
1.775644272926507838e+00
1.792170054054629702e+00
1.806129166969106414e+00
1.823430508484380930e+00
1.846247225016659277e+00
1.846707859491526937e+00
1.858677579462510110e+00
1.866781707883157670e+00
2.033232253987648619e+00
2.058279273809538790e+00
2.059070116907861347e+00
1.731517059436469053e+00
1.775825987970600872e+00
1.775825987970600872e+00
1.125048237300249054e+00
1.881604372556261451e-01
1.786725715679720050e-01
-2.956020426775964882e-01
-2.956020426775964882e-01
-6.945998582847011660e-01
-1.580491151445780673e+00
-1.482348157699114877e+00
-1.482523146620056131e+00
-1.482523146620056131e+00
-1.482523146620056131e+00
-1.482523146620056131e+00
-1.482470722867629043e+00
-1.482470722867629043e+00
-1.482470722867629043e+00
-1.482470722867629043e+00
-1.482470722867629043e+00
-1.482470722867629043e+00
-1.482416863595092504e+00
-1.482488909318410153e+00
-1.482488909318410153e+00
-1.482488909318410153e+00
-1.482488909318410153e+00
-1.482430950512993117e+00
-1.482430950512993117e+00
-1.482430950512993117e+00
-1.482430950512993117e+00
-1.482430950512993117e+00
-1.482378127868773543e+00
-1.482378127868773543e+00
-1.482378127868773543e+00
-1.482378127868773543e+00
-1.482408348203941850e+00
-1.482408348203941850e+00
-1.482408348203941850e+00
-1.482408348203941850e+00
-1.482408348203941850e+00
-1.482358424701494037e+00
-1.482358424701494037e+00
-1.482358424701494037e+00
-1.482358424701494037e+00
-1.482358424701494037e+00
-1.482307824846343935e+00
-1.482307824846343935e+00
-1.482383448925031599e+00
-1.482383448925031599e+00
-1.482329147083292220e+00
-1.482329147083292220e+00
-1.482329147083292220e+00
-1.482329147083292220e+00
-1.482329147083292220e+00
-1.482280738566549516e+00
-1.482280738566549516e+00
-1.482280738566549516e+00
-1.482280738566549516e+00
-1.482280738566549516e+00
-1.482301846957021718e+00
-1.482301846957021718e+00
-1.482301846957021718e+00
-1.482301846957021718e+00
-1.482254050785662747e+00
-1.482254050785662747e+00
-1.482254050785662747e+00
-1.482254050785662747e+00
-1.482207548998344837e+00
-1.482207548998344837e+00
-1.482207548998344837e+00
-1.482207548998344837e+00
-1.482288563255653724e+00
-1.482236754551366609e+00
-1.482236754551366609e+00
-1.482236754551366609e+00
-1.482236754551366609e+00
-1.482191245872721774e+00
-1.482191245872721774e+00
-1.482191245872721774e+00
-1.482191245872721774e+00
-1.482145183732160199e+00
-1.482145183732160199e+00
-1.482145183732160199e+00
-1.482213566459882337e+00
-1.482168768645506063e+00
-1.482168768645506063e+00
-1.482168768645506063e+00
-1.482168768645506063e+00
-1.482125275803357844e+00
-1.482125275803357844e+00
-1.482125275803357844e+00
-1.482125275803357844e+00
-1.482077519183365499e+00
-1.482077519183365499e+00
-1.482148356435560865e+00
-1.357793660929733193e+00
-1.357793660929733193e+00
-1.357793660929733193e+00
-1.357793660929733193e+00
-1.357640492670154631e+00
-1.357640492670154631e+00
-1.357640492670154631e+00
-1.357640492670154631e+00
-1.357487495915856712e+00
-1.357487495915856712e+00
-1.357725518223756644e+00
-1.357570954855499501e+00
-1.357570954855499501e+00
-1.357570954855499501e+00
-1.357570954855499501e+00
-1.357412900760435637e+00
-1.357412900760435637e+00
-1.357412900760435637e+00
-1.357263988018390988e+00
-1.357263988018390988e+00
-1.357263988018390988e+00
-1.357504769802856615e+00
-1.357351140683554336e+00
-1.357351140683554336e+00
-1.357351140683554336e+00
-1.357202017163631425e+00
-1.357202017163631425e+00
-1.357202017163631425e+00
-1.357039260989033602e+00
-1.357039260989033602e+00
-1.357039260989033602e+00
-1.357039260989033602e+00
-1.357119971753989462e+00
-1.357119971753989462e+00
-1.357119971753989462e+00
-1.356968410728318419e+00
-1.356968410728318419e+00
-1.356968410728318419e+00
-1.356795294134405694e+00
-1.356795294134405694e+00
-1.356795294134405694e+00
-1.356640331902564833e+00
-1.356640331902564833e+00
-1.356890667789958149e+00
-1.356723761737631095e+00
-1.356723761737631095e+00
-1.356550502301581140e+00
-1.356550502301581140e+00
-1.356490780639027838e+00
-1.356442881118964827e+00
-1.356300756980086009e+00
-1.356273966546316601e+00
-1.356163184757846363e+00
-1.356321963219042859e+00
-1.356185804640808623e+00
-1.356112884243680261e+00
-1.355970879915387117e+00
-1.355892615949916502e+00
-1.355712399939651647e+00
-1.355606049111413025e+00
-1.355341535991412050e+00
-1.355176559294483996e+00
-1.481228553228097988e+00
-1.481026144779520548e+00
-1.584068341102353061e+00
-1.480412519948034689e+00
-1.480342147771138706e+00
-1.480263225147471662e+00
-1.455761214960526795e+00
-1.455678269227113075e+00
-1.455591494295431554e+00
-1.455548772594165152e+00
-1.455466231250760467e+00
-1.455501429085110265e+00
-1.346482253374578830e+00
-1.346295162989368688e+00
-1.346107796950723579e+00
-1.345982278072644700e+00
-1.345809900624776123e+00
-1.345606935433373730e+00
-1.345489133770224166e+00
-1.345290569813490267e+00
-1.560848913431402751e+00
-1.560840570013881434e+00
-1.560867965418103021e+00
-1.560899612763408717e+00
-1.560912737080365265e+00
-1.132779908216283271e+00
-1.132554889830631684e+00
-7.404677500428584747e-01
-7.396054892997339092e-01
-7.392899706557023443e-01
-1.094001051083961507e-01
4.601106283738332081e-01
2.176968050475974525e+00
2.645665745694383286e+00
1.323985155631986377e+00
7.007249844666862959e-02
-1.376989265572798216e+00
-1.517838997205831486e+00
-1.527758975170231182e+00
-1.527857883653441551e+00
-1.529516664817464733e+00
-1.529516664817464733e+00
-1.529401807733574481e+00
-1.529398407753546518e+00
-1.529398407753546518e+00
-1.529290714443128474e+00
-1.529290714443128474e+00
-1.529169426759893424e+00
-1.529037777739600035e+00
-1.529048134954944960e+00
-1.529946597028270405e+00
-1.529946597028270405e+00
-1.529907709834125384e+00
-1.529907709834125384e+00
-1.529858706111249633e+00
-1.529858706111249633e+00
-1.529839188247241966e+00
-1.529839188247241966e+00
-1.529842327939062940e+00
-1.529786084012530134e+00
-1.529722011949414595e+00
-1.529722011949414595e+00
-1.529645583480679250e+00
-1.529645583480679250e+00
-1.530161532370625022e+00
-1.530161532370625022e+00
-1.530138047742236829e+00
-1.530118164660753566e+00
-1.530118164660753566e+00
-1.530127126518039393e+00
-1.530127126518039393e+00
-1.530143143784922666e+00
-1.530109579685958732e+00
-1.530275053195543355e+00
-1.530275053195543355e+00
-1.530275053195543355e+00
-1.530275184982226255e+00
-1.530275184982226255e+00
-1.530275184982226255e+00
-1.530275184982226255e+00
-1.530275184982226255e+00
-1.530275184982226255e+00
-1.530275184982226255e+00
-1.530275184982226255e+00
-1.530275184982226255e+00
-1.530275450202043697e+00
-1.530275450202043697e+00
-1.530275450202043697e+00
-1.530275450202043697e+00
-1.530275450202043697e+00
-1.530275450202043697e+00
-1.530275450202043697e+00
-1.530275450202043697e+00
-1.530276141470174434e+00
-1.530276141470174434e+00
-1.530276141470174434e+00
-1.530276141470174434e+00
-1.530276141470174434e+00
-1.530276141470174434e+00
-1.530276141470174434e+00
-1.530276141470174434e+00
-1.530276141470174434e+00
-1.530274902245974733e+00
-1.530274902245974733e+00
-1.530274902245974733e+00
-1.530274902245974733e+00
-1.530274902245974733e+00
-1.530274902245974733e+00
-1.530274902245974733e+00
-1.530274902245974733e+00
-1.530275323409918453e+00
-1.530275323409918453e+00
-1.530275323409918453e+00
-1.530275323409918453e+00
-1.530275323409918453e+00
-1.530275323409918453e+00
-1.530275323409918453e+00
-1.530275323409918453e+00
-1.530275206340302674e+00
-1.530275206340302674e+00
-1.530275206340302674e+00
-1.530275206340302674e+00
-1.530275206340302674e+00
-1.530275206340302674e+00
-1.530275206340302674e+00
-1.530275206340302674e+00
-1.530275743551019918e+00
-1.530275743551019918e+00
-1.530275743551019918e+00
-1.530275743551019918e+00
-1.530275743551019918e+00
-1.530275743551019918e+00
-1.530275743551019918e+00
-1.530275743551019918e+00
-1.530275485984059269e+00
-1.530275485984059269e+00
-1.530275485984059269e+00
-1.530275485984059269e+00
-1.530275485984059269e+00
-1.530275485984059269e+00
-1.530275485984059269e+00
-1.530275485984059269e+00
-1.530275176530367709e+00
-1.530275176530367709e+00
-1.530275176530367709e+00
-1.530275176530367709e+00
-1.530275176530367709e+00
-1.530275176530367709e+00
-1.530275176530367709e+00
-1.530275176530367709e+00
-1.530275477945428841e+00
-1.530275477945428841e+00
-1.530275477945428841e+00
-1.530275477945428841e+00
-1.530275477945428841e+00
-1.530275477945428841e+00
-1.530275477945428841e+00
-1.530274881138502741e+00
-1.530274881138502741e+00
-1.530274881138502741e+00
-1.530274881138502741e+00
-1.530274881138502741e+00
-1.530274881138502741e+00
-1.530274881138502741e+00
-1.530274881138502741e+00
-1.530276348549105325e+00
-1.530276348549105325e+00
-1.530276348549105325e+00
-1.530276348549105325e+00
-1.530276348549105325e+00
-1.530276348549105325e+00
-1.530276348549105325e+00
-1.530276059580317982e+00
-1.530276059580317982e+00
-1.530276059580317982e+00
-1.530276059580317982e+00
-1.530276059580317982e+00
-1.530276059580317982e+00
-1.530276059580317982e+00
-1.530276185378523390e+00
-1.530276185378523390e+00
-1.530276185378523390e+00
-1.530276185378523390e+00
-1.530276185378523390e+00
-1.530276185378523390e+00
-1.530276185378523390e+00
-1.530276185378521836e+00
-1.530276185378521836e+00
-1.530276185378521836e+00
-1.530276185378521836e+00
-1.530276185378521836e+00
-1.530276185378521836e+00
-1.530276185378521836e+00
-1.530274935472658804e+00
-1.530274935472658804e+00
-1.530274935472658804e+00
-1.530274935472658804e+00
-1.530274935472658804e+00
-1.530274935472658804e+00
-1.530274935472658804e+00
-1.530274225915328579e+00
-1.530274225915328579e+00
-1.530274225915328579e+00
-1.530274225915328579e+00
-1.530274225915328579e+00
-1.530274225915328579e+00
-1.530274225915328579e+00
-1.530275077963970221e+00
-1.530275077963970221e+00
-1.530275077963970221e+00
-1.530275077963970221e+00
-1.530275077963970221e+00
-1.530275077963970221e+00
-9.581671939431642970e-01
-9.581671939431642970e-01
-9.581671939431642970e-01
-9.581671939431642970e-01
-9.581671939431642970e-01
-9.581671939431642970e-01
-9.581671939431642970e-01
-9.581675828502006498e-01
-9.581675828502006498e-01
-9.581675828502006498e-01
-9.581675828502006498e-01
-9.581675828502006498e-01
-9.581675828502006498e-01
-9.581652823585737888e-01
-9.581652823585737888e-01
-9.581652823585737888e-01
-9.581652823585737888e-01
-9.581652823585737888e-01
-9.581652823585737888e-01
-9.581652823585737888e-01
-9.581652823585464773e-01
-9.581652823585464773e-01
-9.581652823585464773e-01
-9.581652823585464773e-01
-9.581652823585464773e-01
-9.581652823585464773e-01
-9.581654341906760131e-01
-9.581654341906760131e-01
-9.581654341906760131e-01
-9.581654341906760131e-01
-9.581654341906760131e-01
-9.581654341906760131e-01
-9.581661657957892819e-01
-9.581661657957892819e-01
-9.581661657957892819e-01
-9.581661657957892819e-01
-9.581661657957892819e-01
-9.581661657957892819e-01
-9.581664365727917687e-01
-9.581664365727917687e-01
-9.581664365727917687e-01
-9.581664365727917687e-01
-9.581664365727917687e-01
-9.581652823584916323e-01
-9.581652823584916323e-01
-9.581652823584916323e-01
-9.581652823584916323e-01
-9.581652823584916323e-01
-9.581652823584916323e-01
-9.581664365689875895e-01
-9.581664365689875895e-01
-9.581664365689875895e-01
-9.581664365689875895e-01
-9.581664365689875895e-01
-9.581664365689875895e-01
-9.581662407966154982e-01
-9.581662407966154982e-01
-9.581662407966154982e-01
-9.581662407966154982e-01
-9.581662407966154982e-01
-9.581672325087279285e-01
-9.581672325087279285e-01
-9.581672325087279285e-01
-9.581672325087279285e-01
-9.581672325087279285e-01
-9.581672325087279285e-01
-9.581660764132289287e-01
-9.581660764132289287e-01
-9.581660764132289287e-01
-9.581660764132289287e-01
-9.581660764132289287e-01
-9.581668030234415934e-01
-9.581668030234415934e-01
-9.581668030234415934e-01
-9.581668030234415934e-01
-9.581668030234415934e-01
-9.581661916229757825e-01
-9.581661916229757825e-01
-9.581661916229757825e-01
-9.581661916229757825e-01
-9.581661916229757825e-01
-9.581654061920943377e-01
-9.581654061920943377e-01
-9.581654061920943377e-01
-9.581654061920943377e-01
-9.581654061920943377e-01
-9.581675615184570560e-01
-9.581675615184570560e-01
-9.581675615184570560e-01
-9.581675615184570560e-01
-9.581675615184570560e-01
-9.581652823585482537e-01
-9.581652823585482537e-01
-9.581652823585482537e-01
-9.581652823585482537e-01
-9.581652823585482537e-01
-9.581652823585093959e-01
-9.581652823585093959e-01
-9.581652823585093959e-01
-9.581652823585093959e-01
-9.581652823585093959e-01
-9.581661920708139935e-01
-9.581661920708139935e-01
-9.581661920708139935e-01
-9.581661920708139935e-01
-9.581670349088611260e-01
-9.581670349088611260e-01
-9.581670349088611260e-01
-9.581652823585444789e-01
-9.581669235217044056e-01
-9.581670642348123490e-01
-9.581670642348123490e-01
-9.581675615184518380e-01
-9.581652823585717904e-01
-9.581664777573772884e-01
-9.581672325087579045e-01
-9.581661104328121903e-01
-9.581661104328121903e-01
-9.581662407966412554e-01
-9.581656920495587038e-01
-9.581653486907593109e-01
-9.581662464734738149e-01
-9.581658877384148232e-01
-9.581653667545709796e-01
-9.581651595323289472e-01
-9.581651595323289472e-01
-9.581652823585853351e-01
-9.581675505206317389e-01
-9.581652823585737888e-01
-9.581651595323219528e-01
-9.581652823586146450e-01
-9.581652595963645602e-01
-1.530275549771990651e+00
-1.530274834787533011e+00
-1.530274785221351852e+00
-1.530274785221351852e+00
-1.530275380235108340e+00
-1.530274392076781620e+00
-1.530274392076781620e+00
-1.530275332164262370e+00
-1.530275188444131684e+00
-1.530275188444131684e+00
-1.530274997552160121e+00
-1.530274997552160121e+00
-1.530275545529061754e+00
-1.530274835277757761e+00
-1.530274835277757761e+00
-1.530275022621358616e+00
-1.530275022621358616e+00
-1.530275046636969449e+00
-1.530275078348727780e+00
-1.530275078348727780e+00
-1.530275451514792495e+00
-1.530275451514792495e+00
-9.581671970430982732e-01
-9.581652678056223893e-01
-1.071408439080820285e+00
-1.071408439080820285e+00
-1.071408207534278345e+00
-1.071408207534278345e+00
-1.071406969794430619e+00
-1.071406969794430619e+00
-1.071407494424138074e+00
-1.071406969794430619e+00
-1.071406969794430619e+00
-1.071407353220057868e+00
-1.071407544268308643e+00
-1.071407544268308643e+00
-1.071408174149524939e+00
-1.071408174149524939e+00
-1.071408359837888957e+00
-1.071407832199786414e+00
-1.071407832199786414e+00
-1.071406969794458153e+00
-1.071408915067455725e+00
-1.071408915067455725e+00
-1.071408277155042166e+00
-1.071408277155042166e+00
-1.071407554540479756e+00
-1.071407469800917278e+00
-1.071407469800917278e+00
-1.071408478773161699e+00
-1.071408216075658393e+00
-1.071408216075658393e+00
-1.071407821778374014e+00
-1.071407821778374014e+00
-5.930256786378711453e-01
-5.930256786378476086e-01
-5.930256786378476086e-01
-5.930264342624606000e-01
-5.930279463815200103e-01
-5.930279463815200103e-01
-5.930269508329265582e-01
-5.930269508329265582e-01
-5.930256786378496070e-01
-5.930264597553712713e-01
-5.930264597553712713e-01
-5.930256786378202971e-01
-5.930272479788913920e-01
-5.930272479788913920e-01
2.568035376035364692e-01
2.568035376035364692e-01
