2.742980407041177404e+00
2.743026529308568495e+00
2.743050194498402039e+00
2.643847376280285211e+00
2.708848931203077459e+00
2.715447532826688271e+00
2.705717310830707323e+00
2.695096625527905854e+00
2.677800006253931109e+00
2.656273880176827085e+00
2.626142291112798954e+00
2.583932007455659541e+00
2.507556105104820521e+00
2.493126815538737162e+00
2.364199796159670797e+00
2.311584330452593594e+00
2.251214792292121292e+00
2.149345604961743206e+00
2.134127372621933194e+00
2.031745798041391993e+00
1.966291896662779148e+00
1.884915168549760711e+00
1.808377668175563890e+00
1.709386885378012533e+00
8.274754426025870968e-01
1.507402643471796644e+00
1.525361057998087189e+00
1.459920451070438885e+00
1.408749774820326373e+00
1.372521956799459542e+00
1.333854587920615842e+00
1.278824329760971601e+00
1.188414376304986142e+00
2.835908911193342763e-01
9.216024691534194790e-01
1.007266953395044906e+00
9.075512519083926977e-01
9.236846564977644336e-01
6.114624089965012832e-01
7.163315423690539419e-01
-1.440221709717694754e-01
1.765337592645418053e-03
2.706025640476146799e-01
1.002555110575345410e+00
1.006229985088195278e+00
8.793252890582003989e-01
8.172861052696223094e-01
8.193555952626998540e-01
8.212084602387641485e-01
8.237254421650794800e-01
6.999287827463415157e-01
7.009627217129908994e-01
7.036214035100117892e-01
9.949925978082124756e-01
-3.780294197067054357e-02
4.418414301061153460e-02
1.423609487433625809e-01
2.587212459235084805e-01
3.909600652615455862e-01
2.764298341323830344e-01
3.214979654632997841e-01
3.210944769726069015e-01
-2.011881773777960625e+00
4.218665121151495834e-01
4.239811412502651478e-01
4.247886719291278368e-01
4.268721167031757080e-01
2.702437820549139502e-01
4.321407356610022510e-01
3.329310684464832915e-01
-6.916951401917702524e-01
-5.951463426958149006e-01
-4.720114279561354875e-01
-3.227718687502191264e-01
-3.264166141688980560e-01
-1.531483690375884388e-01
-1.944678639355429672e-01
-1.963823873994514357e-01
-1.733817542523709634e-02
3.525276215030214572e-02
-1.613355860178262158e-01
-9.646528877131621549e-01
-7.659469359720839921e-02
-7.601204466938960014e-02
-7.540277854386692735e-02
-7.436873020944727297e-02
-7.084459905395495971e-02
-6.929069791588161886e-02
-6.831808365937949712e-02
-6.780858353917589010e-02
-6.720684772315325961e-02
-6.624932726324495036e-02
-6.542131728740831209e-02
-6.407392790539091776e-02
-6.319539649727511088e-02
-6.190816869644263920e-02
-6.146027671962712297e-02
-5.981121245023499761e-02
-2.686131897540662838e-01
-2.677553900507136930e-01
-2.670425209991860171e-01
-2.658196635088584392e-01
-2.645583930932959293e-01
-2.637149164245047306e-01
-4.986331689264907746e-02
-3.521743454760970643e-02
-1.860287652600951247e-01
-9.126288155010007230e-01
-1.677486898340303734e+00
-1.560820596640503766e+00
-1.395599037975007839e+00
-1.401892205309578365e+00
-1.162793918478802091e+00
-1.166458742074233834e+00
-1.166803344260715303e+00
-8.866703241569572347e-01
-9.303128881843153453e-01
-9.315360478247155518e-01
-9.321372972117554223e-01
-9.336768003263665738e-01
-9.341778089438022015e-01
-9.354089646232283117e-01
-6.603056747367134216e-01
-6.603149470963671774e-01
-9.377356381284869258e-01
-8.940161251050388058e-01
-8.956775154096903169e-01
-8.958347517619704714e-01
-1.884437774184785752e+00
-4.106975014877285446e+00
-6.512698826758238635e-01
-6.501086154480122392e-01
-6.501086154480122392e-01
-6.494628700895660467e-01
-6.494628700895660467e-01
-6.483110933503026807e-01
-6.488915542206732390e-01
-6.477860208305520340e-01
-6.485609168686481407e-01
-6.479530647716498226e-01
-6.468444993705063650e-01
-6.468444993705063650e-01
-6.457629700921307947e-01
-6.463351185087321538e-01
-6.454669365749834409e-01
-8.806251335793630064e-01
-8.808980123589568167e-01
-8.807546551832412529e-01
-8.807546551832412529e-01
-8.802516998252255531e-01
-8.794853625207706971e-01
-8.794853625207706971e-01
-8.787508719254552014e-01
-8.782512593615638963e-01
-8.782512593615638963e-01
-8.782269807368269232e-01
-8.777425936836629194e-01
-8.777425936836629194e-01
-8.770425184766548199e-01
-8.765697713552343950e-01
-8.760639043140960869e-01
-8.760639043140960869e-01
-8.756152140399326989e-01
-8.749218570774299764e-01
-8.748710421204863863e-01
-8.748710421204863863e-01
-8.744725966323695365e-01
-8.737844228443890637e-01
-8.730876657051078737e-01
-8.726766955496758627e-01
-8.726766955496758627e-01
-8.720011101726492520e-01
-8.722527909961002024e-01
-8.715758596098064359e-01
-8.709131266621925604e-01
-8.705028240958865293e-01
-8.700285189634990868e-01
-8.693439753693691374e-01
-8.689292700226667332e-01
-8.682222751988112330e-01
-8.680425116557005660e-01
-8.676453189897119778e-01
-8.667467116329139465e-01
-8.657468977864034576e-01
-8.648009594706158598e-01
-8.631273090382690638e-01
-8.595874960251258523e-01
-8.497403304618947883e-01
-8.460849338181551937e-01
-8.437963990652723734e-01
-8.418016339746027255e-01
-1.108045656565976644e+00
-1.106926204613841280e+00
-1.075492605797951473e+00
-1.654519461283661341e+00
-1.883236671355437153e+00
-2.272642003611554440e+00
-2.200843538141457945e+00
-2.147612706188901655e+00
-2.154245842910873066e+00
-2.094000110431685435e+00
-2.096901368125879905e+00
-2.102083055357393704e+00
-2.105922608035369681e+00
-2.110129179848128977e+00
-2.115559635717989551e+00
-2.116592417414430827e+00
-2.122428838890086045e+00
-2.127787557486128467e+00
-1.945562683953269367e+00
-1.947900035981612099e+00
-1.951368840149929174e+00
-1.954380445487152507e+00
-1.957205169690016788e+00
-1.958340999202890176e+00
-1.961876871826981894e+00
-1.964326170649356218e+00
-1.966723923260720319e+00
-1.971649921635892255e+00
-1.972059318167352693e+00
-1.975616414879021399e+00
-1.976528090993135756e+00
-1.979956517321479037e+00
-1.982932003548192323e+00
-1.983970547297987386e+00
-1.989331680540336489e+00
-1.989179952888570302e+00
-1.992565164377110509e+00
-1.993631337698046346e+00
-1.996334986778786735e+00
-1.998487083887145133e+00
-2.001125493243317788e+00
-2.004416259032632208e+00
-2.006145428020883248e+00
-2.007704264353400880e+00
-2.009886854406232715e+00
-2.011534351564168599e+00
-2.013779774364091057e+00
-2.025552072944809545e+00
-2.018099901531350326e+00
-2.022351259798713219e+00
-2.026043532208358755e+00
-2.255858503624291966e+00
-3.141143210544440567e+00
-4.225226178563642243e+00
-1.613511507144539170e+00
-1.612730895040334067e+00
-1.612730895040334067e+00
-1.612937933642874189e+00
-1.612937933642874189e+00
-1.612135652927632723e+00
-1.612135652927632723e+00
-1.611398732619764740e+00
-1.612665325643173553e+00
-1.611883253015020223e+00
-1.611883253015020223e+00
-1.611137739635682076e+00
-1.610364679803067522e+00
-1.610364679803067522e+00
-1.610450800936792604e+00
-1.610450800936792604e+00
-1.609677445507823990e+00
-1.609677445507823990e+00
-1.608894129837256326e+00
-1.608974217865570600e+00
-1.608974217865570600e+00
-1.608155797018665512e+00
-1.608513724814849111e+00
-1.607703427551496977e+00
-1.607674441484888472e+00
-1.607674441484888472e+00
-1.606795704928499546e+00
-1.606252004086899055e+00
-1.605660845773107859e+00
-1.605850783698783202e+00
-1.605185114696087600e+00
-1.604527589021921496e+00
-1.603350891029168501e+00
-1.603215111168297735e+00
-1.602138928252487160e+00
-1.256207884326900448e+00
-1.253819657401512577e+00
-1.248504992900388855e+00
-1.240548369141835972e+00
-1.236513740480712720e+00
-1.234669581316562459e+00
-1.233156267630195924e+00
-1.231767677673043959e+00
-1.231283601435798625e+00
-1.229965275592628915e+00
-1.228655253191510477e+00
-1.227345488299512066e+00
-1.575904547955595980e+00
-1.574818632449167755e+00
-1.574030375141057814e+00
-1.572915334294888501e+00
-1.571777145554272836e+00
-1.571247018162538422e+00
-1.570045558878496283e+00
-1.568802377132017645e+00
-1.568161852880055607e+00
-1.567444089764224335e+00
-1.566023030613891143e+00
-1.955074039637021865e+00
-1.953681328123310301e+00
-1.952522650981122210e+00
-1.951653978995168792e+00
-2.387205864826973389e+00
-2.387173228284700244e+00
-2.801956776188824438e+00
-3.129343788679086469e+00
-3.345434478899805164e+00
-3.630100647866797203e+00
-3.912787670904589010e+00
-3.548169508485158552e+00
-3.582458251957425510e+00
-3.563465313352160102e+00
-3.563465313352160102e+00
-3.570478169127664358e+00
-3.570478169127664358e+00
-3.495252543545397828e+00
-3.495242494448183024e+00
-3.501100549289281716e+00
-3.501100549289281716e+00
-3.510389044309600859e+00
-3.510389044309600859e+00
-3.408414470453171585e+00
-3.412896327353756032e+00
-3.412896327353756032e+00
-3.418492684869539389e+00
-3.424114340427512282e+00
-3.421801374549875874e+00
-3.428817740723692609e+00
-3.432069692689357243e+00
-3.235549101735319510e+00
-3.237799698270357407e+00
-3.237799698270357407e+00
-3.241911578745934719e+00
-3.243838834005057237e+00
-3.244982433742050087e+00
-3.247038219239014811e+00
-3.250406133625133975e+00
-3.253569098569072171e+00
-3.253299218245257141e+00
-3.256258109066858086e+00
-3.250286352422103064e+00
-3.251606945536560822e+00
-3.252294452320016127e+00
-3.254612894883168739e+00
-3.255977976303050525e+00
-3.259013004221962717e+00
-3.258727327350873004e+00
-3.261600440187508276e+00
-3.264510640073219783e+00
-3.266216956822796114e+00
-3.266617888412912674e+00
-3.266617888412912674e+00
-3.086411197686173669e+00
-3.087766872263886242e+00
-3.087135025892950413e+00
-3.089578531606687051e+00
-3.090517599439027041e+00
-3.091401742396207020e+00
-3.093355113726588890e+00
-3.093693663192651933e+00
-3.094030213350921432e+00
-3.096328984127979300e+00
-3.097290431286494172e+00
-3.096976043725458982e+00
-3.099128359317264270e+00
-3.100370960204528181e+00
-3.102078897631499022e+00
-3.101625963678931175e+00
-3.103692380189230438e+00
-3.104116296693624211e+00
-3.104957136303016174e+00
-3.107663374674080270e+00
-3.107133233585625653e+00
-3.107133233585625653e+00
-3.117755794894264465e+00
-3.108653802981841352e+00
-3.108653802981841352e+00
-3.353060147356223819e+00
-3.353060147356223819e+00
-3.114509333383595813e+00
-3.067735010570674437e+00
-3.252144250678493886e+00
-3.901265330854015279e+00
-4.473748229870306403e+00
-5.386899718296323414e+00
-1.985951564265414193e+00
-1.985951564265414193e+00
-1.985951564265414193e+00
-1.986975577810308202e+00
-1.985985474821006402e+00
-1.985985474821006402e+00
-1.985985474821006402e+00
-1.985985474821006402e+00
-1.985985474821006402e+00
-1.985985474821006402e+00
-1.985063099399742903e+00
-1.985063099399742903e+00
-1.985063099399742903e+00
-1.985063099399742903e+00
-1.986112953963373284e+00
-1.985058526686789948e+00
-1.985058526686789948e+00
-1.985058526686789948e+00
-1.985058526686789948e+00
-1.985058526686789948e+00
-1.985058526686789948e+00
-1.983958914168159060e+00
-1.983958914168159060e+00
-1.983958914168159060e+00
-1.983958914168159060e+00
-1.985014491840860318e+00
-1.985014491840860318e+00
-1.985014491840860318e+00
-1.983920475285941398e+00
-1.983920475285941398e+00
-1.983920475285941398e+00
-1.983920475285941398e+00
-1.983920475285941398e+00
-1.983920475285941398e+00
-1.982868620640878765e+00
-1.983870114916089777e+00
-1.983870114916089777e+00
-1.983870114916089777e+00
-1.983870114916089777e+00
-1.983870114916089777e+00
-1.982936157406200994e+00
-1.982936157406200994e+00
-1.982936157406200994e+00
-1.982936157406200994e+00
-1.982936157406200994e+00
-1.982949194623762068e+00
-1.982949194623762068e+00
-1.982949194623762068e+00
-1.982949194623762068e+00
-1.982949194623762068e+00
-1.982949194623762068e+00
-1.982104098477953658e+00
-1.982104098477953658e+00
-1.982104098477953658e+00
-1.983067771291056047e+00
-1.983067771291056047e+00
-1.982179274975722105e+00
-1.982179274975722105e+00
-1.982179274975722105e+00
-1.982179274975722105e+00
-1.982179274975722105e+00
-1.981425145601741544e+00
-1.981425145601741544e+00
-1.981425145601741544e+00
-1.982371763895715233e+00
-2.439294767755198379e+00
-2.439294767755198379e+00
-2.439294767755198379e+00
-2.439294767755198379e+00
-2.439294767755198379e+00
-2.438668201706928773e+00
-2.438668201706928773e+00
-2.438668201706928773e+00
-2.439409534342944941e+00
-2.438853508131336500e+00
-2.438853508131336500e+00
-2.438853508131336500e+00
-2.438853508131336500e+00
-2.438313749400552677e+00
-2.438313749400552677e+00
-2.438313749400552677e+00
-2.438313749400552677e+00
-2.421604875055240580e+00
-2.421604875055240580e+00
-2.421604875055240580e+00
-2.421604875055240580e+00
-2.421170583607160420e+00
-2.421170583607160420e+00
-2.421170583607160420e+00
-2.421170583607160420e+00
-2.421381327764384306e+00
-2.421381327764384306e+00
-2.421381327764384306e+00
-2.421013473570127861e+00
-2.421013473570127861e+00
-2.421013473570127861e+00
-2.420640934188209137e+00
-2.420640934188209137e+00
-2.421209190587962912e+00
-2.421209190587962912e+00
-2.420835180222155714e+00
-2.420835180222155714e+00
-2.420835180222155714e+00
-2.420455809882394949e+00
-2.420455809882394949e+00
-2.420455809882394949e+00
-2.420603037740979069e+00
-2.420603037740979069e+00
-2.420603037740979069e+00
-2.420209071114863608e+00
-2.420209071114863608e+00
-2.420036954076290492e+00
-2.419873804351138080e+00
-2.419724311665740757e+00
-2.420071467850575697e+00
-2.419910625970595586e+00
-2.419745947546657838e+00
-2.419558527224441313e+00
-2.419385256608586499e+00
-2.419385256608586499e+00
-2.419206168594868700e+00
-2.419461580438262871e+00
-2.419269504590939146e+00
-2.419058624907270971e+00
-2.418830702302170899e+00
-2.418595089607269877e+00
-2.418335397154871114e+00
-2.418438444379003016e+00
-2.418130715635338213e+00
-2.417789581693000844e+00
-2.417405259598093270e+00
-1.959526507623698066e+00
-1.959339407504826269e+00
-1.958484905865018000e+00
-1.957395823836759696e+00
-1.955970514036402319e+00
-1.954244088600609386e+00
-1.954244088600609386e+00
-1.953392819466055030e+00
-1.952818233959024097e+00
-1.952818233959024097e+00
-1.952348935852863843e+00
-1.951912522245739190e+00
-1.952418745032549419e+00
-1.951995930203972218e+00
-1.951995930203972218e+00
-1.951582292820212672e+00
-1.951174331243534121e+00
-1.951174331243534121e+00
-1.951278089758626377e+00
-1.950873536186189305e+00
-1.950873536186189305e+00
-1.950469591215855836e+00
-1.950469591215855836e+00
-1.950063961111168309e+00
-1.950167070041000761e+00
-1.950167070041000761e+00
-1.949756178465815060e+00
-1.949342471103596930e+00
-1.949342471103596930e+00
-1.948925651698053763e+00
-1.949439352909861478e+00
-1.949015454369447564e+00
-1.948585943032314027e+00
-1.948585943032314027e+00
-1.948151608736498286e+00
-1.948224524417193848e+00
-1.948224524417193848e+00
-1.947775433031403658e+00
-1.947775433031403658e+00
-1.947317826529446183e+00
-1.946853565601950775e+00
-1.947368235611996790e+00
-1.946892079478017568e+00
-1.946408318758857892e+00
-1.946408318758857892e+00
-1.945914900193780994e+00
-1.945914900193780994e+00
-1.945927605568614771e+00
-1.945410494930124967e+00
-1.945410494930124967e+00
-1.944883260559669980e+00
-1.944344953445122481e+00
-1.944344953445122481e+00
-2.405771725506828052e+00
-2.405771725506828052e+00
-2.405358739292895454e+00
-2.404936079496021506e+00
-2.404936079496021506e+00
-2.404504577193375514e+00
-2.404440914314391886e+00
-2.404440914314391886e+00
-2.403988982893786819e+00
-2.403988982893786819e+00
-2.403529319591506841e+00
-2.403059454003862339e+00
-2.403434446038034356e+00
-2.402952432332851718e+00
-2.402459916261634909e+00
-2.402459916261634909e+00
-2.402459916261634909e+00
-2.401439881965395706e+00
-2.401809410155447910e+00
-2.401277760735899491e+00
-2.401277760735899491e+00
-2.400731800467152510e+00
-2.400169122815126066e+00
-2.400535995466936079e+00
-2.399950957023633702e+00
-2.399341986740350485e+00
-2.399341986740350485e+00
-2.422549929586485629e+00
-2.422549929586485629e+00
-2.422251147767907398e+00
-2.945835405244031868e+00
-2.945835405244031868e+00
-2.945835405244031868e+00
-2.945277544248132706e+00
-2.945277544248132706e+00
-2.945098554447656447e+00
-2.945098554447656447e+00
-3.208249711044211416e+00
-3.476582729645143477e+00
-3.476582729645143477e+00
-3.511651409990174333e+00
-4.230391372110251957e+00
-4.230391372110251957e+00
-4.487827397112853056e+00
-4.487827397112853056e+00
-4.757232543734087216e+00
-4.867654599381260994e+00
-5.163729812553095044e+00
-5.194770589731452226e+00
-5.282069446109746380e+00
-5.321587652945425795e+00
-5.362781981373631268e+00
-5.404364242655717021e+00
-5.241832696136278891e+00
-5.209614854015516272e+00
-5.246347102721739653e+00
-5.246347102721739653e+00
-5.198631530872559026e+00
-5.198631530872559026e+00
-5.195178596680229077e+00
-5.153678089997865364e+00
-5.153678089997865364e+00
-5.105699241902996732e+00
-5.105699241902996732e+00
-5.105699241902996732e+00
-5.007525063887779737e+00
-5.007525063887779737e+00
-5.018631750335146968e+00
-5.018631750335146968e+00
-5.018631750335146968e+00
-4.996691596317488937e+00
-4.993220579456979280e+00
-4.993220579456979280e+00
-4.969778664703531135e+00
-4.969778664703531135e+00
-4.969778664703531135e+00
-4.941276009040085349e+00
-4.937795072512066952e+00
-4.943047152366665919e+00
-4.910333042624112743e+00
-4.915201818485352980e+00
-4.915201818485352980e+00
-4.919609577983905524e+00
-4.883005879763513413e+00
-4.886976643798827347e+00
-4.891376703983501883e+00
-4.891376703983501883e+00
-4.859020198296961190e+00
-4.863632287376231211e+00
-4.860166055657963113e+00
-4.867566451272517192e+00
-4.870625780541334215e+00
-4.832912379281810722e+00
-4.835942856880762974e+00
-4.835942856880762974e+00
-4.838816135111976280e+00
-4.841458287989430787e+00
-4.797039941377091665e+00
-4.799628709087985001e+00
-4.802299089490025708e+00
-4.805371576523340238e+00
-4.807225461514624598e+00
-4.761387135661046877e+00
-4.765643071584102941e+00
-4.761052993490062946e+00
-4.761052993490062946e+00
-4.713633392556166868e+00
-4.501784162644492326e+00
-4.505158289632638535e+00
-4.506714184015257807e+00
-4.509983725054959258e+00
-4.513325961007662812e+00
-4.513325961007662812e+00
-4.467243735045586028e+00
-4.467243735045586028e+00
-4.469824914477067423e+00
-4.471009566354396725e+00
-4.475532045228264089e+00
-4.473883032066827248e+00
-4.409307488355713289e+00
-4.410455198709533065e+00
-4.411444169569777252e+00
-4.417224545490646470e+00
-4.417224545490646470e+00
-4.416349921575896786e+00
-4.417293792919535278e+00
-4.422773181254690655e+00
-4.422773181254690655e+00
-4.424433840350840086e+00
-4.421790520748515974e+00
-4.426681215637948696e+00
-4.428165153818643063e+00
-4.428949623665983992e+00
-4.241391172648827812e+00
-4.241439157467951304e+00
-4.240627728520293793e+00
-4.244944663640006333e+00
-4.244944663640006333e+00
-4.245139175076114491e+00
-4.446953154149243304e+00
-4.444401650796763192e+00
-4.247144847217871444e+00
-4.247144847217871444e+00
-4.247144847217871444e+00
-4.247144847217871444e+00
-4.258667027899076807e+00
-4.258667027899076807e+00
-4.258667027899076807e+00
-4.258667027899076807e+00
-4.258764697294154189e+00
-4.461480279113509084e+00
-4.551293338787581355e+00
-4.605910610215119050e+00
-4.707246574023904451e+00
-4.885111498646874217e+00
-5.446289098533632966e+00
-5.515134661009882144e+00
-5.668939771079554824e+00
-6.055794553145243952e+00
-6.563158340655919076e+00
-2.873086015375554414e+00
-2.873086015375550861e+00
-2.873086015375550861e+00
-2.873086015375550861e+00
-2.873086015375550861e+00
-2.873086015375550861e+00
-2.873086015375550861e+00
-2.873086015375550861e+00
-2.873086015375550861e+00
-2.873086015375550861e+00
-2.873086015375550861e+00
-2.873086015375546864e+00
-2.873086015375546864e+00
-2.873086015375546864e+00
-2.873086015375546864e+00
-2.873086015375546864e+00
-2.873086015375550417e+00
-2.873086015375550417e+00
-2.873086015375550417e+00
-2.873086015375550417e+00
-2.873086015375550417e+00
-2.873086015375550861e+00
-2.873086015375550861e+00
-2.873086015375550861e+00
-2.873086015375550861e+00
-2.873086015375550861e+00
-2.873086015375550861e+00
-2.873086015375550861e+00
-2.873086015375550861e+00
-2.873086015375550861e+00
-2.873086015375550861e+00
-2.873086015375547309e+00
-2.873086015375547309e+00
-2.873086015375547309e+00
-2.873086015375547309e+00
-2.873086015375550417e+00
-2.873086015375550417e+00
-2.873086015375550861e+00
-2.873086015375550861e+00
-2.873086015375550861e+00
-2.873086015375550861e+00
-2.873086015375550861e+00
-2.873086015375550861e+00
-2.873086015375550861e+00
-2.873086015375550861e+00
-2.873086015375547309e+00
-2.873086015375547309e+00
-2.873086015375547309e+00
-2.873086015375550861e+00
-2.873086015375550861e+00
-2.873086015375550861e+00
-2.873086015375554414e+00
-2.873086015375554414e+00
-2.873086015375550861e+00
-2.873086015375550861e+00
-2.873086015375550861e+00
-2.873086015375550861e+00
-2.873086015375550861e+00
-2.873086015375550861e+00
-2.873086015375550861e+00
-2.873086015375550861e+00
-2.873086015375550861e+00
-2.873086015375550861e+00
-2.873086015375550861e+00
-2.873086015375554414e+00
-2.873086015375554414e+00
-2.873086015375554414e+00
-2.873086015375550861e+00
-2.873086015375550861e+00
-2.873086015375550861e+00
-2.873086015375550861e+00
-2.873086015375550861e+00
-2.873086015375550861e+00
-2.873086015375550861e+00
-2.873086015375550861e+00
-2.873086015375550861e+00
-2.873086015375550861e+00
-2.873086015375550861e+00
-2.873086015375550861e+00
-2.873086015375550861e+00
-2.873086015375550861e+00
-2.873086015375547309e+00
-2.873086015375547309e+00
-2.873086015375547309e+00
-2.873086015375547309e+00
-2.873086015375547309e+00
-2.873086015375547309e+00
-2.873086015375547309e+00
-2.873086015375550861e+00
-2.873086015375550861e+00
-2.873086015375550861e+00
-2.873086015375550861e+00
-2.873086015375550861e+00
-2.873086015375550861e+00
-2.873086015375550861e+00
-2.873086015375550861e+00
-2.873086015375550861e+00
-2.873086015375550861e+00
-2.873086015375550861e+00
-2.873086015375550861e+00
-2.873086015375550861e+00
-2.873086015375550861e+00
-2.873086015375550861e+00
-2.873086015375550861e+00
-2.873086015375550861e+00
-2.873086015375550861e+00
-2.873086015375550861e+00
-2.873086015375550861e+00
-2.873086015375550861e+00
-2.873086015375550861e+00
-2.873086015375550861e+00
-2.873086015375550861e+00
-2.873086015375550861e+00
-2.873086015375550861e+00
-2.873086015375550861e+00
-2.873086015375550861e+00
-2.873086015375550861e+00
-2.873086015375550861e+00
-2.873086015375550861e+00
-2.873086015375550861e+00
-2.873086015375550861e+00
-2.873086015375550861e+00
-2.873086015375550861e+00
-2.873086015375550861e+00
-2.873086015375550861e+00
-2.873086015375550861e+00
-2.873086015375550861e+00
-2.873086015375550861e+00
-2.873086015375550861e+00
-2.873086015375550861e+00
-2.873086015375550861e+00
-2.873086015375550861e+00
-2.873086015375550861e+00
-2.873086015375550861e+00
-2.873086015375550861e+00
-2.873086015375550861e+00
-2.873086015375550861e+00
-2.873086015375550861e+00
-2.873086015375550861e+00
-2.873086015375550861e+00
-2.873086015375550861e+00
-2.873086015375550861e+00
-2.873086015375550861e+00
-2.873086015375550861e+00
-2.873086015375550861e+00
-2.873086015375550861e+00
-2.873086015375550861e+00
-2.873086015375550861e+00
-2.873086015375550861e+00
-2.873086015375550861e+00
-2.873086015375550861e+00
-2.873086015375550861e+00
-2.873086015375550861e+00
-2.873086015375550861e+00
-2.873086015375550861e+00
-2.873086015375550861e+00
-2.873086015375550861e+00
-2.873086015375550861e+00
-2.873086015375550861e+00
-2.873086015375550861e+00
-2.873086015375550861e+00
-2.873086015375550861e+00
-2.873086015375550861e+00
-2.873086015375550861e+00
-2.873086015375550861e+00
-2.873086015375550861e+00
-2.873086015375550861e+00
-2.873086015375550861e+00
-2.873086015375550861e+00
-2.873086015375550861e+00
-2.873086015375550861e+00
-2.873086015375550861e+00
-2.873086015375550861e+00
-2.873086015375550861e+00
-2.873086015375550861e+00
-2.873086015375550861e+00
-2.873086015375550861e+00
-2.873086015375550861e+00
-2.873086015375550861e+00
-2.873086015375550861e+00
-2.873086015375550861e+00
-2.873086015375550861e+00
-2.873086015375550861e+00
-2.873086015375550861e+00
-2.873086015375547309e+00
-2.873086015375547309e+00
-2.873086015375550861e+00
-2.873086015375550861e+00
-2.873086015375550861e+00
-2.873086015375550861e+00
-2.873086015375547309e+00
-2.873086015375547309e+00
-2.873086015375547309e+00
-2.873086015375547309e+00
-2.873086015375547309e+00
-2.873086015375554414e+00
-2.873086015375554414e+00
-2.873086015375550861e+00
-2.873086015375550861e+00
-2.873086015375550861e+00
-2.873086015375550861e+00
-2.873086015375550861e+00
-2.873086015375550861e+00
-2.873086015375550861e+00
-2.873086015375550861e+00
-2.873086015375550861e+00
-2.873086015375553970e+00
-2.873086015375553970e+00
-2.873086015375554414e+00
-2.873086015375554414e+00
-2.873086015375554414e+00
-2.873086015375554414e+00
-2.873086015375547309e+00
-2.873086015375547309e+00
-2.873086015375547309e+00
-2.873086015375550861e+00
-2.873086015375550861e+00
-2.873086015375550861e+00
-2.873086015375550861e+00
-2.873086015375547309e+00
-2.873086015375547309e+00
-2.873086015375546864e+00
-2.873086015375546864e+00
-2.873086015375547309e+00
-2.873086015375547309e+00
-2.873086015375547309e+00
-2.873086015375546864e+00
-2.873086015375546864e+00
-2.873086015375550861e+00
-2.873086015375550861e+00
-2.873086015375550861e+00
-2.873086015375550861e+00
-2.873086015375550861e+00
-2.873086015375550861e+00
-2.873086015375547309e+00
-2.873086015375547309e+00
-2.873086015375547309e+00
-2.873086015375550417e+00
-2.873086015375550417e+00
-2.873086015375550417e+00
-2.873086015375550417e+00
-2.873086015375550861e+00
-2.873086015375550861e+00
-2.873086015375550861e+00
-2.873086015375550861e+00
-2.873086015375554414e+00
-2.873086015375554414e+00
-2.873086015375554414e+00
-2.873086015375553970e+00
-2.873086015375553970e+00
-2.873086015375554414e+00
-2.873086015375554414e+00
-2.873086015375550861e+00
-2.873086015375550861e+00
-2.873086015375553970e+00
-2.873086015375553970e+00
-2.873086015375550861e+00
-2.873086015375550861e+00
-2.873086015375550861e+00
-2.873086015375554414e+00
-2.873086015375554414e+00
-2.873086015375547309e+00
-2.873086015375547309e+00
-2.873086015375550861e+00
-2.873086015375550861e+00
-3.147108402166498564e+00
