2.856595318867091748e+01
2.870176459789379564e+01
2.890418883217307311e+01
2.904460114758752809e+01
2.882756226349822271e+01
2.850048664808325327e+01
2.801296170995254542e+01
2.778067921679076591e+01
2.779120687204107298e+01
2.776524146471280829e+01
2.778635741242081991e+01
2.780160167628370260e+01
2.775003991337221976e+01
2.750905080774701972e+01
2.751497240346037643e+01
2.718737418881764967e+01
2.699507454189093636e+01
2.678983197164296826e+01
2.666954787554567474e+01
2.660181896924453326e+01
2.653073876664588937e+01
2.646316475226122122e+01
2.639102083713617475e+01
2.631883497309070208e+01
2.711475708878386470e+01
2.618383183508370138e+01
2.607844821998069307e+01
2.594901371644481003e+01
2.587787793773451028e+01
2.585269390194939376e+01
2.582853263626758533e+01
2.580164647251920584e+01
2.577446812581463931e+01
2.676710895904606957e+01
2.579932228694247698e+01
2.572886605078064548e+01
2.571003076443912505e+01
2.568307375998750786e+01
2.571355933660726123e+01
2.570085855966312494e+01
2.663929679882006951e+01
2.643214079471900746e+01
2.594096752249963700e+01
1.568122359834324087e+01
1.569547357221559380e+01
1.570408381471973058e+01
1.571716389846951145e+01
1.572963490859727997e+01
1.574148511897729819e+01
1.575320827855804140e+01
1.576861684331771229e+01
1.578045288721039441e+01
1.580160721217976416e+01
1.590039717359121951e+01
1.596197530911842222e+01
1.600454982083780919e+01
1.603909375868727594e+01
1.606647930936573943e+01
1.609259963691956941e+01
1.611496699367854646e+01
1.613008696053416813e+01
1.614590299956130082e+01
2.737157296911156834e+01
7.043545752124082071e+00
7.044312552394707438e+00
7.044909661801849410e+00
7.045584033621420161e+00
7.046161080547310718e+00
7.046610027679811594e+00
7.049005392956519955e+00
7.045552905704933977e+00
7.047751348780955993e+00
7.048935912973870899e+00
7.049663598382810648e+00
7.050431446217405806e+00
7.050956424637355724e+00
7.051638308738770178e+00
7.051981493897375941e+00
7.052378958348491267e+00
7.052886966062285268e+00
7.052873624703984490e+00
6.921797021576022502e+00
6.922190501590804956e+00
6.922731113570836925e+00
6.923468503982924460e+00
6.923851117739914685e+00
6.924588470178207444e+00
6.925471708493006417e+00
6.925835391484419290e+00
6.926545085642235478e+00
6.927039441358385119e+00
6.928233484677459586e+00
6.928639648147711938e+00
6.929652290642611234e+00
6.929969643748467689e+00
6.930743100848587801e+00
6.931403849344313528e+00
6.931971169544883793e+00
6.932608932485109676e+00
6.933273144648762099e+00
6.934230437835289251e+00
6.934625195987390356e+00
6.934916111045041021e+00
6.935560119455274730e+00
6.935135089500736427e+00
6.935880949538429263e+00
6.940758397284579218e+00
6.944590688064742778e+00
6.940623678415200004e+00
6.942605303068749123e+00
6.943349281549828333e+00
6.944452255836896626e+00
6.944684028829623657e+00
6.944902008603964561e+00
6.945543998851643863e+00
6.945649922713958091e+00
6.946098451291920384e+00
6.946133989595480784e+00
6.946694345646832858e+00
6.946820581828287544e+00
6.947194906020861538e+00
6.947168884910947639e+00
6.947661560329560615e+00
6.947629842090226049e+00
6.947929059357946358e+00
6.947930610635381754e+00
6.947929573875530451e+00
6.947643514863891312e+00
6.743176653148378108e+00
2.812411129110032348e+01
6.744066609152742586e+00
6.744691383340089885e+00
6.744691383340089885e+00
6.745597035427614685e+00
6.745597035427614685e+00
6.746212340892558501e+00
6.746503402643817537e+00
6.747119191301113261e+00
6.747289677771782124e+00
6.748202739961126184e+00
6.748813956277931680e+00
6.748813956277931680e+00
6.749425683260689368e+00
6.749728058857115798e+00
6.750440704699151695e+00
6.751049409779714239e+00
6.751356769746784892e+00
6.752128479920948223e+00
6.752128479920948223e+00
6.753048758369530447e+00
6.753641306157980750e+00
6.753641306157980750e+00
6.754231829566290202e+00
6.755134230532302553e+00
6.755134230532302553e+00
6.755854502828231745e+00
6.756765862415271329e+00
6.756765862415271329e+00
6.757328643200590790e+00
6.758221876287876739e+00
6.758873530254639661e+00
6.758873530254639661e+00
6.759744917997373648e+00
6.760284020787302950e+00
6.760974009648762717e+00
6.760974009648762717e+00
6.761836375804978871e+00
6.762345225511662505e+00
6.762848538116696062e+00
6.763668831736083575e+00
6.763668831736083575e+00
6.764143605593634589e+00
6.765097668371932826e+00
6.765546724969365044e+00
6.765970946723889767e+00
6.766720112830164169e+00
6.767189531014995652e+00
6.767547018150327887e+00
6.768230030927085750e+00
6.768514398074611194e+00
6.768957823699143006e+00
6.769467436660175252e+00
6.769574179038162498e+00
6.769536754527475608e+00
6.769613095721656038e+00
6.768875862281660716e+00
6.766921489928574118e+00
6.769938908485439555e+00
6.773138291808095346e+00
6.774866780378438591e+00
6.777019512470886298e+00
6.779375759342389784e+00
6.782286888629965205e+00
6.785304017877290761e+00
6.789482604380996378e+00
6.793018605721524494e+00
6.789956643271128911e+00
6.792435969725282519e+00
6.793079378271208668e+00
6.793241274654953088e+00
6.793326002085624538e+00
6.793738527166034658e+00
6.793764108146728375e+00
6.794337264040663626e+00
6.794344269488060917e+00
6.794348031348796724e+00
6.794734590753712666e+00
6.794732635445587476e+00
6.794814359463746456e+00
6.795193158060389038e+00
6.795347782479471022e+00
6.795733134788946472e+00
6.795727141416815442e+00
6.795718712889268431e+00
6.796110171057822669e+00
6.796100254828800757e+00
6.796476368289130932e+00
6.796628739830122612e+00
6.796615668665364041e+00
6.797013285532770510e+00
6.797005112826017381e+00
6.797402676839887192e+00
6.797394480751741241e+00
6.797610746087883626e+00
6.798010405248287924e+00
6.797989577155473029e+00
6.798389375721100691e+00
6.798377191097099370e+00
6.798771861325196397e+00
6.798759080607361227e+00
6.798905155225284602e+00
6.799282662724639437e+00
6.799257758098988802e+00
6.799635104546617015e+00
6.799609651348870187e+00
6.799985166227223488e+00
6.800087341651884998e+00
6.800433561270271099e+00
6.800177019002532575e+00
6.800789300326030684e+00
6.800447950761267180e+00
6.800105284017512020e+00
6.798734666540440230e+00
6.548125171016071278e+00
2.676530978742192701e+01
6.548852712698394640e+00
6.549573576093056460e+00
6.549573576093056460e+00
6.550507773559807845e+00
6.550507773559807845e+00
6.551210307947417988e+00
6.551210307947417988e+00
6.551915713285112020e+00
6.552238841910220657e+00
6.552930799395614514e+00
6.552930799395614514e+00
6.553606526954329325e+00
6.554267172898285310e+00
6.554267172898285310e+00
6.555124322837279749e+00
6.555124322837279749e+00
6.555744626049623491e+00
6.555744626049623491e+00
6.556335424873012130e+00
6.557106072684256048e+00
6.557106072684256048e+00
6.557622853199191582e+00
6.557748941027224276e+00
6.558228702139778932e+00
6.558870148720369997e+00
6.558870148720369997e+00
6.559242597992597013e+00
6.559426977764534428e+00
6.559590019451171372e+00
6.559900939206283255e+00
6.559963956051454659e+00
6.559964560147637513e+00
6.559824709269175713e+00
6.559805751759903103e+00
6.559432454543383528e+00
6.558437880146037458e+00
6.557403183896070686e+00
6.555552384362247409e+00
6.558168004347912472e+00
6.560848945884035999e+00
6.562181100322586502e+00
6.563229692362646972e+00
6.564169699185161022e+00
6.565274855762545769e+00
6.566156176540108191e+00
6.567040000956104961e+00
6.567932623671065784e+00
6.569044305244638338e+00
6.569983299154408485e+00
6.571095829352699980e+00
6.572104880236388169e+00
6.573162176057735451e+00
6.574481947720340003e+00
6.575664941015144649e+00
6.576933224178336701e+00
6.577606793474117808e+00
6.579246628869853453e+00
6.580833376506134869e+00
6.582593998266471402e+00
6.584560518539763763e+00
6.586762367032587662e+00
6.589421583354056366e+00
6.592125689169741065e+00
6.595095441023570260e+00
6.597867505589910309e+00
6.600133751772585100e+00
6.600302534205699345e+00
6.596337187476244424e+00
6.284394174819446732e+00
6.598323408570564652e+00
6.597709570826847170e+00
6.598337690151069523e+00
6.598337690151069523e+00
6.599078215000393044e+00
6.599078215000393044e+00
6.599390549751817048e+00
6.599524166417118920e+00
6.599947629680912087e+00
6.599947629680912087e+00
6.600118984966425018e+00
6.600118984966425018e+00
6.600213534939797455e+00
6.600503373012806207e+00
6.600503373012806207e+00
6.600550692227191263e+00
6.600587767942073469e+00
6.600798813275297050e+00
6.600825401224327038e+00
6.600841376930365101e+00
6.600950164729042058e+00
6.601190258389138421e+00
6.601190258389138421e+00
6.601214153261757644e+00
6.601225118911802525e+00
6.601463713445962611e+00
6.601476431898678499e+00
6.601495103486893612e+00
6.601508600304590857e+00
6.601743818240773720e+00
6.601760100169041579e+00
6.601780718215962906e+00
6.601897162801595442e+00
6.602151785353694180e+00
6.602165528060965016e+00
6.602172057343860700e+00
6.602186255921186131e+00
6.602424446252278756e+00
6.602438115051782574e+00
6.602450672697969480e+00
6.602460340355488455e+00
6.602705086857152850e+00
6.602705086857152850e+00
6.602714275800739330e+00
6.602846170555572769e+00
6.603104306456703654e+00
6.603115438359221656e+00
6.603114507703256919e+00
6.603117794752453307e+00
6.603375667474018940e+00
6.603376733317766423e+00
6.603376348072099944e+00
6.603370798734992775e+00
6.603362319709969341e+00
6.603614052723301597e+00
6.603597468073321153e+00
6.603677401821862247e+00
6.603656800554158934e+00
6.603919624409307687e+00
6.603881280235611939e+00
6.603848752426070945e+00
6.603787119721186372e+00
6.603836492059453889e+00
6.603974189931175687e+00
6.603974189931175687e+00
6.602954657137395600e+00
6.604202242281971280e+00
6.604202242281971280e+00
6.600604867408659260e+00
6.600604867408659260e+00
6.603662928305649160e+00
6.602888636147685730e+00
6.599761691771792727e+00
6.294716967057127022e+00
2.617958070645680380e+01
2.744958070645680337e+01
6.279167527061520815e+00
6.279167527061520815e+00
6.279167527061520815e+00
6.279410198214161909e+00
6.280307667128663951e+00
6.280307667128663951e+00
6.280307667128663951e+00
6.280307667128663951e+00
6.280307667128663951e+00
6.280307667128663951e+00
6.281187635093633759e+00
6.281187635093633759e+00
6.281187635093633759e+00
6.281187635093633759e+00
6.281395550537421713e+00
6.282455328418478757e+00
6.282455328418478757e+00
6.282455328418478757e+00
6.282455328418478757e+00
6.282455328418478757e+00
6.282455328418478757e+00
6.283627926784493667e+00
6.283627926784493667e+00
6.283627926784493667e+00
6.283627926784493667e+00
6.283794631051875967e+00
6.283794631051875967e+00
6.283794631051875967e+00
6.285022410071857024e+00
6.285022410071857024e+00
6.285022410071857024e+00
6.285022410071857024e+00
6.285022410071857024e+00
6.285022410071857024e+00
6.286259162589672655e+00
6.286461557812707213e+00
6.286461557812707213e+00
6.286461557812707213e+00
6.286461557812707213e+00
6.286461557812707213e+00
6.287623275453825045e+00
6.287623275453825045e+00
6.287623275453825045e+00
6.287623275453825045e+00
6.287623275453825045e+00
6.288998557754435836e+00
6.288998557754435836e+00
6.288998557754435836e+00
6.288998557754435836e+00
6.288998557754435836e+00
6.288998557754435836e+00
6.290133059931253712e+00
6.290133059931253712e+00
6.290133059931253712e+00
6.290325425481466226e+00
6.290325425481466226e+00
6.291560054969732363e+00
6.291560054969732363e+00
6.291560054969732363e+00
6.291560054969732363e+00
6.291560054969732363e+00
6.292609095864687418e+00
6.292609095864687418e+00
6.292609095864687418e+00
6.292782544483188190e+00
6.293958542804627854e+00
6.293958542804627854e+00
6.293958542804627854e+00
6.293958542804627854e+00
6.293958542804627854e+00
6.295139374710171154e+00
6.295139374710171154e+00
6.295139374710171154e+00
6.295319363889056774e+00
6.296426047784564162e+00
6.296426047784564162e+00
6.296426047784564162e+00
6.296426047784564162e+00
6.297486070616571396e+00
6.297486070616571396e+00
6.297486070616571396e+00
6.297486070616571396e+00
6.298740169051573190e+00
6.298740169051573190e+00
6.298740169051573190e+00
6.298740169051573190e+00
6.299812637323949360e+00
6.299812637323949360e+00
6.299812637323949360e+00
6.299812637323949360e+00
6.300900385675742399e+00
6.300900385675742399e+00
6.300900385675742399e+00
6.301812852373565477e+00
6.301812852373565477e+00
6.301812852373565477e+00
6.302697729632537715e+00
6.302697729632537715e+00
6.302878912612474238e+00
6.302878912612474238e+00
6.303756356409660810e+00
6.303756356409660810e+00
6.303756356409660810e+00
6.304613658845426016e+00
6.304613658845426016e+00
6.304613658845426016e+00
6.305596228809498882e+00
6.305596228809498882e+00
6.305596228809498882e+00
6.306391287719524286e+00
6.306391287719524286e+00
6.306683484722274358e+00
6.306960013232586704e+00
6.307232698480035538e+00
6.307639006741364796e+00
6.307892760484904215e+00
6.308133392261265016e+00
6.308360951511467363e+00
6.308574482032678787e+00
6.308574482032678787e+00
6.308776468981431407e+00
6.309099067038872022e+00
6.309258436261622194e+00
6.309404936351103999e+00
6.309512380597443126e+00
6.309598760531255124e+00
6.309644932197052469e+00
6.309774672262687290e+00
6.309748925412208109e+00
6.309668231145320050e+00
6.309532218956910299e+00
6.309333145175120450e+00
6.309186935408018115e+00
6.308873083082929156e+00
6.308566347809332342e+00
6.308433660250784669e+00
6.309296493626309399e+00
6.309296493626309399e+00
6.311494693002689615e+00
6.312419679556732888e+00
6.312419679556732888e+00
6.313183242078199697e+00
6.313891547910362334e+00
6.314006736686273769e+00
6.314687799186842199e+00
6.314687799186842199e+00
6.315353977104610550e+00
6.316011102871684102e+00
6.316011102871684102e+00
6.316776119609205153e+00
6.317420221970145633e+00
6.317420221970145633e+00
6.318063688189774041e+00
6.318063688189774041e+00
6.318706669447180957e+00
6.319469125845188273e+00
6.319469125845188273e+00
6.320117759916783484e+00
6.320770209048465205e+00
6.320770209048465205e+00
6.321425935084075576e+00
6.321544136652981649e+00
6.322207106635008955e+00
6.322875139390735200e+00
6.322875139390735200e+00
6.323552659372982276e+00
6.324352928058893042e+00
6.324352928058893042e+00
6.325046312044435126e+00
6.325046312044435126e+00
6.325748891319225464e+00
6.326467425521776988e+00
6.326592474479255657e+00
6.327323307024450116e+00
6.328073353194625383e+00
6.328073353194625383e+00
6.328842895741892960e+00
6.328842895741892960e+00
6.329755454711499141e+00
6.330568154153969118e+00
6.330568154153969118e+00
6.331407000824928133e+00
6.332276412102206820e+00
6.332276412102206820e+00
6.333297815003895437e+00
6.333297815003895437e+00
6.334227269034073515e+00
6.335194498447378919e+00
6.335194498447378919e+00
6.336202290054131936e+00
6.337374763977418723e+00
6.337374763977418723e+00
6.338477153677676057e+00
6.338477153677676057e+00
6.339625591918895964e+00
6.340831542195296322e+00
6.340956181573186967e+00
6.342217893219775249e+00
6.343542278942599921e+00
6.343542278942599921e+00
6.343542278942599921e+00
6.346411646908912019e+00
6.346537666140193323e+00
6.348093004493893687e+00
6.348093004493893687e+00
6.349749232524921183e+00
6.351518050413734073e+00
6.351646733626274965e+00
6.353536663907757287e+00
6.355605764358042364e+00
6.355605764358042364e+00
6.357861235592721982e+00
6.357861235592721982e+00
6.360465130364055142e+00
6.363188079465334823e+00
6.363188079465334823e+00
6.363188079465334823e+00
6.369534132888240663e+00
6.369534132888240663e+00
6.373426139283246528e+00
6.373426139283246528e+00
6.377645828901293612e+00
6.382094163915734697e+00
6.382094163915734697e+00
6.386665312808219142e+00
6.390645477371606376e+00
6.390645477371606376e+00
6.392277144907080100e+00
6.392277144907080100e+00
6.388724665240864908e+00
5.781521330345842813e+00
2.492287257037705928e+01
2.489987257037705604e+01
2.496087257037705598e+01
2.502987257037705859e+01
2.509687257037705876e+01
2.516487257037705660e+01
2.502087257037705825e+01
2.496287257037705842e+01
2.496887257037705865e+01
2.496887257037705865e+01
2.500187257037705635e+01
2.500187257037705635e+01
2.500187257037705635e+01
2.497887257037705666e+01
2.497887257037705666e+01
2.495487257037705575e+01
2.495487257037705575e+01
2.495487257037705575e+01
2.493787257037705629e+01
2.493787257037705629e+01
2.492487257037705461e+01
2.492487257037705461e+01
2.492487257037705461e+01
2.491487257037705660e+01
2.491487257037705660e+01
2.491487257037705660e+01
2.490787257037705871e+01
2.490787257037705871e+01
2.490787257037705871e+01
2.490187257037705848e+01
2.490187257037705848e+01
2.490087257037705726e+01
2.489887257037705837e+01
2.630380185225685352e+01
2.630380185225685352e+01
2.630335054662304373e+01
2.630296189360907277e+01
2.630342576379520381e+01
2.630291176570861467e+01
2.630291176570861467e+01
2.630341507038770743e+01
2.630386472590247493e+01
2.630386472590247493e+01
2.630456623163847496e+01
2.630387973215199082e+01
2.630418840885190335e+01
2.630446816876186489e+01
2.630446816876186489e+01
2.630497864538695296e+01
2.630522060415641761e+01
2.630544648451375167e+01
2.630566590931180571e+01
2.630588480930600070e+01
2.630611301914154154e+01
2.630650269171539435e+01
2.630665767445400505e+01
2.630794010973163921e+01
2.630808181199316920e+01
2.630808181199316920e+01
2.630964206494763857e+01
2.630964206494763857e+01
2.631079801876906998e+01
2.631090771464576505e+01
2.631211107375859370e+01
2.631230835102073229e+01
2.631230835102073229e+01
2.631463071268769482e+01
2.631463071268769482e+01
2.631577112385991057e+01
2.631583568377053695e+01
2.631706488790452880e+01
2.631808774514057703e+01
2.631928307776237475e+01
2.632031229389539817e+01
2.632036344236726322e+01
2.632454364903153987e+01
2.632454364903153987e+01
2.632559803257326791e+01
2.632563096970869765e+01
2.633073463389592561e+01
2.633073463389592561e+01
2.633175625067226377e+01
2.633175625067226377e+01
2.633581868217223132e+01
2.633780760536058452e+01
2.633880068485142800e+01
2.634577205279598999e+01
2.634479028782030952e+01
2.634772951294780086e+01
2.635660601830075578e+01
2.635660601830075578e+01
2.635757870496764355e+01
2.637602291343151251e+01
2.637602291343151251e+01
2.636540694135698004e+01
2.636540694135698004e+01
2.636540694135698004e+01
2.636540694135698004e+01
2.639383253686169439e+01
2.639383253686169439e+01
2.639383253686169439e+01
2.639383253686169439e+01
2.640427550757302555e+01
2.642415184409829720e+01
2.645704410136982077e+01
2.649307664162458664e+01
2.653411249373530012e+01
2.665358051784672000e+01
2.563987257037705803e+01
2.570787257037705587e+01
2.596087257037705598e+01
2.647187257037705876e+01
2.719387257037706007e+01
5.793168315299244142e+00
5.793821871703659809e+00
5.793821871703659809e+00
5.793821871703659809e+00
5.793821871703659809e+00
5.793821871703659809e+00
5.794483640672751790e+00
5.794483640672751790e+00
5.794483640672751790e+00
5.794483640672751790e+00
5.794483640672751790e+00
5.795157611601972292e+00
5.795157611601972292e+00
5.795157611601972292e+00
5.795157611601972292e+00
5.795157611601972292e+00
5.795835732753580771e+00
5.795835732753580771e+00
5.795835732753580771e+00
5.795835732753580771e+00
5.795835732753580771e+00
5.796528132313216730e+00
5.796528132313216730e+00
5.796528132313216730e+00
5.796528132313216730e+00
5.796528132313216730e+00
5.797223407703672393e+00
5.797223407703672393e+00
5.797223407703672393e+00
5.797223407703672393e+00
5.797223407703672393e+00
5.797939690751338304e+00
5.797939690751338304e+00
5.797939690751338304e+00
5.797939690751338304e+00
5.798322059737159861e+00
5.798322059737159861e+00
5.798710138949481063e+00
5.798710138949481063e+00
5.798710138949481063e+00
5.799098861528253934e+00
5.799098861528253934e+00
5.799098861528253934e+00
5.799493552294794796e+00
5.799493552294794796e+00
5.799895820378921485e+00
5.799895820378921485e+00
5.799895820378921485e+00
5.800297969757558292e+00
5.800297969757558292e+00
5.800297969757558292e+00
5.800714875811554094e+00
5.800714875811554094e+00
5.801130577607167993e+00
5.801130577607167993e+00
5.801130577607167993e+00
5.801563160520565532e+00
5.801563160520565532e+00
5.801563160520565532e+00
5.802003942613687570e+00
5.802003942613687570e+00
5.802003942613687570e+00
5.802464927844397380e+00
5.802464927844397380e+00
5.802939397726291304e+00
5.802939397726291304e+00
5.802939397726291304e+00
5.803434022606815290e+00
5.803434022606815290e+00
5.803434022606815290e+00
5.803948577513043716e+00
5.803948577513043716e+00
5.803948577513043716e+00
5.803948577513043716e+00
5.804492492915489521e+00
5.804492492915489521e+00
5.804492492915489521e+00
5.805077920369352995e+00
5.805077920369352995e+00
5.805077920369352995e+00
5.805077920369352995e+00
5.805697613965897119e+00
5.805697613965897119e+00
5.805697613965897119e+00
5.806369845007004926e+00
5.806369845007004926e+00
5.806369845007004926e+00
5.806369845007004926e+00
5.807125109973636512e+00
5.807125109973636512e+00
5.807125109973636512e+00
5.807125109973636512e+00
5.807125109973636512e+00
5.807989652731819774e+00
5.807989652731819774e+00
5.807989652731819774e+00
5.807989652731819774e+00
5.807989652731819774e+00
5.808996587132764233e+00
5.808996587132764233e+00
5.808996587132764233e+00
5.808996587132764233e+00
5.808996587132764233e+00
5.808996587132764233e+00
5.810242812091061637e+00
5.810242812091061637e+00
5.810242812091061637e+00
5.810242812091061637e+00
5.810242812091061637e+00
5.810242812091061637e+00
5.810242812091061637e+00
5.810242812091061637e+00
5.811905125780580050e+00
5.811905125780580050e+00
5.811905125780580050e+00
5.811905125780580050e+00
5.811905125780580050e+00
5.811905125780580050e+00
5.811905125780580050e+00
5.811905125780580050e+00
5.811905125780580050e+00
5.811905125780580050e+00
5.811905125780580050e+00
5.814551564594101052e+00
5.814551564594101052e+00
5.814551564594101052e+00
5.814551564594101052e+00
5.814551564594101052e+00
5.814551564594101052e+00
5.814551564594101052e+00
5.814551564594101052e+00
5.814551564594101052e+00
5.814551564594101052e+00
5.814551564594101052e+00
5.814551564594101052e+00
5.814551564594101052e+00
5.814551564594101052e+00
5.814551564594101052e+00
5.814551564594101052e+00
5.814551564594101052e+00
5.814551564594101052e+00
5.814551564594101052e+00
5.814551564594101052e+00
5.814551564594101052e+00
5.814551564594101052e+00
5.814551564594101052e+00
5.814551564594101052e+00
5.814551564594101052e+00
5.814551564594101052e+00
5.814551564594101052e+00
5.814551564594101052e+00
5.814551564594101052e+00
5.814551564594101052e+00
5.814551564594101052e+00
5.814551564594101052e+00
5.814551564594101052e+00
5.827322284216190695e+00
5.827322284216190695e+00
5.827322284216190695e+00
5.827322284216190695e+00
5.827322284216190695e+00
5.827322284216190695e+00
5.827322284216190695e+00
5.827322284216190695e+00
5.827322284216190695e+00
5.827322284216190695e+00
5.827322284216190695e+00
5.827322284216190695e+00
5.827322284216190695e+00
5.827322284216190695e+00
5.827322284216190695e+00
5.827322284216190695e+00
5.827322284216190695e+00
5.827322284216190695e+00
5.827322284216190695e+00
5.827322284216190695e+00
5.827322284216190695e+00
5.827322284216190695e+00
5.827322284216190695e+00
5.827322284216190695e+00
5.827322284216190695e+00
5.827322284216190695e+00
5.827322284216190695e+00
5.827322284216190695e+00
5.828005478464213240e+00
5.828005478464213240e+00
5.828656981702426521e+00
5.828656981702426521e+00
5.829335841972962839e+00
5.829335841972962839e+00
5.830004505938582327e+00
5.830004505938582327e+00
5.830004505938582327e+00
5.830683370600564075e+00
5.830683370600564075e+00
5.831373526224620463e+00
5.831373526224620463e+00
5.832077330221505207e+00
5.832077330221505207e+00
5.832795522669929511e+00
5.832795522669929511e+00
5.833527532588767883e+00
5.833527532588767883e+00
5.833527532588767883e+00
5.834274828462945095e+00
5.834274828462945095e+00
5.835037815142761985e+00
5.835037815142761985e+00
5.835816365853244037e+00
5.835816365853244037e+00
5.836607341142443062e+00
5.836607341142443062e+00
5.837421334360058722e+00
5.837421334360058722e+00
5.837421334360058722e+00
5.838252833053370949e+00
5.838252833053370949e+00
5.839100135635636235e+00
5.839100135635636235e+00
5.839967638806953687e+00
5.839967638806953687e+00
5.840855723304052560e+00
5.840855723304052560e+00
5.841763773213450861e+00
5.841763773213450861e+00
5.841763773213450861e+00
5.842693766525055565e+00
5.842693766525055565e+00
5.843649219237285308e+00
5.843649219237285308e+00
5.844629529429134607e+00
5.844629529429134607e+00
5.845637752303908030e+00
5.845637752303908030e+00
5.846673583846929034e+00
5.846673583846929034e+00
5.846673583846929034e+00
5.847736445578298969e+00
5.847736445578298969e+00
5.848831738095974231e+00
5.848831738095974231e+00
5.849955741179119428e+00
5.849955741179119428e+00
5.851117454514415783e+00
5.851117454514415783e+00
5.852321909191577021e+00
5.852321909191577021e+00
5.852321909191577021e+00
5.853569513732711727e+00
5.853569513732711727e+00
5.854847512063106052e+00
5.854847512063106052e+00
5.856169307300220339e+00
5.856169307300220339e+00
5.857531326465519328e+00
5.857531326465519328e+00
5.858949244698521852e+00
5.858949244698521852e+00
5.858949244698521852e+00
5.860425896700899528e+00
5.860425896700899528e+00
5.861961853823633106e+00
5.861961853823633106e+00
5.863558987885109985e+00
5.863558987885109985e+00
5.865230152104214056e+00
