9.100000000000000000e+01 -inf
9.400000000000000000e+01 -inf
9.600000000000000000e+01 -inf
9.800000000000000000e+01 -inf
1.000000000000000000e+02 -inf
1.020000000000000000e+02 -inf
1.040000000000000000e+02 -inf
1.060000000000000000e+02 -inf
1.080000000000000000e+02 -inf
1.100000000000000000e+02 -inf
1.140000000000000000e+02 -inf
1.180000000000000000e+02 -inf
1.210000000000000000e+02 -inf
1.250000000000000000e+02 -inf
1.270000000000000000e+02 -inf
1.280000000000000000e+02 -inf
1.310000000000000000e+02 -inf
1.320000000000000000e+02 -inf
1.340000000000000000e+02 -inf
1.370000000000000000e+02 -inf
1.400000000000000000e+02 -inf
1.430000000000000000e+02 -inf
1.470000000000000000e+02 -inf
1.510000000000000000e+02 -inf
1.550000000000000000e+02 -inf
1.590000000000000000e+02 -inf
1.620000000000000000e+02 -inf
1.660000000000000000e+02 -inf
1.700000000000000000e+02 -inf
1.730000000000000000e+02 -inf
1.770000000000000000e+02 -inf
1.800000000000000000e+02 -inf
1.820000000000000000e+02 -inf
1.860000000000000000e+02 -inf
1.910000000000000000e+02 -inf
1.940000000000000000e+02 -inf
1.980000000000000000e+02 -inf
2.020000000000000000e+02 -inf
2.050000000000000000e+02 -inf
2.100000000000000000e+02 -inf
2.160000000000000000e+02 -inf
2.200000000000000000e+02 -inf
2.230000000000000000e+02 -inf
2.270000000000000000e+02 -inf
2.300000000000000000e+02 2.163658728472083581e+01
2.340000000000000000e+02 2.201726264171454872e+01
2.400000000000000000e+02 2.243890090954213434e+01
2.460000000000000000e+02 2.286939411899182062e+01
2.520000000000000000e+02 2.324177553605486324e+01
2.570000000000000000e+02 2.349104199871537446e+01
2.600000000000000000e+02 2.369968508347472991e+01
2.640000000000000000e+02 2.392567384960065269e+01
2.690000000000000000e+02 2.416986432606108792e+01
2.740000000000000000e+02 2.443182798351013219e+01
2.790000000000000000e+02 2.468815598416973955e+01
2.840000000000000000e+02 2.496821848837898727e+01
2.900000000000000000e+02 2.524867988520669826e+01
2.960000000000000000e+02 2.551695160676876384e+01
3.010000000000000000e+02 2.573237464357466564e+01
3.080000000000000000e+02 2.602061665577354788e+01
3.180000000000000000e+02 2.642865743251529409e+01
3.280000000000000000e+02 2.678793888733859774e+01
3.380000000000000000e+02 2.714362297004544189e+01
3.480000000000000000e+02 2.746952313670865209e+01
3.570000000000000000e+02 2.782815750740554606e+01
3.660000000000000000e+02 2.810032554192888554e+01
3.750000000000000000e+02 2.833634273996033315e+01
3.850000000000000000e+02 2.859610287929275785e+01
3.950000000000000000e+02 2.884592561218027384e+01
4.050000000000000000e+02 2.907572197622039312e+01
4.140000000000000000e+02 2.927951700376097577e+01
4.220000000000000000e+02 2.944600411671851248e+01
4.300000000000000000e+02 2.961332722104564397e+01
4.410000000000000000e+02 2.982993585954659466e+01
4.510000000000000000e+02 3.001588797814877552e+01
4.600000000000000000e+02 3.017353300590161780e+01
4.700000000000000000e+02 3.034733834171981925e+01
4.800000000000000000e+02 3.051066934075073789e+01
4.900000000000000000e+02 3.067096226184138530e+01
5.000000000000000000e+02 3.082221320429553657e+01
5.060000000000000000e+02 3.212730636613402169e+01
5.120000000000000000e+02 3.300931105724479409e+01
5.200000000000000000e+02 3.309779091532872997e+01
5.300000000000000000e+02 3.322184695722001635e+01
5.400000000000000000e+02 3.326050052862062500e+01
5.500000000000000000e+02 3.345567602912311855e+01
5.600000000000000000e+02 3.353416654219571313e+01
5.700000000000000000e+02 3.364146016647118387e+01
5.800000000000000000e+02 3.363346287568720072e+01
5.900000000000000000e+02 3.377200830363939588e+01
6.000000000000000000e+02 3.386037330238167442e+01
6.100000000000000000e+02 3.395199620736515556e+01
6.200000000000000000e+02 3.400776395212250236e+01
6.300000000000000000e+02 3.407373183281426066e+01
6.400000000000000000e+02 3.410331921665264332e+01
6.500000000000000000e+02 3.417747799506402373e+01
6.580000000000000000e+02 3.423946717523730854e+01
6.650000000000000000e+02 3.426943415567578199e+01
6.750000000000000000e+02 3.429643712695909130e+01
6.850000000000000000e+02 3.433896297442494472e+01
6.950000000000000000e+02 3.442926543225929237e+01
7.050000000000000000e+02 3.446104889355475365e+01
7.160000000000000000e+02 3.451907379413808741e+01
7.260000000000000000e+02 3.455582918190663122e+01
7.350000000000000000e+02 3.458467509530232320e+01
7.450000000000000000e+02 3.464711709909938975e+01
7.550000000000000000e+02 3.469131468407035612e+01
7.650000000000000000e+02 3.473464118752514196e+01
7.750000000000000000e+02 3.477722455946085489e+01
7.850000000000000000e+02 3.481607210792368789e+01
7.950000000000000000e+02 3.484274229065717776e+01
8.050000000000000000e+02 3.487441997488852508e+01
8.150000000000000000e+02 3.490070672644245064e+01
8.250000000000000000e+02 3.494473266689060864e+01
8.350000000000000000e+02 3.492287909842910665e+01
8.450000000000000000e+02 3.498773368836541664e+01
8.550000000000000000e+02 3.501300089368029234e+01
8.650000000000000000e+02 3.504830884130393542e+01
8.750000000000000000e+02 3.508486110299379845e+01
8.850000000000000000e+02 3.512418141793881432e+01
8.950000000000000000e+02 3.515185724156533809e+01
9.050000000000000000e+02 3.515529166541901418e+01
9.150000000000000000e+02 3.536738322715357441e+01
9.250000000000000000e+02 3.620130190950719395e+01
9.350000000000000000e+02 3.668150248246604406e+01
9.450000000000000000e+02 3.709839991540977167e+01
9.550000000000000000e+02 3.728723315749404321e+01
9.650000000000000000e+02 3.735617731017979537e+01
9.750000000000000000e+02 3.645614285649439523e+01
9.850000000000000000e+02 3.727466970342081254e+01
9.950000000000000000e+02 3.728639467171068134e+01
1.005000000000000000e+03 3.744470605075068192e+01
1.015000000000000000e+03 3.742442628032038243e+01
1.025000000000000000e+03 3.697331945548955900e+01
1.035000000000000000e+03 3.725167776446826906e+01
1.045000000000000000e+03 3.753153205579469898e+01
1.055000000000000000e+03 3.750371484275783729e+01
1.065000000000000000e+03 3.739496825221597476e+01
1.075000000000000000e+03 3.746956089547764179e+01
1.085000000000000000e+03 3.735475381783278692e+01
1.095000000000000000e+03 3.748087185577477953e+01
1.105000000000000000e+03 3.743791899644438104e+01
1.115000000000000000e+03 3.741182198929710268e+01
1.125000000000000000e+03 3.734630887815745837e+01
1.135000000000000000e+03 3.745943885101191739e+01
1.145000000000000000e+03 3.740917952940873903e+01
1.155000000000000000e+03 3.743056297090735995e+01
1.165000000000000000e+03 3.743623585228775852e+01
1.175000000000000000e+03 3.724610556203131750e+01
1.185000000000000000e+03 3.742669866448844118e+01
1.195000000000000000e+03 3.731048826902162574e+01
1.205000000000000000e+03 3.712523131996574932e+01
1.215000000000000000e+03 3.693225170626242004e+01
1.225000000000000000e+03 3.728462112446644028e+01
1.235000000000000000e+03 3.741510932994441418e+01
1.245000000000000000e+03 3.743147043689292275e+01
1.255000000000000000e+03 3.740594182934655976e+01
1.265000000000000000e+03 3.736483374747920294e+01
1.275000000000000000e+03 3.742896398835549121e+01
1.285000000000000000e+03 3.743106683094116960e+01
1.295000000000000000e+03 3.731204937806193556e+01
1.305000000000000000e+03 3.732573179584674961e+01
1.315000000000000000e+03 3.740988751271600421e+01
1.325000000000000000e+03 3.737741923533477717e+01
1.335000000000000000e+03 3.732308788029082791e+01
1.345000000000000000e+03 3.738575822534140514e+01
1.355000000000000000e+03 3.737180269892034801e+01
1.365000000000000000e+03 3.731932245351812583e+01
1.375000000000000000e+03 3.732578691919619018e+01
1.385000000000000000e+03 3.732730510932880463e+01
1.395000000000000000e+03 3.724161408300595610e+01
1.405000000000000000e+03 3.726427468410012978e+01
1.415000000000000000e+03 3.727854479628466322e+01
1.425000000000000000e+03 3.728284340769170058e+01
1.435000000000000000e+03 3.728530688703040141e+01
1.442000000000000000e+03 3.730026638667668237e+01
1.447000000000000000e+03 3.729685020241936400e+01
1.455000000000000000e+03 3.728339652711183305e+01
1.465000000000000000e+03 3.724310875318294478e+01
1.475000000000000000e+03 3.724503728155522708e+01
1.485000000000000000e+03 3.724370109755579961e+01
1.495000000000000000e+03 3.724141207433026324e+01
1.505000000000000000e+03 3.720479081991268799e+01
1.512000000000000000e+03 3.714607555653680038e+01
1.517000000000000000e+03 3.717013377634083326e+01
1.525000000000000000e+03 3.717563925993466256e+01
1.535000000000000000e+03 3.710832405869561512e+01
1.545000000000000000e+03 3.712380005032947849e+01
1.555000000000000000e+03 3.710393679165593284e+01
1.565000000000000000e+03 3.712246717576613264e+01
1.575000000000000000e+03 3.714578951526415551e+01
1.585000000000000000e+03 3.715615283658956969e+01
1.595000000000000000e+03 3.715769693341725599e+01
1.605000000000000000e+03 3.715734973503210625e+01
1.615000000000000000e+03 3.715603386206341696e+01
1.625000000000000000e+03 3.713466272767879417e+01
1.635000000000000000e+03 3.716109216972893137e+01
1.645000000000000000e+03 3.715994726077537536e+01
1.655000000000000000e+03 3.713733384275748506e+01
1.665000000000000000e+03 3.716374200118134041e+01
1.672000000000000000e+03 3.712840933316601877e+01
1.677000000000000000e+03 3.716111315269884585e+01
1.685000000000000000e+03 3.716883964967304621e+01
1.695000000000000000e+03 3.714201931482605801e+01
1.705000000000000000e+03 3.712184639591559687e+01
1.715000000000000000e+03 3.709311403823521403e+01
1.725000000000000000e+03 3.708866944599969884e+01
1.735000000000000000e+03 3.711308967318956320e+01
1.745000000000000000e+03 3.709701327716130947e+01
1.755000000000000000e+03 3.711567639849296540e+01
1.765000000000000000e+03 3.708720492031484639e+01
1.775000000000000000e+03 3.707973329674510410e+01
1.785000000000000000e+03 3.708694657169930053e+01
1.795000000000000000e+03 3.710867633289498713e+01
1.805000000000000000e+03 3.710873535076147789e+01
1.815000000000000000e+03 3.705861089563605049e+01
1.825000000000000000e+03 3.707619151977993965e+01
1.835000000000000000e+03 3.705546280324273312e+01
1.845000000000000000e+03 3.701531072156818425e+01
1.855000000000000000e+03 3.700487408452500659e+01
1.865000000000000000e+03 3.701464724607734524e+01
1.875000000000000000e+03 3.705415409596534460e+01
1.885000000000000000e+03 3.700373529548905083e+01
1.895000000000000000e+03 3.697237680176565533e+01
1.905000000000000000e+03 3.701108964320390982e+01
1.915000000000000000e+03 3.698024360715923819e+01
1.925000000000000000e+03 3.696639334241187669e+01
1.935000000000000000e+03 3.699072120352140303e+01
1.945000000000000000e+03 3.699877886314955333e+01
1.955000000000000000e+03 3.695938690894383427e+01
1.967000000000000000e+03 3.699931019223768658e+01
1.976000000000000000e+03 3.701436154959429103e+01
1.984000000000000000e+03 3.698176210280228560e+01
1.995000000000000000e+03 3.696937032774443566e+01
2.005000000000000000e+03 3.698623980656694243e+01
2.015000000000000000e+03 3.697081875802329876e+01
2.025000000000000000e+03 3.699347457846977250e+01
2.035000000000000000e+03 3.695368423578617012e+01
2.045000000000000000e+03 3.696654836552777113e+01
2.055000000000000000e+03 3.694976488703971995e+01
2.065000000000000000e+03 3.695106226688695017e+01
2.074000000000000000e+03 3.697711754562037356e+01
2.078000000000000000e+03 3.693476807061847467e+01
2.085000000000000000e+03 3.695719111986632299e+01
2.095000000000000000e+03 3.693041891141908195e+01
2.105000000000000000e+03 3.694048141741534153e+01
2.115000000000000000e+03 3.694128437236342677e+01
2.125000000000000000e+03 3.694648353368882709e+01
2.135000000000000000e+03 3.692666266066974856e+01
2.145000000000000000e+03 3.691540117989278258e+01
2.155000000000000000e+03 3.693461821261969646e+01
2.165000000000000000e+03 3.692663706123532563e+01
2.175000000000000000e+03 3.692054591064875524e+01
2.185000000000000000e+03 3.690506131064448425e+01
2.195000000000000000e+03 3.691930853045130334e+01
2.205000000000000000e+03 3.690942242717224531e+01
2.215000000000000000e+03 3.689491093271517741e+01
2.225000000000000000e+03 3.687833911718912816e+01
2.235000000000000000e+03 3.689060865317053128e+01
2.245000000000000000e+03 3.688180025721315047e+01
2.255000000000000000e+03 3.686501593178820713e+01
2.265000000000000000e+03 3.687452536935091985e+01
2.275000000000000000e+03 3.687521016663080786e+01
2.285000000000000000e+03 3.687913056118220823e+01
2.295000000000000000e+03 3.685564040651954087e+01
2.305000000000000000e+03 3.685613961193592303e+01
2.315000000000000000e+03 3.683721198076714387e+01
2.325000000000000000e+03 3.673950994130338898e+01
2.335000000000000000e+03 3.681002608409441024e+01
2.345000000000000000e+03 3.680662026587003766e+01
2.355000000000000000e+03 3.681824885752804732e+01
2.365000000000000000e+03 3.679945131176926054e+01
2.375000000000000000e+03 3.680053493410900955e+01
2.385000000000000000e+03 3.678477267469932599e+01
2.395000000000000000e+03 3.679819666862579908e+01
2.405000000000000000e+03 3.677996339120567626e+01
2.415000000000000000e+03 3.678381160648021364e+01
2.425000000000000000e+03 3.679133292898842456e+01
2.435000000000000000e+03 3.677304769915319582e+01
2.445000000000000000e+03 3.678565400222122861e+01
2.455000000000000000e+03 3.678124445963312894e+01
2.465000000000000000e+03 3.677381387665587198e+01
2.475000000000000000e+03 3.676331934808582957e+01
2.485000000000000000e+03 3.677151483867673676e+01
2.495000000000000000e+03 3.674648217637253822e+01
2.505000000000000000e+03 3.677000129015058860e+01
2.513000000000000000e+03 3.673973902874745079e+01
2.518000000000000000e+03 3.675816749184571819e+01
2.525000000000000000e+03 3.674029283220797026e+01
2.535000000000000000e+03 3.673713556270882918e+01
2.545000000000000000e+03 3.672551640362911485e+01
2.555000000000000000e+03 3.673873793542984600e+01
2.565000000000000000e+03 3.673195634957630773e+01
2.575000000000000000e+03 3.674309468107439614e+01
2.585000000000000000e+03 3.673814457489704211e+01
2.595000000000000000e+03 3.673349950011089504e+01
2.605000000000000000e+03 3.672236419418300102e+01
2.615000000000000000e+03 3.671781577214737524e+01
2.625000000000000000e+03 3.672013599640816039e+01
2.635000000000000000e+03 3.671880813520095899e+01
2.645000000000000000e+03 3.673105438323856475e+01
2.655000000000000000e+03 3.672771625452490696e+01
2.665000000000000000e+03 3.670695643825443710e+01
2.675000000000000000e+03 3.671500820969411905e+01
2.685000000000000000e+03 3.670980575989790395e+01
2.695000000000000000e+03 3.669724880424515590e+01
2.705000000000000000e+03 3.669739762405203010e+01
2.715000000000000000e+03 3.668837949525776310e+01
2.725000000000000000e+03 3.668588166914200599e+01
2.735000000000000000e+03 3.669409167761395452e+01
2.745000000000000000e+03 3.666326685871241153e+01
2.755000000000000000e+03 3.666284387949396972e+01
2.765000000000000000e+03 3.666591644533653493e+01
2.775000000000000000e+03 3.667553226225919616e+01
2.785000000000000000e+03 3.667048359901605181e+01
2.795000000000000000e+03 3.663455693906050215e+01
2.805000000000000000e+03 3.664919981033366980e+01
2.815000000000000000e+03 3.666500546941990990e+01
2.825000000000000000e+03 3.666061832793084108e+01
2.835000000000000000e+03 3.664010231817246677e+01
2.845000000000000000e+03 3.663919229417710710e+01
2.855000000000000000e+03 3.663723489344474160e+01
2.865000000000000000e+03 3.664440564716721838e+01
2.875000000000000000e+03 3.663584218252179880e+01
2.885000000000000000e+03 3.663482613086357276e+01
2.895000000000000000e+03 3.662818285013507591e+01
2.910000000000000000e+03 3.663207559262490065e+01
2.930000000000000000e+03 3.662146746060587787e+01
2.950000000000000000e+03 3.661151360327960447e+01
2.970000000000000000e+03 3.660804736574750962e+01
2.990000000000000000e+03 3.660104563868700467e+01
3.010000000000000000e+03 3.659582695494253102e+01
3.030000000000000000e+03 3.659192023818457074e+01
3.050000000000000000e+03 3.658358713883822588e+01
3.070000000000000000e+03 3.657601508792487977e+01
3.090000000000000000e+03 3.656892369389089481e+01
3.110000000000000000e+03 3.656063589007811743e+01
3.130000000000000000e+03 3.655333326707578578e+01
3.150000000000000000e+03 3.654858395433916485e+01
3.170000000000000000e+03 3.653944724062088056e+01
3.190000000000000000e+03 3.652688547839529321e+01
3.210000000000000000e+03 3.652625709154106914e+01
3.230000000000000000e+03 3.651866340115689979e+01
3.250000000000000000e+03 3.651270031047094022e+01
3.270000000000000000e+03 3.650664468939022811e+01
3.290000000000000000e+03 3.650027457813435205e+01
3.310000000000000000e+03 3.649510499573575117e+01
3.330000000000000000e+03 3.648705070930816419e+01
3.350000000000000000e+03 3.647893064140047414e+01
3.370000000000000000e+03 3.647244034578139349e+01
3.390000000000000000e+03 3.646562517501850209e+01
3.410000000000000000e+03 3.646116001221172098e+01
3.430000000000000000e+03 3.645019732105215837e+01
3.450000000000000000e+03 3.644446226792764776e+01
3.470000000000000000e+03 3.643978147616340379e+01
3.490000000000000000e+03 3.643376187717346681e+01
3.510000000000000000e+03 3.642997801365821431e+01
3.530000000000000000e+03 3.642429854824596447e+01
3.550000000000000000e+03 3.641887980757925902e+01
3.570000000000000000e+03 3.641145563390645634e+01
3.590000000000000000e+03 3.640221567368085687e+01
3.610000000000000000e+03 3.639702541491443810e+01
3.630000000000000000e+03 3.639227830326953494e+01
3.640000000000000000e+03 3.639208536415429762e+01
3.650000000000000000e+03 3.639020614020425626e+01
3.670000000000000000e+03 3.637748322480767627e+01
3.690000000000000000e+03 3.636906949005779666e+01
3.710000000000000000e+03 3.640854521799073495e+01
3.730000000000000000e+03 3.641032472034689960e+01
3.750000000000000000e+03 3.646848685398106227e+01
3.770000000000000000e+03 3.647005006576074493e+01
3.790000000000000000e+03 3.650021020889549561e+01
3.810000000000000000e+03 3.652658170613631228e+01
3.830000000000000000e+03 3.646160758267921409e+01
3.850000000000000000e+03 3.653163081242509236e+01
3.870000000000000000e+03 3.653649282177792657e+01
3.890000000000000000e+03 3.643615224469665037e+01
3.910000000000000000e+03 3.653173400535369097e+01
3.930000000000000000e+03 3.651629487626696857e+01
3.950000000000000000e+03 3.651901683208988914e+01
3.970000000000000000e+03 3.640348646895483853e+01
3.990000000000000000e+03 3.650687118207632409e+01
4.010000000000000000e+03 3.650867798140107823e+01
4.030000000000000000e+03 3.649316895007994788e+01
4.050000000000000000e+03 3.649764756482208128e+01
4.070000000000000000e+03 3.648367127152592815e+01
4.090000000000000000e+03 3.645920225646251822e+01
4.110000000000000000e+03 3.639271507475599066e+01
4.130000000000000000e+03 3.646065190024211233e+01
4.150000000000000000e+03 3.646130511993398216e+01
4.170000000000000000e+03 3.645657633845600287e+01
4.190000000000000000e+03 3.645372233619345081e+01
4.210000000000000000e+03 3.644868410223588739e+01
4.230000000000000000e+03 3.643926104484502559e+01
4.250000000000000000e+03 3.643489732536410486e+01
4.270000000000000000e+03 3.642237856994500333e+01
4.290000000000000000e+03 3.642143466790021478e+01
4.310000000000000000e+03 3.640952638345626724e+01
4.330000000000000000e+03 3.637705027051621443e+01
4.350000000000000000e+03 3.633492994158689271e+01
4.370000000000000000e+03 3.640162421455906383e+01
4.390000000000000000e+03 3.638963392188696133e+01
4.410000000000000000e+03 3.638922817235405205e+01
4.430000000000000000e+03 3.638636939497163780e+01
4.450000000000000000e+03 3.638407748320685187e+01
4.470000000000000000e+03 3.637091744140612093e+01
4.490000000000000000e+03 3.637363331611761907e+01
4.510000000000000000e+03 3.637879664228368171e+01
4.530000000000000000e+03 3.636350425752482352e+01
4.550000000000000000e+03 3.635866673682464523e+01
4.570000000000000000e+03 3.636192426716982595e+01
4.590000000000000000e+03 3.635238036855683674e+01
4.610000000000000000e+03 3.634986398408540254e+01
4.630000000000000000e+03 3.634013730860510805e+01
4.650000000000000000e+03 3.633718340237597744e+01
4.670000000000000000e+03 3.633644116810474145e+01
4.690000000000000000e+03 3.633206297027476239e+01
4.710000000000000000e+03 3.631790784527811411e+01
4.730000000000000000e+03 3.631876867851431712e+01
4.750000000000000000e+03 3.631613881139034561e+01
4.770000000000000000e+03 3.631335467530136896e+01
4.790000000000000000e+03 3.630726381634160305e+01
4.810000000000000000e+03 3.630101830054221779e+01
4.830000000000000000e+03 3.629779647896212680e+01
4.850000000000000000e+03 3.626518306748330644e+01
4.870000000000000000e+03 3.621023784455329775e+01
4.890000000000000000e+03 3.628242254960377977e+01
4.910000000000000000e+03 3.628019614154146666e+01
4.930000000000000000e+03 3.626707060947830996e+01
4.950000000000000000e+03 3.627167885806764502e+01
4.970000000000000000e+03 3.626491621501450879e+01
4.990000000000000000e+03 3.625346736233642275e+01
5.010000000000000000e+03 3.623563162784125069e+01
5.030000000000000000e+03 3.624261552822542853e+01
5.050000000000000000e+03 3.623303461977442197e+01
5.070000000000000000e+03 3.623689138224340667e+01
5.090000000000000000e+03 3.622564564943131415e+01
5.110000000000000000e+03 3.622283912271389283e+01
5.130000000000000000e+03 3.621260321088072942e+01
5.150000000000000000e+03 3.620534537193761082e+01
5.170000000000000000e+03 3.619661681493322902e+01
5.190000000000000000e+03 3.619765586044386652e+01
5.210000000000000000e+03 3.619432489528517749e+01
5.230000000000000000e+03 3.620326945911719463e+01
5.250000000000000000e+03 3.620455253927848105e+01
5.270000000000000000e+03 3.618706991079582735e+01
5.290000000000000000e+03 3.620088227326424146e+01
5.310000000000000000e+03 3.620379510061090400e+01
5.330000000000000000e+03 3.618490030631923560e+01
5.350000000000000000e+03 3.619299021750528311e+01
5.370000000000000000e+03 3.618959070423051116e+01
5.390000000000000000e+03 3.617985611340949248e+01
5.410000000000000000e+03 3.617615429630692603e+01
5.430000000000000000e+03 3.617198377527021336e+01
5.450000000000000000e+03 3.617220494984015033e+01
5.470000000000000000e+03 3.616472950739854753e+01
5.490000000000000000e+03 3.616250134283434647e+01
5.510000000000000000e+03 3.615671546205654607e+01
5.530000000000000000e+03 3.616091118297282492e+01
5.550000000000000000e+03 3.615988639876528055e+01
5.570000000000000000e+03 3.615537672658267354e+01
5.590000000000000000e+03 3.614878220762300742e+01
5.610000000000000000e+03 3.615075338182619191e+01
5.630000000000000000e+03 3.614408968574929304e+01
5.650000000000000000e+03 3.614233842842801891e+01
5.670000000000000000e+03 3.613576663319925331e+01
5.690000000000000000e+03 3.614004422457085752e+01
5.710000000000000000e+03 3.612898126361849194e+01
5.730000000000000000e+03 3.614109111796424401e+01
5.750000000000000000e+03 3.612912172160685031e+01
5.770000000000000000e+03 3.613004424112502022e+01
5.790000000000000000e+03 3.611677269734279605e+01
5.810000000000000000e+03 3.612460728325855541e+01
5.830000000000000000e+03 3.612934226749477773e+01
5.850000000000000000e+03 3.611895365610294562e+01
5.870000000000000000e+03 3.611105817567586485e+01
5.890000000000000000e+03 3.609303235956029710e+01
5.910000000000000000e+03 3.610772752596888324e+01
5.930000000000000000e+03 3.610686823128423129e+01
5.950000000000000000e+03 3.610190554354979042e+01
5.970000000000000000e+03 3.610658954945171928e+01
5.990000000000000000e+03 3.609609411298840342e+01
6.010000000000000000e+03 3.609213351497805888e+01
6.030000000000000000e+03 3.609797519592535764e+01
6.050000000000000000e+03 3.609864999633346372e+01
6.070000000000000000e+03 3.609648176623414173e+01
6.090000000000000000e+03 3.608355938257757600e+01
6.110000000000000000e+03 3.608283708710496995e+01
6.130000000000000000e+03 3.606739452824979963e+01
6.150000000000000000e+03 3.607066605217544009e+01
6.170000000000000000e+03 3.605907988105070672e+01
6.190000000000000000e+03 3.606845781719120225e+01
6.210000000000000000e+03 3.606113551014182406e+01
6.230000000000000000e+03 3.605093196873251316e+01
6.250000000000000000e+03 3.603969903281661402e+01
6.270000000000000000e+03 3.604843571310831862e+01
6.290000000000000000e+03 3.605429932346591926e+01
6.310000000000000000e+03 3.604489388846772613e+01
6.330000000000000000e+03 3.604827089055121547e+01
6.350000000000000000e+03 3.604276577340772292e+01
6.370000000000000000e+03 3.603932837199658934e+01
6.390000000000000000e+03 3.604407555527995299e+01
6.410000000000000000e+03 3.603856813037118201e+01
6.430000000000000000e+03 3.603791846071565175e+01
6.450000000000000000e+03 3.603533534355857171e+01
6.470000000000000000e+03 3.603408687594854598e+01
6.490000000000000000e+03 3.602279648761488318e+01
6.510000000000000000e+03 3.603094954385541371e+01
6.530000000000000000e+03 3.602672691566232999e+01
6.550000000000000000e+03 3.601183185655455077e+01
6.570000000000000000e+03 3.597583416126598621e+01
6.590000000000000000e+03 3.601985211442602974e+01
6.610000000000000000e+03 3.602183987560157163e+01
6.630000000000000000e+03 3.601889482148634158e+01
6.650000000000000000e+03 3.601849587332984015e+01
6.670000000000000000e+03 3.600670328164674316e+01
6.690000000000000000e+03 3.600678822641182819e+01
6.710000000000000000e+03 3.599141566372755818e+01
6.730000000000000000e+03 3.599875569784343554e+01
6.750000000000000000e+03 3.599068022963903957e+01
6.770000000000000000e+03 3.599026728236555073e+01
6.790000000000000000e+03 3.598299375166770631e+01
6.810000000000000000e+03 3.598616426775294741e+01
6.830000000000000000e+03 3.598883391222290129e+01
6.850000000000000000e+03 3.598083800100415885e+01
6.870000000000000000e+03 3.598477350423922161e+01
6.890000000000000000e+03 3.599069544190982839e+01
6.910000000000000000e+03 3.598874868772772118e+01
6.930000000000000000e+03 3.598272436109488837e+01
6.950000000000000000e+03 3.598011429600859401e+01
6.970000000000000000e+03 3.598562107078907957e+01
6.990000000000000000e+03 3.597939526369282959e+01
7.010000000000000000e+03 3.597499995612364643e+01
7.030000000000000000e+03 3.598046663598590555e+01
7.050000000000000000e+03 3.598470735396512055e+01
7.070000000000000000e+03 3.597013939660329385e+01
7.090000000000000000e+03 3.595301866624949128e+01
7.110000000000000000e+03 3.593104178962717299e+01
7.130000000000000000e+03 3.592054346762017758e+01
7.150000000000000000e+03 3.592162276739758653e+01
7.170000000000000000e+03 3.592818089062672016e+01
7.190000000000000000e+03 3.592239008832484615e+01
7.210000000000000000e+03 3.592862156423669262e+01
7.230000000000000000e+03 3.593785579664660190e+01
7.250000000000000000e+03 3.594206567475053760e+01
7.270000000000000000e+03 3.594363293276460070e+01
7.290000000000000000e+03 3.593972676938901145e+01
7.310000000000000000e+03 3.594650283046404127e+01
7.330000000000000000e+03 3.594775573290170456e+01
7.350000000000000000e+03 3.594746742272141660e+01
7.370000000000000000e+03 3.595726993897641677e+01
7.390000000000000000e+03 3.595100619773796780e+01
7.410000000000000000e+03 3.594975944745840479e+01
7.430000000000000000e+03 3.595225734121193994e+01
7.450000000000000000e+03 3.595339621504659533e+01
7.470000000000000000e+03 3.595233599041041117e+01
7.490000000000000000e+03 3.595054965849003992e+01
7.510000000000000000e+03 3.595571000582790333e+01
7.530000000000000000e+03 3.595926371753449757e+01
7.550000000000000000e+03 3.595966422746317193e+01
7.570000000000000000e+03 3.595674113143527961e+01
7.590000000000000000e+03 3.595191162498513648e+01
7.610000000000000000e+03 3.595019114421176454e+01
7.630000000000000000e+03 3.594582946256403488e+01
7.650000000000000000e+03 3.594088589205570372e+01
7.670000000000000000e+03 3.592600512291934223e+01
7.690000000000000000e+03 3.593191610919167545e+01
7.710000000000000000e+03 3.592436831396432950e+01
7.730000000000000000e+03 3.592169127237512782e+01
7.750000000000000000e+03 3.591992332099643193e+01
7.770000000000000000e+03 3.592244347651369196e+01
7.790000000000000000e+03 3.592749150205688835e+01
7.810000000000000000e+03 3.592634644330429694e+01
7.830000000000000000e+03 3.592078142392319506e+01
7.850000000000000000e+03 3.591217137271809179e+01
7.870000000000000000e+03 3.592033077397351803e+01
7.890000000000000000e+03 3.590565416350311523e+01
7.910000000000000000e+03 3.589813408817822449e+01
7.930000000000000000e+03 3.590309203808764238e+01
7.950000000000000000e+03 3.589421900250364672e+01
7.970000000000000000e+03 3.590960592294371168e+01
7.990000000000000000e+03 3.590916673160428729e+01
8.010000000000000000e+03 3.591232520504675563e+01
8.030000000000000000e+03 3.591062979588027559e+01
8.050000000000000000e+03 3.590937407043482921e+01
8.070000000000000000e+03 3.590498851473955710e+01
8.090000000000000000e+03 3.589729210942192594e+01
8.110000000000000000e+03 3.589608029780927723e+01
8.130000000000000000e+03 3.590414788254439316e+01
8.150000000000000000e+03 3.590380019164850012e+01
8.170000000000000000e+03 3.590622817735431482e+01
8.190000000000000000e+03 3.589940568152444911e+01
8.210000000000000000e+03 3.589556556705944956e+01
8.230000000000000000e+03 3.590395204615222724e+01
8.250000000000000000e+03 3.590187097331175892e+01
8.270000000000000000e+03 3.590786297156209628e+01
8.290000000000000000e+03 3.590259587728643709e+01
8.310000000000000000e+03 3.588417593422879293e+01
8.330000000000000000e+03 3.588506293599401431e+01
8.350000000000000000e+03 3.588267458074724914e+01
8.370000000000000000e+03 3.588449462850624627e+01
8.390000000000000000e+03 3.587227386811892416e+01
8.410000000000000000e+03 3.588607515563690953e+01
8.430000000000000000e+03 3.586802500002595195e+01
8.450000000000000000e+03 3.586050010608278171e+01
8.470000000000000000e+03 3.586091872200647401e+01
8.490000000000000000e+03 3.587334385610768805e+01
8.510000000000000000e+03 3.584702108646509089e+01
8.530000000000000000e+03 3.587694428650448231e+01
8.550000000000000000e+03 3.584148676253853694e+01
8.570000000000000000e+03 3.588477429096990790e+01
8.590000000000000000e+03 3.587097224774358750e+01
8.610000000000000000e+03 3.587138955604122970e+01
8.630000000000000000e+03 3.588877456623652762e+01
8.650000000000000000e+03 3.588918480609935813e+01
8.670000000000000000e+03 3.584326401727155087e+01
8.690000000000000000e+03 3.587401847275584288e+01
8.710000000000000000e+03 3.588828262555522031e+01
8.730000000000000000e+03 3.588691444271620412e+01
8.750000000000000000e+03 3.586538414653633566e+01
8.770000000000000000e+03 3.588450435562650398e+01
8.790000000000000000e+03 3.588863090037867210e+01
8.810000000000000000e+03 3.587741498311845589e+01
8.830000000000000000e+03 3.588236881829828917e+01
8.850000000000000000e+03 3.588238910235541113e+01
8.870000000000000000e+03 3.586044766491793467e+01
8.890000000000000000e+03 3.588529667782556487e+01
8.910000000000000000e+03 3.589106645021178821e+01
8.930000000000000000e+03 3.587828356352646608e+01
8.950000000000000000e+03 3.587772484768456849e+01
8.970000000000000000e+03 3.587848013700210004e+01
8.990000000000000000e+03 3.587645161043163000e+01
9.010000000000000000e+03 3.584788417254413417e+01
9.030000000000000000e+03 3.586517701857218299e+01
9.050000000000000000e+03 3.588309606172816757e+01
9.070000000000000000e+03 3.588067592072567180e+01
9.090000000000000000e+03 3.586498096952055903e+01
9.110000000000000000e+03 3.586797292000628801e+01
9.130000000000000000e+03 3.587659324380896919e+01
9.150000000000000000e+03 3.587145194678710425e+01
9.170000000000000000e+03 3.586978309623628292e+01
9.190000000000000000e+03 3.587525594963845776e+01
9.210000000000000000e+03 3.585762172519071811e+01
9.230000000000000000e+03 3.584186385778343720e+01
9.250000000000000000e+03 3.585177138769832084e+01
9.270000000000000000e+03 3.585392731129265087e+01
9.290000000000000000e+03 3.585201590666936511e+01
9.310000000000000000e+03 3.585774537799167661e+01
9.330000000000000000e+03 3.585482651449483171e+01
9.350000000000000000e+03 3.585267824554754412e+01
9.370000000000000000e+03 3.584288970728159995e+01
9.390000000000000000e+03 3.585028886382401936e+01
9.410000000000000000e+03 3.583889712256903692e+01
9.430000000000000000e+03 3.585005031881667037e+01
9.450000000000000000e+03 3.583873886781477580e+01
9.470000000000000000e+03 3.584732229725602082e+01
9.490000000000000000e+03 3.584782430376995421e+01
9.510000000000000000e+03 3.584189084638198608e+01
9.530000000000000000e+03 3.583887528864300975e+01
9.550000000000000000e+03 3.581276137484846345e+01
9.570000000000000000e+03 3.582927418483543391e+01
9.590000000000000000e+03 3.584169833526478754e+01
9.610000000000000000e+03 3.583378099410929707e+01
9.630000000000000000e+03 3.583453115836218927e+01
9.650000000000000000e+03 3.582373231974263206e+01
9.670000000000000000e+03 3.582197222063923903e+01
9.690000000000000000e+03 3.583050880740866262e+01
9.710000000000000000e+03 3.582486171230873850e+01
9.730000000000000000e+03 3.582120443321782233e+01
9.750000000000000000e+03 3.581828185189461067e+01
9.770000000000000000e+03 3.581940313933952069e+01
9.790000000000000000e+03 3.581055380426431611e+01
9.810000000000000000e+03 3.582444581150563323e+01
9.830000000000000000e+03 3.581731187217255297e+01
9.850000000000000000e+03 3.582294005032265716e+01
9.870000000000000000e+03 3.581873648478578787e+01
9.890000000000000000e+03 3.581729070350200317e+01
9.910000000000000000e+03 3.581458866185521828e+01
9.930000000000000000e+03 3.581423102170280970e+01
9.950000000000000000e+03 3.581256988865907687e+01
9.970000000000000000e+03 3.581311083071827994e+01
9.990000000000000000e+03 3.581057397761777850e+01
1.002500000000000000e+04 3.580061545254880429e+01
1.007500000000000000e+04 3.579008518418088869e+01
1.012500000000000000e+04 3.579744057984205341e+01
1.017500000000000000e+04 3.579064140904534952e+01
1.022500000000000000e+04 3.578946899827148087e+01
1.027500000000000000e+04 3.578819025663180753e+01
1.032500000000000000e+04 3.577794272982482937e+01
1.037500000000000000e+04 3.577254702103034134e+01
1.042500000000000000e+04 3.577290010880069104e+01
1.047500000000000000e+04 3.576799558582393956e+01
1.052500000000000000e+04 3.576665895935046535e+01
1.057500000000000000e+04 3.575856476368951320e+01
1.062500000000000000e+04 3.575668481118066921e+01
1.067500000000000000e+04 3.574564841490986566e+01
1.072500000000000000e+04 3.574446430596466939e+01
1.077500000000000000e+04 3.573898689522472694e+01
1.082500000000000000e+04 3.573085046351525307e+01
1.087500000000000000e+04 3.572999166882057409e+01
1.092500000000000000e+04 3.572451686159531903e+01
1.097500000000000000e+04 3.572253270097692734e+01
1.102500000000000000e+04 3.572372555038865727e+01
1.107500000000000000e+04 3.572070361327925525e+01
1.112500000000000000e+04 3.571660858062149657e+01
1.117500000000000000e+04 3.571004652937926238e+01
1.122500000000000000e+04 3.570833376316439001e+01
1.127500000000000000e+04 3.569982625736075477e+01
1.132500000000000000e+04 3.569668891204463534e+01
1.137500000000000000e+04 3.569152626789828275e+01
1.142500000000000000e+04 3.568613465374868099e+01
1.147500000000000000e+04 3.568943345690859559e+01
1.152500000000000000e+04 3.568673153686643928e+01
1.157500000000000000e+04 3.567858129982428750e+01
1.162500000000000000e+04 3.567147992243399557e+01
1.167500000000000000e+04 3.567029108126909875e+01
1.172500000000000000e+04 3.567203696400054014e+01
1.177500000000000000e+04 3.566266782236962030e+01
1.182500000000000000e+04 3.565876777146215915e+01
1.187500000000000000e+04 3.565034524936146454e+01
1.192500000000000000e+04 3.565620907532304074e+01
1.197500000000000000e+04 3.563901424572436838e+01
1.202500000000000000e+04 3.564711049642350105e+01
1.207500000000000000e+04 3.564085669367031528e+01
1.212500000000000000e+04 3.563969771233817596e+01
1.217500000000000000e+04 3.563907696746585430e+01
1.222500000000000000e+04 3.563460684402257073e+01
1.227500000000000000e+04 3.563052771188913681e+01
1.232500000000000000e+04 3.562535229673863313e+01
1.237500000000000000e+04 3.562410556624697477e+01
1.242500000000000000e+04 3.561929155513232104e+01
1.247500000000000000e+04 3.561744290475891006e+01
1.252500000000000000e+04 3.561066863589238096e+01
1.257500000000000000e+04 3.560922124931212807e+01
1.262500000000000000e+04 3.560606691705098115e+01
1.267500000000000000e+04 3.560011624589473911e+01
1.272500000000000000e+04 3.559938454297567745e+01
1.277500000000000000e+04 3.559923826184829210e+01
1.282500000000000000e+04 3.557708102326601818e+01
1.287500000000000000e+04 3.558779051462083487e+01
1.292500000000000000e+04 3.557904736426079495e+01
1.297500000000000000e+04 3.558548889332664089e+01
1.302500000000000000e+04 3.557751113624768635e+01
1.307500000000000000e+04 3.558052502002671247e+01
1.312500000000000000e+04 3.557016391293935698e+01
1.317500000000000000e+04 3.556955007485953502e+01
1.322500000000000000e+04 3.556935247444039305e+01
1.327500000000000000e+04 3.556018991864925738e+01
1.332500000000000000e+04 3.556483192642346580e+01
1.337500000000000000e+04 3.555830008992477076e+01
1.342500000000000000e+04 3.556154867223573035e+01
1.347500000000000000e+04 3.555782714043790094e+01
1.352500000000000000e+04 3.555612651872018404e+01
1.357500000000000000e+04 3.554788042379426116e+01
1.362500000000000000e+04 3.554458846264364524e+01
1.367500000000000000e+04 3.554668027206009384e+01
1.372500000000000000e+04 3.554794657378117506e+01
1.377500000000000000e+04 3.554377601437566625e+01
1.382500000000000000e+04 3.554434444482437527e+01
1.387500000000000000e+04 3.553753461045344864e+01
1.392500000000000000e+04 3.554059240462888170e+01
1.397500000000000000e+04 3.554033616707228305e+01
1.402500000000000000e+04 3.553137598466516067e+01
1.407500000000000000e+04 3.553605343465203248e+01
1.412500000000000000e+04 3.552907148575423690e+01
1.417500000000000000e+04 3.553327169790045303e+01
1.422500000000000000e+04 3.552571332844695462e+01
1.427500000000000000e+04 3.551586927538801319e+01
1.432500000000000000e+04 3.552556380120981316e+01
1.437500000000000000e+04 3.552542829597031471e+01
1.442500000000000000e+04 3.551210442410779677e+01
1.447500000000000000e+04 3.552087080418350240e+01
1.452500000000000000e+04 3.551509352845350520e+01
1.457000000000000000e+04 3.551708833437500346e+01
1.462000000000000000e+04 3.551683229165931266e+01
1.467500000000000000e+04 3.551593200676028061e+01
1.472500000000000000e+04 3.550656876883668644e+01
1.477500000000000000e+04 3.551034507157412179e+01
1.482500000000000000e+04 3.550901564068234961e+01
1.487500000000000000e+04 3.550434234004698908e+01
1.492500000000000000e+04 3.551379925778451252e+01
1.497500000000000000e+04 3.550572960320586446e+01
1.502500000000000000e+04 3.550344557680454471e+01
1.507500000000000000e+04 3.549765871584125421e+01
1.512500000000000000e+04 3.550423286695943403e+01
1.517500000000000000e+04 3.550421685908557379e+01
1.522500000000000000e+04 3.550441562415117858e+01
1.527500000000000000e+04 3.550668838519175807e+01
1.532500000000000000e+04 3.550251695764119830e+01
1.537500000000000000e+04 3.550769625586148237e+01
1.542500000000000000e+04 3.550519917860400199e+01
1.547500000000000000e+04 3.550538821079237550e+01
1.552500000000000000e+04 3.549742135354607342e+01
1.557500000000000000e+04 3.547228673679497035e+01
1.562500000000000000e+04 3.548625006849228924e+01
1.567500000000000000e+04 3.548317002008035104e+01
1.572500000000000000e+04 3.549532484294511647e+01
1.577500000000000000e+04 3.545305458501249518e+01
1.582500000000000000e+04 3.546467987869822736e+01
1.587500000000000000e+04 3.546078274434081834e+01
1.592500000000000000e+04 3.547470857212943685e+01
1.597500000000000000e+04 3.545808076960514654e+01
1.605000000000000000e+04 3.549221728342098459e+01
1.615000000000000000e+04 3.548919518709779197e+01
1.625000000000000000e+04 3.548864611376410494e+01
1.635000000000000000e+04 3.548677930302758909e+01
1.645000000000000000e+04 3.547629774498253141e+01
1.655000000000000000e+04 3.547370414146826789e+01
1.665000000000000000e+04 3.546704530165348501e+01
1.675000000000000000e+04 3.545634661528253417e+01
1.685000000000000000e+04 3.544537588583811782e+01
1.695000000000000000e+04 3.544688643377426018e+01
1.705000000000000000e+04 3.543062318020339774e+01
1.715000000000000000e+04 3.542973101071267195e+01
1.725000000000000000e+04 3.541296131030753713e+01
1.735000000000000000e+04 3.540485418706689558e+01
1.745000000000000000e+04 3.539984716339212412e+01
1.755000000000000000e+04 3.539131220680627621e+01
1.765000000000000000e+04 3.538573860304524743e+01
1.775000000000000000e+04 3.537501164787398977e+01
1.785000000000000000e+04 3.537279887192238448e+01
1.795000000000000000e+04 3.536177809193414134e+01
1.805000000000000000e+04 3.535112240524621541e+01
1.815000000000000000e+04 3.534525992401776762e+01
1.825000000000000000e+04 3.533634496588720708e+01
1.835000000000000000e+04 3.532768607784640835e+01
1.845000000000000000e+04 3.531786501004680900e+01
1.855000000000000000e+04 3.531490416007168420e+01
1.865000000000000000e+04 3.530050065826573302e+01
1.875000000000000000e+04 3.529372148819184218e+01
1.885000000000000000e+04 3.529057555929200163e+01
1.895000000000000000e+04 3.526840239171431080e+01
1.905000000000000000e+04 3.527987911298745871e+01
1.915000000000000000e+04 3.527005263675782487e+01
1.925000000000000000e+04 3.526483072271793162e+01
1.935000000000000000e+04 3.525059965257763395e+01
1.945000000000000000e+04 3.524028710884931570e+01
1.955000000000000000e+04 3.524226875069172848e+01
1.965000000000000000e+04 3.523377147719003943e+01
1.975000000000000000e+04 3.522320073563270171e+01
1.985000000000000000e+04 3.521941261611387830e+01
1.995000000000000000e+04 3.521334749595524727e+01
2.005000000000000000e+04 3.521229995320540240e+01
2.015000000000000000e+04 3.520548551325105535e+01
2.025000000000000000e+04 3.519034912977647167e+01
2.035000000000000000e+04 3.518548268992429229e+01
2.045000000000000000e+04 3.518684215441059138e+01
2.055000000000000000e+04 3.517764114122122976e+01
2.065000000000000000e+04 3.516918416801683378e+01
2.075000000000000000e+04 3.516399752192040751e+01
2.085000000000000000e+04 3.515521289163591234e+01
2.095000000000000000e+04 3.514605890416932255e+01
2.105000000000000000e+04 3.514589725763396189e+01
2.115000000000000000e+04 3.513625127121616032e+01
2.125000000000000000e+04 3.512869502884457518e+01
2.135000000000000000e+04 3.512805540619731914e+01
2.145000000000000000e+04 3.512038413789778701e+01
2.155000000000000000e+04 3.511227426595720402e+01
2.165000000000000000e+04 3.510461786907060144e+01
2.175000000000000000e+04 3.509589462369842749e+01
2.185000000000000000e+04 3.509163040644761367e+01
2.195000000000000000e+04 3.508669691567904891e+01
2.205000000000000000e+04 3.507281530168579309e+01
2.215000000000000000e+04 3.507633358798763368e+01
2.225000000000000000e+04 3.506077502765478471e+01
2.235000000000000000e+04 3.505696560579694676e+01
2.245000000000000000e+04 3.505152357101249549e+01
2.255000000000000000e+04 3.504815636389704991e+01
2.265000000000000000e+04 3.503572436117309508e+01
2.275000000000000000e+04 3.503766570032136940e+01
2.285000000000000000e+04 3.502614554476097197e+01
2.295000000000000000e+04 3.494160923368912819e+01
2.305000000000000000e+04 3.497975603290605306e+01
2.315000000000000000e+04 3.497296010885283124e+01
2.325000000000000000e+04 3.489663829685398611e+01
2.335000000000000000e+04 3.493844739941360444e+01
2.345000000000000000e+04 3.491720136535277419e+01
2.355000000000000000e+04 3.484567643641469914e+01
2.365000000000000000e+04 3.489935255228988353e+01
2.375000000000000000e+04 3.487676703136976641e+01
2.385000000000000000e+04 3.482154633958691647e+01
2.395000000000000000e+04 3.486613916569564253e+01
2.405000000000000000e+04 3.485654663775032702e+01
2.415000000000000000e+04 3.480570695001578230e+01
2.425000000000000000e+04 3.484262519612840947e+01
2.435000000000000000e+04 3.483504730667932847e+01
2.445000000000000000e+04 3.480475719311981209e+01
2.455000000000000000e+04 3.480791400269342262e+01
2.465000000000000000e+04 3.482472072049854006e+01
2.475000000000000000e+04 3.480726634931346553e+01
2.485000000000000000e+04 3.478140439510696780e+01
2.495000000000000000e+04 3.479841347250055605e+01
2.505000000000000000e+04 3.481615978899068864e+01
2.515000000000000000e+04 3.476777787362404126e+01
2.525000000000000000e+04 3.479307867410691557e+01
2.535000000000000000e+04 3.479171885103009743e+01
2.545000000000000000e+04 3.478228826636539850e+01
2.555000000000000000e+04 3.477219917330199905e+01
2.565000000000000000e+04 3.477444296846358185e+01
2.575000000000000000e+04 3.477908644708936947e+01
2.585000000000000000e+04 3.475026755082448915e+01
2.595000000000000000e+04 3.475643414583488067e+01
2.605000000000000000e+04 3.476633724690035621e+01
2.615000000000000000e+04 3.475251832062358659e+01
2.625000000000000000e+04 3.474525301345225614e+01
2.635000000000000000e+04 3.475087249812096957e+01
2.645000000000000000e+04 3.474810575381317079e+01
2.655000000000000000e+04 3.473830996898031032e+01
2.665000000000000000e+04 3.472874220630421860e+01
2.675000000000000000e+04 3.474382055402668357e+01
2.685000000000000000e+04 3.473760816619024183e+01
2.695000000000000000e+04 3.471849887934902767e+01
2.705000000000000000e+04 3.472797310780101299e+01
2.715000000000000000e+04 3.472266723942988875e+01
2.725000000000000000e+04 3.472445293127326238e+01
2.735000000000000000e+04 3.470497335263168281e+01
2.745000000000000000e+04 3.471184584790262306e+01
2.755000000000000000e+04 3.471270245761205331e+01
2.765000000000000000e+04 3.470355400003133894e+01
2.775000000000000000e+04 3.469058497828390841e+01
2.785000000000000000e+04 3.469588084150274909e+01
2.795000000000000000e+04 3.469652456559661857e+01
2.805000000000000000e+04 3.469107998834893181e+01
2.815000000000000000e+04 3.467928113767076326e+01
2.825000000000000000e+04 3.467964992279835457e+01
2.835000000000000000e+04 3.467968611611553342e+01
2.845000000000000000e+04 3.467352589533952312e+01
2.855000000000000000e+04 3.466704943114933712e+01
2.865000000000000000e+04 3.466359116372854743e+01
2.875000000000000000e+04 3.465974983529351761e+01
2.885000000000000000e+04 3.465538320521484650e+01
2.895000000000000000e+04 3.465066770837051280e+01
2.905000000000000000e+04 3.464519979250459158e+01
2.915000000000000000e+04 3.464258178964833235e+01
2.925000000000000000e+04 3.463180802870068931e+01
2.935000000000000000e+04 3.463434169385077865e+01
2.945000000000000000e+04 3.462636044449085659e+01
2.955000000000000000e+04 3.462184339202906358e+01
2.965000000000000000e+04 3.461999743444577859e+01
2.975000000000000000e+04 3.461550033671959170e+01
2.985000000000000000e+04 3.460860986690598651e+01
2.995000000000000000e+04 3.460400257745583019e+01
3.005000000000000000e+04 3.459880076032555962e+01
3.015000000000000000e+04 3.459614221490087971e+01
3.025000000000000000e+04 3.458898984147579370e+01
3.035000000000000000e+04 3.458223533048884235e+01
3.045000000000000000e+04 3.458051838828347968e+01
3.055000000000000000e+04 3.457425420410401529e+01
3.065000000000000000e+04 3.456944779488651420e+01
3.075000000000000000e+04 3.456578781690704005e+01
3.085000000000000000e+04 3.455774247337209459e+01
3.095000000000000000e+04 3.455364508243032873e+01
3.105000000000000000e+04 3.455130210147262204e+01
3.115000000000000000e+04 3.454238539351532467e+01
3.125000000000000000e+04 3.453982306573440297e+01
3.135000000000000000e+04 3.453525267000604515e+01
3.145000000000000000e+04 3.452972059115369063e+01
3.155000000000000000e+04 3.452431478324339054e+01
3.165000000000000000e+04 3.451751736589763198e+01
3.175000000000000000e+04 3.451525752891051013e+01
3.185000000000000000e+04 3.450956488675635114e+01
3.195000000000000000e+04 3.450562699795370492e+01
3.210000000000000000e+04 3.449716722706601502e+01
3.230000000000000000e+04 3.448604766163758484e+01
3.250000000000000000e+04 3.447627908432271937e+01
3.270000000000000000e+04 3.446557128091964728e+01
3.290000000000000000e+04 3.445523597203005295e+01
3.310000000000000000e+04 3.444545458502398105e+01
3.330000000000000000e+04 3.443498620394603194e+01
3.350000000000000000e+04 3.442710468994957296e+01
3.370000000000000000e+04 3.441649232781014689e+01
3.390000000000000000e+04 3.440618105629807388e+01
3.410000000000000000e+04 3.439533419668500613e+01
3.430000000000000000e+04 3.438788753987205382e+01
3.450000000000000000e+04 3.437892352267762419e+01
3.470000000000000000e+04 3.436922162415590520e+01
3.490000000000000000e+04 3.436015976086400059e+01
3.510000000000000000e+04 3.435153829739936526e+01
3.530000000000000000e+04 3.434046340971929823e+01
3.550000000000000000e+04 3.433275003618418708e+01
3.570000000000000000e+04 3.432310409371662274e+01
3.590000000000000000e+04 3.431357056298296726e+01
3.610000000000000000e+04 3.430587835477019354e+01
3.630000000000000000e+04 3.429711197651730714e+01
3.650000000000000000e+04 3.428582504194446301e+01
3.670000000000000000e+04 3.427717683522166681e+01
3.690000000000000000e+04 3.426494964102982266e+01
3.710000000000000000e+04 3.425498273864864274e+01
3.730000000000000000e+04 3.424932820604337991e+01
3.750000000000000000e+04 3.423638999528361637e+01
3.770000000000000000e+04 3.423217335990841548e+01
3.790000000000000000e+04 3.422343816181553677e+01
3.810000000000000000e+04 3.421593161975425090e+01
3.830000000000000000e+04 3.420871704161378091e+01
3.850000000000000000e+04 3.420091998374768849e+01
3.870000000000000000e+04 3.418946902508485408e+01
3.890000000000000000e+04 3.418232199610727662e+01
3.910000000000000000e+04 3.417487666225144949e+01
3.930000000000000000e+04 3.416697309123624393e+01
3.950000000000000000e+04 3.415564688622851008e+01
3.970000000000000000e+04 3.414841086755419042e+01
3.990000000000000000e+04 3.413639179028990611e+01
4.010000000000000000e+04 3.413070553986308653e+01
4.030000000000000000e+04 3.412479866290746600e+01
4.050000000000000000e+04 3.411562592597562116e+01
4.070000000000000000e+04 3.410855257642911198e+01
4.090000000000000000e+04 3.410081575139545862e+01
4.110000000000000000e+04 3.409295343965053604e+01
4.130000000000000000e+04 3.408608242206445738e+01
4.150000000000000000e+04 3.407714410876904054e+01
4.170000000000000000e+04 3.406839975570007795e+01
4.190000000000000000e+04 3.406031001585958506e+01
4.210000000000000000e+04 3.405161179027648899e+01
4.230000000000000000e+04 3.404710470705101955e+01
4.250000000000000000e+04 3.403704202094696996e+01
4.270000000000000000e+04 3.403095673619978356e+01
4.290000000000000000e+04 3.399157319676393740e+01
4.310000000000000000e+04 3.394820604825839894e+01
4.330000000000000000e+04 3.395711137529323054e+01
4.350000000000000000e+04 3.392082603655853745e+01
4.370000000000000000e+04 3.390233390661133939e+01
4.390000000000000000e+04 3.388580949259726793e+01
4.410000000000000000e+04 3.385170361327807598e+01
4.430000000000000000e+04 3.384876504601329827e+01
4.450000000000000000e+04 3.383640677226885174e+01
4.470000000000000000e+04 3.380939432604360917e+01
4.490000000000000000e+04 3.381900087215925055e+01
4.510000000000000000e+04 3.380105563900360721e+01
4.530000000000000000e+04 3.378370374087018035e+01
4.550000000000000000e+04 3.378918106597573257e+01
4.570000000000000000e+04 3.378177031512729656e+01
4.590000000000000000e+04 3.375929134574762003e+01
4.610000000000000000e+04 3.377132148250377952e+01
4.630000000000000000e+04 3.375739111537424719e+01
4.650000000000000000e+04 3.375379353954856754e+01
4.670000000000000000e+04 3.375612739457864819e+01
4.690000000000000000e+04 3.374459997933654165e+01
4.710000000000000000e+04 3.373409724867336479e+01
4.730000000000000000e+04 3.374332935999459693e+01
4.750000000000000000e+04 3.373035284344815921e+01
4.770000000000000000e+04 3.372495367989810688e+01
4.790000000000000000e+04 3.372209021267042317e+01
4.810000000000000000e+04 3.370687860961091786e+01
4.830000000000000000e+04 3.371759645249013460e+01
4.850000000000000000e+04 3.370714694786614984e+01
4.870000000000000000e+04 3.369595735944232473e+01
4.890000000000000000e+04 3.369133022779260500e+01
4.910000000000000000e+04 3.368596104447773598e+01
4.930000000000000000e+04 3.367989284738361278e+01
4.950000000000000000e+04 3.366928804460175684e+01
4.970000000000000000e+04 3.367403284299153654e+01
4.990000000000000000e+04 3.366532732390034965e+01
5.010000000000000000e+04 3.366207851706204934e+01
5.030000000000000000e+04 3.365666339877856927e+01
5.050000000000000000e+04 3.364405418551889682e+01
5.070000000000000000e+04 3.364470593595554249e+01
5.090000000000000000e+04 3.363789008335012909e+01
5.110000000000000000e+04 3.363017847574552377e+01
5.130000000000000000e+04 3.362827669247977980e+01
5.150000000000000000e+04 3.361911748491613139e+01
5.170000000000000000e+04 3.362300447183524454e+01
5.190000000000000000e+04 3.361417180181216935e+01
5.210000000000000000e+04 3.361048540566015674e+01
5.230000000000000000e+04 3.360184440307615716e+01
5.250000000000000000e+04 3.360087872078794646e+01
5.270000000000000000e+04 3.360528423976638379e+01
5.290000000000000000e+04 3.358990492117072080e+01
5.310000000000000000e+04 3.358179165663142385e+01
5.330000000000000000e+04 3.358316898195457156e+01
5.350000000000000000e+04 3.357741702415649598e+01
5.370000000000000000e+04 3.357351083340110875e+01
5.390000000000000000e+04 3.356998462791050031e+01
5.410000000000000000e+04 3.356602129388114975e+01
5.430000000000000000e+04 3.355610647778031819e+01
5.450000000000000000e+04 3.355915262548047906e+01
5.470000000000000000e+04 3.354729009068843482e+01
5.490000000000000000e+04 3.354780019035122507e+01
5.510000000000000000e+04 3.353789029882554473e+01
5.530000000000000000e+04 3.354997050972465189e+01
5.550000000000000000e+04 3.353077269481366329e+01
5.570000000000000000e+04 3.353473209646049469e+01
5.590000000000000000e+04 3.352573944392473493e+01
5.610000000000000000e+04 3.352795357226474948e+01
5.630000000000000000e+04 3.351494367935986674e+01
5.650000000000000000e+04 3.351735482715729830e+01
5.670000000000000000e+04 3.351194271395741708e+01
5.690000000000000000e+04 3.350051520809007144e+01
5.710000000000000000e+04 3.350410758360172281e+01
5.730000000000000000e+04 3.349956497569520764e+01
5.750000000000000000e+04 3.349395712295461180e+01
5.770000000000000000e+04 3.348879149967574875e+01
5.790000000000000000e+04 3.348855209271529532e+01
5.810000000000000000e+04 3.348121369813931381e+01
5.830000000000000000e+04 3.347740624720982794e+01
5.850000000000000000e+04 3.347256415257545825e+01
5.870000000000000000e+04 3.346397373256223773e+01
5.890000000000000000e+04 3.346119095522460896e+01
5.910000000000000000e+04 3.345618587315946968e+01
5.930000000000000000e+04 3.345399481357804916e+01
5.950000000000000000e+04 3.344628222079265356e+01
5.970000000000000000e+04 3.344552934844180214e+01
5.990000000000000000e+04 3.344099676069099303e+01
6.010000000000000000e+04 3.343619362029957642e+01
6.030000000000000000e+04 3.343105747583770437e+01
6.050000000000000000e+04 3.342331829237749474e+01
6.070000000000000000e+04 3.341954290560767049e+01
6.090000000000000000e+04 3.341389706087073819e+01
6.110000000000000000e+04 3.340844981840588446e+01
6.130000000000000000e+04 3.340599202417942593e+01
6.150000000000000000e+04 3.340251075297619821e+01
6.170000000000000000e+04 3.340046831453461351e+01
6.190000000000000000e+04 3.339403694209227780e+01
6.210000000000000000e+04 3.339146552431915183e+01
6.230000000000000000e+04 3.338417893707582351e+01
6.250000000000000000e+04 3.337696048241060254e+01
6.270000000000000000e+04 3.337250446780819857e+01
6.290000000000000000e+04 3.336864869143918355e+01
6.310000000000000000e+04 3.336371814110919587e+01
6.330000000000000000e+04 3.336192307144201408e+01
6.350000000000000000e+04 3.335549322644503434e+01
6.370000000000000000e+04 3.335396395835703487e+01
6.390000000000000000e+04 3.334674925269981571e+01
6.420000000000000000e+04 3.334036143802187269e+01
6.460000000000000000e+04 3.332954913184094181e+01
6.500000000000000000e+04 3.332068607614824884e+01
6.540000000000000000e+04 3.331085714958276611e+01
6.580000000000000000e+04 3.330265246750244046e+01
6.620000000000000000e+04 3.329239667519458123e+01
6.660000000000000000e+04 3.328318275413370486e+01
6.700000000000000000e+04 3.327424411396227555e+01
6.740000000000000000e+04 3.326400318554146196e+01
6.780000000000000000e+04 3.325477288652903951e+01
6.820000000000000000e+04 3.324513776369630591e+01
6.860000000000000000e+04 3.323674067655470310e+01
6.900000000000000000e+04 3.322660583175028393e+01
6.940000000000000000e+04 3.321753095445017578e+01
6.980000000000000000e+04 3.320822046305156050e+01
7.020000000000000000e+04 3.319857755261170951e+01
7.060000000000000000e+04 3.318981329398712887e+01
7.100000000000000000e+04 3.318036454130964330e+01
7.140000000000000000e+04 3.317150669163434884e+01
7.180000000000000000e+04 3.316198821491273208e+01
7.220000000000000000e+04 3.315307750424220501e+01
7.260000000000000000e+04 3.314372351704792408e+01
7.300000000000000000e+04 3.313475158919558794e+01
7.340000000000000000e+04 3.312535860865970960e+01
7.380000000000000000e+04 3.311658572142529522e+01
7.420000000000000000e+04 3.310659306629433019e+01
7.460000000000000000e+04 3.309744514226100875e+01
7.500000000000000000e+04 3.308855216609522643e+01
7.540000000000000000e+04 3.307974766734577088e+01
7.580000000000000000e+04 3.307172245202170302e+01
7.620000000000000000e+04 3.306299842921775678e+01
7.660000000000000000e+04 3.305412461258100620e+01
7.700000000000000000e+04 3.304511164890327279e+01
7.740000000000000000e+04 3.303653997867693448e+01
7.780000000000000000e+04 3.302795935867778354e+01
7.820000000000000000e+04 3.301907255964110988e+01
7.860000000000000000e+04 3.301063963779682808e+01
7.900000000000000000e+04 3.300199899603448728e+01
7.940000000000000000e+04 3.299342777593608389e+01
7.980000000000000000e+04 3.298519254479710128e+01
8.020000000000000000e+04 3.297614520286273887e+01
8.060000000000000000e+04 3.296778688899183862e+01
8.100000000000000000e+04 3.295959182565987078e+01
8.140000000000000000e+04 3.295098032939261401e+01
8.180000000000000000e+04 3.294315542995771295e+01
8.220000000000000000e+04 3.293477493536897782e+01
8.260000000000000000e+04 3.292653745828319245e+01
8.300000000000000000e+04 3.291837301903932200e+01
8.340000000000000000e+04 3.290981134676970044e+01
8.380000000000000000e+04 3.290160692673607201e+01
8.420000000000000000e+04 3.289383896359517934e+01
8.460000000000000000e+04 3.288564551952627824e+01
8.500000000000000000e+04 3.287759304485332734e+01
8.540000000000000000e+04 3.286976776590582006e+01
8.580000000000000000e+04 3.286188330277914105e+01
8.620000000000000000e+04 3.285409298421218693e+01
8.660000000000000000e+04 3.284641706484870127e+01
8.700000000000000000e+04 3.283838140671105776e+01
8.740000000000000000e+04 3.283068130534579154e+01
8.780000000000000000e+04 3.282292262559381868e+01
8.820000000000000000e+04 3.281481745991599297e+01
8.860000000000000000e+04 3.280716110774960725e+01
8.900000000000000000e+04 3.279959940216804171e+01
8.940000000000000000e+04 3.279188245073522978e+01
8.980000000000000000e+04 3.278416033274950081e+01
9.020000000000000000e+04 3.277706667129383789e+01
9.060000000000000000e+04 3.276960867311147041e+01
9.100000000000000000e+04 3.276115391621517858e+01
9.140000000000000000e+04 3.275446380667839463e+01
9.180000000000000000e+04 3.274692681927162852e+01
9.220000000000000000e+04 3.274011976624330345e+01
9.260000000000000000e+04 3.273240285188889231e+01
9.300000000000000000e+04 3.272516054207989811e+01
9.340000000000000000e+04 3.271781520710899116e+01
9.380000000000000000e+04 3.271057238760050723e+01
9.420000000000000000e+04 3.270335898324142931e+01
9.460000000000000000e+04 3.269601388162747924e+01
9.500000000000000000e+04 3.268890368098783483e+01
9.540000000000000000e+04 3.268170253522610125e+01
9.580000000000000000e+04 3.267459103932047526e+01
9.620000000000000000e+04 3.266746660827325854e+01
9.660000000000000000e+04 3.266051373833032301e+01
9.700000000000000000e+04 3.265353042323673094e+01
9.740000000000000000e+04 3.264587716552691177e+01
9.780000000000000000e+04 3.263942731289039045e+01
9.820000000000000000e+04 3.263246278056329430e+01
9.860000000000000000e+04 3.262557026702803142e+01
9.900000000000000000e+04 3.261878906691526936e+01
9.940000000000000000e+04 3.261176312697303104e+01
9.980000000000000000e+04 3.260499339872934144e+01
1.002000000000000000e+05 3.259814195270611492e+01
2.000000000000000000e+05 3.141225077269179877e+01
4.000000000000000000e+05 3.021215594019172102e+01
6.000000000000000000e+05 2.950642554392838690e+01
8.000000000000000000e+05 2.900454598046104593e+01
1.000000000000000000e+06 2.861456279055158092e+01
1.200000000000000000e+06 -inf
1.400000000000000000e+06 -inf
1.600000000000000000e+06 -inf
