3.212914014704734456e+01
3.222371076691469938e+01
3.227918717873551202e+01
3.292061467663873486e+01
3.215803492654804074e+01
3.161163016058405972e+01
3.100712229622052618e+01
3.082011364663606656e+01
3.058961680115304205e+01
3.038410492573703081e+01
3.007748432100921576e+01
2.961700613815543548e+01
2.914700508044964877e+01
2.897362014981337808e+01
2.880183771979480412e+01
2.866847173588129394e+01
2.852232058802703918e+01
2.839002731206674923e+01
2.833167051716008089e+01
2.839021320731740161e+01
2.835021484855263907e+01
2.821755556261948428e+01
2.818381677985122380e+01
2.813855223524701543e+01
2.798191721809222088e+01
2.782311224755806478e+01
2.784098882239323913e+01
2.779362064462017656e+01
2.767206102556333036e+01
2.774749828472427637e+01
2.759362965844997007e+01
2.749705687005810262e+01
2.771202043747759802e+01
2.758723368469129156e+01
2.746181880119103624e+01
2.762329931299018426e+01
2.755365037965017905e+01
2.754293998663037257e+01
2.738247253254942493e+01
2.743329335339528896e+01
2.728943742633660818e+01
2.741265502906555085e+01
2.739326899421105210e+01
2.753017390311343249e+01
2.741329552401496983e+01
2.741989822643351005e+01
2.732838860943257231e+01
2.735967977838673448e+01
2.793986733361370511e+01
2.790697778758318393e+01
5.000000000000000000e+00
5.000000000000000000e+00
5.000000000000000000e+00
5.000000000000000000e+00
5.000000000000000000e+00
5.000000000000000000e+00
5.000000000000000000e+00
5.000000000000000000e+00
5.000000000000000000e+00
5.000000000000000000e+00
5.000000000000000000e+00
5.000000000000000000e+00
5.000000000000000000e+00
5.000000000000000000e+00
5.000000000000000000e+00
5.000000000000000000e+00
5.000000000000000000e+00
2.687892269052859717e+01
2.680842269052859805e+01
2.675342269052859834e+01
2.665242269052859925e+01
2.655592269052859677e+01
2.650392269052859717e+01
2.647292269052859837e+01
2.650142269052859945e+01
2.642842269052859905e+01
2.787512514269582553e+01
2.638542269052859979e+01
2.645842269052860019e+01
2.655592269052859677e+01
2.691492269052859854e+01
5.000000000000000000e+00
5.000000000000000000e+00
5.000000000000000000e+00
5.000000000000000000e+00
5.000000000000000000e+00
5.000000000000000000e+00
5.000000000000000000e+00
5.000000000000000000e+00
5.000000000000000000e+00
5.000000000000000000e+00
2.658162956467856830e+01
2.654062956467856793e+01
2.650062956467856878e+01
2.642762956467856839e+01
2.636962956467856856e+01
2.628762956467856782e+01
2.621662956467856986e+01
2.615462956467856870e+01
2.613162956467856901e+01
2.612962956467856657e+01
2.618262956467857094e+01
2.623262956467856810e+01
2.617262956467856583e+01
2.614562956467856836e+01
2.618462956467856628e+01
2.622662956467856787e+01
2.626962956467856714e+01
2.633862956467856975e+01
2.635262956467856910e+01
2.644762956467856796e+01
5.000000000000000000e+00
5.000000000000000000e+00
5.000000000000000000e+00
5.000000000000000000e+00
5.000000000000000000e+00
5.000000000000000000e+00
5.000000000000000000e+00
5.000000000000000000e+00
5.000000000000000000e+00
5.000000000000000000e+00
5.000000000000000000e+00
5.000000000000000000e+00
5.000000000000000000e+00
5.000000000000000000e+00
5.000000000000000000e+00
5.000000000000000000e+00
5.000000000000000000e+00
5.000000000000000000e+00
5.000000000000000000e+00
5.000000000000000000e+00
5.000000000000000000e+00
5.000000000000000000e+00
5.000000000000000000e+00
5.000000000000000000e+00
5.000000000000000000e+00
5.000000000000000000e+00
5.000000000000000000e+00
5.000000000000000000e+00
5.000000000000000000e+00
5.000000000000000000e+00
5.000000000000000000e+00
5.000000000000000000e+00
5.000000000000000000e+00
5.000000000000000000e+00
5.000000000000000000e+00
5.000000000000000000e+00
5.000000000000000000e+00
5.000000000000000000e+00
5.000000000000000000e+00
5.000000000000000000e+00
5.000000000000000000e+00
5.000000000000000000e+00
5.000000000000000000e+00
5.000000000000000000e+00
5.000000000000000000e+00
5.000000000000000000e+00
2.635646137604515360e+01
2.627446137604515641e+01
2.622546137604515337e+01
2.617846137604515633e+01
2.611546137604515394e+01
2.602746137604515653e+01
2.595946137604515513e+01
2.588246137604515695e+01
2.577946137604515542e+01
2.573146137604515360e+01
2.569646137604515701e+01
2.566246137604515809e+01
2.564646137604515630e+01
2.564446137604515741e+01
2.566046137604515565e+01
2.569546137604515579e+01
2.575146137604515673e+01
2.579846137604515377e+01
2.581046137604515422e+01
2.581546137604515678e+01
2.582146137604515701e+01
2.583346137604515746e+01
2.583946137604515769e+01
2.585246137604515582e+01
2.585546137604515593e+01
2.586346137604515505e+01
2.586946137604515528e+01
2.587546137604515550e+01
2.588046137604515451e+01
2.588546137604515707e+01
2.589046137604515607e+01
2.588946137604515485e+01
2.588446137604515584e+01
2.586846137604515405e+01
2.586846137604515405e+01
2.586946137604515528e+01
2.585146137604515815e+01
2.584546137604515792e+01
2.607246137604515468e+01
5.000000000000000000e+00
5.000000000000000000e+00
5.000000000000000000e+00
5.000000000000000000e+00
5.000000000000000000e+00
5.000000000000000000e+00
5.000000000000000000e+00
5.000000000000000000e+00
5.000000000000000000e+00
5.000000000000000000e+00
5.000000000000000000e+00
5.000000000000000000e+00
5.000000000000000000e+00
5.000000000000000000e+00
5.000000000000000000e+00
5.000000000000000000e+00
5.000000000000000000e+00
5.000000000000000000e+00
5.000000000000000000e+00
5.000000000000000000e+00
5.000000000000000000e+00
5.000000000000000000e+00
5.000000000000000000e+00
5.000000000000000000e+00
5.000000000000000000e+00
5.000000000000000000e+00
5.000000000000000000e+00
5.000000000000000000e+00
5.000000000000000000e+00
5.000000000000000000e+00
5.000000000000000000e+00
5.000000000000000000e+00
5.000000000000000000e+00
5.000000000000000000e+00
5.000000000000000000e+00
5.000000000000000000e+00
5.000000000000000000e+00
5.000000000000000000e+00
5.000000000000000000e+00
5.000000000000000000e+00
5.000000000000000000e+00
5.000000000000000000e+00
5.000000000000000000e+00
5.000000000000000000e+00
5.000000000000000000e+00
5.000000000000000000e+00
5.000000000000000000e+00
5.000000000000000000e+00
5.000000000000000000e+00
5.000000000000000000e+00
5.000000000000000000e+00
5.000000000000000000e+00
5.000000000000000000e+00
5.000000000000000000e+00
5.000000000000000000e+00
5.000000000000000000e+00
5.000000000000000000e+00
5.000000000000000000e+00
5.000000000000000000e+00
5.000000000000000000e+00
5.000000000000000000e+00
5.000000000000000000e+00
5.000000000000000000e+00
5.000000000000000000e+00
5.000000000000000000e+00
5.000000000000000000e+00
5.000000000000000000e+00
5.000000000000000000e+00
5.000000000000000000e+00
5.000000000000000000e+00
5.000000000000000000e+00
5.000000000000000000e+00
5.000000000000000000e+00
5.000000000000000000e+00
5.000000000000000000e+00
5.000000000000000000e+00
5.000000000000000000e+00
5.000000000000000000e+00
5.000000000000000000e+00
5.000000000000000000e+00
5.000000000000000000e+00
5.000000000000000000e+00
5.000000000000000000e+00
5.000000000000000000e+00
5.000000000000000000e+00
5.000000000000000000e+00
5.000000000000000000e+00
5.000000000000000000e+00
5.000000000000000000e+00
5.000000000000000000e+00
5.000000000000000000e+00
5.000000000000000000e+00
5.000000000000000000e+00
5.000000000000000000e+00
5.000000000000000000e+00
5.000000000000000000e+00
5.000000000000000000e+00
5.000000000000000000e+00
5.000000000000000000e+00
5.000000000000000000e+00
5.000000000000000000e+00
5.000000000000000000e+00
5.000000000000000000e+00
5.000000000000000000e+00
5.000000000000000000e+00
5.000000000000000000e+00
5.000000000000000000e+00
5.000000000000000000e+00
5.000000000000000000e+00
5.000000000000000000e+00
5.000000000000000000e+00
5.000000000000000000e+00
5.000000000000000000e+00
5.000000000000000000e+00
5.000000000000000000e+00
5.000000000000000000e+00
5.000000000000000000e+00
5.000000000000000000e+00
5.000000000000000000e+00
5.000000000000000000e+00
5.000000000000000000e+00
5.000000000000000000e+00
5.000000000000000000e+00
5.000000000000000000e+00
5.000000000000000000e+00
5.000000000000000000e+00
5.000000000000000000e+00
5.000000000000000000e+00
5.000000000000000000e+00
5.000000000000000000e+00
5.000000000000000000e+00
5.000000000000000000e+00
5.000000000000000000e+00
5.000000000000000000e+00
5.000000000000000000e+00
2.475165987236675846e+01
2.525665987236676102e+01
2.568465987236675829e+01
2.590065987236675937e+01
2.576265987236676125e+01
2.566265987236675983e+01
2.554765987236676139e+01
2.547565987236676222e+01
2.532565987236676008e+01
2.525565987236675980e+01
2.512265987236676068e+01
2.505365987236675807e+01
2.497965987236676000e+01
2.494465987236675986e+01
2.491365987236676105e+01
2.488465987236676114e+01
2.488465987236676114e+01
2.486765987236675812e+01
2.486165987236675790e+01
2.486065987236676023e+01
2.486265987236676267e+01
2.486365987236676034e+01
2.486565987236676278e+01
2.486865987236676290e+01
2.487165987236676301e+01
2.487365987236675835e+01
2.487665987236675846e+01
2.487965987236675858e+01
2.488265987236675869e+01
2.488565987236675880e+01
2.488765987236676125e+01
2.489065987236676136e+01
2.489265987236676025e+01
2.489565987236676037e+01
2.489865987236676048e+01
2.490065987236675937e+01
2.490365987236675949e+01
2.490665987236675960e+01
2.490965987236675971e+01
2.491265987236675983e+01
2.491565987236675994e+01
2.491865987236676006e+01
2.492065987236676250e+01
2.492365987236676261e+01
2.492665987236676273e+01
2.493265987236676295e+01
2.493265987236676295e+01
2.493465987236675829e+01
2.493765987236675841e+01
2.494065987236675852e+01
2.494365987236675863e+01
2.494765987236675997e+01
2.495065987236676008e+01
2.495265987236675898e+01
2.495465987236676142e+01
2.495965987236676042e+01
2.495965987236676042e+01
2.496665987236676187e+01
2.496765987236675954e+01
2.497065987236675966e+01
2.497065987236675966e+01
2.497065987236675966e+01
2.497065987236675966e+01
2.498965987236675801e+01
2.498965987236675801e+01
2.498965987236675801e+01
2.499165987236676045e+01
2.499165987236676045e+01
2.500065987236676079e+01
2.500065987236676079e+01
2.500065987236676079e+01
2.500065987236676079e+01
2.501565987236676136e+01
2.501565987236676136e+01
2.501565987236676136e+01
2.501565987236676136e+01
2.502165987236676159e+01
2.502165987236676159e+01
2.502665987236676060e+01
2.502665987236676060e+01
2.502665987236676060e+01
2.503865987236676105e+01
2.503865987236676105e+01
2.503865987236676105e+01
2.504265987236676239e+01
2.504765987236676139e+01
2.504765987236676139e+01
2.504765987236676139e+01
2.505765987236676295e+01
2.505765987236676295e+01
2.505765987236676295e+01
2.506165987236676074e+01
2.506165987236676074e+01
2.506765987236676096e+01
2.506765987236676096e+01
2.506765987236676096e+01
2.507565987236676008e+01
2.507565987236676008e+01
2.507565987236676008e+01
2.507965987236676142e+01
2.507965987236676142e+01
2.507965987236676142e+01
2.508765987236676054e+01
2.508765987236676054e+01
2.508865987236676176e+01
2.509265987236675954e+01
2.509265987236675954e+01
2.509265987236675954e+01
2.509265987236675954e+01
2.509265987236675954e+01
2.511065987236676023e+01
2.511065987236676023e+01
2.511065987236676023e+01
2.511065987236676023e+01
2.511065987236676023e+01
2.511965987236676057e+01
2.511965987236676057e+01
2.513265987236675869e+01
2.516165987236676216e+01
2.516165987236676216e+01
2.538565987236675880e+01
5.000000000000000000e+00
5.000000000000000000e+00
5.000000000000000000e+00
5.000000000000000000e+00
5.000000000000000000e+00
5.000000000000000000e+00
5.000000000000000000e+00
5.000000000000000000e+00
5.000000000000000000e+00
5.000000000000000000e+00
5.000000000000000000e+00
5.000000000000000000e+00
5.000000000000000000e+00
5.000000000000000000e+00
5.000000000000000000e+00
5.000000000000000000e+00
5.000000000000000000e+00
5.000000000000000000e+00
5.000000000000000000e+00
5.000000000000000000e+00
5.000000000000000000e+00
5.000000000000000000e+00
5.000000000000000000e+00
5.000000000000000000e+00
5.000000000000000000e+00
5.000000000000000000e+00
5.000000000000000000e+00
5.000000000000000000e+00
5.000000000000000000e+00
5.000000000000000000e+00
5.000000000000000000e+00
5.000000000000000000e+00
5.000000000000000000e+00
5.000000000000000000e+00
5.000000000000000000e+00
5.000000000000000000e+00
5.000000000000000000e+00
5.000000000000000000e+00
5.000000000000000000e+00
5.000000000000000000e+00
5.000000000000000000e+00
5.000000000000000000e+00
5.000000000000000000e+00
5.000000000000000000e+00
5.000000000000000000e+00
5.000000000000000000e+00
5.000000000000000000e+00
5.000000000000000000e+00
5.000000000000000000e+00
5.000000000000000000e+00
5.000000000000000000e+00
5.000000000000000000e+00
5.000000000000000000e+00
5.000000000000000000e+00
5.000000000000000000e+00
5.000000000000000000e+00
5.000000000000000000e+00
5.000000000000000000e+00
5.000000000000000000e+00
5.000000000000000000e+00
5.000000000000000000e+00
5.000000000000000000e+00
5.000000000000000000e+00
5.000000000000000000e+00
5.000000000000000000e+00
5.000000000000000000e+00
5.000000000000000000e+00
5.000000000000000000e+00
5.000000000000000000e+00
5.000000000000000000e+00
5.000000000000000000e+00
5.000000000000000000e+00
5.000000000000000000e+00
5.000000000000000000e+00
5.000000000000000000e+00
5.000000000000000000e+00
5.000000000000000000e+00
5.000000000000000000e+00
5.000000000000000000e+00
5.000000000000000000e+00
5.000000000000000000e+00
5.000000000000000000e+00
5.000000000000000000e+00
5.000000000000000000e+00
5.000000000000000000e+00
5.000000000000000000e+00
5.000000000000000000e+00
5.000000000000000000e+00
5.000000000000000000e+00
5.000000000000000000e+00
5.000000000000000000e+00
5.000000000000000000e+00
5.000000000000000000e+00
5.000000000000000000e+00
5.000000000000000000e+00
5.000000000000000000e+00
5.000000000000000000e+00
5.000000000000000000e+00
5.000000000000000000e+00
5.000000000000000000e+00
5.000000000000000000e+00
5.000000000000000000e+00
5.000000000000000000e+00
5.000000000000000000e+00
5.000000000000000000e+00
5.000000000000000000e+00
2.442893079140163337e+01
2.461093079140163553e+01
2.487393079140163366e+01
2.503793079140163513e+01
2.519493079140163161e+01
2.535093079140163397e+01
2.558493079140163218e+01
2.566293079140163513e+01
2.571793079140163485e+01
2.520393079140163195e+01
2.514093079140163312e+01
2.502793079140163357e+01
2.493893079140163138e+01
2.480593079140163582e+01
2.475193079140163377e+01
2.466293079140163513e+01
2.462893079140163621e+01
2.455893079140163593e+01
2.453793079140163513e+01
2.449893079140163366e+01
2.448193079140163420e+01
2.445693079140163206e+01
2.445693079140163206e+01
2.445093079140163184e+01
2.445093079140163184e+01
2.445093079140163184e+01
2.445093079140163184e+01
2.445093079140163184e+01
2.445093079140163184e+01
2.445093079140163184e+01
2.445093079140163184e+01
2.445093079140163184e+01
2.447893079140163408e+01
2.447893079140163408e+01
2.447893079140163408e+01
2.447893079140163408e+01
2.447893079140163408e+01
2.447893079140163408e+01
2.447893079140163408e+01
2.447893079140163408e+01
2.447893079140163408e+01
2.447893079140163408e+01
2.447893079140163408e+01
2.448593079140163553e+01
2.448593079140163553e+01
2.448593079140163553e+01
2.448593079140163553e+01
2.448593079140163553e+01
2.448593079140163553e+01
2.448593079140163553e+01
2.449393079140163465e+01
2.449393079140163465e+01
2.449393079140163465e+01
2.449393079140163465e+01
2.449393079140163465e+01
2.449393079140163465e+01
2.449393079140163465e+01
2.449393079140163465e+01
2.450193079140163377e+01
2.450193079140163377e+01
2.450193079140163377e+01
2.450193079140163377e+01
2.450193079140163377e+01
2.450193079140163377e+01
2.450193079140163377e+01
2.451093079140163411e+01
2.451093079140163411e+01
2.451093079140163411e+01
2.451093079140163411e+01
2.451093079140163411e+01
2.451093079140163411e+01
2.451093079140163411e+01
2.451893079140163323e+01
2.451893079140163323e+01
2.451893079140163323e+01
2.451893079140163323e+01
2.451893079140163323e+01
2.451893079140163323e+01
2.451893079140163323e+01
2.452893079140163479e+01
2.452893079140163479e+01
2.452893079140163479e+01
2.452893079140163479e+01
2.452893079140163479e+01
2.452893079140163479e+01
2.452893079140163479e+01
2.452893079140163479e+01
2.452893079140163479e+01
2.452893079140163479e+01
2.452893079140163479e+01
2.452893079140163479e+01
2.455093079140163326e+01
2.455093079140163326e+01
2.455093079140163326e+01
2.455093079140163326e+01
2.455093079140163326e+01
2.455093079140163326e+01
2.455093079140163326e+01
2.455093079140163326e+01
2.455093079140163326e+01
2.455093079140163326e+01
2.455093079140163326e+01
2.455093079140163326e+01
2.456093079140163482e+01
2.456093079140163482e+01
2.456093079140163482e+01
2.456093079140163482e+01
2.456093079140163482e+01
2.456093079140163482e+01
2.456093079140163482e+01
2.456093079140163482e+01
2.456093079140163482e+01
2.456093079140163482e+01
2.457893079140163195e+01
2.457893079140163195e+01
2.457893079140163195e+01
2.457893079140163195e+01
2.457893079140163195e+01
2.457893079140163195e+01
2.457893079140163195e+01
2.457893079140163195e+01
2.457893079140163195e+01
2.457893079140163195e+01
2.457893079140163195e+01
2.457893079140163195e+01
2.457893079140163195e+01
2.457893079140163195e+01
2.457893079140163195e+01
2.460593079140163297e+01
2.460593079140163297e+01
2.460593079140163297e+01
2.460593079140163297e+01
2.460593079140163297e+01
2.460593079140163297e+01
2.460593079140163297e+01
2.460593079140163297e+01
2.460593079140163297e+01
2.460593079140163297e+01
2.460593079140163297e+01
2.460593079140163297e+01
2.460593079140163297e+01
2.461693079140163576e+01
2.461693079140163576e+01
2.461693079140163576e+01
2.461693079140163576e+01
2.461693079140163576e+01
2.461693079140163576e+01
2.461693079140163576e+01
2.461693079140163576e+01
2.461693079140163576e+01
2.461693079140163576e+01
2.463993079140163189e+01
2.463993079140163189e+01
2.463993079140163189e+01
2.463993079140163189e+01
2.463993079140163189e+01
2.463993079140163189e+01
2.463993079140163189e+01
2.463993079140163189e+01
2.463993079140163189e+01
2.463993079140163189e+01
2.463993079140163189e+01
2.465493079140163246e+01
2.465493079140163246e+01
2.465493079140163246e+01
2.465493079140163246e+01
2.465493079140163246e+01
2.465493079140163246e+01
2.465493079140163246e+01
2.465493079140163246e+01
2.465493079140163246e+01
2.465493079140163246e+01
2.467093079140163425e+01
2.467093079140163425e+01
2.467093079140163425e+01
2.467093079140163425e+01
2.467093079140163425e+01
2.467093079140163425e+01
2.467093079140163425e+01
2.467093079140163425e+01
2.467093079140163425e+01
2.467093079140163425e+01
2.468893079140163138e+01
2.468893079140163138e+01
2.468893079140163138e+01
2.468893079140163138e+01
2.468893079140163138e+01
2.468893079140163138e+01
2.468893079140163138e+01
2.468893079140163138e+01
2.468893079140163138e+01
2.468893079140163138e+01
2.471093079140163340e+01
2.471093079140163340e+01
2.471093079140163340e+01
2.471093079140163340e+01
2.471093079140163340e+01
2.471093079140163340e+01
2.471093079140163340e+01
2.471093079140163340e+01
2.471093079140163340e+01
2.471093079140163340e+01
2.471093079140163340e+01
2.474293079140163343e+01
2.474293079140163343e+01
2.474293079140163343e+01
2.474293079140163343e+01
2.474293079140163343e+01
2.474293079140163343e+01
2.474293079140163343e+01
2.474293079140163343e+01
2.474293079140163343e+01
2.474293079140163343e+01
2.474293079140163343e+01
2.474293079140163343e+01
2.474293079140163343e+01
2.479793079140163314e+01
2.479793079140163314e+01
2.479793079140163314e+01
2.479793079140163314e+01
2.479793079140163314e+01
2.479793079140163314e+01
2.479793079140163314e+01
2.479793079140163314e+01
2.479793079140163314e+01
2.479793079140163314e+01
2.479793079140163314e+01
2.479793079140163314e+01
2.479793079140163314e+01
2.479793079140163314e+01
2.479793079140163314e+01
2.479793079140163314e+01
2.479793079140163314e+01
2.479793079140163314e+01
2.518493079140163360e+01
2.518493079140163360e+01
2.518493079140163360e+01
2.518493079140163360e+01
2.518493079140163360e+01
2.518493079140163360e+01
2.518493079140163360e+01
2.518493079140163360e+01
2.518493079140163360e+01
2.518493079140163360e+01
2.518493079140163360e+01
5.000000000000000000e+00
5.000000000000000000e+00
5.000000000000000000e+00
5.000000000000000000e+00
5.000000000000000000e+00
5.000000000000000000e+00
5.000000000000000000e+00
5.000000000000000000e+00
5.000000000000000000e+00
5.000000000000000000e+00
5.000000000000000000e+00
5.000000000000000000e+00
5.000000000000000000e+00
5.000000000000000000e+00
5.000000000000000000e+00
5.000000000000000000e+00
5.000000000000000000e+00
5.000000000000000000e+00
5.000000000000000000e+00
5.000000000000000000e+00
5.000000000000000000e+00
5.000000000000000000e+00
5.000000000000000000e+00
5.000000000000000000e+00
5.000000000000000000e+00
5.000000000000000000e+00
5.000000000000000000e+00
5.000000000000000000e+00
5.000000000000000000e+00
5.000000000000000000e+00
5.000000000000000000e+00
5.000000000000000000e+00
5.000000000000000000e+00
5.000000000000000000e+00
5.000000000000000000e+00
5.000000000000000000e+00
5.000000000000000000e+00
5.000000000000000000e+00
5.000000000000000000e+00
5.000000000000000000e+00
5.000000000000000000e+00
5.000000000000000000e+00
5.000000000000000000e+00
5.000000000000000000e+00
5.000000000000000000e+00
5.000000000000000000e+00
5.000000000000000000e+00
5.000000000000000000e+00
5.000000000000000000e+00
5.000000000000000000e+00
5.000000000000000000e+00
5.000000000000000000e+00
5.000000000000000000e+00
5.000000000000000000e+00
5.000000000000000000e+00
5.000000000000000000e+00
5.000000000000000000e+00
5.000000000000000000e+00
5.000000000000000000e+00
5.000000000000000000e+00
5.000000000000000000e+00
5.000000000000000000e+00
5.000000000000000000e+00
5.000000000000000000e+00
5.000000000000000000e+00
5.000000000000000000e+00
5.000000000000000000e+00
5.000000000000000000e+00
5.000000000000000000e+00
5.000000000000000000e+00
5.000000000000000000e+00
5.000000000000000000e+00
5.000000000000000000e+00
5.000000000000000000e+00
5.000000000000000000e+00
5.000000000000000000e+00
5.000000000000000000e+00
5.000000000000000000e+00
5.000000000000000000e+00
5.000000000000000000e+00
5.000000000000000000e+00
5.000000000000000000e+00
5.000000000000000000e+00
5.000000000000000000e+00
5.000000000000000000e+00
5.000000000000000000e+00
5.000000000000000000e+00
5.000000000000000000e+00
5.000000000000000000e+00
5.000000000000000000e+00
5.000000000000000000e+00
5.000000000000000000e+00
5.000000000000000000e+00
5.000000000000000000e+00
5.000000000000000000e+00
5.000000000000000000e+00
5.000000000000000000e+00
5.000000000000000000e+00
5.000000000000000000e+00
5.000000000000000000e+00
5.000000000000000000e+00
5.000000000000000000e+00
5.000000000000000000e+00
5.000000000000000000e+00
5.000000000000000000e+00
5.000000000000000000e+00
5.000000000000000000e+00
5.000000000000000000e+00
5.000000000000000000e+00
5.000000000000000000e+00
5.000000000000000000e+00
5.000000000000000000e+00
5.000000000000000000e+00
5.000000000000000000e+00
5.000000000000000000e+00
5.000000000000000000e+00
5.000000000000000000e+00
5.000000000000000000e+00
5.000000000000000000e+00
5.000000000000000000e+00
5.000000000000000000e+00
5.000000000000000000e+00
5.000000000000000000e+00
5.000000000000000000e+00
5.000000000000000000e+00
5.000000000000000000e+00
5.000000000000000000e+00
5.000000000000000000e+00
5.000000000000000000e+00
5.000000000000000000e+00
5.000000000000000000e+00
5.000000000000000000e+00
5.000000000000000000e+00
5.000000000000000000e+00
5.000000000000000000e+00
5.000000000000000000e+00
5.000000000000000000e+00
5.000000000000000000e+00
5.000000000000000000e+00
5.000000000000000000e+00
5.000000000000000000e+00
5.000000000000000000e+00
5.000000000000000000e+00
5.000000000000000000e+00
5.000000000000000000e+00
5.000000000000000000e+00
5.000000000000000000e+00
5.000000000000000000e+00
5.000000000000000000e+00
5.000000000000000000e+00
5.000000000000000000e+00
5.000000000000000000e+00
5.000000000000000000e+00
5.000000000000000000e+00
5.000000000000000000e+00
5.000000000000000000e+00
5.000000000000000000e+00
5.000000000000000000e+00
5.000000000000000000e+00
5.000000000000000000e+00
5.000000000000000000e+00
5.000000000000000000e+00
5.000000000000000000e+00
5.000000000000000000e+00
5.000000000000000000e+00
5.000000000000000000e+00
5.000000000000000000e+00
5.000000000000000000e+00
5.000000000000000000e+00
5.000000000000000000e+00
5.000000000000000000e+00
5.000000000000000000e+00
5.000000000000000000e+00
5.000000000000000000e+00
5.000000000000000000e+00
5.000000000000000000e+00
5.000000000000000000e+00
5.000000000000000000e+00
5.000000000000000000e+00
5.000000000000000000e+00
5.000000000000000000e+00
5.000000000000000000e+00
5.000000000000000000e+00
5.000000000000000000e+00
5.000000000000000000e+00
5.000000000000000000e+00
5.000000000000000000e+00
5.000000000000000000e+00
5.000000000000000000e+00
5.000000000000000000e+00
5.000000000000000000e+00
5.000000000000000000e+00
5.000000000000000000e+00
5.000000000000000000e+00
5.000000000000000000e+00
5.000000000000000000e+00
5.000000000000000000e+00
