-2.293190997939494213e+00
-2.293352413709760729e+00
-2.294127633870659544e+00
-2.311599487093801919e+00
-2.118314093735548020e+00
-2.288200896871399603e+00
-2.363765016303457145e+00
-2.421903881562196936e+00
-2.440544513086801537e+00
-2.568072047691716264e+00
-2.512017788032624654e+00
-2.421527387597028458e+00
-2.487392000108961110e+00
-2.545624528810168208e+00
-2.471157176578754999e+00
-2.368719067218237662e+00
-2.393625375970573010e+00
-2.550220465937667935e+00
-2.561761118501750811e+00
-2.546871772939111711e+00
-2.506681130027856419e+00
-2.504616584911194987e+00
-2.516473517996848486e+00
-2.451478538928460349e+00
-2.418363737493506971e+00
-2.391907289451502994e+00
-2.335551325047143578e+00
-2.348938712811056817e+00
-2.401519284120815723e+00
-2.490817263884003374e+00
-2.441794612962305600e+00
-2.441161139493587928e+00
-2.405138008611962697e+00
-2.371724076638509704e+00
-2.366925774982595598e+00
-2.342374731818183786e+00
-2.328699726887778265e+00
-2.248693073491996763e+00
-2.235278859651140593e+00
-2.191790526079211876e+00
-2.188886936169807118e+00
-1.950935433088743842e+00
-1.987886345600084370e+00
-1.577655993009871693e+00
-1.749058700167873237e+00
-1.780057790478457802e+00
-1.862553691652234944e+00
-2.530069103094231941e+00
-2.531133623392154863e+00
-2.479228782871928605e+00
-2.480205130447914907e+00
-2.480787879755249392e+00
-2.481488099283798654e+00
-2.482031348324779341e+00
-2.449785168475810959e+00
-2.375533199387697803e+00
-2.376179049509992147e+00
-2.376833535911681672e+00
-2.377644407274244642e+00
-2.379018193877826093e+00
-2.323156525808635742e+00
-2.323631735992655045e+00
-2.324347689803620831e+00
-2.325286315483556354e+00
-2.069354205298337135e+00
-1.189934982148161735e+00
-1.310650967069650452e+00
-1.449287192352593623e+00
-1.397764654024435282e+00
-1.297715782256929185e+00
-2.252810325221571652e+00
-2.253437017863022973e+00
-2.253843996288070972e+00
-2.254222734932993966e+00
-2.255031210583856360e+00
-2.134310875247518613e+00
-2.134725353401682124e+00
-2.135450641774800484e+00
-2.225746038167379925e+00
-8.713103759342432086e-01
-2.078341404138952520e+00
-2.079122181450370199e+00
-2.079122200447708568e+00
-2.079887050591231024e+00
-2.080318220507000770e+00
-2.020392591433346929e+00
-1.289379736548287525e+00
-4.375802932060006700e-01
-5.709160975829258300e-01
-6.660552973248744513e-01
-8.445681044734130172e-01
-8.239409445805125909e-01
-5.767955015229244697e-01
-2.046993016711059266e+00
-2.047434848904513771e+00
-2.048130192677929173e+00
-2.048527744597012479e+00
-2.049175590031743432e+00
-2.049818222290724634e+00
-2.050440058474911176e+00
-2.050698721766826438e+00
-2.051081194718972878e+00
-2.051674465379734524e+00
-2.052059080221986687e+00
-1.943026629265242944e+00
-1.943424214823272989e+00
-1.943805607112439882e+00
-1.944113979428324646e+00
-1.944370345596029503e+00
-1.944728716376958877e+00
-1.945096660330621230e+00
-1.945745795871610229e+00
-1.946027512538688331e+00
-1.946211346733701886e+00
-1.946829967885761237e+00
-1.947038239929841819e+00
-1.947276162216694750e+00
-1.947922134013377438e+00
-1.948186128771568493e+00
-1.948819697355482994e+00
-1.828304241090260351e+00
-1.828514699759423934e+00
-1.828795695726884496e+00
-1.829100386903607101e+00
-1.829434156020976809e+00
-1.953371149721593314e+00
-1.833853053287931578e+00
-1.480682241245261155e+00
-1.744876081050046324e+00
-1.744876573964234012e+00
-1.744876036781393580e+00
-1.745774306804584564e+00
-1.745773929269239133e+00
-1.745503810543755918e+00
-1.746356124391562625e+00
-1.746313034312069634e+00
-1.746313427184640998e+00
-1.747251829722225924e+00
-1.747250987195742677e+00
-1.746780493271367751e+00
-1.747189964163278875e+00
-1.732759704173512771e+00
-1.576198535855530380e+00
-1.389268418338778011e+00
-8.607852009881301614e-01
-3.743983409354041392e-01
1.875375564715275889e-01
6.827206717923645085e-01
7.227882340384255144e-01
8.345562192527948842e-01
8.688666710648957903e-01
8.757346984579454929e-01
7.649277058011925146e-01
3.658023343204264144e-01
-1.760281020025439291e+00
-1.763457515789607966e+00
-1.763457515789607966e+00
-1.764179608119513354e+00
-1.764091121143549712e+00
-1.764091121143549712e+00
-1.764879250927785304e+00
-1.764879250927785304e+00
-1.765610837288028145e+00
-1.765610837288028145e+00
-1.720147855870039821e+00
-1.721139365958044953e+00
-1.721139365958044953e+00
-1.722109606627514999e+00
-1.722109606627514999e+00
-1.722109606627514999e+00
-1.590468755309574878e+00
-1.590260103644194345e+00
-1.590972841684514361e+00
-1.590972841684514361e+00
-1.590972841684514361e+00
-1.591235925013552155e+00
-1.591115559080202413e+00
-1.591738905548581107e+00
-1.591738905548581107e+00
-1.592388878664729335e+00
-1.592387133649552755e+00
-1.592859065257143047e+00
-1.592859065257143047e+00
-1.592859065257143047e+00
-1.561943600027508650e+00
-1.561884687621584389e+00
-1.562340988495984906e+00
-1.562340988495984906e+00
-1.562764517073096604e+00
-1.562764517073096604e+00
-1.563314263459697262e+00
-1.563219007401940974e+00
-1.563760256598765164e+00
-1.563760256598765164e+00
-1.564261400775273536e+00
-1.564261400775273536e+00
-1.564491167714656017e+00
-1.564302000467035603e+00
-1.564786390374848457e+00
-1.564786390374848457e+00
-1.565173910402664292e+00
-1.565592994569990015e+00
-1.565592994569990015e+00
-1.566065640170809958e+00
-1.566065640170809958e+00
-1.566524840631834836e+00
-1.566429443302488567e+00
-1.566928232271551424e+00
-1.567374017325779301e+00
-1.567374017325779301e+00
-1.567818199613147501e+00
-1.567720216661919741e+00
-1.568079718219017815e+00
-1.568518181319127791e+00
-1.568518181319127791e+00
-1.568833792134508798e+00
-1.423684664336796857e+00
-1.423685282504770777e+00
-1.423868072624201231e+00
-1.424061125297105157e+00
-1.424156809347529196e+00
-1.424312893621554110e+00
-1.424489912983806672e+00
-1.424294166179618903e+00
-1.424476206792555821e+00
-1.424790171687887019e+00
-1.424972593198353676e+00
-1.424972593198353676e+00
-1.425138576935626844e+00
-1.425463473897923938e+00
-1.425640449085495920e+00
-1.425814704249944720e+00
-1.425814704249944720e+00
-1.426147505005708638e+00
-1.426321010986344451e+00
-1.426511704976284323e+00
-1.426515997423561943e+00
-1.426732996346716131e+00
-1.427098775944987352e+00
-1.427413949620358835e+00
-1.427722887827171050e+00
-1.428285151395201513e+00
-1.580677928257224751e+00
-1.433401993698159238e+00
-1.434294657681808083e+00
-1.346700627784878534e+00
-1.200783209471786073e+00
-8.134346281436026782e-01
-9.395929374104851073e-01
-1.326340154867465815e+00
-1.327260820368363348e+00
-1.327241252231700308e+00
-1.327238154671587012e+00
-1.327238154671587012e+00
-1.328216045995971317e+00
-1.327516181960709973e+00
-1.327688160607385814e+00
-1.327687450567331062e+00
-1.328645206860781469e+00
-1.328641416267016595e+00
-1.328628640994239385e+00
-1.328628640994239385e+00
-1.329501861363319160e+00
-1.329501524144166336e+00
-1.329444337598096437e+00
-1.330397156379709678e+00
-1.330398435897071296e+00
-1.330585984079308171e+00
-1.330586752479456791e+00
-1.331475317556730653e+00
-1.331475425188016759e+00
-1.331474079179286951e+00
-1.331475102289174650e+00
-1.332335137980939610e+00
-1.331236639735217331e+00
-1.331236639735217331e+00
-1.332111510798200227e+00
-1.332272183303432778e+00
-1.332267013271513756e+00
-1.332264450812248535e+00
-1.333135203785560607e+00
-1.332770695095027769e+00
-1.332756853513321404e+00
-1.333547082456769672e+00
-1.333527907490093645e+00
-1.333521712074300369e+00
-1.332064174944086243e+00
-1.332848400856524229e+00
-1.332973523418954809e+00
-1.321847441191125183e+00
-1.206716671761564275e+00
-1.206405896116898413e+00
-1.205345169268809080e+00
-1.140879991804535587e+00
-1.140543817803145954e+00
-1.139614418481879277e+00
-1.042061516588619563e+00
-1.039370754844729960e+00
-1.037785492070266713e+00
-1.037116212577497087e+00
-8.507431975355023157e-01
-1.032748844387692433e+00
-1.032748844387692433e+00
-1.034046932751544023e+00
-1.034046932751544023e+00
-8.268001960304172115e-01
-8.267509742238244863e-01
-8.277984802626097149e-01
-1.024574254752203650e+00
-1.133824723766188258e+00
-1.212529300894512829e+00
-1.213163622430099009e+00
-1.214636525577651005e+00
-1.214657060602396976e+00
-1.215839790215558880e+00
-1.215838731375469717e+00
-1.215838731375469717e+00
-1.216859905600378156e+00
-1.216859905600378156e+00
-1.216859905600378156e+00
-1.217402084673074203e+00
-1.217402084673074203e+00
-1.217922599738027856e+00
-1.217727270406969264e+00
-1.217255551203479058e+00
-1.217806253962834040e+00
-1.218165725405394584e+00
-1.218165725405394584e+00
-1.114564858091031674e+00
-1.114128263046763490e+00
-1.114482346266794988e+00
-1.114482346266794988e+00
-1.114482346266794988e+00
-1.114854790045476829e+00
-1.114854790045476829e+00
-1.115772925154328243e+00
-1.115772925154328243e+00
-1.115772925154328243e+00
-1.116103935735767383e+00
-1.116103935735767383e+00
-1.116465229770280176e+00
-1.116465229770280176e+00
-1.116787381011632885e+00
-1.116787381011632885e+00
-1.117687143486583823e+00
-1.117687143486583823e+00
-1.117687143486583823e+00
-1.117517564782471329e+00
-1.117064229100015016e+00
-1.117377956279465012e+00
-1.117377956279465012e+00
-1.117711258423751408e+00
-1.117711258423751408e+00
-1.118593350485008742e+00
-1.118593350485008742e+00
-1.287865294731812105e+00
-1.287676890485775383e+00
-1.288258096690063192e+00
-1.288258096690063192e+00
-1.288796021523220814e+00
-1.288796021523220814e+00
-1.289605742129014354e+00
-1.289605742129014354e+00
-1.290212399411819311e+00
-1.290812209187622628e+00
-1.290292873464083279e+00
-1.290993400409270020e+00
-1.290993400409270020e+00
-1.291674195796381763e+00
-1.292071655565104171e+00
-1.292655729350016269e+00
-1.293290128362738489e+00
-1.293560851081134055e+00
-1.294490450022740768e+00
-1.295179932627851471e+00
-1.124430612938925655e+00
-1.125717495571639359e+00
-1.237514591635408667e+00
-1.134457628556155395e+00
-1.135827134442616737e+00
-1.316768244631853158e+00
-1.317970528468148661e+00
-1.318789262436848242e+00
-9.291283547792541508e-01
-9.291816875874545634e-01
-6.363330598862011467e-01
3.263346270460780740e-01
1.353878500310027544e+00
-7.585371235829587722e-01
-9.069353032781916069e-01
-9.072365032181919364e-01
-9.072250922778919424e-01
-9.072563009487779606e-01
-9.072575542831876616e-01
-9.072248517248469035e-01
-9.101461120119427317e-01
-9.087585119230870978e-01
-9.087602472265867704e-01
-9.087581029045999070e-01
-9.076287178633906105e-01
-9.076299500814681842e-01
-9.076294488079942324e-01
-9.075929284073258607e-01
-9.107513221789225177e-01
-9.107517527403867774e-01
-9.107536268688248837e-01
-9.107522741770563979e-01
-9.107522741770563979e-01
-9.107535073496925149e-01
-9.106640687127991463e-01
-9.134360904652848445e-01
-9.134360904652848445e-01
-9.134369498600680704e-01
-9.134385435163502320e-01
-9.134403033210245493e-01
-9.134403033210245493e-01
-9.123802495712611815e-01
-9.123804259331593780e-01
-9.151327087961371731e-01
-9.137231816372615167e-01
-9.131487503556462437e-01
-9.131479267355530061e-01
-9.131446723417919742e-01
-9.131421694914232390e-01
-9.131402987296525220e-01
-9.131358885677689496e-01
-9.155957564950186756e-01
-9.154248517664029805e-01
-9.153931563582923259e-01
-9.153715271680966659e-01
-9.139710595948624672e-01
-9.138975571307105250e-01
-9.127869272563021719e-01
-9.156518452655885154e-01
-9.156518452655885154e-01
-9.154825556171646284e-01
-9.154825556171646284e-01
-9.154825556171646284e-01
-9.154825556171646284e-01
-9.154687855584531242e-01
-9.182191397189067850e-01
-9.182034988773382089e-01
-9.170069500644056903e-01
-9.169924151837067772e-01
-9.169761851370690220e-01
-9.169555510768414575e-01
-9.169332589688456991e-01
-9.196018356622354117e-01
-9.131968935334150439e-01
-9.131510249784404731e-01
-9.130210735869179750e-01
-9.129630284233503090e-01
-9.123785371388677401e-01
-9.122780858680652472e-01
-9.147820624875505624e-01
-9.147392508613267914e-01
-9.146546452980557351e-01
-9.146548466680776146e-01
-9.144115369036939223e-01
-9.144115369036939223e-01
-9.144115369036939223e-01
-9.171303834108350816e-01
-9.168747252952532678e-01
-9.168747252952532678e-01
-9.158286036719585077e-01
-9.144601637146752005e-01
-9.141687209053119822e-01
-9.141687209053119822e-01
-9.169149220806120937e-01
-9.166778141311109351e-01
-9.166778141311109351e-01
-9.165756216822077418e-01
-9.165756216822077418e-01
-9.228174387996176398e-01
-9.228174387996176398e-01
-3.967641421137226843e-01
-3.967641421137226843e-01
-3.967626286240555356e-01
-3.967626286240555356e-01
-3.966880281777311335e-01
-3.962758264994292734e-01
-3.983560065356561708e-01
-3.983560065356561708e-01
-3.983136134694333919e-01
-3.976968476533282448e-01
-3.976363027729441502e-01
-3.976363027729441502e-01
-3.976363027729441502e-01
-3.982716126159906445e-01
-3.982716126159906445e-01
-3.982593246760597339e-01
-3.982593246760597339e-01
-4.006485956186269792e-01
-4.006485956186269792e-01
-4.028417302802646538e-01
-4.024768889025391871e-01
-4.024768889025391871e-01
-4.024386279193442606e-01
-4.024386279193442606e-01
-4.024386279193442606e-01
-4.045223717435291189e-01
-4.045223717435291189e-01
-4.052138723527176634e-01
-4.052138723527176634e-01
-4.052138723527176634e-01
-4.050485236519989485e-01
-4.069670746141540452e-01
-4.069670746141540452e-01
-4.071494766927390430e-01
-4.068166387657690120e-01
-4.055656826297537876e-01
-4.055656826297537876e-01
-4.073852136038952909e-01
-4.073852136038952909e-01
-4.067981260683479761e-01
-4.067981260683479761e-01
-4.067981260683479761e-01
-4.067981260683479761e-01
-4.086695285549706291e-01
-4.086695285549706291e-01
-4.086695285549706291e-01
-4.086570867820309427e-01
-4.086570867820309427e-01
-4.086570867820309427e-01
-4.103151616444287164e-01
-4.103151616444287164e-01
-4.103151616444287164e-01
-4.103151616444287164e-01
-4.103151616444287164e-01
-4.103151616444287164e-01
-4.122247069433699895e-01
-4.108800328453145467e-01
-4.108800328453145467e-01
-4.108800328453145467e-01
-4.108800328453145467e-01
-4.126448849371602279e-01
-4.126448849371602279e-01
-4.126448849371602279e-01
-4.122819226584416019e-01
-4.122819226584416019e-01
-4.122819226584416019e-01
-4.141980606550643706e-01
-4.141980606550643706e-01
-4.141980606550643706e-01
-4.140442465675180372e-01
-4.134262647456443673e-01
-4.963183287319157255e-01
-4.963183287319157255e-01
-4.963183287319157255e-01
-4.963182957630136727e-01
-4.963182957630136727e-01
-4.983667656017586878e-01
-4.966035624481637267e-01
-4.966035624481637267e-01
-4.966035624481637267e-01
-4.966035624481637267e-01
-4.966035624481637267e-01
-4.984758958829386688e-01
-4.984758958829386688e-01
-4.984758958829386688e-01
-4.984758958829386688e-01
-4.984758958829386688e-01
-5.001579203384048933e-01
-5.001579203384048933e-01
-5.001564403434576311e-01
-5.001564403434576311e-01
-4.996273775436599340e-01
-5.015211926265001896e-01
-5.015211926265001896e-01
-5.015211926265001896e-01
-5.015211926265001896e-01
-7.414228589489990640e-02
-7.414228589489990640e-02
-7.414228589489990640e-02
-7.191960185544310491e-02
-7.191960185544310491e-02
-7.321777234482018670e-02
-7.321777234482018670e-02
-7.321777234482018670e-02
-7.321777234482018670e-02
-7.339211558918856682e-02
-7.452289803169187543e-02
-7.452289803169187543e-02
-7.452289803169187543e-02
-7.450959974014459419e-02
-7.450959974014459419e-02
-7.591989210788008258e-02
-7.591989210788008258e-02
-7.591989210788008258e-02
-7.591989210788008258e-02
-7.716649523861152105e-02
-7.716649523861152105e-02
-7.712470252993997022e-02
-7.729264918188682998e-02
-7.729264918188682998e-02
-7.727862075573677103e-02
-7.727862075573677103e-02
-7.727862075573677103e-02
-7.727862075573677103e-02
-7.844139147112350052e-02
-7.844139147112350052e-02
-7.844139147112350052e-02
-7.844139147112350052e-02
-7.913596719361426501e-02
-7.913596719361426501e-02
-7.913596719361426501e-02
-7.930055602575328266e-02
-7.930055602575328266e-02
-8.045512173297209024e-02
-8.045512173297209024e-02
-8.045512173297209024e-02
-8.045512173297209024e-02
-8.191939283275218031e-02
-8.191939283275218031e-02
-8.191939283275218031e-02
-8.191939283275218031e-02
-8.138563179101065970e-02
-8.122320840367280859e-02
1.260949092143791583e-01
1.260949092143791583e-01
1.239770548170657793e-01
1.239770548170657793e-01
1.239770548170657793e-01
1.239770548170657793e-01
1.220905142343127192e-01
1.220905142343127192e-01
1.220905142343127192e-01
1.202243354650358587e-01
1.202243354650358587e-01
1.202243354650358587e-01
1.202243354650358587e-01
9.127281383501419931e-01
9.133956151441730009e-01
9.133956151441730009e-01
9.133956151441730009e-01
9.118909297915607226e-01
9.131478937266283014e-01
9.131478937266283014e-01
9.116933206568368364e-01
9.116933206568368364e-01
9.117387440839118673e-01
9.117387440839118673e-01
9.104303139505355302e-01
9.106814498395989776e-01
9.106814498395989776e-01
9.089167453295154964e-01
9.089167453295154964e-01
9.089167453295154964e-01
9.089311149944216961e-01
9.072999064059119601e-01
9.072999064059119601e-01
9.072999064059119601e-01
9.054915593594712320e-01
9.054915593594712320e-01
9.056701833031607363e-01
9.051359478005465142e-01
9.051359478005465142e-01
9.046058091552812153e-01
9.034756535781589548e-01
9.029348989380124868e-01
9.022992900938916483e-01
9.016738510935328188e-01
9.010390948391515664e-01
8.993109446042837352e-01
8.976055382932901505e-01
8.964670541333601417e-01
8.942538971208329190e-01
8.932265199668703026e-01
9.063565608139922958e-02
8.791032183563751712e-02
8.109763246485512944e-02
6.838098465658182246e-02
-4.311281631571236561e-01
-4.456636202513162281e-01
2.481977045668382065e-02
2.137394796997471591e-02
1.843439298672888693e-02
1.580928566279404812e-02
1.362920712266579848e-02
1.250972805840955271e-02
1.118677805686019155e-02
9.210518909894105377e-03
6.666276164657425340e-03
8.234517177960675172e-01
8.212269868304709064e-01
8.199017131212416043e-01
8.183447026920662726e-01
8.169182933285372705e-01
1.426097116813030530e+00
1.425889561580679255e+00
2.166857155985704164e+00
2.166904376534598331e+00
3.110839104757190388e+00
3.430497855444556432e+00
4.253105185153602363e+00
4.800150179428732677e+00
4.907607018688700862e+00
3.688212719603368939e+00
2.866434723510508764e+00
2.422662741213752469e+00
2.172679988571144527e+00
2.130956014861810743e+00
2.128925178333373580e+00
2.128909653363090904e+00
2.128575076919490439e+00
2.128575076919490439e+00
2.128613679862801700e+00
2.128613679862801700e+00
2.128468555054923605e+00
2.128468555054923605e+00
2.128469907924952942e+00
2.128511269281032181e+00
2.123244859315744471e+00
2.126595877164532133e+00
2.126601429216069317e+00
2.126601429216069317e+00
2.128643342347472434e+00
2.128643342347472434e+00
2.128571645845523719e+00
2.128571645845523719e+00
2.128569198999678225e+00
2.128570037820074923e+00
2.128570037820074923e+00
2.122463724226349768e+00
2.122463724226349768e+00
2.122465835954042035e+00
2.123005719588580753e+00
2.123081751576816334e+00
2.123081751576816334e+00
2.123098280503038726e+00
2.123098280503038726e+00
2.123103720090348201e+00
2.126579954569423947e+00
2.126563570281867932e+00
2.121523007819754447e+00
2.121526802683513679e+00
2.121526802683513679e+00
2.121523502257609106e+00
2.121523502257609106e+00
2.121523986031202291e+00
2.121523986031202291e+00
2.121522859461038912e+00
2.121524280361186676e+00
2.121524280361186676e+00
2.118240960221906111e+00
2.118240960221906111e+00
2.118240960221906111e+00
2.118240960221906111e+00
2.118240960221906111e+00
2.118240960221906111e+00
2.121385667775779638e+00
2.121385667775779638e+00
2.121385667775779638e+00
2.121385667775779638e+00
2.116379234626348804e+00
2.116379234626348804e+00
2.116379234626348804e+00
2.116379234626348804e+00
2.116379234626348804e+00
2.116379234626348804e+00
2.116379234626348804e+00
2.116912310086771054e+00
2.116912310086771054e+00
2.116912310086771054e+00
2.116912310086771054e+00
2.111818078790614894e+00
2.111818078790614894e+00
2.111986926210068116e+00
2.111986926210068116e+00
2.115450251886077382e+00
2.117245162073122966e+00
2.117245162073122966e+00
2.117245162073122966e+00
2.117245162073122966e+00
2.112676410549193751e+00
2.112676410549193751e+00
2.112676410549193751e+00
2.112676410549193751e+00
2.112676410549193751e+00
2.112676410549193751e+00
2.112676410549193751e+00
2.112676410549193751e+00
2.112676410549193751e+00
2.112676410549193751e+00
2.107849774013108135e+00
2.107849774013108135e+00
2.107849774013108135e+00
2.111038292496266955e+00
2.111038292496266955e+00
2.111038292496266955e+00
2.111038292496266955e+00
2.111038292496266955e+00
2.111038292496266955e+00
2.111038292496266955e+00
2.105900393080776478e+00
2.106404907386734582e+00
2.108304274121635125e+00
2.108304274121635125e+00
2.108304274121635125e+00
2.108304274121635125e+00
2.108304274121635125e+00
2.108304274121635125e+00
2.108304274121635125e+00
2.103598136568574972e+00
2.106724785235072783e+00
2.106724785235072783e+00
2.106724785235072783e+00
2.106724785235072783e+00
2.106724785235072783e+00
2.106724785235072783e+00
2.106728964538521431e+00
2.106728964538521431e+00
2.106728964538521431e+00
2.102256256860538297e+00
2.102391321178246120e+00
2.102391321178246120e+00
2.102391321178246120e+00
2.102391321178246120e+00
2.102391321178246120e+00
2.102391321178246120e+00
2.102391321178246120e+00
2.102391321178246120e+00
2.101113995049209926e+00
2.102890046890763642e+00
2.102890046890763642e+00
2.102890046890763642e+00
2.102890046890763642e+00
2.102890046890763642e+00
2.102890046890763642e+00
2.103417062058154041e+00
2.103417062058154041e+00
2.099134768397024953e+00
2.099134768397024953e+00
2.099134768397024953e+00
2.099134768397024953e+00
2.099134768397024953e+00
2.099134768397024953e+00
2.099134768397024953e+00
2.102015999872998364e+00
2.102015999872998364e+00
3.107951332421673651e+00
3.107951332421673651e+00
3.107951332421673651e+00
3.107951332421673651e+00
3.107951332421673651e+00
3.107951332421673651e+00
3.107951332421673651e+00
3.107951332421673651e+00
3.105519112417375993e+00
3.105519112417375993e+00
3.105519112417375993e+00
3.105519112417375993e+00
3.105519112417375993e+00
3.105519112417375993e+00
3.105614204284345536e+00
3.108651169605755715e+00
3.108651169605755715e+00
3.104606077533306863e+00
3.104606077533306863e+00
3.104606077533306863e+00
3.104606077533306863e+00
3.104606077533306863e+00
3.104606077533306863e+00
3.105148771783513340e+00
3.105148771783513340e+00
3.101311849996621017e+00
3.101311849996621017e+00
3.101311849996621017e+00
3.101311849996621017e+00
3.101311849996621017e+00
3.101311849996621017e+00
3.101311849996621017e+00
3.103815592356510056e+00
3.105657172809613620e+00
3.101885425636303317e+00
3.101885425636303317e+00
3.101885425636303317e+00
3.101885425636303317e+00
3.101885425636303317e+00
3.101885425636303317e+00
3.101885425636303317e+00
3.101885425636303317e+00
3.098217789469448924e+00
3.098217789469448924e+00
3.098217789469448924e+00
3.098263234835019198e+00
3.098263234835019198e+00
3.098263234835019198e+00
3.100781407316775429e+00
3.100786837963195985e+00
2.276188924899852584e+00
2.276188924899852584e+00
2.276188924899852584e+00
2.276330882506001796e+00
2.276330882506001796e+00
2.276852613421123106e+00
2.276852613421123106e+00
2.276852613421123106e+00
2.272760528307357752e+00
2.274682091303627640e+00
2.274682091303627640e+00
2.274682091303627640e+00
2.274682091303627640e+00
2.277770874093424602e+00
2.277770874093424602e+00
2.273502855894649066e+00
2.273502855894649066e+00
2.273502855894649066e+00
2.273502855894649066e+00
2.273502855894649066e+00
2.273502855894649066e+00
2.273502855894649066e+00
2.273502855894649066e+00
2.270056502809836729e+00
2.270056502809836729e+00
2.270056502809836729e+00
2.270056502809836729e+00
2.270056502809836729e+00
2.270056502809836729e+00
2.273121428645514808e+00
3.218338846540306886e+00
3.218338846540306886e+00
3.218338846540306886e+00
3.220218709152257386e+00
3.220218709152257386e+00
3.220218709152257386e+00
3.220218709152257386e+00
3.220758656246131224e+00
3.217086938183264966e+00
3.217086938183264966e+00
3.217086938183264966e+00
3.217086938183264966e+00
3.217086938183264966e+00
3.217186857480343498e+00
3.217186857480343498e+00
3.216076139612316531e+00
3.216076139612316531e+00
3.216076139612316531e+00
3.216076139612316531e+00
3.216076139612316531e+00
3.216076139612316531e+00
3.216076139612316531e+00
3.212325041348352617e+00
3.212325041348352617e+00
3.212325041348352617e+00
3.212325041348352617e+00
3.212325041348352617e+00
3.214190183312729321e+00
3.214190183312729321e+00
3.210966415613563552e+00
3.213322475027596159e+00
3.213322475027596159e+00
3.213322475027596159e+00
3.213322475027596159e+00
3.213322475027596159e+00
3.210683816075790897e+00
3.210683816075790897e+00
3.210683816075790897e+00
3.210683816075790897e+00
3.211236950651064070e+00
3.211236950651064070e+00
3.211238422188490205e+00
3.207351721585354198e+00
3.207351721585354198e+00
3.207351721585354198e+00
3.209950045914871097e+00
3.209950045914871097e+00
3.209950045914871097e+00
3.209950045914871097e+00
3.206417136051603389e+00
3.206417136051603389e+00
3.208271981917104831e+00
3.208422209647783241e+00
3.208422209647783241e+00
3.208422209647783241e+00
4.588474830551871442e+00
4.588474830551871442e+00
4.588474830551871442e+00
4.588474830551871442e+00
4.588474830551871442e+00
4.936662501443310980e+00
4.932847718532071823e+00
4.932847718532071823e+00
4.932847718532071823e+00
4.932847718532071823e+00
4.932847718532071823e+00
4.932847718532071823e+00
4.929206352723088713e+00
4.929206352723088713e+00
4.929206352723088713e+00
4.929206352723088713e+00
4.963089458825865385e+00
4.963089458825865385e+00
4.958591718902385814e+00
4.963602796605689704e+00
4.963602796605689704e+00
4.963602796605689704e+00
4.963602796605689704e+00
4.963602796605689704e+00
4.959611722566333647e+00
