3.169527788062190510e+01
3.183513156759905982e+01
3.199790167891081438e+01
3.274029920423783580e+01
3.203376985573765978e+01
3.123737228586947623e+01
3.097341830047334454e+01
3.060398540665229916e+01
3.032862114445802604e+01
3.004413277468739096e+01
2.987656568626850273e+01
2.976216839000734282e+01
2.957897907250627512e+01
2.937453217201936440e+01
2.929506552030170852e+01
2.917611573485313770e+01
2.906793819703709403e+01
2.891095721042817601e+01
2.873869048505194002e+01
2.871910746781647461e+01
2.875300250829094750e+01
2.860523961048888708e+01
2.846108865437972213e+01
2.844560983627461681e+01
2.837301106126043138e+01
2.834670491847123230e+01
2.831637729822475080e+01
2.822815139470096213e+01
2.813480359640695383e+01
2.786040154185399231e+01
2.792141504062368540e+01
2.790847580642550341e+01
2.793451916853967276e+01
2.790930724065767876e+01
2.792352993582086995e+01
2.792413802371518372e+01
2.795251246466504469e+01
2.800781825231012334e+01
2.804742784787942966e+01
2.809629064881773530e+01
2.813024255124803830e+01
2.817197966431141509e+01
2.819034069947092291e+01
2.852213289769054327e+01
2.841775432997817319e+01
2.836655161484448229e+01
2.835484345337437517e+01
5.000000000000000000e+00
5.000000000000000000e+00
5.000000000000000000e+00
5.000000000000000000e+00
5.000000000000000000e+00
5.000000000000000000e+00
5.000000000000000000e+00
5.000000000000000000e+00
5.000000000000000000e+00
5.000000000000000000e+00
5.000000000000000000e+00
5.000000000000000000e+00
5.000000000000000000e+00
2.715882429593594694e+01
2.712282429593594912e+01
2.718532429593594557e+01
2.718082429593594540e+01
2.693032429593594657e+01
2.835835286256709153e+01
2.832995384032872721e+01
2.832302728253690560e+01
2.833140680446225446e+01
2.838787463342127637e+01
5.000000000000000000e+00
5.000000000000000000e+00
5.000000000000000000e+00
5.000000000000000000e+00
5.000000000000000000e+00
5.000000000000000000e+00
5.000000000000000000e+00
5.000000000000000000e+00
5.000000000000000000e+00
5.000000000000000000e+00
2.693703117008591619e+01
2.690203117008591605e+01
2.688003117008591403e+01
2.686903117008591835e+01
2.690803117008591627e+01
2.677103117008591582e+01
2.668903117008591863e+01
2.815712297662428298e+01
2.814153675509003349e+01
2.813481085774337132e+01
2.813588410940756290e+01
2.814455265795846373e+01
2.819173130887789114e+01
2.731603117008591752e+01
5.000000000000000000e+00
5.000000000000000000e+00
5.000000000000000000e+00
5.000000000000000000e+00
5.000000000000000000e+00
5.000000000000000000e+00
5.000000000000000000e+00
5.000000000000000000e+00
5.000000000000000000e+00
5.000000000000000000e+00
5.000000000000000000e+00
5.000000000000000000e+00
5.000000000000000000e+00
5.000000000000000000e+00
5.000000000000000000e+00
5.000000000000000000e+00
5.000000000000000000e+00
5.000000000000000000e+00
5.000000000000000000e+00
5.000000000000000000e+00
5.000000000000000000e+00
5.000000000000000000e+00
5.000000000000000000e+00
5.000000000000000000e+00
5.000000000000000000e+00
5.000000000000000000e+00
5.000000000000000000e+00
5.000000000000000000e+00
5.000000000000000000e+00
5.000000000000000000e+00
5.000000000000000000e+00
5.000000000000000000e+00
5.000000000000000000e+00
5.000000000000000000e+00
2.669886298145250336e+01
2.662486298145250174e+01
2.659286298145250527e+01
2.657086298145250325e+01
2.655086298145250367e+01
2.653886298145250322e+01
2.653186298145250532e+01
2.651986298145250487e+01
2.651586298145250353e+01
2.651786298145250242e+01
2.653986298145250444e+01
2.657686298145250348e+01
2.657886298145250237e+01
2.653286298145250299e+01
2.650086298145250652e+01
2.647586298145250439e+01
2.645486298145250359e+01
2.644786298145250569e+01
2.792327977573266651e+01
2.792303879668214250e+01
2.792499710621888909e+01
2.793111156166123266e+01
2.793992193372850252e+01
2.794188636639674428e+01
2.795517985949654971e+01
2.800188615934126801e+01
2.675986298145250331e+01
5.000000000000000000e+00
5.000000000000000000e+00
5.000000000000000000e+00
5.000000000000000000e+00
5.000000000000000000e+00
5.000000000000000000e+00
5.000000000000000000e+00
5.000000000000000000e+00
5.000000000000000000e+00
5.000000000000000000e+00
5.000000000000000000e+00
5.000000000000000000e+00
5.000000000000000000e+00
5.000000000000000000e+00
5.000000000000000000e+00
5.000000000000000000e+00
5.000000000000000000e+00
5.000000000000000000e+00
5.000000000000000000e+00
5.000000000000000000e+00
5.000000000000000000e+00
5.000000000000000000e+00
5.000000000000000000e+00
5.000000000000000000e+00
5.000000000000000000e+00
5.000000000000000000e+00
5.000000000000000000e+00
5.000000000000000000e+00
5.000000000000000000e+00
5.000000000000000000e+00
5.000000000000000000e+00
5.000000000000000000e+00
5.000000000000000000e+00
5.000000000000000000e+00
5.000000000000000000e+00
5.000000000000000000e+00
5.000000000000000000e+00
5.000000000000000000e+00
5.000000000000000000e+00
5.000000000000000000e+00
5.000000000000000000e+00
5.000000000000000000e+00
5.000000000000000000e+00
5.000000000000000000e+00
5.000000000000000000e+00
5.000000000000000000e+00
5.000000000000000000e+00
5.000000000000000000e+00
5.000000000000000000e+00
5.000000000000000000e+00
5.000000000000000000e+00
5.000000000000000000e+00
5.000000000000000000e+00
5.000000000000000000e+00
5.000000000000000000e+00
5.000000000000000000e+00
5.000000000000000000e+00
5.000000000000000000e+00
5.000000000000000000e+00
5.000000000000000000e+00
5.000000000000000000e+00
5.000000000000000000e+00
5.000000000000000000e+00
5.000000000000000000e+00
5.000000000000000000e+00
5.000000000000000000e+00
5.000000000000000000e+00
5.000000000000000000e+00
5.000000000000000000e+00
5.000000000000000000e+00
5.000000000000000000e+00
5.000000000000000000e+00
5.000000000000000000e+00
5.000000000000000000e+00
5.000000000000000000e+00
5.000000000000000000e+00
5.000000000000000000e+00
5.000000000000000000e+00
5.000000000000000000e+00
5.000000000000000000e+00
5.000000000000000000e+00
5.000000000000000000e+00
5.000000000000000000e+00
5.000000000000000000e+00
5.000000000000000000e+00
5.000000000000000000e+00
5.000000000000000000e+00
5.000000000000000000e+00
5.000000000000000000e+00
5.000000000000000000e+00
5.000000000000000000e+00
5.000000000000000000e+00
5.000000000000000000e+00
5.000000000000000000e+00
2.593206147777410919e+01
2.622306147777410956e+01
2.610606147777410868e+01
2.606906147777410609e+01
2.606906147777410609e+01
2.603806147777410729e+01
2.601006147777410860e+01
2.601006147777410860e+01
2.599306147777410914e+01
2.599306147777410914e+01
2.597206147777410834e+01
2.595706147777410777e+01
2.595706147777410777e+01
2.594606147777410854e+01
2.594306147777410843e+01
2.593406147777410808e+01
2.592306147777410885e+01
2.592106147777410996e+01
2.591406147777411206e+01
2.591106147777410840e+01
2.590806147777410828e+01
2.590606147777410939e+01
2.590606147777410939e+01
2.590706147777410706e+01
2.591006147777410717e+01
2.591106147777410840e+01
2.591106147777410840e+01
2.593706147777410820e+01
2.594106147777410598e+01
2.595806147777410899e+01
2.597206147777410834e+01
2.599406147777411036e+01
2.601006147777410860e+01
2.602306147777410672e+01
2.603906147777410851e+01
2.604906147777411007e+01
2.605106147777410897e+01
2.606106147777411053e+01
2.606206147777410820e+01
2.606106147777411053e+01
2.605806147777411041e+01
2.605406147777410908e+01
2.605206147777411019e+01
2.604706147777410763e+01
2.604606147777410996e+01
2.604606147777410996e+01
2.604506147777410874e+01
2.604606147777410996e+01
2.604906147777411007e+01
2.605106147777410897e+01
2.605406147777410908e+01
2.605906147777410808e+01
2.606406147777411064e+01
2.606406147777411064e+01
2.606406147777411064e+01
2.606406147777411064e+01
2.609206147777410933e+01
2.609206147777410933e+01
2.609206147777410933e+01
2.611606147777411024e+01
2.616006147777410717e+01
2.622806147777410857e+01
2.624606147777410925e+01
2.627506147777410916e+01
2.627606147777411039e+01
2.633106147777410655e+01
5.000000000000000000e+00
5.000000000000000000e+00
5.000000000000000000e+00
5.000000000000000000e+00
5.000000000000000000e+00
5.000000000000000000e+00
5.000000000000000000e+00
5.000000000000000000e+00
5.000000000000000000e+00
5.000000000000000000e+00
5.000000000000000000e+00
5.000000000000000000e+00
5.000000000000000000e+00
5.000000000000000000e+00
5.000000000000000000e+00
5.000000000000000000e+00
5.000000000000000000e+00
5.000000000000000000e+00
5.000000000000000000e+00
5.000000000000000000e+00
5.000000000000000000e+00
5.000000000000000000e+00
5.000000000000000000e+00
5.000000000000000000e+00
5.000000000000000000e+00
5.000000000000000000e+00
5.000000000000000000e+00
5.000000000000000000e+00
5.000000000000000000e+00
5.000000000000000000e+00
5.000000000000000000e+00
5.000000000000000000e+00
5.000000000000000000e+00
5.000000000000000000e+00
5.000000000000000000e+00
5.000000000000000000e+00
5.000000000000000000e+00
5.000000000000000000e+00
5.000000000000000000e+00
5.000000000000000000e+00
5.000000000000000000e+00
5.000000000000000000e+00
5.000000000000000000e+00
5.000000000000000000e+00
5.000000000000000000e+00
5.000000000000000000e+00
5.000000000000000000e+00
5.000000000000000000e+00
5.000000000000000000e+00
5.000000000000000000e+00
5.000000000000000000e+00
5.000000000000000000e+00
5.000000000000000000e+00
5.000000000000000000e+00
5.000000000000000000e+00
5.000000000000000000e+00
5.000000000000000000e+00
5.000000000000000000e+00
5.000000000000000000e+00
5.000000000000000000e+00
5.000000000000000000e+00
5.000000000000000000e+00
5.000000000000000000e+00
5.000000000000000000e+00
5.000000000000000000e+00
5.000000000000000000e+00
5.000000000000000000e+00
5.000000000000000000e+00
5.000000000000000000e+00
5.000000000000000000e+00
5.000000000000000000e+00
5.000000000000000000e+00
5.000000000000000000e+00
5.000000000000000000e+00
5.000000000000000000e+00
2.542133239680898527e+01
2.569333239680898373e+01
2.589933239680898325e+01
2.591333239680898259e+01
2.573133239680898399e+01
2.568933239680898595e+01
2.566033239680898248e+01
2.563333239680898146e+01
2.563333239680898146e+01
2.560133239680898498e+01
2.557933239680898296e+01
2.555233239680898549e+01
2.552833239680898458e+01
2.552833239680898458e+01
2.548833239680898544e+01
2.547233239680898365e+01
2.545033239680898163e+01
2.545033239680898163e+01
2.542233239680898293e+01
2.541033239680898248e+01
2.538433239680898623e+01
2.538433239680898623e+01
2.537333239680898345e+01
2.536033239680898532e+01
2.534733239680898365e+01
2.534733239680898365e+01
2.533533239680898319e+01
2.533433239680898197e+01
2.533233239680898308e+01
2.533133239680898185e+01
2.533333239680898430e+01
2.533833239680898330e+01
2.534633239680898242e+01
2.535733239680898521e+01
2.537033239680898333e+01
2.538533239680898390e+01
2.540333239680898458e+01
2.542133239680898527e+01
2.545133239680898640e+01
2.546933239680898353e+01
2.548533239680898532e+01
2.550133239680898356e+01
2.551033239680898390e+01
2.551033239680898390e+01
2.551033239680898390e+01
2.554333239680898515e+01
2.554333239680898515e+01
2.554333239680898515e+01
2.554333239680898515e+01
2.554833239680898416e+01
2.555333239680898316e+01
2.555733239680898450e+01
2.556333239680898117e+01
2.556633239680898129e+01
2.557033239680898618e+01
2.557633239680898640e+01
2.558233239680898308e+01
2.558633239680898441e+01
2.559133239680898342e+01
2.559533239680898475e+01
2.560133239680898498e+01
2.560633239680898399e+01
2.560833239680898288e+01
2.561633239680898555e+01
2.562033239680898333e+01
2.562333239680898345e+01
2.562933239680898367e+01
2.562933239680898367e+01
2.564933239680898325e+01
2.564933239680898325e+01
2.564933239680898325e+01
2.564933239680898325e+01
2.567033239680898404e+01
2.567033239680898404e+01
2.567033239680898404e+01
2.567033239680898404e+01
2.568133239680898328e+01
2.568133239680898328e+01
2.568133239680898328e+01
2.570033239680898163e+01
2.570033239680898163e+01
2.570833239680898430e+01
2.570833239680898430e+01
2.572033239680898475e+01
2.572033239680898475e+01
2.573333239680898288e+01
2.573333239680898288e+01
2.573333239680898288e+01
2.573333239680898288e+01
2.575333239680898600e+01
2.575333239680898600e+01
2.576033239680898390e+01
2.576033239680898390e+01
2.577233239680898436e+01
2.577233239680898436e+01
2.579333239680898515e+01
2.579333239680898515e+01
2.579333239680898515e+01
2.580533239680898561e+01
2.580533239680898561e+01
2.581333239680898117e+01
2.581333239680898117e+01
2.582633239680898640e+01
2.582633239680898640e+01
2.583233239680898308e+01
2.583233239680898308e+01
2.583233239680898308e+01
2.584933239680898254e+01
2.584933239680898254e+01
2.584933239680898254e+01
2.584933239680898254e+01
2.584933239680898254e+01
2.585533239680898276e+01
2.585533239680898276e+01
2.585533239680898276e+01
2.585533239680898276e+01
2.584833239680898487e+01
2.584833239680898487e+01
2.601033239680898390e+01
5.000000000000000000e+00
5.000000000000000000e+00
5.000000000000000000e+00
5.000000000000000000e+00
5.000000000000000000e+00
5.000000000000000000e+00
5.000000000000000000e+00
5.000000000000000000e+00
5.000000000000000000e+00
5.000000000000000000e+00
5.000000000000000000e+00
5.000000000000000000e+00
5.000000000000000000e+00
5.000000000000000000e+00
5.000000000000000000e+00
5.000000000000000000e+00
5.000000000000000000e+00
5.000000000000000000e+00
5.000000000000000000e+00
5.000000000000000000e+00
5.000000000000000000e+00
5.000000000000000000e+00
5.000000000000000000e+00
5.000000000000000000e+00
5.000000000000000000e+00
5.000000000000000000e+00
5.000000000000000000e+00
5.000000000000000000e+00
5.000000000000000000e+00
5.000000000000000000e+00
5.000000000000000000e+00
5.000000000000000000e+00
5.000000000000000000e+00
5.000000000000000000e+00
5.000000000000000000e+00
5.000000000000000000e+00
5.000000000000000000e+00
5.000000000000000000e+00
5.000000000000000000e+00
5.000000000000000000e+00
5.000000000000000000e+00
5.000000000000000000e+00
5.000000000000000000e+00
5.000000000000000000e+00
5.000000000000000000e+00
5.000000000000000000e+00
5.000000000000000000e+00
5.000000000000000000e+00
5.000000000000000000e+00
5.000000000000000000e+00
5.000000000000000000e+00
5.000000000000000000e+00
5.000000000000000000e+00
5.000000000000000000e+00
5.000000000000000000e+00
5.000000000000000000e+00
5.000000000000000000e+00
5.000000000000000000e+00
5.000000000000000000e+00
5.000000000000000000e+00
5.000000000000000000e+00
5.000000000000000000e+00
5.000000000000000000e+00
5.000000000000000000e+00
5.000000000000000000e+00
5.000000000000000000e+00
5.000000000000000000e+00
5.000000000000000000e+00
5.000000000000000000e+00
5.000000000000000000e+00
5.000000000000000000e+00
5.000000000000000000e+00
5.000000000000000000e+00
5.000000000000000000e+00
5.000000000000000000e+00
5.000000000000000000e+00
5.000000000000000000e+00
5.000000000000000000e+00
5.000000000000000000e+00
5.000000000000000000e+00
5.000000000000000000e+00
5.000000000000000000e+00
5.000000000000000000e+00
5.000000000000000000e+00
5.000000000000000000e+00
5.000000000000000000e+00
5.000000000000000000e+00
5.000000000000000000e+00
5.000000000000000000e+00
5.000000000000000000e+00
5.000000000000000000e+00
5.000000000000000000e+00
5.000000000000000000e+00
5.000000000000000000e+00
5.000000000000000000e+00
5.000000000000000000e+00
5.000000000000000000e+00
5.000000000000000000e+00
5.000000000000000000e+00
5.000000000000000000e+00
5.000000000000000000e+00
5.000000000000000000e+00
5.000000000000000000e+00
5.000000000000000000e+00
5.000000000000000000e+00
5.000000000000000000e+00
5.000000000000000000e+00
5.000000000000000000e+00
5.000000000000000000e+00
5.000000000000000000e+00
5.000000000000000000e+00
5.000000000000000000e+00
5.000000000000000000e+00
5.000000000000000000e+00
5.000000000000000000e+00
5.000000000000000000e+00
5.000000000000000000e+00
5.000000000000000000e+00
5.000000000000000000e+00
5.000000000000000000e+00
5.000000000000000000e+00
5.000000000000000000e+00
5.000000000000000000e+00
5.000000000000000000e+00
5.000000000000000000e+00
5.000000000000000000e+00
5.000000000000000000e+00
5.000000000000000000e+00
5.000000000000000000e+00
5.000000000000000000e+00
5.000000000000000000e+00
5.000000000000000000e+00
5.000000000000000000e+00
5.000000000000000000e+00
5.000000000000000000e+00
5.000000000000000000e+00
5.000000000000000000e+00
5.000000000000000000e+00
5.000000000000000000e+00
5.000000000000000000e+00
5.000000000000000000e+00
5.000000000000000000e+00
5.000000000000000000e+00
5.000000000000000000e+00
5.000000000000000000e+00
5.000000000000000000e+00
5.000000000000000000e+00
5.000000000000000000e+00
5.000000000000000000e+00
5.000000000000000000e+00
5.000000000000000000e+00
5.000000000000000000e+00
5.000000000000000000e+00
5.000000000000000000e+00
5.000000000000000000e+00
5.000000000000000000e+00
5.000000000000000000e+00
5.000000000000000000e+00
5.000000000000000000e+00
5.000000000000000000e+00
5.000000000000000000e+00
5.000000000000000000e+00
5.000000000000000000e+00
5.000000000000000000e+00
5.000000000000000000e+00
5.000000000000000000e+00
5.000000000000000000e+00
5.000000000000000000e+00
5.000000000000000000e+00
5.000000000000000000e+00
5.000000000000000000e+00
5.000000000000000000e+00
5.000000000000000000e+00
5.000000000000000000e+00
5.000000000000000000e+00
5.000000000000000000e+00
5.000000000000000000e+00
5.000000000000000000e+00
5.000000000000000000e+00
5.000000000000000000e+00
5.000000000000000000e+00
5.000000000000000000e+00
5.000000000000000000e+00
5.000000000000000000e+00
5.000000000000000000e+00
5.000000000000000000e+00
5.000000000000000000e+00
5.000000000000000000e+00
5.000000000000000000e+00
5.000000000000000000e+00
5.000000000000000000e+00
5.000000000000000000e+00
5.000000000000000000e+00
5.000000000000000000e+00
5.000000000000000000e+00
2.481962426072924188e+01
2.481962426072924188e+01
2.497862426072924080e+01
2.497862426072924080e+01
2.509262426072923802e+01
2.509262426072923802e+01
2.522162426072923935e+01
2.522162426072923935e+01
2.533362426072923768e+01
2.533362426072923768e+01
2.543662426072923921e+01
2.543662426072923921e+01
2.555762426072924143e+01
2.555762426072924143e+01
2.565962426072923819e+01
2.565962426072923819e+01
2.577162426072924006e+01
2.587962426072923705e+01
2.587962426072923705e+01
2.598862426072923881e+01
2.598862426072923881e+01
2.610362426072924080e+01
2.610362426072924080e+01
2.621262426072923901e+01
2.621262426072923901e+01
2.615262426072924029e+01
2.615262426072924029e+01
2.611362426072923881e+01
2.611362426072923881e+01
2.626462426072924217e+01
2.626462426072924217e+01
2.642062426072924097e+01
2.642062426072924097e+01
2.659462426072924046e+01
2.659462426072924046e+01
2.679962426072923876e+01
2.679962426072923876e+01
2.704862426072924109e+01
5.000000000000000000e+00
5.000000000000000000e+00
5.000000000000000000e+00
5.000000000000000000e+00
5.000000000000000000e+00
5.000000000000000000e+00
5.000000000000000000e+00
5.000000000000000000e+00
5.000000000000000000e+00
5.000000000000000000e+00
5.000000000000000000e+00
5.000000000000000000e+00
5.000000000000000000e+00
5.000000000000000000e+00
5.000000000000000000e+00
5.000000000000000000e+00
5.000000000000000000e+00
5.000000000000000000e+00
5.000000000000000000e+00
5.000000000000000000e+00
5.000000000000000000e+00
5.000000000000000000e+00
5.000000000000000000e+00
5.000000000000000000e+00
5.000000000000000000e+00
5.000000000000000000e+00
5.000000000000000000e+00
5.000000000000000000e+00
5.000000000000000000e+00
5.000000000000000000e+00
5.000000000000000000e+00
5.000000000000000000e+00
5.000000000000000000e+00
5.000000000000000000e+00
5.000000000000000000e+00
5.000000000000000000e+00
5.000000000000000000e+00
5.000000000000000000e+00
5.000000000000000000e+00
5.000000000000000000e+00
5.000000000000000000e+00
5.000000000000000000e+00
5.000000000000000000e+00
5.000000000000000000e+00
5.000000000000000000e+00
5.000000000000000000e+00
5.000000000000000000e+00
5.000000000000000000e+00
5.000000000000000000e+00
5.000000000000000000e+00
5.000000000000000000e+00
5.000000000000000000e+00
5.000000000000000000e+00
5.000000000000000000e+00
5.000000000000000000e+00
5.000000000000000000e+00
5.000000000000000000e+00
5.000000000000000000e+00
5.000000000000000000e+00
5.000000000000000000e+00
5.000000000000000000e+00
5.000000000000000000e+00
5.000000000000000000e+00
5.000000000000000000e+00
5.000000000000000000e+00
5.000000000000000000e+00
5.000000000000000000e+00
5.000000000000000000e+00
5.000000000000000000e+00
5.000000000000000000e+00
5.000000000000000000e+00
5.000000000000000000e+00
5.000000000000000000e+00
5.000000000000000000e+00
5.000000000000000000e+00
5.000000000000000000e+00
5.000000000000000000e+00
5.000000000000000000e+00
5.000000000000000000e+00
5.000000000000000000e+00
5.000000000000000000e+00
5.000000000000000000e+00
5.000000000000000000e+00
5.000000000000000000e+00
5.000000000000000000e+00
5.000000000000000000e+00
5.000000000000000000e+00
5.000000000000000000e+00
5.000000000000000000e+00
5.000000000000000000e+00
5.000000000000000000e+00
5.000000000000000000e+00
5.000000000000000000e+00
5.000000000000000000e+00
5.000000000000000000e+00
5.000000000000000000e+00
5.000000000000000000e+00
5.000000000000000000e+00
5.000000000000000000e+00
5.000000000000000000e+00
5.000000000000000000e+00
5.000000000000000000e+00
5.000000000000000000e+00
5.000000000000000000e+00
5.000000000000000000e+00
5.000000000000000000e+00
5.000000000000000000e+00
5.000000000000000000e+00
5.000000000000000000e+00
5.000000000000000000e+00
5.000000000000000000e+00
5.000000000000000000e+00
5.000000000000000000e+00
5.000000000000000000e+00
5.000000000000000000e+00
5.000000000000000000e+00
5.000000000000000000e+00
5.000000000000000000e+00
5.000000000000000000e+00
5.000000000000000000e+00
5.000000000000000000e+00
5.000000000000000000e+00
5.000000000000000000e+00
5.000000000000000000e+00
5.000000000000000000e+00
5.000000000000000000e+00
5.000000000000000000e+00
5.000000000000000000e+00
5.000000000000000000e+00
5.000000000000000000e+00
5.000000000000000000e+00
5.000000000000000000e+00
5.000000000000000000e+00
5.000000000000000000e+00
5.000000000000000000e+00
5.000000000000000000e+00
5.000000000000000000e+00
5.000000000000000000e+00
5.000000000000000000e+00
5.000000000000000000e+00
5.000000000000000000e+00
5.000000000000000000e+00
5.000000000000000000e+00
5.000000000000000000e+00
5.000000000000000000e+00
5.000000000000000000e+00
5.000000000000000000e+00
5.000000000000000000e+00
5.000000000000000000e+00
5.000000000000000000e+00
5.000000000000000000e+00
5.000000000000000000e+00
5.000000000000000000e+00
5.000000000000000000e+00
5.000000000000000000e+00
5.000000000000000000e+00
5.000000000000000000e+00
5.000000000000000000e+00
5.000000000000000000e+00
5.000000000000000000e+00
5.000000000000000000e+00
5.000000000000000000e+00
5.000000000000000000e+00
5.000000000000000000e+00
5.000000000000000000e+00
5.000000000000000000e+00
5.000000000000000000e+00
5.000000000000000000e+00
5.000000000000000000e+00
5.000000000000000000e+00
5.000000000000000000e+00
5.000000000000000000e+00
5.000000000000000000e+00
5.000000000000000000e+00
5.000000000000000000e+00
5.000000000000000000e+00
5.000000000000000000e+00
5.000000000000000000e+00
5.000000000000000000e+00
5.000000000000000000e+00
5.000000000000000000e+00
5.000000000000000000e+00
5.000000000000000000e+00
5.000000000000000000e+00
5.000000000000000000e+00
5.000000000000000000e+00
5.000000000000000000e+00
5.000000000000000000e+00
5.000000000000000000e+00
5.000000000000000000e+00
5.000000000000000000e+00
5.000000000000000000e+00
5.000000000000000000e+00
5.000000000000000000e+00
5.000000000000000000e+00
5.000000000000000000e+00
5.000000000000000000e+00
5.000000000000000000e+00
5.000000000000000000e+00
5.000000000000000000e+00
5.000000000000000000e+00
5.000000000000000000e+00
5.000000000000000000e+00
5.000000000000000000e+00
5.000000000000000000e+00
5.000000000000000000e+00
5.000000000000000000e+00
5.000000000000000000e+00
5.000000000000000000e+00
5.000000000000000000e+00
5.000000000000000000e+00
5.000000000000000000e+00
5.000000000000000000e+00
5.000000000000000000e+00
5.000000000000000000e+00
5.000000000000000000e+00
5.000000000000000000e+00
5.000000000000000000e+00
5.000000000000000000e+00
5.000000000000000000e+00
5.000000000000000000e+00
5.000000000000000000e+00
5.000000000000000000e+00
5.000000000000000000e+00
5.000000000000000000e+00
5.000000000000000000e+00
5.000000000000000000e+00
5.000000000000000000e+00
5.000000000000000000e+00
5.000000000000000000e+00
5.000000000000000000e+00
5.000000000000000000e+00
5.000000000000000000e+00
5.000000000000000000e+00
5.000000000000000000e+00
5.000000000000000000e+00
5.000000000000000000e+00
5.000000000000000000e+00
5.000000000000000000e+00
5.000000000000000000e+00
5.000000000000000000e+00
5.000000000000000000e+00
5.000000000000000000e+00
5.000000000000000000e+00
5.000000000000000000e+00
5.000000000000000000e+00
5.000000000000000000e+00
5.000000000000000000e+00
5.000000000000000000e+00
5.000000000000000000e+00
5.000000000000000000e+00
5.000000000000000000e+00
5.000000000000000000e+00
5.000000000000000000e+00
5.000000000000000000e+00
5.000000000000000000e+00
5.000000000000000000e+00
5.000000000000000000e+00
