3.015203279111169365e+00
3.015320491568859396e+00
3.015385967869191219e+00
2.821661410569339168e+00
2.941612782299911633e+00
2.954321939574871880e+00
2.933577320335959193e+00
2.911720454376191647e+00
2.877039193711109721e+00
2.833429997135006762e+00
2.777972336053669000e+00
2.702541466531025005e+00
2.578464751147807377e+00
2.556925523330693562e+00
2.386446773126172705e+00
2.311729223672964295e+00
2.236191687540209028e+00
2.119090105713695049e+00
2.101539203160160518e+00
1.981740151419324469e+00
1.909150635869499846e+00
1.820367624304733090e+00
1.738537595466317587e+00
1.634340220504973074e+00
9.471862526869868626e-01
1.428751371789937608e+00
1.444198448191022610e+00
1.378582414453290550e+00
1.325660080310280264e+00
1.288856606416456163e+00
1.250158789241691437e+00
1.194372339597031818e+00
1.102763025082887705e+00
4.093148330879310404e-01
8.648521114722714787e-01
9.228253479560153405e-01
8.226561516371929672e-01
8.389840384909011961e-01
5.294491249817456779e-01
6.313199129096167539e-01
-1.321729865354045672e-02
1.287438679141463260e-01
3.189078669379201703e-01
9.201497968778243886e-01
9.233132221356106228e-01
7.962542229847673347e-01
7.342676315074474491e-01
7.362807980986896261e-01
7.380672277493118827e-01
7.405199418433846548e-01
6.164674012290344285e-01
6.174564083047709984e-01
6.200278459752451843e-01
9.109844804033352395e-01
-1.096342446298535639e-01
-3.100233128039973918e-02
6.414792827266380115e-02
1.780329537539426521e-01
3.079522301663579764e-01
1.950537404941988795e-01
2.386228005317122536e-01
2.381714190850202084e-01
-1.841285307281431916e+00
3.421022636919300863e-01
3.441428693503812419e-01
3.449274314038492939e-01
3.469368656156692210e-01
1.915127227641594543e-01
3.520235855850660789e-01
2.522949018328545789e-01
-7.537344655134355920e-01
-6.612786341722998174e-01
-5.422375977229826338e-01
-3.963613325456417091e-01
-3.999931466453882090e-01
-2.297753903293484334e-01
-2.691962633310464037e-01
-2.711272350292205924e-01
-9.477389758737841952e-02
-4.396814182990663872e-02
-2.380810553836048005e-01
-1.026151833087448617e+00
-1.488877500028214229e-01
-1.483247482459145450e-01
-1.477437948303556570e-01
-1.467411120034759764e-01
-1.437330222777964128e-01
-1.422247870976030282e-01
-1.412804195781456051e-01
-1.407971825971210122e-01
-1.402047128708144297e-01
-1.392872641852500037e-01
-1.384772650053735232e-01
-1.371804303022282900e-01
-1.363276329630459527e-01
-1.350787928357457812e-01
-1.346547844942452832e-01
-1.330542675134036290e-01
-3.401340001008870129e-01
-3.393040431180504579e-01
-3.386142870871336474e-01
-3.374288758434653701e-01
-3.362063351730891769e-01
-3.353977287980859368e-01
-1.234274258274236924e-01
-1.092378878055914604e-01
-2.601948764090618593e-01
-9.787405177078395413e-01
-1.727383177481037979e+00
-1.616501054083279598e+00
-1.456138787735929974e+00
-1.462424988641370271e+00
-1.227336398505727288e+00
-1.231004530429892885e+00
-1.231441973973266713e+00
-9.553568215258891883e-01
-9.966698203533195244e-01
-9.978992988137539433e-01
-9.985095028220543067e-01
-1.000051564371845725e+00
-1.000561862371585287e+00
-1.001799193115228359e+00
-7.301481964665419433e-01
-7.301651983364441101e-01
-1.004148700076188394e+00
-9.628371416912930858e-01
-9.645283956527750391e-01
-9.646848444612204920e-01
-1.933040413993882378e+00
-3.914244960118467453e+00
-7.157881545335890161e-01
-7.146561197266672050e-01
-7.146561197266672050e-01
-7.140410532179922720e-01
-7.140410532179922720e-01
-7.129183347468910359e-01
-7.134984567348250373e-01
-7.124207987363097017e-01
-7.131685991085593423e-01
-7.125903109445962391e-01
-7.115097326373658326e-01
-7.115097326373658326e-01
-7.104555750814836035e-01
-7.110272042234796475e-01
-7.101713305462870052e-01
-9.437142449612393458e-01
-9.439898358789364785e-01
-9.438462926707790190e-01
-9.438462926707790190e-01
-9.433660534336765213e-01
-9.426196260872499177e-01
-9.426196260872499177e-01
-9.419042501931313982e-01
-9.414272080906519458e-01
-9.414272080906519458e-01
-9.413993047310965645e-01
-9.409369837643115630e-01
-9.409369837643115630e-01
-9.402551475818127225e-01
-9.398040298881015220e-01
-9.393036787863288106e-01
-9.393036787863288106e-01
-9.388759587456563249e-01
-9.382007144966818535e-01
-9.381472006468246638e-01
-9.381472006468246638e-01
-9.377685029852631526e-01
-9.370983341747224360e-01
-9.364198349099377428e-01
-9.360283811112933838e-01
-9.360283811112933838e-01
-9.353705123389490783e-01
-9.356201185329865444e-01
-9.349609402774788913e-01
-9.343156142170081502e-01
-9.339247079380913474e-01
-9.334551795602529234e-01
-9.327886754439885797e-01
-9.323932953129613344e-01
-9.317049469899698622e-01
-9.315264200034689690e-01
-9.311479546026502074e-01
-9.302730983442093482e-01
-9.292997668761379115e-01
-9.283870194946992616e-01
-9.267578537819034512e-01
-9.233126785451889473e-01
-9.137400122795515944e-01
-9.101815352982136620e-01
-9.079564270036407647e-01
-9.060243891006408701e-01
-1.169989811845648431e+00
-1.168909411496472650e+00
-1.139149503628325899e+00
-1.711739618894421389e+00
-1.936029397211148417e+00
-2.310012093816298684e+00
-2.243914028753652978e+00
-2.194138880519460155e+00
-2.200747915731840809e+00
-2.143584555649673540e+00
-2.146478537173435175e+00
-2.151645278367329439e+00
-2.155475179947087927e+00
-2.159669839212826403e+00
-2.165085085798041042e+00
-2.166116060614459382e+00
-2.171936367624014874e+00
-2.177278735111455976e+00
-2.000534085322404731e+00
-2.002866567485114491e+00
-2.006335674850932893e+00
-2.009344316652287521e+00
-2.012166279814666225e+00
-2.013304285779913716e+00
-2.016836693805904357e+00
-2.019286880058623446e+00
-2.021679915110551562e+00
-2.026601170563870458e+00
-2.027013307404324394e+00
-2.030566973984815782e+00
-2.031480795484460256e+00
-2.034905910080643920e+00
-2.037873584334489951e+00
-2.038914208281911389e+00
-2.044270300525401929e+00
-2.044121538071943966e+00
-2.047503560558545654e+00
-2.048571503073423727e+00
-2.051272600212433517e+00
-2.053420783127420268e+00
-2.056059333014377266e+00
-2.059347038700854782e+00
-2.061077107546704479e+00
-2.062634492691626242e+00
-2.064817572935199408e+00
-2.066461753182413208e+00
-2.068707490855213660e+00
-2.080466938601920557e+00
-2.073023808827497927e+00
-2.077271273405667529e+00
-2.080960194936736674e+00
-2.305057719746274714e+00
-3.104419536651945588e+00
-4.051570400894904722e+00
-1.668251408999878782e+00
-1.667488856685516163e+00
-1.667488856685516163e+00
-1.667699051232212071e+00
-1.667699051232212071e+00
-1.666915327489928655e+00
-1.666915327489928655e+00
-1.666195481882047691e+00
-1.667430708374284531e+00
-1.666666743126362427e+00
-1.666666743126362427e+00
-1.665938520347091334e+00
-1.665183420641222156e+00
-1.665183420641222156e+00
-1.665274517083914940e+00
-1.665274517083914940e+00
-1.664519131876956548e+00
-1.664519131876956548e+00
-1.663754049761503540e+00
-1.663839172908325947e+00
-1.663839172908325947e+00
-1.663039807718575291e+00
-1.663381463516757641e+00
-1.662590081785956242e+00
-1.662568358403684998e+00
-1.662568358403684998e+00
-1.661710148518109165e+00
-1.661179168475157120e+00
-1.660601858967130529e+00
-1.660793705442589197e+00
-1.660143626279976914e+00
-1.659501522656686934e+00
-1.658352480710221011e+00
-1.658226139284660894e+00
-1.657175289745096647e+00
-1.313450108685546791e+00
-1.311117391138269639e+00
-1.305947581679074654e+00
-1.298217923883437042e+00
-1.294296300961176982e+00
-1.292504135528925513e+00
-1.291033648360921049e+00
-1.289684483033281870e+00
-1.289220646440355944e+00
-1.287939866944872724e+00
-1.286667264247319586e+00
-1.285395021477088395e+00
-1.631587032846510521e+00
-1.630528238902976268e+00
-1.629752811167935800e+00
-1.628665783477906359e+00
-1.627556261841795804e+00
-1.627044537344380704e+00
-1.625873417607663463e+00
-1.624661715234986259e+00
-1.624037444408920505e+00
-1.623342771093359449e+00
-1.621957870003367663e+00
-2.007887688103635160e+00
-2.008351060837263002e+00
-2.007225267387612533e+00
-2.006384345145544756e+00
-2.437994121212397669e+00
-2.437971273996134336e+00
-2.847882068908071496e+00
-3.168614678206250090e+00
-3.381838374961035676e+00
-3.642506674941892175e+00
-3.891371551650771199e+00
-3.571155499266785327e+00
-3.602014486568567264e+00
-3.586379856405259137e+00
-3.586379856405259137e+00
-3.593359400673957094e+00
-3.593359400673957094e+00
-3.524966944295642612e+00
-3.524957895809896602e+00
-3.530792991032918327e+00
-3.530792991032918327e+00
-3.540046779610438232e+00
-3.540046779610438232e+00
-3.444623563559646495e+00
-3.449092746009192023e+00
-3.449092746009192023e+00
-3.454673251875702622e+00
-3.460279187886115437e+00
-3.457972825673213624e+00
-3.464969748825707185e+00
-3.468212795011949012e+00
-3.278654884061391606e+00
-3.280903643130781866e+00
-3.280903643130781866e+00
-3.285009726011558051e+00
-3.286934282723406042e+00
-3.288077598735046347e+00
-3.290130516401454930e+00
-3.293493761728871316e+00
-3.296652374545294251e+00
-3.296384108567790516e+00
-3.299338940319310964e+00
-3.292034514515620902e+00
-3.293351169495272401e+00
-3.294038330217250898e+00
-3.296352250040071930e+00
-3.297714679754043754e+00
-3.300743841776399012e+00
-3.300459624814704007e+00
-3.303327207786938668e+00
-3.306231843526469483e+00
-3.307934915154421951e+00
-3.308335963032271732e+00
-3.308335963032271732e+00
-3.131586090571699010e+00
-3.132938617693769690e+00
-3.132308792228255534e+00
-3.134750376701266106e+00
-3.135688709046685396e+00
-3.136572160985535707e+00
-3.138525478034629224e+00
-3.138863761191844404e+00
-3.139200046819463186e+00
-3.141497016214912730e+00
-3.142457712777458667e+00
-3.142144919071621967e+00
-3.144295539815660678e+00
-3.145535371784454526e+00
-3.147241994815051402e+00
-3.146790839197418865e+00
-3.148855650561424024e+00
-3.149279238719235430e+00
-3.150119427999083843e+00
-3.152824845608570126e+00
-3.152295116557289667e+00
-3.152295116557289667e+00
-3.162909516879707894e+00
-3.153815868498622610e+00
-3.153815868498622610e+00
-3.396025283556986185e+00
-3.396025283556986185e+00
-3.159665053884503028e+00
-3.109541596621518522e+00
-3.288038522546062215e+00
-3.873877916013337419e+00
-4.321404987156290289e+00
-5.190206097185202871e+00
-2.036050320193934837e+00
-2.036050320193934837e+00
-2.036050320193934837e+00
-2.037038056502028294e+00
-2.036083028095208025e+00
-2.036083028095208025e+00
-2.036083028095208025e+00
-2.036083028095208025e+00
-2.036083028095208025e+00
-2.036083028095208025e+00
-2.035193397461483755e+00
-2.035193397461483755e+00
-2.035193397461483755e+00
-2.035193397461483755e+00
-2.036205986938044443e+00
-2.035188987249267445e+00
-2.035188987249267445e+00
-2.035188987249267445e+00
-2.035188987249267445e+00
-2.035188987249267445e+00
-2.035188987249267445e+00
-2.034128499666120860e+00
-2.034128499666120860e+00
-2.034128499666120860e+00
-2.034128499666120860e+00
-2.035146517356390738e+00
-2.035146517356390738e+00
-2.035146517356390738e+00
-2.034091430193515571e+00
-2.034091430193515571e+00
-2.034091430193515571e+00
-2.034091430193515571e+00
-2.034091430193515571e+00
-2.034091430193515571e+00
-2.033077093935533597e+00
-2.034042864120744198e+00
-2.034042864120744198e+00
-2.034042864120744198e+00
-2.034042864120744198e+00
-2.034042864120744198e+00
-2.033142219112452853e+00
-2.033142219112452853e+00
-2.033142219112452853e+00
-2.033142219112452853e+00
-2.033142219112452853e+00
-2.033154790841472881e+00
-2.033154790841472881e+00
-2.033154790841472881e+00
-2.033154790841472881e+00
-2.033154790841472881e+00
-2.033154790841472881e+00
-2.032339896398654755e+00
-2.032339896398654755e+00
-2.032339896398654755e+00
-2.033269134395733424e+00
-2.033269134395733424e+00
-2.032412383972360903e+00
-2.032412383972360903e+00
-2.032412383972360903e+00
-2.032412383972360903e+00
-2.032412383972360903e+00
-2.031685248749948158e+00
-2.031685248749948158e+00
-2.031685248749948158e+00
-2.032597989965742702e+00
-2.485805327041069379e+00
-2.485805327041069379e+00
-2.485805327041069379e+00
-2.485805327041069379e+00
-2.485805327041069379e+00
-2.485197002306105851e+00
-2.485197002306105851e+00
-2.485197002306105851e+00
-2.485916755179384374e+00
-2.485376911215065654e+00
-2.485376911215065654e+00
-2.485376911215065654e+00
-2.485376911215065654e+00
-2.484852880545098230e+00
-2.484852880545098230e+00
-2.484852880545098230e+00
-2.484852880545098230e+00
-2.469169487565330279e+00
-2.469169487565330279e+00
-2.469169487565330279e+00
-2.469169487565330279e+00
-2.468745491536735059e+00
-2.468745491536735059e+00
-2.468745491536735059e+00
-2.468745491536735059e+00
-2.468951238486000399e+00
-2.468951238486000399e+00
-2.468951238486000399e+00
-2.468592108465223589e+00
-2.468592108465223589e+00
-2.468592108465223589e+00
-2.468228411728163429e+00
-2.468228411728163429e+00
-2.468783182883890426e+00
-2.468783182883890426e+00
-2.468418046188189052e+00
-2.468418046188189052e+00
-2.468418046188189052e+00
-2.468047684312744572e+00
-2.468047684312744572e+00
-2.468047684312744572e+00
-2.468191415211136608e+00
-2.468191415211136608e+00
-2.468191415211136608e+00
-2.467806808686933362e+00
-2.467806808686933362e+00
-2.467638783513508738e+00
-2.467479513928755086e+00
-2.467333577832026226e+00
-2.467672476639509949e+00
-2.467515459706470793e+00
-2.467354698898552190e+00
-2.467171738975276973e+00
-2.467002593682800171e+00
-2.467002593682800171e+00
-2.466827771185139628e+00
-2.467077100154213554e+00
-2.466889598449002907e+00
-2.466683742981484961e+00
-2.466461253319382152e+00
-2.466231259801008768e+00
-2.465977764256814364e+00
-2.466078352084847491e+00
-2.465777969497282562e+00
-2.465444985106433506e+00
-2.465069851798640688e+00
-2.011316985822510617e+00
-2.011135636236815571e+00
-2.010307428302605448e+00
-2.009251930967375976e+00
-2.007870697809947202e+00
-2.006197848856508426e+00
-2.006197848856508426e+00
-2.005373073375510184e+00
-2.004816398888552342e+00
-2.004816398888552342e+00
-2.004361746818737355e+00
-2.003938966741123373e+00
-2.004429376395745699e+00
-2.004019768014779768e+00
-2.004019768014779768e+00
-2.003619062483489088e+00
-2.003223867004705561e+00
-2.003223867004705561e+00
-2.003324377564948744e+00
-2.002932491990301322e+00
-2.002932491990301322e+00
-2.002541207370448273e+00
-2.002541207370448273e+00
-2.002148301914383755e+00
-2.002248175217598902e+00
-2.002248175217598902e+00
-2.001850182119354393e+00
-2.001449473573113202e+00
-2.001449473573113202e+00
-2.001045762899615887e+00
-2.001543310246888918e+00
-2.001132740298376067e+00
-2.000716746893435705e+00
-2.000716746893435705e+00
-2.000296095495248672e+00
-2.000366713176671141e+00
-2.000366713176671141e+00
-1.999931781223604155e+00
-1.999931781223604155e+00
-1.999488617221282905e+00
-1.999039023881441057e+00
-1.999537434622491672e+00
-1.999076320395029693e+00
-1.998607858177313679e+00
-1.998607858177313679e+00
-1.998130060543004793e+00
-1.998130060543004793e+00
-1.998142363468127236e+00
-1.997641641806919610e+00
-1.997641641806919610e+00
-1.997131136734138224e+00
-1.996609930559142487e+00
-1.996609930559142487e+00
-2.453718253900738500e+00
-2.453718253900738500e+00
-2.453315412381448457e+00
-2.452903144651121803e+00
-2.452903144651121803e+00
-2.452482262009953562e+00
-2.452420166803323198e+00
-2.452420166803323198e+00
-2.451979370454707485e+00
-2.451979370454707485e+00
-2.451531044328361109e+00
-2.451072779648886701e+00
-2.451438512201942643e+00
-2.450968402038318672e+00
-2.450488062185760096e+00
-2.450488062185760096e+00
-2.450488062185760096e+00
-2.449493288534743574e+00
-2.449853658857315430e+00
-2.449335187488907106e+00
-2.449335187488907106e+00
-2.448802776378764978e+00
-2.448254080154060652e+00
-2.448611834741892146e+00
-2.448041340105199470e+00
-2.447447528870402067e+00
-2.447447528870402067e+00
-2.472853440827720739e+00
-2.472853440827720739e+00
-2.472564015539547633e+00
-2.990997884260497397e+00
-2.990997884260497397e+00
-2.990997884260497397e+00
-2.990460788183282759e+00
-2.990460788183282759e+00
-2.990288466254024335e+00
-2.990288466254024335e+00
-3.250133818987434253e+00
-3.514828644096087196e+00
-3.514828644096087196e+00
-3.550867156870166408e+00
-4.259142527474505613e+00
-4.259142527474505613e+00
-4.506137029426573015e+00
-4.506137029426573015e+00
-4.748132426589460664e+00
-4.848566389883773198e+00
-5.065523723386410992e+00
-5.073672191789462715e+00
-5.140198113653007717e+00
-5.179572099968901000e+00
-5.220629382954879105e+00
-5.262085843993654422e+00
-5.143368154365847822e+00
-5.111251344717218537e+00
-5.125052463696399663e+00
-5.125052463696399663e+00
-5.113487654663239290e+00
-5.113487654663239290e+00
-5.110045011778868052e+00
-5.084914615837019980e+00
-5.084914615837019980e+00
-5.052973703599706212e+00
-5.052973703599706212e+00
-5.052973703599706212e+00
-4.979622326332642679e+00
-4.979622326332642679e+00
-4.990703420317405659e+00
-4.990703420317405659e+00
-4.990703420317405659e+00
-4.973619506437106708e+00
-4.970156185752035327e+00
-4.970156185752035327e+00
-4.950437122693412739e+00
-4.950437122693412739e+00
-4.950437122693412739e+00
-4.924926226863073353e+00
-4.921453064883092310e+00
-4.926693438205984599e+00
-4.898176751688658292e+00
-4.903034875644626034e+00
-4.903034875644626034e+00
-4.907433094078882618e+00
-4.875673755489121852e+00
-4.879636167521205437e+00
-4.884027061304230699e+00
-4.884027061304230699e+00
-4.856840239172678153e+00
-4.861443265151192961e+00
-4.857983835862065725e+00
-4.865369773676412102e+00
-4.868423197543242154e+00
-4.836648156488217332e+00
-4.839673236581711890e+00
-4.839673236581711890e+00
-4.842541431896505877e+00
-4.845178940260192135e+00
-4.807258988865390492e+00
-4.809843687455112260e+00
-4.812509895751869493e+00
-4.815577614025436937e+00
-4.817428637882536613e+00
-4.774989854246273424e+00
-4.779239403030514310e+00
-4.771675663440517745e+00
-4.771675663440517745e+00
-4.727320346074971091e+00
-4.515492791934119232e+00
-4.518861303186676892e+00
-4.520414622650343439e+00
-4.523678782698627110e+00
-4.527015559662696198e+00
-4.527015559662696198e+00
-4.485241235395541537e+00
-4.485241235395541537e+00
-4.487818456197241623e+00
-4.489001299081496477e+00
-4.493516917146830991e+00
-4.491870397354793987e+00
-4.430816162021693039e+00
-4.431962142969799068e+00
-4.432949627273879756e+00
-4.438721381802553267e+00
-4.438721381802553267e+00
-4.437848055038164041e+00
-4.438790526642318213e+00
-4.444261848899957457e+00
-4.444261848899957457e+00
-4.445920083377654208e+00
-4.443280627477203204e+00
-4.448164192127885386e+00
-4.449645982653422926e+00
-4.450429320120527166e+00
-4.269953113582021231e+00
-4.270001026627336493e+00
-4.269190812449170203e+00
-4.273501310761906424e+00
-4.273501310761906424e+00
-4.273695533671354241e+00
-4.468407416055743653e+00
-4.465859453630093512e+00
-4.275698238231438353e+00
-4.275698238231438353e+00
-4.275698238231438353e+00
-4.275698238231438353e+00
-4.287203633357059118e+00
-4.287203633357059118e+00
-4.287203633357059118e+00
-4.287203633357059118e+00
-4.287301162359174356e+00
-4.482914771667608989e+00
-4.572667758781677527e+00
-4.623081826945456996e+00
-4.717292412457998907e+00
-4.872579309199020159e+00
-5.304362396122081158e+00
-5.360668741907730350e+00
-5.514303591865483689e+00
-5.881586599515415514e+00
-6.366397925971490679e+00
-2.915930520998267106e+00
-2.915930520998270659e+00
-2.915930520998270659e+00
-2.915930520998270659e+00
-2.915930520998270659e+00
-2.915930520998270659e+00
-2.915930520998270659e+00
-2.915930520998270659e+00
-2.915930520998270659e+00
-2.915930520998270659e+00
-2.915930520998270659e+00
-2.915930520998273767e+00
-2.915930520998273767e+00
-2.915930520998273767e+00
-2.915930520998273767e+00
-2.915930520998273767e+00
-2.915930520998270215e+00
-2.915930520998270215e+00
-2.915930520998270215e+00
-2.915930520998270215e+00
-2.915930520998270215e+00
-2.915930520998270659e+00
-2.915930520998270659e+00
-2.915930520998270659e+00
-2.915930520998270659e+00
-2.915930520998270659e+00
-2.915930520998270215e+00
-2.915930520998270215e+00
-2.915930520998270215e+00
-2.915930520998270215e+00
-2.915930520998270215e+00
-2.915930520998274211e+00
-2.915930520998274211e+00
-2.915930520998274211e+00
-2.915930520998274211e+00
-2.915930520998270215e+00
-2.915930520998270215e+00
-2.915930520998270659e+00
-2.915930520998270659e+00
-2.915930520998270659e+00
-2.915930520998270659e+00
-2.915930520998270659e+00
-2.915930520998270659e+00
-2.915930520998270659e+00
-2.915930520998270659e+00
-2.915930520998274211e+00
-2.915930520998274211e+00
-2.915930520998274211e+00
-2.915930520998270215e+00
-2.915930520998270215e+00
-2.915930520998270215e+00
-2.915930520998266662e+00
-2.915930520998266662e+00
-2.915930520998270659e+00
-2.915930520998270659e+00
-2.915930520998270659e+00
-2.915930520998270659e+00
-2.915930520998270659e+00
-2.915930520998270659e+00
-2.915930520998270215e+00
-2.915930520998270215e+00
-2.915930520998270215e+00
-2.915930520998270215e+00
-2.915930520998270215e+00
-2.915930520998266662e+00
-2.915930520998266662e+00
-2.915930520998266662e+00
-2.915930520998270659e+00
-2.915930520998270659e+00
-2.915930520998270659e+00
-2.915930520998270659e+00
-2.915930520998270659e+00
-2.915930520998270659e+00
-2.915930520998270659e+00
-2.915930520998270659e+00
-2.915930520998270659e+00
-2.915930520998270659e+00
-2.915930520998270215e+00
-2.915930520998270215e+00
-2.915930520998270215e+00
-2.915930520998270215e+00
-2.915930520998274211e+00
-2.915930520998274211e+00
-2.915930520998274211e+00
-2.915930520998274211e+00
-2.915930520998274211e+00
-2.915930520998274211e+00
-2.915930520998274211e+00
-2.915930520998270659e+00
-2.915930520998270659e+00
-2.915930520998270659e+00
-2.915930520998270659e+00
-2.915930520998270659e+00
-2.915930520998270659e+00
-2.915930520998270659e+00
-2.915930520998270659e+00
-2.915930520998270659e+00
-2.915930520998270659e+00
-2.915930520998270215e+00
-2.915930520998270215e+00
-2.915930520998270215e+00
-2.915930520998270215e+00
-2.915930520998270215e+00
-2.915930520998270215e+00
-2.915930520998270659e+00
-2.915930520998270659e+00
-2.915930520998270659e+00
-2.915930520998270659e+00
-2.915930520998270659e+00
-2.915930520998270659e+00
-2.915930520998270659e+00
-2.915930520998270659e+00
-2.915930520998270215e+00
-2.915930520998270215e+00
-2.915930520998270215e+00
-2.915930520998270215e+00
-2.915930520998270215e+00
-2.915930520998270215e+00
-2.915930520998270215e+00
-2.915930520998270215e+00
-2.915930520998270215e+00
-2.915930520998270215e+00
-2.915930520998270215e+00
-2.915930520998270215e+00
-2.915930520998270215e+00
-2.915930520998270215e+00
-2.915930520998270215e+00
-2.915930520998270215e+00
-2.915930520998270215e+00
-2.915930520998270215e+00
-2.915930520998270215e+00
-2.915930520998270215e+00
-2.915930520998270215e+00
-2.915930520998270215e+00
-2.915930520998270215e+00
-2.915930520998270215e+00
-2.915930520998270215e+00
-2.915930520998270215e+00
-2.915930520998270215e+00
-2.915930520998270215e+00
-2.915930520998270215e+00
-2.915930520998270215e+00
-2.915930520998270215e+00
-2.915930520998270215e+00
-2.915930520998270215e+00
-2.915930520998270215e+00
-2.915930520998270215e+00
-2.915930520998270215e+00
-2.915930520998270215e+00
-2.915930520998270215e+00
-2.915930520998270215e+00
-2.915930520998270215e+00
-2.915930520998270215e+00
-2.915930520998270215e+00
-2.915930520998270215e+00
-2.915930520998270215e+00
-2.915930520998270659e+00
-2.915930520998270659e+00
-2.915930520998270659e+00
-2.915930520998270659e+00
-2.915930520998270659e+00
-2.915930520998270659e+00
-2.915930520998270659e+00
-2.915930520998270659e+00
-2.915930520998270659e+00
-2.915930520998270659e+00
-2.915930520998270659e+00
-2.915930520998270659e+00
-2.915930520998270659e+00
-2.915930520998270659e+00
-2.915930520998270659e+00
-2.915930520998270659e+00
-2.915930520998270659e+00
-2.915930520998270659e+00
-2.915930520998270659e+00
-2.915930520998270659e+00
-2.915930520998270659e+00
-2.915930520998270659e+00
-2.915930520998270659e+00
-2.915930520998270659e+00
-2.915930520998270659e+00
-2.915930520998270659e+00
-2.915930520998270659e+00
-2.915930520998270659e+00
-2.915930520998274211e+00
-2.915930520998274211e+00
-2.915930520998270659e+00
-2.915930520998270659e+00
-2.915930520998270659e+00
-2.915930520998270659e+00
-2.915930520998274211e+00
-2.915930520998274211e+00
-2.915930520998274211e+00
-2.915930520998274211e+00
-2.915930520998274211e+00
-2.915930520998267106e+00
-2.915930520998267106e+00
-2.915930520998270659e+00
-2.915930520998270659e+00
-2.915930520998270659e+00
-2.915930520998270659e+00
-2.915930520998270659e+00
-2.915930520998270659e+00
-2.915930520998270659e+00
-2.915930520998270659e+00
-2.915930520998270659e+00
-2.915930520998266662e+00
-2.915930520998266662e+00
-2.915930520998267106e+00
-2.915930520998267106e+00
-2.915930520998266662e+00
-2.915930520998266662e+00
-2.915930520998274211e+00
-2.915930520998274211e+00
-2.915930520998274211e+00
-2.915930520998270659e+00
-2.915930520998270659e+00
-2.915930520998270659e+00
-2.915930520998270659e+00
-2.915930520998274211e+00
-2.915930520998274211e+00
-2.915930520998273767e+00
-2.915930520998273767e+00
-2.915930520998274211e+00
-2.915930520998274211e+00
-2.915930520998274211e+00
-2.915930520998273767e+00
-2.915930520998273767e+00
-2.915930520998270659e+00
-2.915930520998270659e+00
-2.915930520998270659e+00
-2.915930520998270659e+00
-2.915930520998270659e+00
-2.915930520998270659e+00
-2.915930520998274211e+00
-2.915930520998274211e+00
-2.915930520998274211e+00
-2.915930520998270215e+00
-2.915930520998270215e+00
-2.915930520998270215e+00
-2.915930520998270215e+00
-2.915930520998270659e+00
-2.915930520998270659e+00
-2.915930520998270659e+00
-2.915930520998270659e+00
-2.915930520998266662e+00
-2.915930520998266662e+00
-2.915930520998266662e+00
-2.915930520998266662e+00
-2.915930520998266662e+00
-2.915930520998267106e+00
-2.915930520998267106e+00
-2.915930520998270659e+00
-2.915930520998270659e+00
-2.915930520998266662e+00
-2.915930520998266662e+00
-2.915930520998270659e+00
-2.915930520998270659e+00
-2.915930520998270659e+00
-2.915930520998267106e+00
-2.915930520998267106e+00
-2.915930520998274211e+00
-2.915930520998274211e+00
-2.915930520998270659e+00
-2.915930520998270659e+00
-3.186237264623601906e+00
