2.826816161742131239e+00
2.776838338825476704e+00
2.620599447104221102e+00
2.159608460830427568e+00
1.929354109438806031e+00
1.667690979212347768e+00
1.306570498762794186e+00
9.707232560679956990e-01
4.402543927694505532e-01
4.782447057834832704e-01
2.536646629686288290e-01
5.952507057024467030e-02
8.321227412337443841e-02
-1.502244936698069189e-01
-3.271066482218412119e-01
-4.929505154843298875e-01
-5.487125584144172397e-01
-4.685660143897441565e-01
-5.641904957725148995e-01
-5.771618062382061209e-01
-6.631428383422444117e-01
-8.216595914920011845e-01
-8.768332474564995982e-01
-9.532962456974484189e-01
-1.079404735853353170e+00
-1.168969442977946249e+00
-1.203733511155545832e+00
-1.266714016323038594e+00
-1.360322889700581683e+00
-1.390661920927822592e+00
-1.300187696802924675e+00
-1.356482931910435896e+00
-1.432604529778786162e+00
-1.585813030548138824e+00
-1.632625442254294734e+00
-1.673289050189442628e+00
-1.667635427498156631e+00
-1.751610092899908322e+00
-2.078451948190835896e+00
-2.091577191346944975e+00
-2.086530935158326994e+00
-2.145158259876338125e+00
-2.177182703932495134e+00
-2.519393135326563282e+00
-2.514882983240920744e+00
-2.465873923031475012e+00
-2.459471957531571551e+00
-2.552631379849356286e+00
-2.611488065327409291e+00
-2.592002355498459920e+00
-2.264181507219974243e+00
-1.975167770620373631e+00
-1.974366788794570615e+00
-1.972518938387564313e+00
-2.320207422514468210e+00
-2.319413760128962387e+00
-2.318642998152578905e+00
-2.317409835169355059e+00
-2.314602434885398630e+00
-2.314014908218333222e+00
-2.450329649458656167e+00
-2.448936638193224713e+00
-2.447049977809205412e+00
-2.844544911402476561e+00
-2.843772877134539190e+00
-2.843103357781100016e+00
-2.841889821414391282e+00
-2.840956156165481694e+00
-2.838802359370559358e+00
-3.203374008177852783e+00
-3.325503547121166914e+00
-3.298100550715470813e+00
-3.264374046175610999e+00
-3.223341082031776494e+00
-3.257964475580028552e+00
-3.241061633132372499e+00
-3.302110273348376701e+00
-3.616874582991869591e+00
-3.662070004306720694e+00
-4.166996363961064098e+00
-4.163451930108856835e+00
-4.129332658348240592e+00
-4.032091008028278800e+00
-3.795520724954687619e+00
-3.513712259971502494e+00
-3.513497128284566617e+00
-3.498049706309569018e+00
-3.497796829606421021e+00
-3.497180796029996763e+00
-3.496725754014652576e+00
-3.496119909825199823e+00
-3.928601875635424623e+00
-3.928770832310501060e+00
-3.931481650265039374e+00
-4.263147027686142287e+00
-3.584994282182936143e+00
-5.003303296627938046e+00
-4.771873729977969880e+00
-4.756525027537435335e+00
-4.717924166605737213e+00
-4.750097108086191788e+00
-4.712339956912816596e+00
-4.688453832223414608e+00
-4.711020889658938060e+00
-4.700771906238584208e+00
-4.709754628375491414e+00
-4.808057854381212692e+00
-5.002251440724633902e+00
-5.032734076672955581e+00
-5.013947049954619040e+00
-4.988950344018840966e+00
-4.988813972759260196e+00
-4.955918748420940823e+00
-4.918994580224320678e+00
-4.845416747001465296e+00
-4.699043311089805997e+00
-4.367598769588713736e+00
-4.366742842413041004e+00
-4.365856985409340751e+00
-4.365856985409340751e+00
-4.365003844962067170e+00
-4.364185520126643958e+00
-4.364711867899790931e+00
-4.363851177089457245e+00
-4.363851177089457245e+00
-4.363060062143452988e+00
-4.365735011296751900e+00
-4.366257073211766482e+00
-4.365422258537154043e+00
-4.770120125574628389e+00
-4.769500570926046734e+00
-4.769500570926046734e+00
-4.768931603395765606e+00
-4.768653551993348394e+00
-4.768653551993348394e+00
-4.768075500371224962e+00
-4.770474742601827245e+00
-4.769907925889394384e+00
-4.769704791780274178e+00
-4.769704791780274178e+00
-4.769186567165137447e+00
-4.768658651365667467e+00
-5.153724442685094331e+00
-5.153383818349181134e+00
-5.153474326986014376e+00
-5.153154503778035078e+00
-5.152811364209951783e+00
-5.152733597125756404e+00
-5.152426136243020593e+00
-5.152203077750772131e+00
-5.151919599244927817e+00
-5.200004744431220516e+00
-5.199760401113961095e+00
-5.386898094583529861e+00
-5.386569753716151432e+00
-5.386454186342656492e+00
-5.386331750781303995e+00
-5.386451845510550562e+00
-5.386332960959759220e+00
-5.386195189211084866e+00
-5.385699188429877715e+00
-5.385537987770064206e+00
-5.385345370740691529e+00
-5.385074683542575791e+00
-5.465129990541469418e+00
-5.462911509700699497e+00
-5.240181921190836256e+00
-5.445065155416248359e+00
-6.379614229101574274e+00
-6.791758118680971457e+00
-6.580644439666504475e+00
-6.669656653071329266e+00
-6.626453335366989883e+00
-6.603085366301447046e+00
-6.566651918601676741e+00
-6.522456406189502509e+00
-6.512440170995209776e+00
-6.474882005149181552e+00
-6.451228214746192791e+00
-6.440959145564948862e+00
-6.482913657114211858e+00
-6.483026092400550056e+00
-6.490154200830231979e+00
-6.507165883928634820e+00
-6.526048940997267067e+00
-6.573162819105347943e+00
-6.574389371538189586e+00
-6.575370319035468647e+00
-6.576606022466952695e+00
-6.581410169509868346e+00
-6.585337290323720616e+00
-6.587928412159178571e+00
-6.593407207555780580e+00
-6.596423340046644768e+00
-6.598095982291233952e+00
-6.600386978578776542e+00
-6.603298503731599212e+00
-6.602059491476045316e+00
-6.604240626816070048e+00
-6.562676150303325073e+00
-6.563556452432051103e+00
-6.562785378585410001e+00
-6.559664368966082293e+00
-6.557500219751740467e+00
-6.557500219751740467e+00
-6.557881572138440696e+00
-6.550509562473376235e+00
-6.542015744819806855e+00
-6.540818659229795884e+00
-6.541887898346135266e+00
-6.536669338267180329e+00
-6.535321292719642905e+00
-6.482511974744128658e+00
-6.482511974744128658e+00
-6.484455229968808965e+00
-6.555307643676911766e+00
-6.067496364070573023e+00
-6.067496364070573023e+00
-6.067524421982285254e+00
-6.066390080024597786e+00
-6.066390080024597786e+00
-6.066390080024597786e+00
-6.066390080024597786e+00
-6.065387498943254130e+00
-6.066028120273172064e+00
-6.066028120273172064e+00
-6.066028120273172064e+00
-6.065073988473131728e+00
-6.065073988473131728e+00
-6.065073988473131728e+00
-6.064160514553517345e+00
-6.064166850293908340e+00
-6.064769745871171125e+00
-6.064769745871171125e+00
-6.541655900144381697e+00
-6.541655900144381697e+00
-6.541655900144381697e+00
-6.541655900144381697e+00
-6.540925281299601046e+00
-6.540925281299601046e+00
-6.540925281299601046e+00
-6.541454367780301205e+00
-6.540729466433710115e+00
-6.540740007899389141e+00
-6.540757364649161687e+00
-6.540757364649161687e+00
-6.539999832831778548e+00
-6.539999832831778548e+00
-6.539999832831778548e+00
-6.539195793002708257e+00
-6.539585016143302454e+00
-6.539640547472313159e+00
-6.539640547472313159e+00
-6.539248511147816245e+00
-6.539248511147816245e+00
-6.539248511147816245e+00
-6.538587954037471839e+00
-6.538587954037471839e+00
-6.538977346666669632e+00
-6.538977346666669632e+00
-6.538338685678581008e+00
-6.538338685678581008e+00
-6.538338685678581008e+00
-6.537719180608775105e+00
-6.537719180608775105e+00
-6.537719180608775105e+00
-6.561711149477064353e+00
-6.560928121039993677e+00
-6.560928121039993677e+00
-6.560928121039993677e+00
-6.560252384318156160e+00
-6.560252384318156160e+00
-6.560277303926445036e+00
-6.559953311443111446e+00
-6.560460991687145693e+00
-6.560460991687145693e+00
-6.559647170361943225e+00
-6.559647170361943225e+00
-6.559647170361943225e+00
-7.109432684042952033e+00
-7.109432684042952033e+00
-7.109432684042952033e+00
-7.109658768093598979e+00
-7.109168564179261018e+00
-7.109168564179261018e+00
-7.109168564179261018e+00
-7.108728533872878508e+00
-7.108728533872878508e+00
-7.108728533872878508e+00
-7.108344315042976369e+00
-7.108582604386990411e+00
-7.108632858745797201e+00
-7.111564571904304799e+00
-7.111564571904304799e+00
-7.111146008682751152e+00
-7.111146008682751152e+00
-7.111146008682751152e+00
-7.110726806805300448e+00
-7.110942117014380059e+00
-7.110942117014380059e+00
-7.110602122873912023e+00
-7.110602122873912023e+00
-7.110602122873912023e+00
-7.110318908662560666e+00
-7.110318908662560666e+00
-7.390334590245000612e+00
-7.390334590245000612e+00
-7.390334590245000612e+00
-7.390194334096504392e+00
-7.390194334096504392e+00
-7.390406771941347763e+00
-7.390247960909293923e+00
-7.390247960909293923e+00
-7.390022561358463804e+00
-7.390022561358463804e+00
-7.390022561358463804e+00
-7.389854293575247368e+00
-7.389854293575247368e+00
-7.608035887807462316e+00
-7.608038498039547903e+00
-7.607529877495929682e+00
-7.607581913632800230e+00
-7.607581913632800230e+00
-7.607627465594819505e+00
-7.607627465594819505e+00
-7.677801956835311969e+00
-7.677801956835311969e+00
-7.677810117261137712e+00
-7.677248454297734170e+00
-7.677457441668055438e+00
-7.677668251220518769e+00
-7.677668251220518769e+00
-7.843924020398672425e+00
-7.843924020398672425e+00
-7.844278790542813518e+00
-7.843110264111832208e+00
-7.843489924130727431e+00
-7.843580094297234240e+00
-7.843954021843215330e+00
-7.843954021843215330e+00
-7.844407479891644996e+00
-7.844407479891644996e+00
-8.030700510997293762e+00
-8.030700510997293762e+00
-8.030962078249435976e+00
-8.030962078249435976e+00
-8.219804794879703280e+00
-8.220016850159499455e+00
-8.221027936504839317e+00
-8.219788466126557225e+00
-8.220990072266330273e+00
-8.221583661626521433e+00
-8.222683843246070268e+00
-8.223977818062145673e+00
-8.033580603344654847e+00
-8.034510069122859477e+00
-8.035098476033676107e+00
-7.537431972623394039e+00
-7.116115113357892596e+00
-7.790666837477053797e+00
-8.047841382168922308e+00
-8.267323319403669046e+00
-8.428155425067721751e+00
-8.441038633805337810e+00
-8.440623231242526003e+00
-8.265451053766188494e+00
-8.134264221551434915e+00
-8.233755276881927543e+00
-8.359704170621688135e+00
-8.471823929658693686e+00
-8.384301301613158230e+00
-8.334621279260803206e+00
-8.330795311877587039e+00
-8.278728984413435299e+00
-8.214830966782773913e+00
-8.225092826777599342e+00
-8.205473224961266965e+00
-8.179097931938493105e+00
-8.159050524882625055e+00
-8.153985259834252375e+00
-8.145358831094261731e+00
-8.143052501251005992e+00
-8.141630870148595989e+00
-8.165284580001650028e+00
-8.165284580001650028e+00
-8.165933012779667877e+00
-8.139459276608739913e+00
-8.140106604918647903e+00
-8.141308585723807667e+00
-8.140212401901209205e+00
-8.140769762786632668e+00
-8.141478210998702281e+00
-8.141833865506825418e+00
-8.142618042693445801e+00
-8.143036435091261183e+00
-8.520246150599035673e+00
-8.520650643507202915e+00
-8.521423592063554153e+00
-8.521800380072386716e+00
-8.522790652658258637e+00
-8.523392655714056687e+00
-8.524215061259564408e+00
-8.523374434292732005e+00
-8.524203640077159250e+00
-8.524827424536601583e+00
-8.525223103992830787e+00
-8.526111556427789395e+00
-8.526530772998912155e+00
-8.526108389117903030e+00
-8.526518888332809354e+00
-8.527010702022337796e+00
-8.556268882965888167e+00
-8.556268882965888167e+00
-8.529306782480507110e+00
-8.528408946433192028e+00
-8.529239163943774571e+00
-8.529640811370516218e+00
-8.530416352749593756e+00
-8.529577805848438388e+00
-8.530460027917845522e+00
-8.529234727021544060e+00
-8.530040573271651994e+00
-8.530458740407603102e+00
-8.531823208946919479e+00
-8.531823208946919479e+00
-8.532678173619801854e+00
-8.531705264248193643e+00
-8.533699702148945576e+00
-8.533699702148945576e+00
-8.534642337186058469e+00
-8.535447479516122371e+00
-8.534970746467372749e+00
-8.534970746467372749e+00
-8.534970746467372749e+00
-8.538215448500761084e+00
-8.538215448500761084e+00
-8.538764518675009185e+00
-9.023989859491974741e+00
-9.024701956214036258e+00
-9.025569135665021392e+00
-9.026002673134476240e+00
-9.026002673134476240e+00
-9.029041244926732546e+00
-9.027972108707560395e+00
-9.027972108707560395e+00
-9.027972108707560395e+00
-9.030722932688638238e+00
-9.030722932688638238e+00
-9.029867185821116138e+00
-9.030303418018583272e+00
-9.031375821561407946e+00
-9.032341143682673490e+00
-9.032341143682673490e+00
-9.034264831508975746e+00
-9.033250586610462207e+00
-9.033862081245770170e+00
-9.034370402856602311e+00
-9.035193373621577706e+00
-9.035837213891532826e+00
-9.035243949685000331e+00
-9.036530641618343296e+00
-9.037182291353941466e+00
-9.037182291353941466e+00
-9.039881530328809589e+00
-9.038772162085139783e+00
-9.038772162085139783e+00
-9.039560927078126085e+00
-9.040126647170499297e+00
-9.040923820321770776e+00
-9.040459805501257051e+00
-9.041124324651750754e+00
-9.042221759089283495e+00
-9.042892953512748022e+00
-9.043049556097205510e+00
-9.709663391186554193e+00
-9.710584226120538176e+00
-9.711331103995892278e+00
-9.711526130687149205e+00
-9.711526130687149205e+00
-9.713367253791330924e+00
-9.713367253791330924e+00
-9.713578315662742213e+00
-9.714506560803814139e+00
-9.715477318376365190e+00
-9.716085544472878865e+00
-9.716544598125565813e+00
-9.716544598125565813e+00
-9.716544598125565813e+00
-9.721118802667122694e+00
-9.720381356686385033e+00
-9.720490989019538119e+00
-9.721146256767939420e+00
-9.723248232714862382e+00
-9.725835553165856240e+00
-9.726260369609663670e+00
-9.726260369609663670e+00
-9.726260369609663670e+00
-9.726260369609663670e+00
-9.734772360343397324e+00
-9.734121254951302760e+00
-9.734121254951302760e+00
-9.734121254951302760e+00
-9.734121254951302760e+00
-1.037428436209055782e+01
-1.039283232841435733e+01
-1.041766406566119585e+01
-1.003974611853365317e+01
-1.003974611853365317e+01
-1.003959890989347592e+01
-1.003959890989347592e+01
-1.003959890989347592e+01
-1.003959890989347592e+01
-1.003953310799591492e+01
-1.012890812382859096e+01
-1.012890812382859096e+01
-1.012890812382859096e+01
-1.012861861663869334e+01
-1.012861861663869334e+01
-1.012861861663869334e+01
-1.012883172992821557e+01
-1.012883172992821557e+01
-1.012861830511469030e+01
-1.012861830511469030e+01
-1.012872728630343389e+01
-1.012872728630343389e+01
-1.012852222108636369e+01
-1.012852222108636369e+01
-1.012852222108636369e+01
-1.012884005428956868e+01
-1.061199045176799771e+01
-1.061199045176799771e+01
-1.061199045176799771e+01
-1.061199045176799771e+01
-1.061194644715787128e+01
-1.061197872347511151e+01
-1.061197872347511151e+01
-1.061197872347511151e+01
-1.061190450981205657e+01
-1.061190450981205657e+01
-1.061190450981205657e+01
-1.061190450981205657e+01
-1.061174784632093449e+01
-1.061174784632093449e+01
-1.061164448211861711e+01
-1.061164448211861711e+01
-1.069579530374498866e+01
-1.069579530374498866e+01
-1.069579530374498866e+01
-1.069599218036231392e+01
-1.069595097117006333e+01
-1.069595097117006333e+01
-1.069595097117006333e+01
-1.069595097117006333e+01
-1.069590260122800984e+01
-1.069590260122800984e+01
-1.069590260122800984e+01
-1.105934378873444501e+01
-1.105934378873444501e+01
-1.105834397520198920e+01
-1.105834397520198920e+01
-1.105859459182670967e+01
-1.105868978861042606e+01
-1.105868978861042606e+01
-1.105868978861042606e+01
-1.105902671497904777e+01
-1.105902671497904777e+01
-1.105902671497904777e+01
-1.105947596901905428e+01
-1.105947596901905428e+01
-1.105947596901905428e+01
-1.105991837855840565e+01
-1.105991837855840565e+01
-1.105897381356382425e+01
-1.105897381356382425e+01
-1.105938562544839243e+01
-1.105938562544839243e+01
-1.105938562544839243e+01
-1.106025775231487174e+01
-1.106025775231487174e+01
-1.106025775231487174e+01
-1.106114902070216033e+01
-1.106114902070216033e+01
-1.106172282691888853e+01
-1.106199604378564416e+01
-1.106254040194673038e+01
-1.106323240630533888e+01
-1.106358792957427539e+01
-1.106343344392553796e+01
-1.106439158826384883e+01
-1.106496020792724444e+01
-1.106637184058171819e+01
-1.106810362123976432e+01
-1.069285625640636894e+01
-1.069206573023290652e+01
-1.016232287830169589e+01
-8.693720923284487867e+00
-1.015135882494358910e+01
-1.068769873202979603e+01
-1.068761172816311422e+01
-1.109769568355791236e+01
-1.109770492132493480e+01
-1.109671526371734629e+01
-1.125099799910094767e+01
-1.131255249516597239e+01
-1.132691361729397705e+01
-1.132769395579360072e+01
-1.131748186636953690e+01
-1.129275459290694528e+01
-1.123975091793361258e+01
-1.115114515839723097e+01
-1.105363845171868498e+01
-1.103151712849072119e+01
-1.105861437947042880e+01
-1.111711213767497952e+01
-1.113047600811609072e+01
-1.119315222284074807e+01
-1.122701364345568464e+01
-1.129497596368529955e+01
-1.130959361536518237e+01
-1.142937829118011628e+01
-1.147172925396649923e+01
-1.146133217428382167e+01
-1.125452584228435349e+01
-1.122460363092354108e+01
-1.114654943834384504e+01
-1.117065187816268157e+01
-1.113648871442628163e+01
-1.110890967216759329e+01
-1.109166692963536249e+01
-1.108315199691695341e+01
-1.107134698950571128e+01
-1.106190916630011500e+01
-1.105900151060624204e+01
-1.105664904464890697e+01
-1.105664904464890697e+01
-1.105916690335527086e+01
-1.105916690335527086e+01
-1.105916690335527086e+01
-1.106077833419523593e+01
-1.106077833419523593e+01
-1.106097065910773480e+01
-1.106116313530205986e+01
-1.105966118593956615e+01
-1.105966118593956615e+01
-1.105966118593956615e+01
-1.106037478327982804e+01
-1.106042007294447771e+01
-1.106042007294447771e+01
-1.106198178127184484e+01
-1.106198178127184484e+01
-1.106244365943498487e+01
-1.106281948050853892e+01
-1.106281948050853892e+01
-1.106305012142839495e+01
-1.106341789148295973e+01
-1.106371311866565499e+01
-1.106234460616114568e+01
-1.106258647582312271e+01
-1.106298048598992345e+01
-1.106300680576163487e+01
-1.106333446441703572e+01
-1.106388202954914313e+01
-1.106388202954914313e+01
-1.106429118160868441e+01
-1.106447716664368386e+01
-1.106448458531620460e+01
-1.106502908844962896e+01
-1.106542156754380990e+01
-1.106542156754380990e+01
-1.162374649325950315e+01
-1.162408490105674375e+01
-1.162408490105674375e+01
-1.162454005162729764e+01
-1.162454005162729764e+01
-1.162454005162729764e+01
-1.162454005162729764e+01
-1.162454005162729764e+01
-1.162795274227316611e+01
-1.162808601696582933e+01
-1.162808601696582933e+01
-1.162808601696582933e+01
-1.162808601696582933e+01
-1.162689483007399183e+01
-1.162716152466193797e+01
-1.162754008664121841e+01
-1.162791708778371103e+01
-1.162791708778371103e+01
-1.162823632912833460e+01
-1.162885388496692407e+01
-1.162917208583259843e+01
-1.162917208583259843e+01
-1.162951748876109370e+01
-1.163001253697746940e+01
-1.163037795193801571e+01
-1.162911768089385411e+01
-1.162949259404579827e+01
-1.162993445454895713e+01
-1.163024587938889098e+01
-1.163024587938889098e+01
-1.163070693700990255e+01
-1.163122177374485844e+01
-1.163126499500716271e+01
-1.163164957300697466e+01
-1.163232709732194614e+01
-1.163249701797452751e+01
-1.163249701797452751e+01
-1.163292601661418857e+01
-1.163146768065148073e+01
-1.163219638611618834e+01
-1.163261070563168964e+01
-1.163261070563168964e+01
-1.163299488707892415e+01
-1.163342246060610385e+01
-1.163383082512607380e+01
-1.163383082512607380e+01
-1.163446551961198949e+01
-1.163488230158269943e+01
-1.163530390630459621e+01
-1.163530390630459621e+01
-1.163571467228956102e+01
-1.163489638760643707e+01
-1.163573738610080177e+01
-1.163573738610080177e+01
-1.163573738610080177e+01
-1.163722312799727376e+01
-1.163722312799727376e+01
-1.163755543051777508e+01
-1.163755543051777508e+01
-1.163793918328969923e+01
-1.163830160953744830e+01
-1.163923273726793184e+01
-1.163929332597154875e+01
-1.163873286132696272e+01
-1.163873286132696272e+01
-1.163873286132696272e+01
-1.163999297196617277e+01
-1.163999297196617277e+01
-1.163999297196617277e+01
-1.164052821244249181e+01
-1.164052821244249181e+01
-1.164186676370242424e+01
-1.164186676370242424e+01
-1.164209675066324934e+01
-1.164299993459572136e+01
-1.164176871184182005e+01
-1.164176871184182005e+01
-1.164176871184182005e+01
-1.164176871184182005e+01
-1.164176871184182005e+01
-1.164479085949255044e+01
-1.164479085949255044e+01
-1.164479085949255044e+01
-1.164479085949255044e+01
-1.164522496139268348e+01
-1.164564644266856952e+01
-1.164568565962368929e+01
-1.164530448054852485e+01
-1.164573762726588413e+01
-1.164573762726588413e+01
-1.164573762726588413e+01
-1.164799061896806975e+01
-1.164799061896806975e+01
-1.164799061896806975e+01
-1.164857677331999497e+01
-1.164857677331999497e+01
-1.164923974643999571e+01
-1.164991841680473073e+01
-1.164867923463093113e+01
-1.164884668724833539e+01
-1.165069515304164227e+01
-1.165069515304164227e+01
-1.165091333120663641e+01
-1.165116418888469418e+01
-1.165182074339762863e+01
-1.165228584980492066e+01
-1.165270444619015677e+01
-1.165270444619015677e+01
-1.165270444619015677e+01
-1.165445652171915825e+01
-1.214522400435289029e+01
-1.214549898257133265e+01
-1.214613527957446770e+01
-1.214647913570835769e+01
-1.214696544832784575e+01
-1.214724081947290912e+01
-1.214782514505082744e+01
-1.214825179024483326e+01
-1.214825179024483326e+01
-1.214825179024483326e+01
-1.214825179024483326e+01
-1.215077239364631900e+01
-1.215077239364631900e+01
-1.215077239364631900e+01
-1.215077239364631900e+01
-1.215147785484409049e+01
-1.215168986936631512e+01
-1.215229667992550411e+01
-1.215293106465371054e+01
-1.215319062695530761e+01
-1.215367624396758828e+01
-1.215436743801885378e+01
-1.215469844147360590e+01
-1.215427703126705694e+01
-1.215451890996359019e+01
-1.215527636927616406e+01
-1.215507757220319363e+01
-1.215616111038608338e+01
-1.215616111038608338e+01
-1.215781531188540932e+01
-1.215781531188540932e+01
-1.215879858784447443e+01
-1.215909965885118815e+01
-1.215953203254260195e+01
-1.215950905815012995e+01
-1.215950905815012995e+01
-1.216118782410991095e+01
-1.216118782410991095e+01
-1.216159360133635836e+01
-1.216208014578229069e+01
-1.216233306995095553e+01
-1.216331554658369107e+01
-1.216415699886593238e+01
-1.216473198672017553e+01
-1.216473198672017553e+01
-1.216629560674990884e+01
-1.216629560674990884e+01
-1.216629560674990884e+01
-1.216730716922322664e+01
-1.216854776998972554e+01
-1.216916429644687980e+01
-1.216981599363177402e+01
-1.217141014725073589e+01
-1.217215385868255240e+01
-1.217215385868255240e+01
-1.217135148577525960e+01
-1.217145806803337926e+01
-1.217619680285273454e+01
-1.217619680285273454e+01
-1.217620285664993496e+01
-1.217706332762719512e+01
-1.217816959548940225e+01
-1.217904968255282405e+01
-1.217958980457154716e+01
-1.218236278707582088e+01
-1.218236278707582088e+01
-1.220696438562895025e+01
-1.220696438562895025e+01
-1.220696438562895025e+01
-1.220696438562895025e+01
-1.220696438562895025e+01
-1.221622507742911701e+01
-1.221622507742911701e+01
-1.221622507742911701e+01
-1.221622507742911701e+01
-1.221622507742911701e+01
-1.221543776735366116e+01
-1.221543776735366116e+01
-1.221729061805153371e+01
-1.222234651635516656e+01
-1.223141154090298954e+01
-1.224371999883180351e+01
-1.226887580169107395e+01
-1.224915561961416444e+01
-1.186325584675933698e+01
-1.186325584675933698e+01
-1.186274856825419732e+01
-1.186274856825419732e+01
-1.186274856825419732e+01
-1.186274856825419732e+01
-1.186274856825419732e+01
-1.186310479478860280e+01
-1.186310479478860280e+01
-1.186333192855787999e+01
-1.186333192855787999e+01
-1.186333192855787999e+01
-1.186333192855787999e+01
-1.235711700240627664e+01
-1.235711700240627664e+01
-1.235711700240627664e+01
-1.235711700240627664e+01
-1.235711700240627664e+01
-1.235711700240627664e+01
-1.235711700240627664e+01
-1.235711700240627664e+01
-1.235711700240627664e+01
-1.235684023596042813e+01
-1.235698404714278453e+01
-1.235698404714278453e+01
-1.235698404714278453e+01
-1.235698404714278453e+01
-1.235698404714278453e+01
-1.235698404714278453e+01
-1.235698404714278453e+01
-1.235698404714278453e+01
-1.235717853594149851e+01
-1.235692849141963734e+01
-1.235692849141963734e+01
-1.235692849141963734e+01
-1.235692849141963734e+01
-1.235692849141963734e+01
-1.235692849141963734e+01
-1.235692849141963734e+01
-1.235692849141963734e+01
-1.235692849141963734e+01
-1.235692849141963734e+01
-1.235654556046353569e+01
-1.235659099271481765e+01
-1.235659099271481765e+01
-1.235680703308173101e+01
-1.235680703308173101e+01
-1.235680703308173101e+01
-1.235680703308173101e+01
-1.235680703308173101e+01
-1.235688052758810151e+01
-1.235673305010090317e+01
-1.235673305010090317e+01
-1.235673305010090317e+01
-1.235673305010090317e+01
-1.235691551719152415e+01
-1.235691551719152415e+01
-1.235691551719152415e+01
-1.235691551719152415e+01
-1.235691551719152415e+01
-1.235691551719152415e+01
-1.235669549942822165e+01
-1.235669549942822165e+01
-1.235669549942822165e+01
-1.235669549942822165e+01
-1.235669549942822165e+01
-1.235669549942822165e+01
-1.235669549942822165e+01
-1.235669549942822165e+01
-1.235669549942822165e+01
-1.235651373599728764e+01
-1.235651373599728764e+01
-1.235651373599728764e+01
-1.235651373599728764e+01
-1.235651373599728764e+01
-1.235651373599728764e+01
-1.235651373599728764e+01
-1.235651373599728764e+01
-1.235679840407361318e+01
-1.235655465682853382e+01
-1.235655465682853382e+01
-1.235655465682853382e+01
-1.235677176975820579e+01
-1.235677176975820579e+01
-1.235677176975820579e+01
-1.235679505365277109e+01
-1.235679505365277109e+01
-1.235679505365277109e+01
-1.269104661697697090e+01
-1.269104661697697090e+01
-1.269104661697697090e+01
-1.269104661697697090e+01
-1.269104661697697090e+01
-1.269104661697697090e+01
-1.269104661697697090e+01
-1.269104661697697090e+01
-1.269104661697697090e+01
-1.269096794684074325e+01
-1.269096794684074325e+01
-1.269096794684074325e+01
-1.269096794684074325e+01
-1.269096794684074325e+01
-1.269085908562462706e+01
-1.269093110080378040e+01
-1.269093110080378040e+01
-1.269087472489277069e+01
-1.269087472489277069e+01
-1.269087472489277069e+01
-1.269087472489277069e+01
-1.269087472489277069e+01
-1.269087472489277069e+01
-1.269087472489277069e+01
-1.269087472489277069e+01
-1.269087472489277069e+01
-1.269080062269884124e+01
-1.269080062269884124e+01
-1.269080062269884124e+01
-1.269080062269884124e+01
-1.269080062269884124e+01
-1.269080062269884124e+01
-1.269080062269884124e+01
-1.269080062269884124e+01
-1.269077282494305514e+01
-1.269077282494305514e+01
-1.269097567051371023e+01
-1.269112826024670149e+01
-1.269112826024670149e+01
-1.269112826024670149e+01
-1.269112826024670149e+01
-1.269112826024670149e+01
-1.269104172881664816e+01
-1.269104172881664816e+01
-1.269104172881664816e+01
-1.269104172881664816e+01
-1.269104172881664816e+01
-1.269104172881664816e+01
-1.269104172881664816e+01
