2.735730977822137699e+00
2.735597868138044841e+00
2.734965820297063033e+00
2.536180359021878772e+00
2.479524542417133937e+00
2.107343532319262636e+00
1.874671089673821234e+00
2.071515336975014332e+00
1.859003001026234614e+00
1.817584670203423070e+00
1.503095515587769437e+00
1.192239213065638070e+00
6.050598098718102946e-01
6.458949815272418959e-01
8.665466267739463380e-01
4.918656514757662190e-01
2.847250385949948726e-01
1.463019993997674018e-01
2.408060991144002072e-01
1.894784071036051121e-01
-9.063462087558228630e-02
-2.023629043812901207e-01
-2.643140078063062059e-01
-3.706666260336924923e-01
-5.563437051012680712e-01
-6.941939070608427187e-01
-7.836855182027808731e-01
-7.459736404060557380e-01
-8.300911740465809485e-01
-5.364826326309006799e-01
-5.577595528023320259e-01
-5.767547998734170456e-01
-6.246129045886679165e-01
-7.153157478039973149e-01
-8.031236643995607327e-01
-8.146583848266566452e-01
-9.719820675479579064e-01
-1.012610332553322223e+00
-1.193989086511687336e+00
-1.090148411157977559e+00
-1.275293846058260128e+00
-1.843390941669976080e+00
-1.831536311489859958e+00
-1.097146244494792144e+00
-1.245263917405738052e+00
-8.428539611558052425e-01
-1.177997127994542481e+00
-2.280669308814224985e-02
-2.037393838892246137e-02
-1.770472751487219831e-01
-1.745081629986459937e-01
-1.731459581920415658e-01
-1.710843241690644667e-01
-1.698212812851488673e-01
-2.391370421180993300e-01
-3.965375888288404926e-01
-3.949189352114708673e-01
-3.932314291976234388e-01
-3.911685576622464522e-01
-3.878886808387786433e-01
-2.364094606677775712e+00
-2.341691873007496039e+00
-2.376743084865300837e+00
-2.336094175148119234e+00
-1.848234929878412647e+00
-1.633006777441666557e+00
-1.558485103704059904e+00
-1.447045380532605119e+00
-1.651882470691843352e+00
-1.727038278046919784e+00
-7.393758836738849594e-01
-7.377500504242380241e-01
-7.367141938027993442e-01
-7.355693521301688298e-01
-7.336247550833060460e-01
-1.091899410074439247e+00
-1.090416683772369666e+00
-1.088336991432017564e+00
-7.945839132364809210e-01
-2.297251083297018770e+00
-3.138255824612384615e+00
-3.116865327859124069e+00
-3.107286082365677604e+00
-3.104165410093210564e+00
-3.092985823369158727e+00
-2.754895372072525106e+00
-2.639928387709141511e+00
-2.556852119529698264e+00
-2.461015470277301720e+00
-2.442650769246935472e+00
-2.393872280890980697e+00
-2.408213596963941772e+00
-2.422309247875200633e+00
-3.335000045832650972e+00
-1.240809081043827922e+00
-1.239259775577717049e+00
-1.238506442399620378e+00
-1.237062498946227551e+00
-1.235630310042166835e+00
-1.234245106747343890e+00
-1.233673767804885246e+00
-1.232739528787786476e+00
-1.231417909116309328e+00
-1.230691112207908278e+00
-1.630939386672814573e+00
-1.629899358542767018e+00
-1.628903456823680651e+00
-1.628328633944212900e+00
-1.627607749710626051e+00
-1.626670432656008858e+00
-1.625707951295895182e+00
-1.624244974112104778e+00
-1.623402891745537868e+00
-1.622792884990182705e+00
-1.621401949797493192e+00
-1.620803634638642299e+00
-1.620090933004827427e+00
-1.618417655641090525e+00
-1.617941838336011351e+00
-1.616284429388274768e+00
-2.064552191679777771e+00
-2.064207488929065804e+00
-2.063388043784602832e+00
-2.062496718169116505e+00
-2.061525017000001014e+00
-1.604737546587303942e+00
-2.048661010753691780e+00
-2.835034203437107436e+00
-4.218016653220895584e+00
-4.177306165660072956e+00
-4.158888300745080535e+00
-4.142866674805021354e+00
-4.132185956465013632e+00
-4.126241267540079249e+00
-4.119096083270679109e+00
-4.050072833069434886e+00
-4.050725007441997150e+00
-4.054532190681356951e+00
-4.075645770765688347e+00
-4.069308392315065248e+00
-4.044246754917641518e+00
-3.909134868936705143e+00
-3.808507817228200754e+00
-3.772169462951453056e+00
-3.724715458672087642e+00
-3.696866006310873587e+00
-3.674269843868623653e+00
-3.648182035643393828e+00
-3.657739744086452749e+00
-3.630155080789088551e+00
-3.638789386281894966e+00
-3.640511881282440410e+00
-3.617915055441681904e+00
-3.726523110289187368e+00
-4.107116389686467528e+00
-2.290320193074426580e+00
-2.290320193074426580e+00
-2.288858469150441444e+00
-2.289341598545123979e+00
-2.289341598545123979e+00
-2.287745960578147830e+00
-2.287745960578147830e+00
-2.286265103747995742e+00
-2.286265103747995742e+00
-2.341009134530986913e+00
-2.339203785582864459e+00
-2.339203785582864459e+00
-2.337436056913603011e+00
-2.337436056913603011e+00
-2.337436056913603011e+00
-2.831380070166360063e+00
-2.831536423178491635e+00
-2.830112204727000424e+00
-2.830112204727000424e+00
-2.830112204727000424e+00
-2.829464384926423381e+00
-2.829812789280269136e+00
-2.828566215160233543e+00
-2.828566215160233543e+00
-2.827333819025103168e+00
-2.827401634058626101e+00
-2.826581059380974370e+00
-2.826581059380974370e+00
-2.826581059380974370e+00
-2.842765915307731373e+00
-2.842881096357637638e+00
-2.842091094211502078e+00
-2.842091094211502078e+00
-2.841285353599622976e+00
-2.841285353599622976e+00
-2.840078203026139114e+00
-2.840481160720738529e+00
-2.839290861500724628e+00
-2.839290861500724628e+00
-2.838190502338546306e+00
-2.838190502338546306e+00
-2.837597227044218684e+00
-2.837738807984226064e+00
-2.836676112478506262e+00
-2.836676112478506262e+00
-2.835946086874413297e+00
-2.835223873433219577e+00
-2.835223873433219577e+00
-2.834185126489812578e+00
-2.834185126489812578e+00
-2.833176911692183886e+00
-2.833566628014664968e+00
-2.832468480995287585e+00
-2.831487219195758964e+00
-2.831487219195758964e+00
-2.830510167470845051e+00
-2.830901771028662139e+00
-2.830294997373319354e+00
-2.829327275282892629e+00
-2.829327275282892629e+00
-2.828825320277018829e+00
-3.335385831555822467e+00
-3.335429866899648488e+00
-3.335088682208473543e+00
-3.334729287330961078e+00
-3.334538778693310057e+00
-3.334298123329543007e+00
-3.333966822621576842e+00
-3.334311330341880542e+00
-3.333973767533818133e+00
-3.333386616154573989e+00
-3.333044377910439060e+00
-3.333044377910439060e+00
-3.332735440344182010e+00
-3.332128084497110621e+00
-3.331796086514370980e+00
-3.331468709742285927e+00
-3.331468709742285927e+00
-3.330847363643564041e+00
-3.330523226426713279e+00
-3.330382126453965697e+00
-3.330183683144036788e+00
-3.329777050671613559e+00
-3.329089638657215300e+00
-3.328498626949867312e+00
-3.327916989647410340e+00
-3.326859414062749654e+00
-2.803157323078061314e+00
-3.317169968901959365e+00
-3.315465334300548683e+00
-3.550417840014217230e+00
-3.792646537754505331e+00
-4.111519304697153210e+00
-4.488851372365514791e+00
-4.951146611498503880e+00
-5.183100871421681966e+00
-5.049706999278965824e+00
-5.028217759045220170e+00
-5.028217759045220170e+00
-5.007300180115351829e+00
-4.992222506507109081e+00
-4.991985083737756845e+00
-4.980900520852835633e+00
-4.977937253430366304e+00
-4.968545680092813832e+00
-4.959922763240669497e+00
-4.959922763240669497e+00
-4.950756778753071963e+00
-4.948585089559751182e+00
-4.943734982196416716e+00
-4.936834097890256956e+00
-4.935115724386234248e+00
-4.932635560025760313e+00
-4.931622071246302141e+00
-4.928027854259007690e+00
-4.928147288135129145e+00
-4.929148077738785716e+00
-4.931227959129482308e+00
-4.932043323966007087e+00
-4.883678927255806101e+00
-4.883678927255806101e+00
-4.904666008146187473e+00
-4.907794430671701846e+00
-4.922908365337260506e+00
-4.935337461545842075e+00
-4.953335226945010383e+00
-4.907245526495885635e+00
-4.918948452203826704e+00
-4.931884201471439688e+00
-4.947821361361660841e+00
-4.951532124353029474e+00
-4.904984840442003780e+00
-4.912610909169295326e+00
-4.919970565281267305e+00
-4.892652258434318391e+00
-5.084877636199708562e+00
-5.090254811019314651e+00
-5.100287970150338523e+00
-5.116863244731279181e+00
-5.118823443191209854e+00
-5.124219504193896491e+00
-5.070452856743637327e+00
-5.078298081111570994e+00
-5.082115868927586710e+00
-5.084728224885328274e+00
-5.041831592788349248e+00
-5.093918347094484211e+00
-5.093918347094484211e+00
-5.091767245061875613e+00
-5.091767245061875613e+00
-5.069612449656161424e+00
-5.069622328106634157e+00
-5.069179219175860673e+00
-5.116159041337541957e+00
-5.171761624877229124e+00
-5.321470265267858935e+00
-5.314419672923989424e+00
-5.378005584752543200e+00
-5.365160498065493222e+00
-5.517951313386816992e+00
-3.817794064530321663e+00
-3.817794064530321663e+00
-3.816952153252360258e+00
-3.816952153252360258e+00
-3.816952153252360258e+00
-3.816065600241834055e+00
-3.816065600241834055e+00
-3.815211222403248392e+00
-3.815371020963366888e+00
-3.815599095593774859e+00
-3.814697884319345977e+00
-3.814809385456676250e+00
-3.814809385456676250e+00
-4.084139384035014864e+00
-4.084425722010260884e+00
-4.083921838927116355e+00
-4.083921838927116355e+00
-4.083921838927116355e+00
-4.083390688058483597e+00
-4.083390688058483597e+00
-4.082623624960917574e+00
-4.082623624960917574e+00
-4.082623624960917574e+00
-4.082147891570556908e+00
-4.082147891570556908e+00
-4.081631040120508480e+00
-4.081631040120508480e+00
-4.081166904586107869e+00
-4.081166904586107869e+00
-4.080420183990344007e+00
-4.080420183990344007e+00
-4.080420183990344007e+00
-4.080393580277296373e+00
-4.080595410889352515e+00
-4.080145087123020708e+00
-4.080145087123020708e+00
-4.079666464371740631e+00
-4.079666464371740631e+00
-4.078934629807581480e+00
-4.078934629807581480e+00
-4.145296308025220533e+00
-4.145448105132717664e+00
-4.145034648269231958e+00
-4.145034648269231958e+00
-4.144651198049356111e+00
-4.144651198049356111e+00
-4.143823769313760508e+00
-4.143823769313760508e+00
-4.143391180008658026e+00
-4.142963709104027004e+00
-4.143268996778391333e+00
-4.142769699438727748e+00
-4.142769699438727748e+00
-4.142283702090219677e+00
-4.141999857852211697e+00
-4.141355243850038725e+00
-4.140901881352069935e+00
-4.140602492948151081e+00
-4.139936988178831712e+00
-4.139444031908899646e+00
-4.070683208364265226e+00
-4.068804782356930438e+00
-3.783823554528606081e+00
-4.056458825892188536e+00
-4.054417864202748412e+00
-4.123563501977542067e+00
-4.122671554067289357e+00
-4.122011607019628876e+00
-4.492506497275483568e+00
-4.492962873277076774e+00
-4.754269594686165945e+00
-4.965683864888031707e+00
-5.090328297535613444e+00
-5.274214314736170195e+00
-5.348015214442835230e+00
-5.622368872127076145e+00
-5.782681240819177226e+00
-5.968178364963824478e+00
-5.977065748901992492e+00
-5.804988435901876187e+00
-5.778792471410647558e+00
-5.761225385681007616e+00
-5.745277731309578861e+00
-5.745282989476307556e+00
-5.726650745290660538e+00
-5.713450861674256309e+00
-5.697685910099340667e+00
-5.683950432279762488e+00
-5.680641023567489789e+00
-5.657918920932766049e+00
-5.648905796789294165e+00
-5.636549682982678000e+00
-5.636549682982678000e+00
-5.620932779254721012e+00
-5.565111132926126913e+00
-5.548742688757860364e+00
-5.548742688757860364e+00
-5.543044702469384077e+00
-5.536635418328625491e+00
-5.530282197137755595e+00
-5.530282197137755595e+00
-5.525587570584176156e+00
-5.525211407977578482e+00
-5.522068099446443057e+00
-5.523272113703103336e+00
-5.526132083889985225e+00
-5.530783628251571216e+00
-5.537442788478183608e+00
-5.545984895127400449e+00
-5.556444433518440640e+00
-5.568779444349337915e+00
-5.520772341334053479e+00
-5.536670149018307896e+00
-5.563594208567576693e+00
-5.579572157532775911e+00
-5.533228220140574471e+00
-5.548688573208026220e+00
-5.557018175283021222e+00
-5.554008555095617083e+00
-5.554008555095617083e+00
-5.586573122262139535e+00
-5.586573122262139535e+00
-5.586573122262139535e+00
-5.586573122262139535e+00
-5.589265973289117007e+00
-5.590554875525951317e+00
-5.593593477406425762e+00
-5.597459409423211518e+00
-5.600083173442710560e+00
-5.602963015739347519e+00
-5.606862208958842686e+00
-5.610514629223447791e+00
-5.610562125320243787e+00
-5.573376953337319861e+00
-5.575714627867621509e+00
-5.579931257013027945e+00
-5.582978784672863348e+00
-5.584198809162750798e+00
-5.589308923779404914e+00
-5.590001004145604746e+00
-5.592188714189166632e+00
-5.596372476380818028e+00
-5.596382865569794696e+00
-5.608469620734271466e+00
-5.608469620734271466e+00
-5.608469620734271466e+00
-5.605604123058366639e+00
-5.618041033096941028e+00
-5.618041033096941028e+00
-5.617930354039269325e+00
-5.617950984645523782e+00
-5.624959539387050178e+00
-5.624959539387050178e+00
-5.622064736606945168e+00
-5.633146407540852607e+00
-5.633146407540852607e+00
-5.637872262064916207e+00
-5.637872262064916207e+00
-5.685624854226569269e+00
-5.685624854226569269e+00
-6.130760302271806239e+00
-6.130760302271806239e+00
-6.130765853442385449e+00
-6.130765853442385449e+00
-6.140558743009519205e+00
-6.140149739661872275e+00
-6.140744131080586143e+00
-6.140744131080586143e+00
-6.146167764181099891e+00
-6.146180640811432561e+00
-6.153624747300806774e+00
-6.153624747300806774e+00
-6.153624747300806774e+00
-6.154382943410659834e+00
-6.154382943410659834e+00
-6.155912482124308305e+00
-6.155912482124308305e+00
-6.220318550752733877e+00
-6.220318550752733877e+00
-6.214809756882083924e+00
-6.214455555346943605e+00
-6.214455555346943605e+00
-6.214548315579583537e+00
-6.214548315579583537e+00
-6.214548315579583537e+00
-6.212056739318270182e+00
-6.212056739318270182e+00
-6.264621123217905208e+00
-6.264621123217905208e+00
-6.264621123217905208e+00
-6.264631299512238627e+00
-6.243135541033966618e+00
-6.243135541033966618e+00
-6.367842194741780482e+00
-4.813215032974780705e+00
-4.813556905391100038e+00
-4.813556905391100038e+00
-4.812383657389119662e+00
-4.812383657389119662e+00
-4.812646891720348208e+00
-4.812646891720348208e+00
-4.812646891720348208e+00
-4.812646891720348208e+00
-4.811437667538504215e+00
-4.811437667538504215e+00
-4.811437667538504215e+00
-4.811568761700489638e+00
-4.811568761700489638e+00
-4.811568761700489638e+00
-4.810469059680642978e+00
-4.810469059680642978e+00
-4.810469059680642978e+00
-4.810469059680642978e+00
-4.810469059680642978e+00
-4.810469059680642978e+00
-4.809233972398333279e+00
-4.809603316594974309e+00
-4.809603316594974309e+00
-4.809603316594974309e+00
-4.809603316594974309e+00
-4.808461919765803394e+00
-4.808461919765803394e+00
-4.808461919765803394e+00
-4.808670352344093679e+00
-4.808670352344093679e+00
-4.808670352344093679e+00
-4.807428749920762634e+00
-4.807428749920762634e+00
-4.807428749920762634e+00
-4.807696463730917635e+00
-4.808161492798280534e+00
-4.890746257298154376e+00
-4.890746257298154376e+00
-4.890746257298154376e+00
-4.890794040779245400e+00
-4.890794040779245400e+00
-4.889613701245041355e+00
-4.890089613152651893e+00
-4.890089613152651893e+00
-4.890089613152651893e+00
-4.890089613152651893e+00
-4.890089613152651893e+00
-4.889011337803129464e+00
-4.889011337803129464e+00
-4.889011337803129464e+00
-4.889011337803129464e+00
-4.889011337803129464e+00
-4.888041221249125101e+00
-4.888041221249125101e+00
-4.888162561303452947e+00
-4.888162561303452947e+00
-4.888310148562669433e+00
-4.887216740641656010e+00
-4.887216740641656010e+00
-4.887216740641656010e+00
-4.887216740641656010e+00
-5.259386942780854390e+00
-5.259386942780854390e+00
-5.259386942780854390e+00
-5.259983121326829547e+00
-5.259983121326829547e+00
-5.259459620155334747e+00
-5.259459620155334747e+00
-5.259459620155334747e+00
-5.259459620155334747e+00
-5.259060063797086571e+00
-5.258772127727628032e+00
-5.258772127727628032e+00
-5.258772127727628032e+00
-5.258889474928446717e+00
-5.258889474928446717e+00
-5.258319754890573350e+00
-5.258319754890573350e+00
-5.258319754890573350e+00
-5.258319754890573350e+00
-5.257815570009101158e+00
-5.257815570009101158e+00
-5.258004592215544726e+00
-5.257606122844578067e+00
-5.257606122844578067e+00
-5.257397724786284421e+00
-5.257397724786284421e+00
-5.257397724786284421e+00
-5.257397724786284421e+00
-5.256927762892248168e+00
-5.256927762892248168e+00
-5.256927762892248168e+00
-5.256927762892248168e+00
-5.256629920038977666e+00
-5.256629920038977666e+00
-5.256629920038977666e+00
-5.256237993178230816e+00
-5.256237993178230816e+00
-5.255770531182910155e+00
-5.255770531182910155e+00
-5.255770531182910155e+00
-5.255770531182910155e+00
-5.255178080154038867e+00
-5.255178080154038867e+00
-5.255178080154038867e+00
-5.255178080154038867e+00
-5.255165181147011033e+00
-5.255401943832861633e+00
-5.356982471297648374e+00
-5.356982471297648374e+00
-5.356091134609164861e+00
-5.356091134609164861e+00
-5.356091134609164861e+00
-5.356091134609164861e+00
-5.355296516627207737e+00
-5.355296516627207737e+00
-5.355296516627207737e+00
-5.354509885707980033e+00
-5.354509885707980033e+00
-5.354509885707980033e+00
-5.354509885707980033e+00
-5.805598143755080542e+00
-5.805796962101322123e+00
-5.805796962101322123e+00
-5.805796962101322123e+00
-5.805380753287665563e+00
-5.805597289758079427e+00
-5.805597289758079427e+00
-5.805196439597719582e+00
-5.805196439597719582e+00
-5.805359062075845955e+00
-5.805359062075845955e+00
-5.804996975595659414e+00
-5.804690414554905864e+00
-5.804690414554905864e+00
-5.804202560551835255e+00
-5.804202560551835255e+00
-5.804202560551835255e+00
-5.804302907104300857e+00
-5.803851818780897176e+00
-5.803851818780897176e+00
-5.803851818780897176e+00
-5.803432565140215438e+00
-5.803432565140215438e+00
-5.803637127321858102e+00
-5.802957278672501218e+00
-5.802957278672501218e+00
-5.802810073081854370e+00
-5.802497338560050899e+00
-5.802347625921074226e+00
-5.802171589094498927e+00
-5.802013203069465774e+00
-5.801837235876668331e+00
-5.801358412041999202e+00
-5.800884205202821775e+00
-5.800568304396196417e+00
-5.799952486105515170e+00
-5.799313061138515302e+00
-5.340985151931096020e+00
-5.339824092686365375e+00
-5.336915998557105745e+00
-5.331465585444022715e+00
-4.894789807606744425e+00
-4.887317989813331209e+00
-5.312568988770273393e+00
-5.310440739231585106e+00
-5.309153310775555745e+00
-5.308002172035462429e+00
-5.307045154919501684e+00
-5.306359859876517149e+00
-5.305778658077842991e+00
-5.304909799485730382e+00
-5.303790089486509096e+00
-5.778729295252531095e+00
-5.778086523764338622e+00
-5.777704297067432826e+00
-5.777252655689926186e+00
-5.776964678185145807e+00
-6.006513879699721947e+00
-6.006597339465958640e+00
-6.180915528894498578e+00
-6.181095458755839545e+00
-6.336087468296722314e+00
-6.472444647892607428e+00
-6.538874963603251267e+00
-6.590303989922513317e+00
-6.624667849886962223e+00
-6.678506864846237789e+00
-6.726667531953068213e+00
-6.774630865151985759e+00
-6.846221100139538329e+00
-6.873157515269085138e+00
-6.848578294875550476e+00
-6.837013879352136669e+00
-6.963270814406175013e+00
-6.963270814406175013e+00
-7.051095263696852022e+00
-7.051095263696852022e+00
-7.162007840594608155e+00
-7.162007840594608155e+00
-7.236037841984355623e+00
-7.236051460153797521e+00
-7.298272513327718869e+00
-7.298130670058486480e+00
-7.358693490335499021e+00
-7.358693490335499021e+00
-7.429562241174034298e+00
-7.429562241174034298e+00
-7.552566208738426212e+00
-7.552566208738426212e+00
-7.620374371581013051e+00
-7.684964048021925009e+00
-7.684964048021925009e+00
-7.748143257364762171e+00
-7.748143257364762171e+00
-7.815521767056774038e+00
-7.815528951013169134e+00
-7.935080116250579962e+00
-7.935080116250579962e+00
-7.844901517584870199e+00
-7.844901517584870199e+00
-7.821976924374708595e+00
-7.821806238493447694e+00
-7.966069235642603275e+00
-7.963525073310198543e+00
-8.057918458884950397e+00
-8.057918458884950397e+00
-8.163889121756717770e+00
-8.163889121756717770e+00
-8.344490922922243925e+00
-8.344490922922243925e+00
-8.491648977308841495e+00
-6.045281581665219228e+00
-6.045281581665219228e+00
-6.043985356989887592e+00
-6.043985356989887592e+00
-6.043985356989887592e+00
-6.043985356989887592e+00
-6.043985356989887592e+00
-6.043985356989887592e+00
-6.044363367405672705e+00
-6.044363367405672705e+00
-6.044363367405672705e+00
-6.044363367405672705e+00
-6.042736788770923795e+00
-6.042736788770923795e+00
-6.042736788770923795e+00
-6.042736788770923795e+00
-6.042736788770923795e+00
-6.042736788770923795e+00
-6.042736788770923795e+00
-6.043155961587724612e+00
-6.043155961587724612e+00
-6.043155961587724612e+00
-6.043155961587724612e+00
-6.041498311221391582e+00
-6.041498311221391582e+00
-6.041989549808913118e+00
-6.041989549808913118e+00
-6.042406826148045695e+00
-6.042777266359506072e+00
-6.042777266359506072e+00
-6.042777266359506072e+00
-6.042777266359506072e+00
-6.041291846536527288e+00
-6.041291846536527288e+00
-6.041291846536527288e+00
-6.041291846536527288e+00
-6.041291846536527288e+00
-6.041291846536527288e+00
-6.041291846536527288e+00
-6.041291846536527288e+00
-6.041291846536527288e+00
-6.041291846536527288e+00
-6.039719440442532061e+00
-6.039719440442532061e+00
-6.039719440442532061e+00
-6.040105653071296210e+00
-6.040105653071296210e+00
-6.040105653071296210e+00
-6.040105653071296210e+00
-6.040105653071296210e+00
-6.040105653071296210e+00
-6.040105653071296210e+00
-6.038489739756987440e+00
-6.038887327004722749e+00
-6.039281768342284806e+00
-6.039281768342284806e+00
-6.039281768342284806e+00
-6.039281768342284806e+00
-6.039281768342284806e+00
-6.039281768342284806e+00
-6.039281768342284806e+00
-6.037747780150792387e+00
-6.038127992708397507e+00
-6.038127992708397507e+00
-6.038127992708397507e+00
-6.038127992708397507e+00
-6.038127992708397507e+00
-6.038127992708397507e+00
-6.038292976168772697e+00
-6.038292976168772697e+00
-6.038292976168772697e+00
-6.036834617740133524e+00
-6.037166545585511912e+00
-6.037166545585511912e+00
-6.037166545585511912e+00
-6.037166545585511912e+00
-6.037166545585511912e+00
-6.037166545585511912e+00
-6.037166545585511912e+00
-6.037166545585511912e+00
-6.036299869327675260e+00
-6.036670666719678557e+00
-6.036670666719678557e+00
-6.036670666719678557e+00
-6.036670666719678557e+00
-6.036670666719678557e+00
-6.036670666719678557e+00
-6.037087600980319380e+00
-6.037087600980319380e+00
-6.035690349978191094e+00
-6.035690349978191094e+00
-6.035690349978191094e+00
-6.035690349978191094e+00
-6.035690349978191094e+00
-6.035690349978191094e+00
-6.035690349978191094e+00
-6.036041986201370335e+00
-6.036041986201370335e+00
-6.316201528166423884e+00
-6.316201528166423884e+00
-6.316201528166423884e+00
-6.316201528166423884e+00
-6.316201528166423884e+00
-6.316201528166423884e+00
-6.316201528166423884e+00
-6.316201528166423884e+00
-6.315234969065266490e+00
-6.315234969065266490e+00
-6.315234969065266490e+00
-6.315234969065266490e+00
-6.315234969065266490e+00
-6.315234969065266490e+00
-6.315453040954732700e+00
-6.315712569326447756e+00
-6.315712569326447756e+00
-6.314467487919558586e+00
-6.314467487919558586e+00
-6.314467487919558586e+00
-6.314467487919558586e+00
-6.314467487919558586e+00
-6.314467487919558586e+00
-6.314864337179407983e+00
-6.314864337179407983e+00
-6.313681562523865587e+00
-6.313681562523865587e+00
-6.313681562523865587e+00
-6.313681562523865587e+00
-6.313681562523865587e+00
-6.313681562523865587e+00
-6.313681562523865587e+00
-6.313896940466639407e+00
-6.314253072117367971e+00
-6.313091654925917950e+00
-6.313091654925917950e+00
-6.313091654925917950e+00
-6.313091654925917950e+00
-6.313091654925917950e+00
-6.313091654925917950e+00
-6.313091654925917950e+00
-6.313091654925917950e+00
-6.311961346182532573e+00
-6.311961346182532573e+00
-6.311961346182532573e+00
-6.312164404167321941e+00
-6.312164404167321941e+00
-6.312164404167321941e+00
-6.312382362236450106e+00
-6.312539205951160248e+00
-6.355863460350577476e+00
-6.355863460350577476e+00
-6.355863460350577476e+00
-6.356182517569322066e+00
-6.356182517569322066e+00
-6.356549832468993522e+00
-6.356549832468993522e+00
-6.356549832468993522e+00
-6.355453822267271846e+00
-6.355811496568678720e+00
-6.355811496568678720e+00
-6.355811496568678720e+00
-6.355811496568678720e+00
-6.356003467312001831e+00
-6.356003467312001831e+00
-6.354914603843244691e+00
-6.354914603843244691e+00
-6.354914603843244691e+00
-6.354914603843244691e+00
-6.354914603843244691e+00
-6.354914603843244691e+00
-6.354914603843244691e+00
-6.354914603843244691e+00
-6.353991870469059222e+00
-6.353991870469059222e+00
-6.353991870469059222e+00
-6.353991870469059222e+00
-6.353991870469059222e+00
-6.353991870469059222e+00
-6.354184086689703470e+00
-6.591696525613550683e+00
-6.591696525613550683e+00
-6.591696525613550683e+00
-6.592026674088995897e+00
-6.592026674088995897e+00
-6.592026674088995897e+00
-6.592026674088995897e+00
-6.592386145724923097e+00
-6.591518181824364220e+00
-6.591518181824364220e+00
-6.591518181824364220e+00
-6.591518181824364220e+00
-6.591518181824364220e+00
-6.591726227829594720e+00
-6.591726227829594720e+00
-6.590813420921506349e+00
-6.590813420921506349e+00
-6.590813420921506349e+00
-6.590813420921506349e+00
-6.590813420921506349e+00
-6.590813420921506349e+00
-6.590813420921506349e+00
-6.589926208432720145e+00
-6.589926208432720145e+00
-6.589926208432720145e+00
-6.589926208432720145e+00
-6.589926208432720145e+00
-6.590254617527126157e+00
-6.590254617527126157e+00
-6.589668865859345637e+00
-6.589643244865758476e+00
-6.589643244865758476e+00
-6.589643244865758476e+00
-6.589643244865758476e+00
-6.589643244865758476e+00
-6.589019187025412450e+00
-6.589019187025412450e+00
-6.589019187025412450e+00
-6.589019187025412450e+00
-6.589388538049310462e+00
-6.589388538049310462e+00
-6.589507577100270019e+00
-6.588586780294120260e+00
-6.588586780294120260e+00
-6.588586780294120260e+00
-6.588559801582181130e+00
-6.588559801582181130e+00
-6.588559801582181130e+00
-6.588559801582181130e+00
-6.587723947387762458e+00
-6.587723947387762458e+00
-6.588051990888786236e+00
-6.588367281838583445e+00
-6.588367281838583445e+00
-6.588367281838583445e+00
-6.835953108218336460e+00
-6.835953108218336460e+00
-6.835953108218336460e+00
-6.835953108218336460e+00
-6.835953108218336460e+00
-6.929880505016490666e+00
-6.929110896156907451e+00
-6.929110896156907451e+00
-6.929110896156907451e+00
-6.929110896156907451e+00
-6.929110896156907451e+00
-6.929110896156907451e+00
-6.928375556984432748e+00
-6.928375556984432748e+00
-6.928375556984432748e+00
-6.928375556984432748e+00
-6.924742602408076486e+00
-6.924742602408076486e+00
-6.923861907084273959e+00
-6.924235445571398806e+00
-6.924235445571398806e+00
-6.924235445571398806e+00
-6.924235445571398806e+00
-6.924235445571398806e+00
-6.923455603861247809e+00
