3.124299094218177686e+01
3.138284462915893158e+01
3.154561474047068614e+01
3.228801226579770400e+01
3.158148291729753154e+01
3.078508534742934799e+01
3.052113136203321631e+01
3.015169846821216737e+01
2.987633420601789780e+01
2.959184583624725917e+01
2.942427874782837449e+01
2.930988145156721458e+01
2.912669213406614688e+01
2.892224523357923616e+01
2.884277858186158028e+01
2.872382879641300946e+01
2.861565125859696934e+01
2.845867027198804777e+01
2.828640354661181178e+01
2.826682052937634637e+01
2.830071556985081571e+01
2.815295267204875529e+01
2.800880171593959034e+01
2.799332289783448857e+01
2.792072412282030314e+01
2.789441798003110407e+01
2.786409035978462612e+01
2.777586445626083389e+01
2.768251665796682204e+01
2.740811460341386407e+01
2.746912810218356071e+01
2.745618886798537517e+01
2.748223223009954452e+01
2.745702030221755052e+01
2.747124299738074171e+01
2.747185108527505548e+01
2.750022552622491645e+01
2.755553131386999155e+01
2.759514090943930142e+01
2.764400371037760351e+01
2.767795561280791006e+01
2.771969272587128685e+01
2.773805376103079467e+01
2.806984595925041504e+01
2.796546739153804850e+01
2.791426467640435405e+01
2.790255651493424693e+01
5.000000000000000000e+00
5.000000000000000000e+00
5.000000000000000000e+00
5.000000000000000000e+00
5.000000000000000000e+00
5.000000000000000000e+00
5.000000000000000000e+00
5.000000000000000000e+00
5.000000000000000000e+00
5.000000000000000000e+00
5.000000000000000000e+00
5.000000000000000000e+00
5.000000000000000000e+00
2.670653735749581870e+01
2.667053735749581733e+01
2.673303735749581733e+01
2.672853735749581716e+01
2.647803735749581833e+01
2.790606592412696330e+01
2.787766690188859897e+01
2.787074034409677736e+01
2.787911986602212266e+01
2.793558769498114813e+01
5.000000000000000000e+00
5.000000000000000000e+00
5.000000000000000000e+00
5.000000000000000000e+00
5.000000000000000000e+00
5.000000000000000000e+00
5.000000000000000000e+00
5.000000000000000000e+00
5.000000000000000000e+00
5.000000000000000000e+00
2.648474423164578795e+01
2.644974423164578781e+01
2.642774423164578934e+01
2.641674423164578656e+01
2.645574423164578803e+01
2.631874423164578758e+01
2.623674423164578684e+01
2.770483603818415475e+01
2.768924981664990526e+01
2.768252391930324308e+01
2.768359717096743111e+01
2.769226571951833904e+01
2.773944437043776290e+01
2.686374423164578928e+01
5.000000000000000000e+00
5.000000000000000000e+00
5.000000000000000000e+00
5.000000000000000000e+00
5.000000000000000000e+00
5.000000000000000000e+00
5.000000000000000000e+00
5.000000000000000000e+00
5.000000000000000000e+00
5.000000000000000000e+00
5.000000000000000000e+00
5.000000000000000000e+00
5.000000000000000000e+00
5.000000000000000000e+00
5.000000000000000000e+00
5.000000000000000000e+00
5.000000000000000000e+00
5.000000000000000000e+00
5.000000000000000000e+00
5.000000000000000000e+00
5.000000000000000000e+00
5.000000000000000000e+00
5.000000000000000000e+00
5.000000000000000000e+00
5.000000000000000000e+00
5.000000000000000000e+00
5.000000000000000000e+00
5.000000000000000000e+00
5.000000000000000000e+00
5.000000000000000000e+00
5.000000000000000000e+00
5.000000000000000000e+00
5.000000000000000000e+00
5.000000000000000000e+00
2.624657604301237512e+01
2.617257604301237706e+01
2.614057604301237347e+01
2.611857604301237501e+01
2.609857604301237544e+01
2.608657604301237498e+01
2.607957604301237353e+01
2.606757604301237308e+01
2.606357604301237529e+01
2.606557604301237774e+01
2.608757604301237620e+01
2.612457604301237524e+01
2.612657604301237768e+01
2.608057604301237831e+01
2.604857604301237473e+01
2.602357604301237615e+01
2.600257604301237535e+01
2.599557604301237745e+01
2.747099283729253827e+01
2.747075185824201071e+01
2.747271016777875730e+01
2.747882462322110442e+01
2.748763499528837428e+01
2.748959942795661604e+01
2.750289292105642147e+01
2.754959922090113977e+01
2.630757604301237507e+01
5.000000000000000000e+00
5.000000000000000000e+00
5.000000000000000000e+00
5.000000000000000000e+00
5.000000000000000000e+00
5.000000000000000000e+00
5.000000000000000000e+00
5.000000000000000000e+00
5.000000000000000000e+00
5.000000000000000000e+00
5.000000000000000000e+00
5.000000000000000000e+00
5.000000000000000000e+00
5.000000000000000000e+00
5.000000000000000000e+00
5.000000000000000000e+00
5.000000000000000000e+00
5.000000000000000000e+00
5.000000000000000000e+00
5.000000000000000000e+00
5.000000000000000000e+00
5.000000000000000000e+00
5.000000000000000000e+00
5.000000000000000000e+00
5.000000000000000000e+00
5.000000000000000000e+00
5.000000000000000000e+00
5.000000000000000000e+00
5.000000000000000000e+00
5.000000000000000000e+00
5.000000000000000000e+00
5.000000000000000000e+00
5.000000000000000000e+00
5.000000000000000000e+00
5.000000000000000000e+00
5.000000000000000000e+00
5.000000000000000000e+00
5.000000000000000000e+00
5.000000000000000000e+00
5.000000000000000000e+00
5.000000000000000000e+00
5.000000000000000000e+00
5.000000000000000000e+00
5.000000000000000000e+00
5.000000000000000000e+00
5.000000000000000000e+00
5.000000000000000000e+00
5.000000000000000000e+00
5.000000000000000000e+00
5.000000000000000000e+00
5.000000000000000000e+00
5.000000000000000000e+00
5.000000000000000000e+00
5.000000000000000000e+00
5.000000000000000000e+00
5.000000000000000000e+00
5.000000000000000000e+00
5.000000000000000000e+00
5.000000000000000000e+00
5.000000000000000000e+00
5.000000000000000000e+00
5.000000000000000000e+00
5.000000000000000000e+00
5.000000000000000000e+00
5.000000000000000000e+00
5.000000000000000000e+00
5.000000000000000000e+00
5.000000000000000000e+00
5.000000000000000000e+00
5.000000000000000000e+00
5.000000000000000000e+00
5.000000000000000000e+00
5.000000000000000000e+00
5.000000000000000000e+00
5.000000000000000000e+00
5.000000000000000000e+00
5.000000000000000000e+00
5.000000000000000000e+00
5.000000000000000000e+00
5.000000000000000000e+00
5.000000000000000000e+00
5.000000000000000000e+00
5.000000000000000000e+00
5.000000000000000000e+00
5.000000000000000000e+00
5.000000000000000000e+00
5.000000000000000000e+00
5.000000000000000000e+00
5.000000000000000000e+00
5.000000000000000000e+00
5.000000000000000000e+00
5.000000000000000000e+00
5.000000000000000000e+00
5.000000000000000000e+00
2.547977453933398095e+01
2.577077453933397777e+01
2.565377453933398044e+01
2.561677453933398141e+01
2.561677453933398141e+01
2.558577453933398260e+01
2.555777453933398036e+01
2.555777453933398036e+01
2.554077453933398090e+01
2.554077453933398090e+01
2.551977453933398010e+01
2.550477453933397953e+01
2.550477453933397953e+01
2.549377453933398030e+01
2.549077453933398019e+01
2.548177453933397985e+01
2.547077453933398061e+01
2.546877453933397817e+01
2.546177453933398027e+01
2.545877453933398016e+01
2.545577453933398004e+01
2.545377453933398115e+01
2.545377453933398115e+01
2.545477453933398237e+01
2.545777453933398249e+01
2.545877453933398016e+01
2.545877453933398016e+01
2.548477453933397996e+01
2.548877453933398129e+01
2.550577453933398075e+01
2.551977453933398010e+01
2.554177453933397857e+01
2.555777453933398036e+01
2.557077453933398203e+01
2.558677453933398027e+01
2.559677453933397828e+01
2.559877453933398073e+01
2.560877453933397874e+01
2.560977453933397996e+01
2.560877453933397874e+01
2.560577453933397862e+01
2.560177453933398084e+01
2.559977453933397840e+01
2.559477453933397939e+01
2.559377453933397817e+01
2.559377453933397817e+01
2.559277453933398050e+01
2.559377453933397817e+01
2.559677453933397828e+01
2.559877453933398073e+01
2.560177453933398084e+01
2.560677453933397985e+01
2.561177453933397885e+01
2.561177453933397885e+01
2.561177453933397885e+01
2.561177453933397885e+01
2.563977453933398110e+01
2.563977453933398110e+01
2.563977453933398110e+01
2.566377453933397845e+01
2.570777453933398249e+01
2.577577453933398033e+01
2.579377453933398101e+01
2.582277453933398093e+01
2.582377453933398215e+01
2.587877453933398186e+01
5.000000000000000000e+00
5.000000000000000000e+00
5.000000000000000000e+00
5.000000000000000000e+00
5.000000000000000000e+00
5.000000000000000000e+00
5.000000000000000000e+00
5.000000000000000000e+00
5.000000000000000000e+00
5.000000000000000000e+00
5.000000000000000000e+00
5.000000000000000000e+00
5.000000000000000000e+00
5.000000000000000000e+00
5.000000000000000000e+00
5.000000000000000000e+00
5.000000000000000000e+00
5.000000000000000000e+00
5.000000000000000000e+00
5.000000000000000000e+00
5.000000000000000000e+00
5.000000000000000000e+00
5.000000000000000000e+00
5.000000000000000000e+00
5.000000000000000000e+00
5.000000000000000000e+00
5.000000000000000000e+00
5.000000000000000000e+00
5.000000000000000000e+00
5.000000000000000000e+00
5.000000000000000000e+00
5.000000000000000000e+00
5.000000000000000000e+00
5.000000000000000000e+00
5.000000000000000000e+00
5.000000000000000000e+00
5.000000000000000000e+00
5.000000000000000000e+00
5.000000000000000000e+00
5.000000000000000000e+00
5.000000000000000000e+00
5.000000000000000000e+00
5.000000000000000000e+00
5.000000000000000000e+00
5.000000000000000000e+00
5.000000000000000000e+00
5.000000000000000000e+00
5.000000000000000000e+00
5.000000000000000000e+00
5.000000000000000000e+00
5.000000000000000000e+00
5.000000000000000000e+00
5.000000000000000000e+00
5.000000000000000000e+00
5.000000000000000000e+00
5.000000000000000000e+00
5.000000000000000000e+00
5.000000000000000000e+00
5.000000000000000000e+00
5.000000000000000000e+00
5.000000000000000000e+00
5.000000000000000000e+00
5.000000000000000000e+00
5.000000000000000000e+00
5.000000000000000000e+00
5.000000000000000000e+00
5.000000000000000000e+00
5.000000000000000000e+00
5.000000000000000000e+00
5.000000000000000000e+00
5.000000000000000000e+00
5.000000000000000000e+00
5.000000000000000000e+00
5.000000000000000000e+00
5.000000000000000000e+00
2.496904545836885347e+01
2.524104545836885549e+01
2.544704545836885501e+01
2.546104545836885791e+01
2.527904545836885575e+01
2.523704545836885416e+01
2.520804545836885779e+01
2.518104545836885677e+01
2.518104545836885677e+01
2.514904545836885319e+01
2.512704545836885472e+01
2.510004545836885370e+01
2.507604545836885634e+01
2.507604545836885634e+01
2.503604545836885364e+01
2.502004545836885541e+01
2.499804545836885694e+01
2.499804545836885694e+01
2.497004545836885470e+01
2.495804545836885779e+01
2.493204545836885444e+01
2.493204545836885444e+01
2.492104545836885521e+01
2.490804545836885353e+01
2.489504545836885541e+01
2.489504545836885541e+01
2.488304545836885495e+01
2.488204545836885728e+01
2.488004545836885484e+01
2.487904545836885717e+01
2.488104545836885606e+01
2.488604545836885507e+01
2.489404545836885774e+01
2.490504545836885342e+01
2.491804545836885509e+01
2.493304545836885566e+01
2.495104545836885634e+01
2.496904545836885347e+01
2.499904545836885461e+01
2.501704545836885529e+01
2.503304545836885353e+01
2.504904545836885532e+01
2.505804545836885566e+01
2.505804545836885566e+01
2.505804545836885566e+01
2.509104545836885336e+01
2.509104545836885336e+01
2.509104545836885336e+01
2.509104545836885336e+01
2.509604545836885592e+01
2.510104545836885492e+01
2.510504545836885626e+01
2.511104545836885649e+01
2.511404545836885660e+01
2.511804545836885438e+01
2.512404545836885461e+01
2.513004545836885484e+01
2.513404545836885617e+01
2.513904545836885518e+01
2.514304545836885296e+01
2.514904545836885319e+01
2.515404545836885575e+01
2.515604545836885464e+01
2.516404545836885376e+01
2.516804545836885509e+01
2.517104545836885521e+01
2.517704545836885544e+01
2.517704545836885544e+01
2.519704545836885501e+01
2.519704545836885501e+01
2.519704545836885501e+01
2.519704545836885501e+01
2.521804545836885580e+01
2.521804545836885580e+01
2.521804545836885580e+01
2.521804545836885580e+01
2.522904545836885504e+01
2.522904545836885504e+01
2.522904545836885504e+01
2.524804545836885694e+01
2.524804545836885694e+01
2.525604545836885606e+01
2.525604545836885606e+01
2.526804545836885296e+01
2.526804545836885296e+01
2.528104545836885464e+01
2.528104545836885464e+01
2.528104545836885464e+01
2.528104545836885464e+01
2.530104545836885421e+01
2.530104545836885421e+01
2.530804545836885566e+01
2.530804545836885566e+01
2.532004545836885612e+01
2.532004545836885612e+01
2.534104545836885336e+01
2.534104545836885336e+01
2.534104545836885336e+01
2.535304545836885382e+01
2.535304545836885382e+01
2.536104545836885649e+01
2.536104545836885649e+01
2.537404545836885461e+01
2.537404545836885461e+01
2.538004545836885484e+01
2.538004545836885484e+01
2.538004545836885484e+01
2.539704545836885785e+01
2.539704545836885785e+01
2.539704545836885785e+01
2.539704545836885785e+01
2.539704545836885785e+01
2.540304545836885808e+01
2.540304545836885808e+01
2.540304545836885808e+01
2.540304545836885808e+01
2.539604545836885308e+01
2.539604545836885308e+01
2.555804545836885566e+01
5.000000000000000000e+00
5.000000000000000000e+00
5.000000000000000000e+00
5.000000000000000000e+00
5.000000000000000000e+00
5.000000000000000000e+00
5.000000000000000000e+00
5.000000000000000000e+00
5.000000000000000000e+00
5.000000000000000000e+00
5.000000000000000000e+00
5.000000000000000000e+00
5.000000000000000000e+00
5.000000000000000000e+00
5.000000000000000000e+00
5.000000000000000000e+00
5.000000000000000000e+00
5.000000000000000000e+00
5.000000000000000000e+00
5.000000000000000000e+00
5.000000000000000000e+00
5.000000000000000000e+00
5.000000000000000000e+00
5.000000000000000000e+00
5.000000000000000000e+00
5.000000000000000000e+00
5.000000000000000000e+00
5.000000000000000000e+00
5.000000000000000000e+00
5.000000000000000000e+00
5.000000000000000000e+00
5.000000000000000000e+00
5.000000000000000000e+00
5.000000000000000000e+00
5.000000000000000000e+00
5.000000000000000000e+00
5.000000000000000000e+00
5.000000000000000000e+00
5.000000000000000000e+00
5.000000000000000000e+00
5.000000000000000000e+00
5.000000000000000000e+00
5.000000000000000000e+00
5.000000000000000000e+00
5.000000000000000000e+00
5.000000000000000000e+00
5.000000000000000000e+00
5.000000000000000000e+00
5.000000000000000000e+00
5.000000000000000000e+00
5.000000000000000000e+00
5.000000000000000000e+00
5.000000000000000000e+00
5.000000000000000000e+00
5.000000000000000000e+00
5.000000000000000000e+00
5.000000000000000000e+00
5.000000000000000000e+00
5.000000000000000000e+00
5.000000000000000000e+00
5.000000000000000000e+00
5.000000000000000000e+00
5.000000000000000000e+00
5.000000000000000000e+00
5.000000000000000000e+00
5.000000000000000000e+00
5.000000000000000000e+00
5.000000000000000000e+00
5.000000000000000000e+00
5.000000000000000000e+00
5.000000000000000000e+00
5.000000000000000000e+00
5.000000000000000000e+00
5.000000000000000000e+00
5.000000000000000000e+00
5.000000000000000000e+00
5.000000000000000000e+00
5.000000000000000000e+00
5.000000000000000000e+00
5.000000000000000000e+00
5.000000000000000000e+00
5.000000000000000000e+00
5.000000000000000000e+00
5.000000000000000000e+00
5.000000000000000000e+00
5.000000000000000000e+00
5.000000000000000000e+00
5.000000000000000000e+00
5.000000000000000000e+00
5.000000000000000000e+00
5.000000000000000000e+00
5.000000000000000000e+00
5.000000000000000000e+00
5.000000000000000000e+00
5.000000000000000000e+00
5.000000000000000000e+00
5.000000000000000000e+00
5.000000000000000000e+00
5.000000000000000000e+00
5.000000000000000000e+00
5.000000000000000000e+00
5.000000000000000000e+00
5.000000000000000000e+00
5.000000000000000000e+00
5.000000000000000000e+00
5.000000000000000000e+00
5.000000000000000000e+00
5.000000000000000000e+00
5.000000000000000000e+00
5.000000000000000000e+00
5.000000000000000000e+00
5.000000000000000000e+00
5.000000000000000000e+00
5.000000000000000000e+00
5.000000000000000000e+00
5.000000000000000000e+00
5.000000000000000000e+00
5.000000000000000000e+00
5.000000000000000000e+00
5.000000000000000000e+00
5.000000000000000000e+00
5.000000000000000000e+00
5.000000000000000000e+00
5.000000000000000000e+00
5.000000000000000000e+00
5.000000000000000000e+00
5.000000000000000000e+00
5.000000000000000000e+00
5.000000000000000000e+00
5.000000000000000000e+00
5.000000000000000000e+00
5.000000000000000000e+00
5.000000000000000000e+00
5.000000000000000000e+00
5.000000000000000000e+00
5.000000000000000000e+00
5.000000000000000000e+00
5.000000000000000000e+00
5.000000000000000000e+00
5.000000000000000000e+00
5.000000000000000000e+00
5.000000000000000000e+00
5.000000000000000000e+00
5.000000000000000000e+00
5.000000000000000000e+00
5.000000000000000000e+00
5.000000000000000000e+00
5.000000000000000000e+00
5.000000000000000000e+00
5.000000000000000000e+00
5.000000000000000000e+00
5.000000000000000000e+00
5.000000000000000000e+00
5.000000000000000000e+00
5.000000000000000000e+00
5.000000000000000000e+00
5.000000000000000000e+00
5.000000000000000000e+00
5.000000000000000000e+00
5.000000000000000000e+00
5.000000000000000000e+00
5.000000000000000000e+00
5.000000000000000000e+00
5.000000000000000000e+00
5.000000000000000000e+00
5.000000000000000000e+00
5.000000000000000000e+00
5.000000000000000000e+00
5.000000000000000000e+00
5.000000000000000000e+00
5.000000000000000000e+00
5.000000000000000000e+00
5.000000000000000000e+00
5.000000000000000000e+00
5.000000000000000000e+00
5.000000000000000000e+00
5.000000000000000000e+00
5.000000000000000000e+00
5.000000000000000000e+00
5.000000000000000000e+00
5.000000000000000000e+00
5.000000000000000000e+00
5.000000000000000000e+00
5.000000000000000000e+00
5.000000000000000000e+00
5.000000000000000000e+00
5.000000000000000000e+00
5.000000000000000000e+00
5.000000000000000000e+00
5.000000000000000000e+00
5.000000000000000000e+00
5.000000000000000000e+00
5.000000000000000000e+00
5.000000000000000000e+00
5.000000000000000000e+00
2.436733732228911009e+01
2.436733732228911009e+01
2.452633732228910901e+01
2.452633732228910901e+01
2.464033732228911333e+01
2.464033732228911333e+01
2.476933732228911111e+01
2.476933732228911111e+01
2.488133732228911299e+01
2.488133732228911299e+01
2.498433732228911097e+01
2.498433732228911097e+01
2.510533732228910964e+01
2.510533732228910964e+01
2.520733732228911350e+01
2.520733732228911350e+01
2.531933732228911182e+01
2.542733732228911236e+01
2.542733732228911236e+01
2.553633732228911057e+01
2.553633732228911057e+01
2.565133732228910901e+01
2.565133732228910901e+01
2.576033732228911077e+01
2.576033732228911077e+01
2.570033732228911205e+01
2.570033732228911205e+01
2.566133732228911057e+01
2.566133732228911057e+01
2.581233732228911038e+01
2.581233732228911038e+01
2.596833732228910918e+01
2.596833732228910918e+01
2.614233732228911222e+01
2.614233732228911222e+01
2.634733732228911407e+01
2.634733732228911407e+01
2.659633732228910930e+01
5.000000000000000000e+00
5.000000000000000000e+00
5.000000000000000000e+00
5.000000000000000000e+00
5.000000000000000000e+00
5.000000000000000000e+00
5.000000000000000000e+00
5.000000000000000000e+00
5.000000000000000000e+00
5.000000000000000000e+00
5.000000000000000000e+00
5.000000000000000000e+00
5.000000000000000000e+00
5.000000000000000000e+00
5.000000000000000000e+00
5.000000000000000000e+00
5.000000000000000000e+00
5.000000000000000000e+00
5.000000000000000000e+00
5.000000000000000000e+00
5.000000000000000000e+00
5.000000000000000000e+00
5.000000000000000000e+00
5.000000000000000000e+00
5.000000000000000000e+00
5.000000000000000000e+00
5.000000000000000000e+00
5.000000000000000000e+00
5.000000000000000000e+00
5.000000000000000000e+00
5.000000000000000000e+00
5.000000000000000000e+00
5.000000000000000000e+00
5.000000000000000000e+00
5.000000000000000000e+00
5.000000000000000000e+00
5.000000000000000000e+00
5.000000000000000000e+00
5.000000000000000000e+00
5.000000000000000000e+00
5.000000000000000000e+00
5.000000000000000000e+00
5.000000000000000000e+00
5.000000000000000000e+00
5.000000000000000000e+00
5.000000000000000000e+00
5.000000000000000000e+00
5.000000000000000000e+00
5.000000000000000000e+00
5.000000000000000000e+00
5.000000000000000000e+00
5.000000000000000000e+00
5.000000000000000000e+00
5.000000000000000000e+00
5.000000000000000000e+00
5.000000000000000000e+00
5.000000000000000000e+00
5.000000000000000000e+00
5.000000000000000000e+00
5.000000000000000000e+00
5.000000000000000000e+00
5.000000000000000000e+00
5.000000000000000000e+00
5.000000000000000000e+00
5.000000000000000000e+00
5.000000000000000000e+00
5.000000000000000000e+00
5.000000000000000000e+00
5.000000000000000000e+00
5.000000000000000000e+00
5.000000000000000000e+00
5.000000000000000000e+00
5.000000000000000000e+00
5.000000000000000000e+00
5.000000000000000000e+00
5.000000000000000000e+00
5.000000000000000000e+00
5.000000000000000000e+00
5.000000000000000000e+00
5.000000000000000000e+00
5.000000000000000000e+00
5.000000000000000000e+00
5.000000000000000000e+00
5.000000000000000000e+00
5.000000000000000000e+00
5.000000000000000000e+00
5.000000000000000000e+00
5.000000000000000000e+00
5.000000000000000000e+00
5.000000000000000000e+00
5.000000000000000000e+00
5.000000000000000000e+00
5.000000000000000000e+00
5.000000000000000000e+00
5.000000000000000000e+00
5.000000000000000000e+00
5.000000000000000000e+00
5.000000000000000000e+00
5.000000000000000000e+00
5.000000000000000000e+00
5.000000000000000000e+00
5.000000000000000000e+00
5.000000000000000000e+00
5.000000000000000000e+00
5.000000000000000000e+00
5.000000000000000000e+00
5.000000000000000000e+00
5.000000000000000000e+00
5.000000000000000000e+00
5.000000000000000000e+00
5.000000000000000000e+00
5.000000000000000000e+00
5.000000000000000000e+00
5.000000000000000000e+00
5.000000000000000000e+00
5.000000000000000000e+00
5.000000000000000000e+00
5.000000000000000000e+00
5.000000000000000000e+00
5.000000000000000000e+00
5.000000000000000000e+00
5.000000000000000000e+00
5.000000000000000000e+00
5.000000000000000000e+00
5.000000000000000000e+00
5.000000000000000000e+00
5.000000000000000000e+00
5.000000000000000000e+00
5.000000000000000000e+00
5.000000000000000000e+00
5.000000000000000000e+00
5.000000000000000000e+00
5.000000000000000000e+00
5.000000000000000000e+00
5.000000000000000000e+00
5.000000000000000000e+00
5.000000000000000000e+00
5.000000000000000000e+00
5.000000000000000000e+00
5.000000000000000000e+00
5.000000000000000000e+00
5.000000000000000000e+00
5.000000000000000000e+00
5.000000000000000000e+00
5.000000000000000000e+00
5.000000000000000000e+00
5.000000000000000000e+00
5.000000000000000000e+00
5.000000000000000000e+00
5.000000000000000000e+00
5.000000000000000000e+00
5.000000000000000000e+00
5.000000000000000000e+00
5.000000000000000000e+00
5.000000000000000000e+00
5.000000000000000000e+00
5.000000000000000000e+00
5.000000000000000000e+00
5.000000000000000000e+00
5.000000000000000000e+00
5.000000000000000000e+00
5.000000000000000000e+00
5.000000000000000000e+00
5.000000000000000000e+00
5.000000000000000000e+00
5.000000000000000000e+00
5.000000000000000000e+00
5.000000000000000000e+00
5.000000000000000000e+00
5.000000000000000000e+00
5.000000000000000000e+00
5.000000000000000000e+00
5.000000000000000000e+00
5.000000000000000000e+00
5.000000000000000000e+00
5.000000000000000000e+00
5.000000000000000000e+00
5.000000000000000000e+00
5.000000000000000000e+00
5.000000000000000000e+00
5.000000000000000000e+00
5.000000000000000000e+00
5.000000000000000000e+00
5.000000000000000000e+00
5.000000000000000000e+00
5.000000000000000000e+00
5.000000000000000000e+00
5.000000000000000000e+00
5.000000000000000000e+00
5.000000000000000000e+00
5.000000000000000000e+00
5.000000000000000000e+00
5.000000000000000000e+00
5.000000000000000000e+00
5.000000000000000000e+00
5.000000000000000000e+00
5.000000000000000000e+00
5.000000000000000000e+00
5.000000000000000000e+00
5.000000000000000000e+00
5.000000000000000000e+00
5.000000000000000000e+00
5.000000000000000000e+00
5.000000000000000000e+00
5.000000000000000000e+00
5.000000000000000000e+00
5.000000000000000000e+00
5.000000000000000000e+00
5.000000000000000000e+00
5.000000000000000000e+00
5.000000000000000000e+00
5.000000000000000000e+00
5.000000000000000000e+00
5.000000000000000000e+00
5.000000000000000000e+00
5.000000000000000000e+00
5.000000000000000000e+00
5.000000000000000000e+00
5.000000000000000000e+00
5.000000000000000000e+00
5.000000000000000000e+00
5.000000000000000000e+00
5.000000000000000000e+00
5.000000000000000000e+00
5.000000000000000000e+00
5.000000000000000000e+00
5.000000000000000000e+00
5.000000000000000000e+00
5.000000000000000000e+00
5.000000000000000000e+00
5.000000000000000000e+00
5.000000000000000000e+00
5.000000000000000000e+00
5.000000000000000000e+00
5.000000000000000000e+00
5.000000000000000000e+00
5.000000000000000000e+00
5.000000000000000000e+00
5.000000000000000000e+00
5.000000000000000000e+00
5.000000000000000000e+00
5.000000000000000000e+00
5.000000000000000000e+00
5.000000000000000000e+00
5.000000000000000000e+00
5.000000000000000000e+00
5.000000000000000000e+00
5.000000000000000000e+00
5.000000000000000000e+00
5.000000000000000000e+00
5.000000000000000000e+00
5.000000000000000000e+00
5.000000000000000000e+00
5.000000000000000000e+00
5.000000000000000000e+00
5.000000000000000000e+00
5.000000000000000000e+00
5.000000000000000000e+00
