3.608303442940707040e+00
3.608633752176370724e+00
3.608808171853193691e+00
3.252998825010759987e+00
3.433574261915400605e+00
3.456978518045222160e+00
3.410441206741519959e+00
3.366781878859135713e+00
3.298699255907755479e+00
3.218946396128357978e+00
3.128887298992927946e+00
3.018762123960562871e+00
2.849793418957368374e+00
2.821735029962386676e+00
2.638584165747840160e+00
2.535198699613732565e+00
2.449968963021451618e+00
2.333617544477669004e+00
2.315143752664871712e+00
2.180593960057226610e+00
2.105261051102045755e+00
2.013726786776549815e+00
1.930825866126377743e+00
1.826268621021269078e+00
1.538037834449174746e+00
1.629687537829039190e+00
1.637477662113790755e+00
1.575264469676551427e+00
1.520700777029996509e+00
1.484422539552043840e+00
1.447521536366263017e+00
1.392266380638719436e+00
1.301027013406483857e+00
1.034226618799790165e+00
1.142881688206450530e+00
1.129173972503117573e+00
1.029936809365972650e+00
1.046217945303703711e+00
7.474750392268628696e-01
8.407017079933840620e-01
6.376149696467304784e-01
7.490753557965414977e-01
7.651552632898717121e-01
1.129585161016929185e+00
1.131790483062951269e+00
1.006003087161714715e+00
9.451883960676509266e-01
9.470395772863410278e-01
9.486434625607538251e-01
9.509084849108110360e-01
8.279747082625026344e-01
8.288475550065872444e-01
8.311863076857251009e-01
1.117350667567199141e+00
1.381150369059492566e-01
2.073229603142505706e-01
2.941178360703494699e-01
4.007562151057526001e-01
5.243575780337534908e-01
4.155228462927014199e-01
4.558826699901090684e-01
4.553296323442625471e-01
-9.702087170535018679e-01
5.653106853576818080e-01
5.671646458446203409e-01
5.678912134022021663e-01
5.697142108058528276e-01
4.175171409809627088e-01
5.743428193947659466e-01
4.741834772114295049e-01
-4.774978949673055473e-01
-3.974980488906305065e-01
-2.894514437298589815e-01
-1.531343431094308871e-01
-1.567431984358660380e-01
4.957855602127606183e-03
-3.076016952402739479e-02
-3.272155709099387050e-02
1.360521466162872561e-01
1.831530195204636446e-01
-3.561891613785651833e-03
-7.481261510659044101e-01
9.379850946634088471e-02
9.431058951382985389e-02
9.481747986084394786e-02
9.573765682776307073e-02
9.759945421773312535e-02
9.898684817735359243e-02
9.985640126956299434e-02
1.002718515518294801e-01
1.008393915241344585e-01
1.016526675099468230e-01
1.024131895149068827e-01
1.035779727369385422e-01
1.043626961301254708e-01
1.055101520123130771e-01
1.058726623659395905e-01
1.073448515223991429e-01
-9.483941388663695571e-02
-9.408293746674070701e-02
-9.345332336032942389e-02
-9.236691948599899671e-02
-9.124674702143215077e-02
-9.052911525368653733e-02
1.161289550553362276e-01
1.291190459684520009e-01
-2.089399141753399414e-02
-7.166968682358535458e-01
-1.415539193297699061e+00
-1.321423046798310352e+00
-1.175287915362579261e+00
-1.181535407907746915e+00
-9.588457532653406057e-01
-9.625072407575386846e-01
-9.631518485599085411e-01
-6.980503488904891141e-01
-7.351380790594979064e-01
-7.363790768824565180e-01
-7.370096868712524563e-01
-7.385525111999625691e-01
-7.390842040231961896e-01
-7.403327073578895856e-01
-4.785457220869286932e-01
-4.785814679800431959e-01
-7.427312919861466245e-01
-7.057884346479954552e-01
-7.075364815533210505e-01
-7.076899769954108077e-01
-1.614395011497483878e+00
-2.973777429117350657e+00
-4.510133449806881245e-01
-4.499624382434922465e-01
-4.499624382434922465e-01
-4.494299248741578379e-01
-4.494299248741578379e-01
-4.483878191186850826e-01
-4.489644434850538213e-01
-4.479641072797607704e-01
-4.486364837200360611e-01
-4.481376623554528260e-01
-4.471347056542234744e-01
-4.471347056542234744e-01
-4.461564447311723303e-01
-4.467241367563150045e-01
-4.459055398485239907e-01
-6.747037005649810792e-01
-6.749850896492417540e-01
-6.748404812426622712e-01
-6.748404812426622712e-01
-6.744216776278311176e-01
-6.737305930060604187e-01
-6.737305930060604187e-01
-6.730683402792774217e-01
-6.726523169729144991e-01
-6.726523169729144991e-01
-6.726137780427720037e-01
-6.722110940654393296e-01
-6.722110940654393296e-01
-6.715799350538912416e-01
-6.711872502168373389e-01
-6.707047235632607185e-01
-6.707047235632607185e-01
-6.703335956797822348e-01
-6.697086515008194851e-01
-6.696471371248063909e-01
-6.696471371248063909e-01
-6.693216154823709019e-01
-6.687014400301617423e-01
-6.680736283358903460e-01
-6.677347895775415099e-01
-6.677347895775415099e-01
-6.671260952069522077e-01
-6.673679198667288315e-01
-6.667580179221818115e-01
-6.661609997414731366e-01
-6.658223774767497716e-01
-6.653686118100435865e-01
-6.647521493467363207e-01
-6.644088709924047542e-01
-6.637722370100084257e-01
-6.635967425702106182e-01
-6.632687384868990454e-01
-6.624597392950876129e-01
-6.615598221705624171e-01
-6.607376176905683796e-01
-6.592317123126216760e-01
-6.560486055522455340e-01
-6.472335647617015741e-01
-6.439422678376429676e-01
-6.418921384137359354e-01
-6.401317759740506874e-01
-8.971560421878548297e-01
-8.961824722375533181e-01
-8.704029324908689746e-01
-1.423842257295709679e+00
-1.635255122239164027e+00
-1.955732176211737228e+00
-1.912067495215342028e+00
-1.872471088685263574e+00
-1.878994328113371859e+00
-1.830876195762854097e+00
-1.833740336457458930e+00
-1.838851510037507131e+00
-1.842644370710947443e+00
-1.846794742148571755e+00
-1.852153436140611120e+00
-1.853175139766606749e+00
-1.858935556219689866e+00
-1.864219452378180319e+00
-1.703451590149580142e+00
-1.705764944561241059e+00
-1.709221973336491729e+00
-1.712212928340201668e+00
-1.715018412469030640e+00
-1.716157228774364940e+00
-1.719669115810281035e+00
-1.722112567173298192e+00
-1.724486924837629331e+00
-1.729380133764868654e+00
-1.729797021666589441e+00
-1.733330556201778005e+00
-1.734246059535334838e+00
-1.737651877046984650e+00
-1.740591724859951173e+00
-1.741633504831593626e+00
-1.746960082460981889e+00
-1.746818523449729987e+00
-1.750182005903303306e+00
-1.751250388322792118e+00
-1.753936751579325160e+00
-1.756069375827731260e+00
-1.758699576348246918e+00
-1.761969639640167618e+00
-1.763696130342012003e+00
-1.765245202667481417e+00
-1.767422366256264477e+00
-1.769054138155924827e+00
-1.771293419693674265e+00
-1.782986534848904236e+00
-1.775587091247682547e+00
-1.779812439880204655e+00
-1.783482327540243162e+00
-1.990896000218930206e+00
-2.525169946524245645e+00
-3.176464859408117736e+00
-1.374742134610959399e+00
-1.374030692998473802e+00
-1.374030692998473802e+00
-1.374247504983985069e+00
-1.374247504983985069e+00
-1.373516297658690544e+00
-1.373516297658690544e+00
-1.372844766029563290e+00
-1.373991826864597421e+00
-1.373279101704644178e+00
-1.373279101704644178e+00
-1.372599800061166775e+00
-1.371895507919364432e+00
-1.371895507919364432e+00
-1.371998645518050619e+00
-1.371998645518050619e+00
-1.371294093542797299e+00
-1.371294093542797299e+00
-1.370580581332011771e+00
-1.370677931902829716e+00
-1.370677931902829716e+00
-1.369932458336150072e+00
-1.370230411810667182e+00
-1.369492515196087723e+00
-1.369489406036793255e+00
-1.369489406036793255e+00
-1.368689231161128284e+00
-1.368194211335053145e+00
-1.367656046206401133e+00
-1.367851431552187247e+00
-1.367245417425476672e+00
-1.366646898623404383e+00
-1.365576001610436574e+00
-1.365474502534258949e+00
-1.364495222021101517e+00
-1.027594821978179862e+00
-1.025421851700029086e+00
-1.020660706698378162e+00
-1.013568041404861786e+00
-1.009964274038529730e+00
-1.008318247497589581e+00
-1.006968082857171876e+00
-1.005729642391890000e+00
-1.005320487441534461e+00
-1.004145116312995301e+00
-1.002977531927614629e+00
-1.001810560330858690e+00
-1.340724255431809731e+00
-1.339741648474039648e+00
-1.339004265759591528e+00
-1.337995888023720603e+00
-1.336966832378518877e+00
-1.336505290045077787e+00
-1.335419305942988633e+00
-1.334295913742849393e+00
-1.333717229679220795e+00
-1.333085894583119213e+00
-1.331802376911004782e+00
-1.708275568935373023e+00
-1.713181753876350299e+00
-1.712143901394233669e+00
-1.711376781966070570e+00
-2.131278508945048777e+00
-2.131280019459785180e+00
-2.526226817169301420e+00
-2.827970721216678918e+00
-3.024249961519029473e+00
-3.199515619926641019e+00
-3.342319868920548664e+00
-3.174777151986757140e+00
-3.193485926119029372e+00
-3.189732463349854275e+00
-3.189732463349854275e+00
-3.196586168725020549e+00
-3.196586168725020549e+00
-3.146533387630555456e+00
-3.146529640783400694e+00
-3.152272870304800634e+00
-3.152272870304800634e+00
-3.161389194710478190e+00
-3.161389194710478190e+00
-3.086212751834345180e+00
-3.090626825788662657e+00
-3.090626825788662657e+00
-3.096140627901444287e+00
-3.101680403518284557e+00
-3.099400131604821418e+00
-3.106315244672606557e+00
-3.109520811785490224e+00
-2.941776493436033757e+00
-2.944008417115409948e+00
-2.944008417115409948e+00
-2.948079931641655715e+00
-2.949988397078495694e+00
-2.951124344328364568e+00
-2.953160203463062849e+00
-2.956495674454908684e+00
-2.959628396362245173e+00
-2.959364368253850852e+00
-2.962295110669660225e+00
-2.955766529207299431e+00
-2.957069889845567179e+00
-2.957753744011147656e+00
-2.960049436452896643e+00
-2.961401178915594290e+00
-2.964406698269697937e+00
-2.964126626109822471e+00
-2.966971940382453710e+00
-2.969854167931376132e+00
-2.971544169986852779e+00
-2.971944012021222825e+00
-2.971944012021222825e+00
-2.805471720538185387e+00
-2.806812146747443393e+00
-2.806189239524419232e+00
-2.808617708153081427e+00
-2.809551019387668269e+00
-2.810429753738429959e+00
-2.812376073215353767e+00
-2.812712552984242720e+00
-2.813047047256719058e+00
-2.815331817786138391e+00
-2.816287431234331784e+00
-2.815979415381951512e+00
-2.818118644646296467e+00
-2.819347778250019143e+00
-2.821045474918522533e+00
-2.820599989092073656e+00
-2.822653989536913155e+00
-2.823075366189515378e+00
-2.823911175281351049e+00
-2.826605473789401746e+00
-2.826078499229855989e+00
-2.826078499229855989e+00
-2.836638339158663591e+00
-2.827594510428155683e+00
-2.827594510428155683e+00
-3.058281468364088429e+00
-3.058281468364088429e+00
-2.833409313418768782e+00
-2.773335491771205419e+00
-2.928163893481208646e+00
-3.309704565822865430e+00
-3.504537307427389337e+00
-4.253752845514892300e+00
-1.729235751583172664e+00
-1.729235751583172664e+00
-1.729235751583172664e+00
-1.730123198515180816e+00
-1.729265135220269478e+00
-1.729265135220269478e+00
-1.729265135220269478e+00
-1.729265135220269478e+00
-1.729265135220269478e+00
-1.729265135220269478e+00
-1.728466002283927327e+00
-1.728466002283927327e+00
-1.728466002283927327e+00
-1.728466002283927327e+00
-1.729375599165678290e+00
-1.728462041115568892e+00
-1.728462041115568892e+00
-1.728462041115568892e+00
-1.728462041115568892e+00
-1.728462041115568892e+00
-1.728462041115568892e+00
-1.727509650408311614e+00
-1.727509650408311614e+00
-1.727509650408311614e+00
-1.727509650408311614e+00
-1.728423895678781630e+00
-1.728423895678781630e+00
-1.728423895678781630e+00
-1.727476363764569145e+00
-1.727476363764569145e+00
-1.727476363764569145e+00
-1.727476363764569145e+00
-1.727476363764569145e+00
-1.727476363764569145e+00
-1.726565650070622349e+00
-1.727432754153117145e+00
-1.727432754153117145e+00
-1.727432754153117145e+00
-1.727432754153117145e+00
-1.727432754153117145e+00
-1.726624115660074121e+00
-1.726624115660074121e+00
-1.726624115660074121e+00
-1.726624115660074121e+00
-1.726624115660074121e+00
-1.726635401929155655e+00
-1.726635401929155655e+00
-1.726635401929155655e+00
-1.726635401929155655e+00
-1.726635401929155655e+00
-1.726635401929155655e+00
-1.725903899615454762e+00
-1.725903899615454762e+00
-1.725903899615454762e+00
-1.726738055382670112e+00
-1.726738055382670112e+00
-1.725968963488949903e+00
-1.725968963488949903e+00
-1.725968963488949903e+00
-1.725968963488949903e+00
-1.725968963488949903e+00
-1.725316347069664413e+00
-1.725316347069664413e+00
-1.725316347069664413e+00
-1.726135566007148459e+00
-2.168000347834557306e+00
-2.168000347834557306e+00
-2.168000347834557306e+00
-2.168000347834557306e+00
-2.168000347834557306e+00
-2.167442731929310806e+00
-2.167442731929310806e+00
-2.167442731929310806e+00
-2.168102494581822359e+00
-2.167607637182023872e+00
-2.167607637182023872e+00
-2.167607637182023872e+00
-2.167607637182023872e+00
-2.167127324369328534e+00
-2.167127324369328534e+00
-2.167127324369328534e+00
-2.167127324369328534e+00
-2.154211761073449694e+00
-2.154211761073449694e+00
-2.154211761073449694e+00
-2.154211761073449694e+00
-2.153816506421318611e+00
-2.153816506421318611e+00
-2.153816506421318611e+00
-2.153816506421318611e+00
-2.154008303155788173e+00
-2.154008303155788173e+00
-2.154008303155788173e+00
-2.153673527157272893e+00
-2.153673527157272893e+00
-2.153673527157272893e+00
-2.153334513269327122e+00
-2.153334513269327122e+00
-2.153851641729466859e+00
-2.153851641729466859e+00
-2.153511275485458842e+00
-2.153511275485458842e+00
-2.153511275485458842e+00
-2.153166058371006830e+00
-2.153166058371006830e+00
-2.153166058371006830e+00
-2.153300028658738707e+00
-2.153300028658738707e+00
-2.153300028658738707e+00
-2.152941547102354747e+00
-2.152941547102354747e+00
-2.152784942057713646e+00
-2.152636501315026152e+00
-2.152500490757824458e+00
-2.152816344840573493e+00
-2.152670002792654191e+00
-2.152520175126623858e+00
-2.152349662669250208e+00
-2.152192029328572787e+00
-2.152192029328572787e+00
-2.152029109562635600e+00
-2.152261464408467440e+00
-2.152086726827421526e+00
-2.151894890826583140e+00
-2.151687560442094860e+00
-2.151473245083657559e+00
-2.151237038746905750e+00
-2.151330765037755999e+00
-2.151050877257180360e+00
-2.150740627503366476e+00
-2.150391126027938249e+00
-1.709005011053881917e+00
-1.708839577997153247e+00
-1.708084136595784841e+00
-1.707121559107771080e+00
-1.705862233153720320e+00
-1.704337503351500249e+00
-1.704337503351500249e+00
-1.703585947608176054e+00
-1.703078763762234660e+00
-1.703078763762234660e+00
-1.702664575021443971e+00
-1.702279456356216025e+00
-1.702726183227550205e+00
-1.702353057239583300e+00
-1.702353057239583300e+00
-1.701988071496563171e+00
-1.701628134041621943e+00
-1.701628134041621943e+00
-1.701719674613529243e+00
-1.701362773255682415e+00
-1.701362773255682415e+00
-1.701006447898885776e+00
-1.701006447898885776e+00
-1.700648675391414288e+00
-1.700739615447322217e+00
-1.700739615447322217e+00
-1.700377232287260565e+00
-1.700012406670249998e+00
-1.700012406670249998e+00
-1.699644878256930447e+00
-1.700097837688819835e+00
-1.699724057784889109e+00
-1.699345372712069979e+00
-1.699345372712069979e+00
-1.698962480490437077e+00
-1.699026756950348549e+00
-1.699026756950348549e+00
-1.698630895283668618e+00
-1.698630895283668618e+00
-1.698227577704773283e+00
-1.697818446702015871e+00
-1.698272003949103048e+00
-1.697852385167529787e+00
-1.697426120712524966e+00
-1.697426120712524966e+00
-1.696991404431981154e+00
-1.696991404431981154e+00
-1.697002597504078336e+00
-1.696547069309670919e+00
-1.696547069309670919e+00
-1.696082689546575706e+00
-1.695608626457530077e+00
-1.695608626457530077e+00
-2.139824982823350208e+00
-2.139824982823350208e+00
-2.139450367766746464e+00
-2.139067012197822137e+00
-2.139067012197822137e+00
-2.138675672215532675e+00
-2.138617937859053963e+00
-2.138617937859053963e+00
-2.138208114624469136e+00
-2.138208114624469136e+00
-2.137791320695825004e+00
-2.137365318513333001e+00
-2.137705300415436938e+00
-2.137268293663546093e+00
-2.136821811980939678e+00
-2.136821811980939678e+00
-2.136821811980939678e+00
-2.135897268661452131e+00
-2.136232179816558663e+00
-2.135750343215132574e+00
-2.135750343215132574e+00
-2.135255594163944615e+00
-2.134745756903091429e+00
-2.135078169942270065e+00
-2.134548095496005438e+00
-2.133996408889592633e+00
-2.133996408889592633e+00
-2.164730517788304720e+00
-2.164730517788304720e+00
-2.164466046641718044e+00
-2.666983242342386706e+00
-2.666983242342386706e+00
-2.666983242342386706e+00
-2.666497852248294720e+00
-2.666497852248294720e+00
-2.666342131917227576e+00
-2.666342131917227576e+00
-2.916842780391058376e+00
-3.170942724279237179e+00
-3.170942724279237179e+00
-3.205528464434801439e+00
-3.877090051754053412e+00
-3.877090051754053412e+00
-4.092802494148960690e+00
-4.092802494148960690e+00
-4.231610813289406359e+00
-4.303531871893000016e+00
-4.356513010387375040e+00
-4.332210405396160091e+00
-4.359419728660642868e+00
-4.398046983214085159e+00
-4.438393262812258655e+00
-4.479195837263019619e+00
-4.433075754413588143e+00
-4.401460514044196692e+00
-4.382620190925472059e+00
-4.382620190925472059e+00
-4.422676019224311972e+00
-4.422676019224311972e+00
-4.419284899057223548e+00
-4.432012190037022847e+00
-4.432012190037022847e+00
-4.431937397317818217e+00
-4.431937397317818217e+00
-4.431937397317818217e+00
-4.415226287894883583e+00
-4.415226287894883583e+00
-4.426185910655789257e+00
-4.426185910655789257e+00
-4.426185910655789257e+00
-4.416359368804497976e+00
-4.412933614502659196e+00
-4.412933614502659196e+00
-4.404177744159427199e+00
-4.404177744159427199e+00
-4.404177744159427199e+00
-4.392548589418144189e+00
-4.389111692901512818e+00
-4.394297458074587936e+00
-4.375904028773267562e+00
-4.380712079847675078e+00
-4.380712079847675078e+00
-4.385065441338977799e+00
-4.362976075410602839e+00
-4.366898120632378699e+00
-4.371244706250898560e+00
-4.371244706250898560e+00
-4.360090585425570708e+00
-4.364649998386807894e+00
-4.361223303915018334e+00
-4.368539663982151211e+00
-4.371564664398833955e+00
-4.360878683982920556e+00
-4.363878325280467152e+00
-4.363878325280467152e+00
-4.366722562826556242e+00
-4.369338178383527449e+00
-4.350646068204406802e+00
-4.353211192819605557e+00
-4.355857330643797098e+00
-4.358902106786105790e+00
-4.360739365247144228e+00
-4.331975264157976291e+00
-4.336194667025391247e+00
-4.320756539916335903e+00
-4.320756539916335903e+00
-4.296720061491335230e+00
-4.084962127482457461e+00
-4.088307743087306712e+00
-4.089850563969068986e+00
-4.093092783363207587e+00
-4.096407300233821935e+00
-4.096407300233821935e+00
-4.070642860114722872e+00
-4.070642860114722872e+00
-4.073204490709755099e+00
-4.074380209032701927e+00
-4.078868805070420045e+00
-4.077232105924061045e+00
-4.028838880604934225e+00
-4.029978221187975329e+00
-4.030959997489373947e+00
-4.036698646170600036e+00
-4.036698646170600036e+00
-4.035830300621961797e+00
-4.036767397052535067e+00
-4.042207742936110293e+00
-4.042207742936110293e+00
-4.043856665542122641e+00
-4.041232048268222243e+00
-4.046088228591777636e+00
-4.047561770426827188e+00
-4.048340758580793342e+00
-3.886971460553138691e+00
-3.887019077646486576e+00
-3.886213872411920178e+00
-3.890497828573034056e+00
-3.890497828573034056e+00
-3.890690861696545433e+00
-4.066221149529218870e+00
-4.063686790979245345e+00
-3.892681328723218037e+00
-3.892681328723218037e+00
-3.892681328723218037e+00
-3.892681328723218037e+00
-3.904117496525616460e+00
-3.904117496525616460e+00
-3.904117496525616460e+00
-3.904117496525616460e+00
-3.904214446458453391e+00
-4.080652543456981363e+00
-4.165416738611342318e+00
-4.199649066014324639e+00
-4.259809396274677695e+00
-4.348548965914947217e+00
-4.521168732716391858e+00
-4.540932214530556621e+00
-4.693587263933043374e+00
-5.002573160386599049e+00
-5.429420618402381216e+00
-2.587332000233163676e+00
-2.587332000233160123e+00
-2.587332000233160123e+00
-2.587332000233160123e+00
-2.587332000233160123e+00
-2.587332000233160123e+00
-2.587332000233160123e+00
-2.587332000233160123e+00
-2.587332000233160123e+00
-2.587332000233160123e+00
-2.587332000233160123e+00
-2.587332000233156126e+00
-2.587332000233156126e+00
-2.587332000233156126e+00
-2.587332000233156126e+00
-2.587332000233156126e+00
-2.587332000233159679e+00
-2.587332000233159679e+00
-2.587332000233159679e+00
-2.587332000233159679e+00
-2.587332000233159679e+00
-2.587332000233160123e+00
-2.587332000233160123e+00
-2.587332000233160123e+00
-2.587332000233160123e+00
-2.587332000233160123e+00
-2.587332000233159679e+00
-2.587332000233159679e+00
-2.587332000233159679e+00
-2.587332000233159679e+00
-2.587332000233159679e+00
-2.587332000233156126e+00
-2.587332000233156126e+00
-2.587332000233156126e+00
-2.587332000233156126e+00
-2.587332000233159679e+00
-2.587332000233159679e+00
-2.587332000233160123e+00
-2.587332000233160123e+00
-2.587332000233160123e+00
-2.587332000233160123e+00
-2.587332000233160123e+00
-2.587332000233160123e+00
-2.587332000233160123e+00
-2.587332000233160123e+00
-2.587332000233156126e+00
-2.587332000233156126e+00
-2.587332000233156126e+00
-2.587332000233159679e+00
-2.587332000233159679e+00
-2.587332000233159679e+00
-2.587332000233163232e+00
-2.587332000233163232e+00
-2.587332000233159679e+00
-2.587332000233159679e+00
-2.587332000233159679e+00
-2.587332000233160123e+00
-2.587332000233160123e+00
-2.587332000233160123e+00
-2.587332000233159679e+00
-2.587332000233159679e+00
-2.587332000233159679e+00
-2.587332000233160123e+00
-2.587332000233160123e+00
-2.587332000233163232e+00
-2.587332000233163232e+00
-2.587332000233163232e+00
-2.587332000233159679e+00
-2.587332000233159679e+00
-2.587332000233159679e+00
-2.587332000233159679e+00
-2.587332000233159679e+00
-2.587332000233159679e+00
-2.587332000233159679e+00
-2.587332000233160123e+00
-2.587332000233160123e+00
-2.587332000233160123e+00
-2.587332000233159679e+00
-2.587332000233159679e+00
-2.587332000233159679e+00
-2.587332000233159679e+00
-2.587332000233156126e+00
-2.587332000233156126e+00
-2.587332000233156126e+00
-2.587332000233156570e+00
-2.587332000233156570e+00
-2.587332000233156570e+00
-2.587332000233156570e+00
-2.587332000233160123e+00
-2.587332000233160123e+00
-2.587332000233160123e+00
-2.587332000233160123e+00
-2.587332000233160123e+00
-2.587332000233160123e+00
-2.587332000233160123e+00
-2.587332000233160123e+00
-2.587332000233160123e+00
-2.587332000233160123e+00
-2.587332000233159679e+00
-2.587332000233159679e+00
-2.587332000233159679e+00
-2.587332000233159679e+00
-2.587332000233159679e+00
-2.587332000233159679e+00
-2.587332000233160123e+00
-2.587332000233160123e+00
-2.587332000233160123e+00
-2.587332000233160123e+00
-2.587332000233160123e+00
-2.587332000233160123e+00
-2.587332000233160123e+00
-2.587332000233160123e+00
-2.587332000233159679e+00
-2.587332000233159679e+00
-2.587332000233159679e+00
-2.587332000233159679e+00
-2.587332000233159679e+00
-2.587332000233159679e+00
-2.587332000233159679e+00
-2.587332000233159679e+00
-2.587332000233159679e+00
-2.587332000233159679e+00
-2.587332000233159679e+00
-2.587332000233159679e+00
-2.587332000233159679e+00
-2.587332000233159679e+00
-2.587332000233159679e+00
-2.587332000233159679e+00
-2.587332000233159679e+00
-2.587332000233159679e+00
-2.587332000233159679e+00
-2.587332000233159679e+00
-2.587332000233159679e+00
-2.587332000233159679e+00
-2.587332000233159679e+00
-2.587332000233159679e+00
-2.587332000233159679e+00
-2.587332000233159679e+00
-2.587332000233159679e+00
-2.587332000233159679e+00
-2.587332000233159679e+00
-2.587332000233159679e+00
-2.587332000233159679e+00
-2.587332000233159679e+00
-2.587332000233159679e+00
-2.587332000233159679e+00
-2.587332000233159679e+00
-2.587332000233159679e+00
-2.587332000233159679e+00
-2.587332000233159679e+00
-2.587332000233159679e+00
-2.587332000233159679e+00
-2.587332000233159679e+00
-2.587332000233159679e+00
-2.587332000233159679e+00
-2.587332000233159679e+00
-2.587332000233160123e+00
-2.587332000233160123e+00
-2.587332000233160123e+00
-2.587332000233160123e+00
-2.587332000233160123e+00
-2.587332000233160123e+00
-2.587332000233160123e+00
-2.587332000233160123e+00
-2.587332000233160123e+00
-2.587332000233160123e+00
-2.587332000233160123e+00
-2.587332000233160123e+00
-2.587332000233160123e+00
-2.587332000233160123e+00
-2.587332000233160123e+00
-2.587332000233160123e+00
-2.587332000233160123e+00
-2.587332000233160123e+00
-2.587332000233160123e+00
-2.587332000233160123e+00
-2.587332000233160123e+00
-2.587332000233160123e+00
-2.587332000233160123e+00
-2.587332000233160123e+00
-2.587332000233160123e+00
-2.587332000233160123e+00
-2.587332000233160123e+00
-2.587332000233160123e+00
-2.587332000233156126e+00
-2.587332000233156126e+00
-2.587332000233160123e+00
-2.587332000233160123e+00
-2.587332000233160123e+00
-2.587332000233160123e+00
-2.587332000233156126e+00
-2.587332000233156126e+00
-2.587332000233156126e+00
-2.587332000233156126e+00
-2.587332000233156126e+00
-2.587332000233163676e+00
-2.587332000233163676e+00
-2.587332000233160123e+00
-2.587332000233160123e+00
-2.587332000233159679e+00
-2.587332000233159679e+00
-2.587332000233160123e+00
-2.587332000233160123e+00
-2.587332000233160123e+00
-2.587332000233160123e+00
-2.587332000233160123e+00
-2.587332000233163232e+00
-2.587332000233163232e+00
-2.587332000233163232e+00
-2.587332000233163232e+00
-2.587332000233163232e+00
-2.587332000233163232e+00
-2.587332000233156126e+00
-2.587332000233156126e+00
-2.587332000233156126e+00
-2.587332000233159679e+00
-2.587332000233159679e+00
-2.587332000233160123e+00
-2.587332000233160123e+00
-2.587332000233156126e+00
-2.587332000233156126e+00
-2.587332000233156126e+00
-2.587332000233156126e+00
-2.587332000233156126e+00
-2.587332000233156126e+00
-2.587332000233156126e+00
-2.587332000233156126e+00
-2.587332000233156126e+00
-2.587332000233160123e+00
-2.587332000233160123e+00
-2.587332000233159679e+00
-2.587332000233159679e+00
-2.587332000233159679e+00
-2.587332000233159679e+00
-2.587332000233156126e+00
-2.587332000233156126e+00
-2.587332000233156126e+00
-2.587332000233159679e+00
-2.587332000233159679e+00
-2.587332000233159679e+00
-2.587332000233159679e+00
-2.587332000233159679e+00
-2.587332000233159679e+00
-2.587332000233160123e+00
-2.587332000233160123e+00
-2.587332000233163232e+00
-2.587332000233163232e+00
-2.587332000233163232e+00
-2.587332000233163232e+00
-2.587332000233163232e+00
-2.587332000233163232e+00
-2.587332000233163232e+00
-2.587332000233160123e+00
-2.587332000233160123e+00
-2.587332000233163232e+00
-2.587332000233163232e+00
-2.587332000233159679e+00
-2.587332000233159679e+00
-2.587332000233159679e+00
-2.587332000233163676e+00
-2.587332000233163676e+00
-2.587332000233156570e+00
-2.587332000233156570e+00
-2.587332000233160123e+00
-2.587332000233160123e+00
-2.846822574525524008e+00
