5.334310638538931926e+01
5.340404146349448666e+01
5.347738545472775940e+01
5.338746744322661897e+01
5.296850551830319631e+01
5.259285542095859967e+01
5.230579481589357727e+01
5.205915398059796217e+01
5.182677381924025894e+01
5.155037330747981628e+01
5.138309624637449957e+01
5.118629962524641996e+01
5.088872809058710800e+01
5.074309042378858692e+01
5.056780629815616379e+01
5.037766201364276242e+01
5.022411727788626479e+01
5.005253649716284059e+01
4.998382809769377388e+01
4.981131113160060409e+01
4.971134748703074990e+01
4.959681969097157861e+01
4.949092882942504446e+01
4.936584101868955088e+01
4.927013489378190059e+01
4.915431131005459520e+01
4.908257158076762039e+01
4.897396286340119786e+01
4.887782100532946572e+01
4.883061731378133175e+01
4.878758846770136870e+01
4.872178849547601232e+01
4.862164443428640936e+01
4.859390335744579659e+01
4.855512001342227535e+01
4.845751701310928183e+01
4.835168600919560333e+01
4.835144976807008277e+01
4.813554733545649356e+01
4.815939050494736051e+01
4.818170565369175051e+01
4.820394532366644569e+01
4.811303797509776814e+01
4.796664087252096920e+01
4.797699058141817829e+01
4.787219449460994269e+01
4.782651158868605989e+01
4.783408590906329749e+01
4.784241930155018707e+01
4.784948726380825690e+01
4.774937827273792834e+01
4.775615853845734193e+01
4.776664309908237271e+01
4.803983485014002497e+01
4.742379088163215783e+01
4.746945160590995272e+01
4.753175227114225265e+01
4.761451281246380063e+01
4.771689426940398704e+01
4.761471684469744758e+01
4.767736949135247215e+01
4.768962205615618899e+01
4.729052549122320670e+01
4.729573721956960242e+01
4.730307103541827018e+01
4.730752222273020635e+01
4.731492751515122563e+01
4.719347430124746268e+01
4.733435724586408355e+01
4.732209783902731459e+01
4.673298240214857913e+01
4.677653253840149716e+01
4.685069045600209847e+01
4.695437108043778096e+01
4.696190443949985394e+01
4.709261958036817219e+01
4.705565127827546945e+01
4.706368949810726576e+01
4.720048420023532287e+01
4.727235228752984142e+01
4.713657987387357196e+01
4.662440961116054439e+01
4.657384814844046161e+01
4.657672740264698774e+01
4.657993372633210782e+01
4.658275362061526437e+01
4.658995577116715481e+01
4.659550394045278665e+01
4.659822250795977538e+01
4.660117424664595376e+01
4.660383657805715529e+01
4.660933581328636421e+01
4.661199689777193811e+01
4.661733607692264059e+01
4.661984561717589060e+01
4.662478623707086456e+01
4.662755107683021549e+01
4.663232306343250144e+01
4.646334413428786547e+01
4.646793688540579126e+01
4.647293891560217105e+01
4.647761619226599805e+01
4.648247974478198330e+01
4.648829499780352137e+01
4.666970811393142071e+01
4.671726823048521027e+01
4.664440033255192475e+01
4.610074482921477568e+01
4.567959266623839909e+01
4.572463037431523247e+01
4.582199908063259386e+01
4.582890875793179930e+01
4.600351619253596880e+01
4.600987634176443919e+01
4.601723242330962194e+01
4.623957011390828598e+01
4.619891480760664848e+01
4.620508098043706724e+01
4.621200062539684694e+01
4.621937373768895441e+01
4.622603658478465860e+01
4.623259443960277792e+01
4.645628176283936739e+01
4.645940987628503649e+01
4.625293416241417077e+01
4.631103055437915827e+01
4.632772444208718809e+01
4.632869588638938296e+01
4.570847509980871592e+01
4.569377289495422190e+01
4.569659658279702796e+01
4.569932185597981800e+01
4.569932185597981800e+01
4.570259919858485631e+01
4.570259919858485631e+01
4.570531742333056968e+01
4.570570504932744882e+01
4.570831862779947130e+01
4.570833443259900264e+01
4.571152749664672399e+01
4.571415601216601488e+01
4.571415601216601488e+01
4.571672932980871451e+01
4.571710768551808002e+01
4.571973809470816263e+01
4.552383120200175171e+01
4.552442015776533424e+01
4.552687991107875121e+01
4.552687991107875121e+01
4.552983052585391022e+01
4.553218787103115517e+01
4.553218787103115517e+01
4.553445539301590372e+01
4.553741506333983580e+01
4.553741506333983580e+01
4.553967978899022739e+01
4.554258585739552245e+01
4.554258585739552245e+01
4.554476524138917171e+01
4.554763476327414651e+01
4.554986645836987691e+01
4.554986645836987691e+01
4.555266688433080446e+01
4.555484794930929127e+01
4.555707463241213873e+01
4.555707463241213873e+01
4.555974647008078904e+01
4.556192350852942496e+01
4.556413533654255588e+01
4.556678615786658071e+01
4.556678615786658071e+01
4.556894263788412047e+01
4.557156791551990693e+01
4.557373333474218668e+01
4.557586055470572006e+01
4.557852535579310427e+01
4.558072179503696475e+01
4.558293661439127220e+01
4.558560268048594821e+01
4.558790330753796383e+01
4.559029402275101006e+01
4.559289842812349747e+01
4.559584370826270572e+01
4.559913711773579337e+01
4.560357654307905761e+01
4.560915707915566486e+01
4.562112864554400460e+01
4.565700336870381904e+01
4.567243629434501884e+01
4.568095786415432258e+01
4.568982353788321404e+01
4.548073526684241585e+01
4.549035843861552308e+01
4.553457314769111264e+01
4.508735822106878999e+01
4.494033653839224485e+01
4.481183177301203102e+01
4.482247621151103800e+01
4.483897002495429263e+01
4.483950175378372194e+01
4.486277023109041551e+01
4.486610130579776268e+01
4.486690256571327495e+01
4.487045231814964552e+01
4.487111774080216264e+01
4.487198788847491926e+01
4.487498344285482688e+01
4.487593546702282765e+01
4.487681641871408544e+01
4.498292649926274578e+01
4.498428424318872487e+01
4.498926464260845393e+01
4.499103950676897057e+01
4.499272214190412456e+01
4.499611828577950234e+01
4.499825831536077203e+01
4.500254113451189397e+01
4.500403249252994442e+01
4.500711630212288128e+01
4.501012370534357387e+01
4.501238977376449668e+01
4.501568771328791030e+01
4.501790849394275540e+01
4.501983342651840303e+01
4.502332746418412057e+01
4.502691352572333017e+01
4.502947796692792082e+01
4.503177945495042422e+01
4.503518749750082861e+01
4.503705516394899178e+01
4.503856563217057385e+01
4.504300013090664834e+01
4.504534380694617823e+01
4.504914460458344649e+01
4.505027319042986278e+01
4.505449148825565686e+01
4.505571194866520557e+01
4.505990990325901890e+01
4.506884784953807355e+01
4.506561974165371964e+01
4.506886657217395964e+01
4.507173242314820527e+01
4.494214680375492321e+01
4.485835026642226353e+01
4.456716838372331324e+01
4.456716838372331324e+01
4.456944515828231346e+01
4.456944515828231346e+01
4.457184712752452072e+01
4.457184712752452072e+01
4.457419315688993322e+01
4.457419315688993322e+01
4.457635543842941672e+01
4.457655410175640753e+01
4.457884370222958381e+01
4.457884370222958381e+01
4.458103370218756822e+01
4.458331234774001928e+01
4.458331234774001928e+01
4.458573988088140538e+01
4.458573988088140538e+01
4.458802644867898834e+01
4.458802644867898834e+01
4.459035062343463096e+01
4.459279941380612655e+01
4.459279941380612655e+01
4.459523570979085605e+01
4.459524099849888046e+01
4.459765813638892240e+01
4.460032142116320131e+01
4.460032142116320131e+01
4.460295322341593049e+01
4.460458693906339533e+01
4.460636792357463776e+01
4.460831975623527512e+01
4.461032930538751629e+01
4.461232039929957693e+01
4.461589898161331291e+01
4.461883685324247040e+01
4.462212930764332697e+01
4.492358065932575073e+01
4.493084405039950724e+01
4.494496625868288220e+01
4.496922711218626034e+01
4.498049906867962022e+01
4.498571469994584504e+01
4.499002514847023804e+01
4.499400495469544126e+01
4.499792897201461983e+01
4.500173752880243683e+01
4.500554388717331022e+01
4.500937152985913059e+01
4.471673572939917563e+01
4.472057064035523410e+01
4.472447836345691030e+01
4.472846006335176128e+01
4.473255174681341373e+01
4.473690050792690442e+01
4.474126405399836415e+01
4.474581287499738380e+01
4.474817016136252334e+01
4.475323989018195903e+01
4.475852693767684798e+01
4.443444617830525090e+01
4.444498686675946431e+01
4.445130125576073254e+01
4.445834176159500828e+01
4.409821782190548589e+01
4.410478585839399557e+01
4.377403768881343638e+01
4.353966289003027157e+01
4.341006546323995252e+01
4.335359199309221623e+01
4.335209060805064496e+01
4.336476448321376154e+01
4.336045092042417082e+01
4.336514245959987335e+01
4.336514245959987335e+01
4.336835588547513254e+01
4.336835588547513254e+01
4.338708397681853057e+01
4.338717621470111396e+01
4.339064245793049679e+01
4.339064245793049679e+01
4.339136258370101018e+01
4.339136258370101018e+01
4.343054556845441283e+01
4.343441878831733760e+01
4.343441878831733760e+01
4.343552699923203875e+01
4.343665760094742723e+01
4.343918275830031206e+01
4.344060960310282837e+01
4.344128039535036123e+01
4.354238470212407464e+01
4.354678034393185726e+01
4.354678034393185726e+01
4.354925755072957827e+01
4.355043165166193830e+01
4.355420790588645730e+01
4.355547497525800793e+01
4.355757187607102310e+01
4.355956540154022605e+01
4.356242460200648736e+01
4.356430918535626517e+01
4.359681833917522908e+01
4.359788929987132633e+01
4.360163902034548045e+01
4.360348110857250958e+01
4.360457401196258331e+01
4.360702622820775787e+01
4.360982045944873420e+01
4.361216784683220737e+01
4.361457455593722443e+01
4.361599945573905046e+01
4.361937320803369289e+01
4.361937320803369289e+01
4.376033523493685351e+01
4.376270094634350016e+01
4.376477754381033947e+01
4.376916998857025476e+01
4.377087658882571475e+01
4.377249292027979521e+01
4.377932398207415332e+01
4.377995337534575526e+01
4.378058044465138465e+01
4.378490112051999006e+01
4.378672790086265820e+01
4.378918881150965348e+01
4.379331249184907193e+01
4.379567220576592490e+01
4.379901543127984098e+01
4.380146593738450633e+01
4.380555072078634282e+01
4.380639588826373654e+01
4.380807961763100877e+01
4.381666678869670761e+01
4.381558386208544675e+01
4.381558386208544675e+01
4.383808234019348049e+01
4.382209371090574734e+01
4.382209371090574734e+01
4.366832874809308151e+01
4.366832874809308151e+01
4.383436268123401192e+01
4.393362536993615208e+01
4.384581409093114246e+01
4.379621319722505035e+01
4.379621319722505035e+01
4.379968851680870756e+01
4.379968851680870756e+01
4.379968851680870756e+01
4.379968851680870756e+01
4.379972541386437257e+01
4.380376273722480107e+01
4.380376273722480107e+01
4.380376273722480107e+01
4.380376273722480107e+01
4.380376273722480107e+01
4.380376273722480107e+01
4.380754957675912920e+01
4.380754957675912920e+01
4.380754957675912920e+01
4.380754957675912920e+01
4.380758732598913241e+01
4.381191441254647145e+01
4.381191441254647145e+01
4.381191441254647145e+01
4.381191441254647145e+01
4.381191441254647145e+01
4.381191441254647145e+01
4.381646197584533553e+01
4.381646197584533553e+01
4.381646197584533553e+01
4.381646197584533553e+01
4.381649983128392023e+01
4.381649983128392023e+01
4.381649983128392023e+01
4.382102559913647610e+01
4.382102559913647610e+01
4.382102559913647610e+01
4.382102559913647610e+01
4.382102559913647610e+01
4.382102559913647610e+01
4.382541097534630126e+01
4.382544679564423973e+01
4.382544679564423973e+01
4.382544679564423973e+01
4.382544679564423973e+01
4.382544679564423973e+01
4.382934038823451317e+01
4.382934038823451317e+01
4.382934038823451317e+01
4.382934038823451317e+01
4.382934038823451317e+01
4.383332085406036072e+01
4.383332085406036072e+01
4.383332085406036072e+01
4.383332085406036072e+01
4.383332085406036072e+01
4.383332085406036072e+01
4.383686668832056199e+01
4.383686668832056199e+01
4.383686668832056199e+01
4.383690109152483672e+01
4.383690109152483672e+01
4.384062636928577206e+01
4.384062636928577206e+01
4.384062636928577206e+01
4.384062636928577206e+01
4.384062636928577206e+01
4.384380749707305824e+01
4.384380749707305824e+01
4.384380749707305824e+01
4.384384123607053141e+01
4.345864332000272157e+01
4.345864332000272157e+01
4.345864332000272157e+01
4.345864332000272157e+01
4.345864332000272157e+01
4.346193879090215262e+01
4.346193879090215262e+01
4.346193879090215262e+01
4.346201988420211393e+01
4.346494004690967472e+01
4.346494004690967472e+01
4.346494004690967472e+01
4.346494004690967472e+01
4.346779007210813006e+01
4.346779007210813006e+01
4.346779007210813006e+01
4.346779007210813006e+01
4.347739122103089926e+01
4.347739122103089926e+01
4.347739122103089926e+01
4.347739122103089926e+01
4.348016363614252811e+01
4.348016363614252811e+01
4.348016363614252811e+01
4.348016363614252811e+01
4.348266843046832975e+01
4.348266843046832975e+01
4.348266843046832975e+01
4.348502227887757954e+01
4.348502227887757954e+01
4.348502227887757954e+01
4.348741713321850000e+01
4.348741713321850000e+01
4.348754857276922792e+01
4.348754857276922792e+01
4.348994703913794524e+01
4.348994703913794524e+01
4.348994703913794524e+01
4.349239135907225062e+01
4.349239135907225062e+01
4.349239135907225062e+01
4.349508837517651472e+01
4.349508837517651472e+01
4.349508837517651472e+01
4.349763438339527966e+01
4.349763438339527966e+01
4.349875066257678213e+01
4.349981102909851671e+01
4.350078456113819669e+01
4.350200062604214679e+01
4.350304552116061529e+01
4.350411754873746872e+01
4.350534035391852683e+01
4.350647344058542387e+01
4.350647344058542387e+01
4.350764720778374794e+01
4.350911401956204116e+01
4.351037178772337199e+01
4.351175625338466801e+01
4.351325682917456561e+01
4.351481267173497969e+01
4.351653302121835054e+01
4.351852068558351050e+01
4.352056403743256396e+01
4.352283879203654493e+01
4.352541373109301048e+01
4.391359325803199454e+01
4.391728126991748127e+01
4.392164602813781471e+01
4.392726070355133317e+01
4.393469842889785326e+01
4.394384785314968411e+01
4.394384785314968411e+01
4.395117457074758249e+01
4.395428130051422499e+01
4.395428130051422499e+01
4.395683226733731885e+01
4.395921551194089716e+01
4.395925003000571962e+01
4.396155719636394110e+01
4.396155719636394110e+01
4.396382401757409752e+01
4.396606925350953077e+01
4.396606925350953077e+01
4.396833931221503633e+01
4.397057280055815909e+01
4.397057280055815909e+01
4.397281235758354256e+01
4.397281235758354256e+01
4.397507082754086127e+01
4.397738082292296724e+01
4.397738082292296724e+01
4.397967595670129271e+01
4.398199692794329962e+01
4.398199692794329962e+01
4.398434571715960573e+01
4.398438048914924536e+01
4.398676679265764733e+01
4.398919574668404664e+01
4.398919574668404664e+01
4.399166340572438827e+01
4.399421632927254677e+01
4.399421632927254677e+01
4.399677801890396012e+01
4.399677801890396012e+01
4.399940116822328662e+01
4.400207590435528715e+01
4.400211056497663265e+01
4.400485249656762221e+01
4.400765295440815805e+01
4.400765295440815805e+01
4.401052480240173992e+01
4.401052480240173992e+01
4.401350965555153039e+01
4.401653595373784356e+01
4.401653595373784356e+01
4.401963961791368263e+01
4.402282758717403510e+01
4.402282758717403510e+01
4.363937284251926485e+01
4.363937284251926485e+01
4.364266737209456437e+01
4.364606186904573804e+01
4.364606186904573804e+01
4.364955152437014618e+01
4.365321146721939272e+01
4.365321146721939272e+01
4.365689675028959016e+01
4.365689675028959016e+01
4.366067345718253989e+01
4.366456405098088567e+01
4.366464656677807454e+01
4.366864451714385353e+01
4.367276330505018933e+01
4.367276330505018933e+01
4.367276330505018933e+01
4.368140466579384196e+01
4.368148560969969196e+01
4.368602118017191316e+01
4.368602118017191316e+01
4.369072279727279806e+01
4.369561595005744437e+01
4.369569602593080049e+01
4.370080237091123365e+01
4.370617471627425488e+01
4.370617471627425488e+01
4.369327889225641570e+01
4.369327889225641570e+01
4.369934949323761941e+01
4.326572927936695123e+01
4.326572927936695123e+01
4.326572927936695123e+01
4.327920365904683564e+01
4.327920365904683564e+01
4.328696226886291498e+01
4.328696226886291498e+01
4.307739084093790183e+01
4.286541072587428403e+01
4.286541072587428403e+01
4.281945374119631254e+01
4.229038010585966845e+01
4.229038010585966845e+01
4.214151347555807803e+01
4.214151347555807803e+01
4.209587995081435707e+01
4.209551384729091694e+01
4.209893974992763788e+01
4.209893974992763788e+01
4.209893974992763788e+01
4.209893974992763788e+01
4.209893974992763788e+01
4.209893974992763788e+01
4.210238574992763461e+01
4.210238574992763461e+01
4.210238574992763461e+01
4.210238574992763461e+01
4.210238574992763461e+01
4.210238574992763461e+01
4.210586974992763487e+01
4.210586974992763487e+01
4.210586974992763487e+01
4.210586974992763487e+01
4.210586974992763487e+01
4.210586974992763487e+01
4.210937774992763138e+01
4.210937774992763138e+01
4.210937774992763138e+01
4.210937774992763138e+01
4.210937774992763138e+01
4.210937780779878636e+01
4.211289880733149715e+01
4.211289880733149715e+01
4.211289887360241835e+01
4.211289887360241835e+01
4.211289887360241835e+01
4.211289918284334988e+01
4.211643717933091580e+01
4.211643718464135588e+01
4.211654586203847828e+01
4.211654711390198713e+01
4.211654711390198713e+01
4.211654825939948665e+01
4.212043929782750240e+01
4.212044357193555300e+01
4.212044835405389165e+01
4.212044835405389165e+01
4.212127561074217397e+01
4.212128970819510698e+01
4.212482409919769566e+01
4.212484685273614815e+01
4.212485637328251187e+01
4.212686581782919859e+01
4.212688977673359148e+01
4.212688977673359148e+01
4.213045364897696032e+01
4.213047481643154413e+01
4.213518746932189174e+01
4.213523758998026381e+01
4.213528961083720503e+01
4.213534986987933451e+01
4.213891143996507083e+01
4.214973591950389675e+01
4.214993349051142957e+01
4.215231487114936471e+01
4.215231487114936471e+01
4.217224390645179710e+01
4.238299858306307044e+01
4.238320553340035701e+01
4.238330153986116500e+01
4.238350448101351731e+01
4.238371361875298504e+01
4.238371361875298504e+01
4.240592882077820036e+01
4.240592882077820036e+01
4.240621641541630993e+01
4.240634904666742955e+01
4.240685909152587385e+01
4.241008843091003655e+01
4.244455434673859173e+01
4.244479329308705928e+01
4.244499980382184390e+01
4.244621827527194569e+01
4.244621827527194569e+01
4.244938964580121876e+01
4.244958999166132685e+01
4.245076353976554628e+01
4.245076353976554628e+01
4.245112277855562866e+01
4.245384275295906207e+01
4.245490260714466046e+01
4.245522707288640163e+01
4.245539914544784210e+01
4.257972312769124557e+01
4.257975399611862599e+01
4.258246376027784663e+01
4.258525532831785654e+01
4.258525532831785654e+01
4.258538219037119177e+01
4.246268551307089467e+01
4.246530715926444088e+01
4.258990480230572473e+01
4.258990480230572473e+01
4.258990480230572473e+01
4.258990480230572473e+01
4.260084016931608630e+01
4.260084016931608630e+01
4.260084016931608630e+01
4.260084016931608630e+01
4.260090730833876194e+01
4.247251099208563119e+01
4.242965543642348791e+01
4.241216007954172795e+01
4.239080984072706570e+01
4.238427161441109803e+01
4.238416787123952645e+01
4.238732787123952050e+01
4.238732787123952050e+01
4.238732787123952050e+01
4.238732787123952050e+01
4.238732787123952050e+01
4.239046387123952542e+01
4.239046387123952542e+01
4.239046387123952542e+01
4.239046387123952542e+01
4.239046387123952542e+01
4.239357987123952398e+01
4.239357987123952398e+01
4.239357987123952398e+01
4.239357987123952398e+01
4.239357987123952398e+01
4.239667987123952742e+01
4.239667987123952742e+01
4.239667987123952742e+01
4.239667987123952742e+01
4.239667987123952742e+01
4.239976887123952309e+01
4.239976887123952309e+01
4.239976887123952309e+01
4.239976887123952309e+01
4.239976887123952309e+01
4.240284087123952617e+01
4.240284087123952617e+01
4.240284087123952617e+01
4.240284087123952617e+01
4.240284087123952617e+01
4.240590287123952606e+01
4.240590287123952606e+01
4.240590287123952606e+01
4.240590287123952606e+01
4.240590287123952606e+01
4.240896087123952896e+01
4.240896087123952896e+01
4.240896087123952896e+01
4.240896087123952896e+01
4.241057787123952494e+01
4.241057787123952494e+01
4.241219887123952503e+01
4.241219887123952503e+01
4.241219887123952503e+01
4.241382887123952372e+01
4.241382887123952372e+01
4.241382887123952372e+01
4.241547187123952511e+01
4.241547187123952511e+01
4.241712887123952669e+01
4.241712887123952669e+01
4.241712887123952669e+01
4.241880087123952592e+01
4.241880087123952592e+01
4.241880087123952592e+01
4.242049687123952140e+01
4.242049687123952140e+01
4.242222087123952434e+01
4.242222087123952434e+01
4.242222087123952434e+01
4.242397987123952419e+01
4.242397987123952419e+01
4.242397987123952419e+01
4.242578387123952410e+01
4.242578387123952410e+01
4.242578387123952410e+01
4.242764187123952269e+01
4.242764187123952269e+01
4.242956987123952217e+01
4.242956987123952217e+01
4.242956987123952217e+01
4.243157287123952415e+01
4.243157287123952415e+01
4.243157287123952415e+01
4.243367487123952486e+01
4.243367487123952486e+01
4.243367487123952486e+01
4.243367487123952486e+01
4.243589787123952561e+01
4.243589787123952561e+01
4.243589787123952561e+01
4.243827687123952330e+01
4.243827687123952330e+01
4.243827687123952330e+01
4.243827687123952330e+01
4.244084687123952904e+01
4.244084687123952904e+01
4.244084687123952904e+01
4.244365087123952662e+01
4.244365087123952662e+01
4.244365087123952662e+01
4.244365087123952662e+01
4.244679187123952602e+01
4.244679187123952602e+01
4.244679187123952602e+01
4.244679187123952602e+01
4.244679187123952602e+01
4.245038587123952567e+01
4.245038587123952567e+01
4.245038587123952567e+01
4.245038587123952567e+01
4.245038587123952567e+01
4.245464187123952371e+01
4.245464187123952371e+01
4.245464187123952371e+01
4.245464187123952371e+01
4.245464187123952371e+01
4.245464187123952371e+01
4.245995187123952519e+01
4.245995187123952519e+01
4.245995187123952519e+01
4.245995187123952519e+01
4.245995187123952519e+01
4.245995187123952519e+01
4.245995187123952519e+01
4.245995187123952519e+01
4.246710087123952349e+01
4.246710087123952349e+01
4.246710087123952349e+01
4.246710087123952349e+01
4.246710087123952349e+01
4.246710087123952349e+01
4.246710087123952349e+01
4.246710087123952349e+01
4.246710087123952349e+01
4.246710087123952349e+01
4.246710087123952349e+01
4.247857187123952372e+01
4.247857187123952372e+01
4.247857187123952372e+01
4.247857187123952372e+01
4.247857187123952372e+01
4.247857187123952372e+01
4.247857187123952372e+01
4.247857187123952372e+01
4.247857187123952372e+01
4.247857187123952372e+01
4.247857187123952372e+01
4.247857187123952372e+01
4.247857187123952372e+01
4.247857187123952372e+01
4.247857187123952372e+01
4.247857187123952372e+01
4.247857187123952372e+01
4.247857187123952372e+01
4.247857187123952372e+01
4.247857187123952372e+01
4.247857187123952372e+01
4.247857187123952372e+01
4.247857187123952372e+01
4.247857187123952372e+01
4.247857187123952372e+01
4.247857187123952372e+01
4.247857187123952372e+01
4.247857187123952372e+01
4.247857187123952372e+01
4.247857187123952372e+01
4.247857187123952372e+01
4.247857187123952372e+01
4.247857187123952372e+01
4.253020587123952367e+01
4.253020587123952367e+01
4.253020587123952367e+01
4.253020587123952367e+01
4.253020587123952367e+01
4.253020587123952367e+01
4.253020587123952367e+01
4.253020587123952367e+01
4.253020587123952367e+01
4.253020587123952367e+01
4.253020587123952367e+01
4.253020587123952367e+01
4.253020587123952367e+01
4.253020587123952367e+01
4.253020587123952367e+01
4.253020587123952367e+01
4.253020587123952367e+01
4.253020587123952367e+01
4.253020587123952367e+01
4.253020587123952367e+01
4.253020587123952367e+01
4.253020587123952367e+01
4.253020587123952367e+01
4.253020587123952367e+01
4.253020587123952367e+01
4.253020587123952367e+01
4.253020587123952367e+01
4.253020587123952367e+01
4.253269487123952786e+01
4.253269487123952786e+01
4.253516387123952569e+01
4.253516387123952569e+01
4.253768087123952313e+01
4.253768087123952313e+01
4.254019787123952767e+01
4.254019787123952767e+01
4.254019787123952767e+01
4.254273587123952893e+01
4.254273587123952893e+01
4.254529987123952139e+01
4.254529987123952139e+01
4.254789587123952543e+01
4.254789587123952543e+01
4.255052787123952385e+01
4.255052787123952385e+01
4.255318687123952515e+01
4.255318687123952515e+01
4.255318687123952515e+01
4.255587987123952587e+01
4.255587987123952587e+01
4.255860587123952143e+01
4.255860587123952143e+01
4.256136987123952053e+01
4.256136987123952053e+01
4.256417287123952065e+01
4.256417287123952065e+01
4.256700687123952775e+01
4.256700687123952775e+01
4.256700687123952775e+01
4.256988387123952577e+01
4.256988387123952577e+01
4.257280287123952434e+01
4.257280287123952434e+01
4.257575987123952643e+01
4.257575987123952643e+01
4.257875887123952907e+01
4.257875887123952907e+01
4.258180387123952926e+01
4.258180387123952926e+01
4.258180387123952926e+01
4.258489387123952952e+01
4.258489387123952952e+01
4.258803087123952480e+01
4.258803087123952480e+01
4.259121987123952380e+01
4.259121987123952380e+01
4.259446187123952399e+01
4.259446187123952399e+01
4.259775587123952789e+01
4.259775587123952789e+01
4.259775587123952789e+01
4.260110387123952336e+01
4.260110387123952336e+01
4.260451487123952319e+01
4.260451487123952319e+01
4.260798187123952374e+01
4.260798187123952374e+01
4.261150787123952455e+01
4.261150787123952455e+01
4.261511187123952027e+01
4.261511187123952027e+01
4.261511187123952027e+01
4.261879287123952054e+01
4.261879287123952054e+01
4.262253587123952059e+01
4.262253587123952059e+01
4.262636187123952425e+01
4.262636187123952425e+01
4.263025287123952012e+01
4.263025287123952012e+01
4.263423887123952483e+01
4.263423887123952483e+01
4.263423887123952483e+01
4.263831887123951958e+01
4.263831887123951958e+01
4.264250287123952887e+01
4.264250287123952887e+01
4.264678587123952269e+01
4.264678587123952269e+01
4.242743474992763453e+01
