9.100000000000000000e+01 8.055466069561397546e+00
9.400000000000000000e+01 8.882091830247487607e+00
9.600000000000000000e+01 9.675093394612318320e+00
9.800000000000000000e+01 1.013624726745731408e+01
1.000000000000000000e+02 1.066895927230384977e+01
1.020000000000000000e+02 1.131911043639046710e+01
1.040000000000000000e+02 1.178480084038201525e+01
1.060000000000000000e+02 1.223498024492339908e+01
1.080000000000000000e+02 1.274465037838078985e+01
1.100000000000000000e+02 1.337625017634755054e+01
1.140000000000000000e+02 1.416540760481819738e+01
1.180000000000000000e+02 1.495184037336317928e+01
1.210000000000000000e+02 1.563936876682245725e+01
1.250000000000000000e+02 1.628287443413634605e+01
1.270000000000000000e+02 1.669166317746458361e+01
1.280000000000000000e+02 1.691719342906921142e+01
1.310000000000000000e+02 1.726351599231937328e+01
1.320000000000000000e+02 1.757894759459230016e+01
1.340000000000000000e+02 1.781408376147122041e+01
1.370000000000000000e+02 1.822938056347897273e+01
1.400000000000000000e+02 1.870509581285310219e+01
1.430000000000000000e+02 1.920388664636462295e+01
1.470000000000000000e+02 1.972914719797578087e+01
1.510000000000000000e+02 2.021541768397444727e+01
1.550000000000000000e+02 2.072842985984477338e+01
1.590000000000000000e+02 2.114465986741668502e+01
1.620000000000000000e+02 2.150319095625907195e+01
1.660000000000000000e+02 2.193152394752113565e+01
1.700000000000000000e+02 2.237182006214267460e+01
1.730000000000000000e+02 2.267590432227487440e+01
1.770000000000000000e+02 2.299408302930831383e+01
1.800000000000000000e+02 2.330563201712499222e+01
1.820000000000000000e+02 2.343644156057391825e+01
1.860000000000000000e+02 2.381716599531720391e+01
1.910000000000000000e+02 2.421887858249724701e+01
1.940000000000000000e+02 2.444735821611376991e+01
1.980000000000000000e+02 2.479184726865528532e+01
2.020000000000000000e+02 2.503800928870682441e+01
2.050000000000000000e+02 2.526571686429925023e+01
2.100000000000000000e+02 2.564261078783574987e+01
2.160000000000000000e+02 2.600999504427629816e+01
2.200000000000000000e+02 2.623161330832821037e+01
2.230000000000000000e+02 2.642494299464649998e+01
2.270000000000000000e+02 2.664582665595344935e+01
2.300000000000000000e+02 2.940507410605869154e+01
2.340000000000000000e+02 2.988790608427386175e+01
2.400000000000000000e+02 3.012830364472375066e+01
2.460000000000000000e+02 3.039455166395477903e+01
2.520000000000000000e+02 3.061899232390523906e+01
2.570000000000000000e+02 3.067961573408416953e+01
2.600000000000000000e+02 3.090304134821415616e+01
2.640000000000000000e+02 3.103563604404838827e+01
2.690000000000000000e+02 3.118953678972071941e+01
2.740000000000000000e+02 3.134254906226004778e+01
2.790000000000000000e+02 3.147857293472431195e+01
2.840000000000000000e+02 3.168074666432202946e+01
2.900000000000000000e+02 3.184113328577002733e+01
2.960000000000000000e+02 3.198606111935283991e+01
3.010000000000000000e+02 3.206375042259936237e+01
3.080000000000000000e+02 3.221410226453380687e+01
3.180000000000000000e+02 3.253903363840163365e+01
3.280000000000000000e+02 3.273475033179876448e+01
3.380000000000000000e+02 3.294551203578120635e+01
3.480000000000000000e+02 3.313253637198366874e+01
3.570000000000000000e+02 3.330920271643840636e+01
3.660000000000000000e+02 3.347457766035385163e+01
3.750000000000000000e+02 3.359850727126690373e+01
3.850000000000000000e+02 3.375346738253706746e+01
3.950000000000000000e+02 3.389333244314373417e+01
4.050000000000000000e+02 3.401762853303166878e+01
4.140000000000000000e+02 3.413157172744839585e+01
4.220000000000000000e+02 3.421473707743042780e+01
4.300000000000000000e+02 3.430170162617618246e+01
4.410000000000000000e+02 3.441782695376406309e+01
4.510000000000000000e+02 3.451766164987917307e+01
4.600000000000000000e+02 3.459631529976901732e+01
4.700000000000000000e+02 3.468994740047755698e+01
4.800000000000000000e+02 3.477444132641393537e+01
4.900000000000000000e+02 3.485388759616186150e+01
5.000000000000000000e+02 3.493644554172374228e+01
5.060000000000000000e+02 3.566076449792642933e+01
5.120000000000000000e+02 3.621419026932878893e+01
5.200000000000000000e+02 3.621023676265814117e+01
5.300000000000000000e+02 3.622348121855237935e+01
5.400000000000000000e+02 3.618653843102447354e+01
5.500000000000000000e+02 3.625938544805788410e+01
5.600000000000000000e+02 3.629973392032398039e+01
5.700000000000000000e+02 3.632573144536840459e+01
5.800000000000000000e+02 3.629950866714121105e+01
5.900000000000000000e+02 3.634716341038823373e+01
6.000000000000000000e+02 3.635176537513921602e+01
6.100000000000000000e+02 3.637981536959448192e+01
6.200000000000000000e+02 3.641078671635555963e+01
6.300000000000000000e+02 3.642523213482900246e+01
6.400000000000000000e+02 3.642580627035758312e+01
6.500000000000000000e+02 3.644923233605126711e+01
6.580000000000000000e+02 3.646199577569880290e+01
6.650000000000000000e+02 3.647468300576512945e+01
6.750000000000000000e+02 3.647983594216088932e+01
6.850000000000000000e+02 3.647835380941096162e+01
6.950000000000000000e+02 3.652163257595444179e+01
7.050000000000000000e+02 3.651256809882451648e+01
7.160000000000000000e+02 3.654998338448389461e+01
7.260000000000000000e+02 3.655660401098347023e+01
7.350000000000000000e+02 3.656929967068715825e+01
7.450000000000000000e+02 3.658694118695748898e+01
7.550000000000000000e+02 3.659729588944989587e+01
7.650000000000000000e+02 3.660785844862998317e+01
7.750000000000000000e+02 3.662122078084988175e+01
7.850000000000000000e+02 3.663932817157168387e+01
7.950000000000000000e+02 3.664561070413547839e+01
8.050000000000000000e+02 3.665476836552755913e+01
8.150000000000000000e+02 3.666127993949180564e+01
8.250000000000000000e+02 3.667743264796914815e+01
8.350000000000000000e+02 3.665275429133045293e+01
8.450000000000000000e+02 3.668969059712973291e+01
8.550000000000000000e+02 3.669751159042399991e+01
8.650000000000000000e+02 3.670996491158180675e+01
8.750000000000000000e+02 3.672109124173468331e+01
8.850000000000000000e+02 3.673229378331815553e+01
8.950000000000000000e+02 3.674138971129231379e+01
9.050000000000000000e+02 3.674418081520383339e+01
9.150000000000000000e+02 3.684181324319956019e+01
9.250000000000000000e+02 3.756831257028094484e+01
9.350000000000000000e+02 3.785028114574276970e+01
9.450000000000000000e+02 3.808625404456471131e+01
9.550000000000000000e+02 3.813781753395959129e+01
9.650000000000000000e+02 3.820869426627301380e+01
9.750000000000000000e+02 3.785971459179239673e+01
9.850000000000000000e+02 3.818567579288283298e+01
9.950000000000000000e+02 3.815320384500060413e+01
1.005000000000000000e+03 3.818365594060878720e+01
1.015000000000000000e+03 3.816559092633251282e+01
1.025000000000000000e+03 3.792947638107205677e+01
1.035000000000000000e+03 3.812824351360484343e+01
1.045000000000000000e+03 3.818937215484184833e+01
1.055000000000000000e+03 3.817481324592638714e+01
1.065000000000000000e+03 3.813184485538842239e+01
1.075000000000000000e+03 3.814514660750793951e+01
1.085000000000000000e+03 3.810696013182705144e+01
1.095000000000000000e+03 3.813744298837411151e+01
1.105000000000000000e+03 3.811888335844260212e+01
1.115000000000000000e+03 3.811176967876290433e+01
1.125000000000000000e+03 3.807525529381064189e+01
1.135000000000000000e+03 3.809571387598572301e+01
1.145000000000000000e+03 3.807050663423886760e+01
1.155000000000000000e+03 3.807209672182951721e+01
1.165000000000000000e+03 3.806453707482877746e+01
1.175000000000000000e+03 3.797292300278850519e+01
1.185000000000000000e+03 3.803632594953124624e+01
1.195000000000000000e+03 3.801808787741636309e+01
1.205000000000000000e+03 3.798004273638134975e+01
1.215000000000000000e+03 3.777990127163980105e+01
1.225000000000000000e+03 3.797710713886378642e+01
1.235000000000000000e+03 3.799867017517262013e+01
1.245000000000000000e+03 3.799051266283144201e+01
1.255000000000000000e+03 3.798325063043593985e+01
1.265000000000000000e+03 3.797699068948144685e+01
1.275000000000000000e+03 3.797455617184207455e+01
1.285000000000000000e+03 3.796649674826176835e+01
1.295000000000000000e+03 3.793718872320184232e+01
1.305000000000000000e+03 3.793593676956169247e+01
1.315000000000000000e+03 3.794095438416473343e+01
1.325000000000000000e+03 3.792475780623855997e+01
1.335000000000000000e+03 3.791055788630826839e+01
1.345000000000000000e+03 3.790965992880219915e+01
1.355000000000000000e+03 3.790496715965515762e+01
1.365000000000000000e+03 3.788986018744158457e+01
1.375000000000000000e+03 3.788231433750604538e+01
1.385000000000000000e+03 3.787415601578722146e+01
1.395000000000000000e+03 3.782113445040257460e+01
1.405000000000000000e+03 3.781595438876242810e+01
1.415000000000000000e+03 3.784601900904968375e+01
1.425000000000000000e+03 3.782887785688176052e+01
1.435000000000000000e+03 3.782956372223623021e+01
1.442000000000000000e+03 3.782795718049206357e+01
1.447000000000000000e+03 3.782197714198717620e+01
1.455000000000000000e+03 3.781265991909957336e+01
1.465000000000000000e+03 3.780152058324843267e+01
1.475000000000000000e+03 3.779410469532601269e+01
1.485000000000000000e+03 3.778759038879202592e+01
1.495000000000000000e+03 3.777757123524648364e+01
1.505000000000000000e+03 3.776251095190545470e+01
1.512000000000000000e+03 3.774904684803689747e+01
1.517000000000000000e+03 3.774919621192084662e+01
1.525000000000000000e+03 3.774313161921695325e+01
1.535000000000000000e+03 3.771118319347387171e+01
1.545000000000000000e+03 3.769542107909732920e+01
1.555000000000000000e+03 3.768428780454388516e+01
1.565000000000000000e+03 3.769607742334057576e+01
1.575000000000000000e+03 3.769934586588533421e+01
1.585000000000000000e+03 3.769539095702084808e+01
1.595000000000000000e+03 3.768920425455957002e+01
1.605000000000000000e+03 3.767047368145117048e+01
1.615000000000000000e+03 3.766054667230415021e+01
1.625000000000000000e+03 3.765850884370625806e+01
1.635000000000000000e+03 3.765703662341627478e+01
1.645000000000000000e+03 3.764232018753118325e+01
1.655000000000000000e+03 3.764685845832953959e+01
1.665000000000000000e+03 3.764054625153499245e+01
1.672000000000000000e+03 3.762861385615633480e+01
1.677000000000000000e+03 3.764177784608659749e+01
1.685000000000000000e+03 3.763243846706282625e+01
1.695000000000000000e+03 3.762181250833829438e+01
1.705000000000000000e+03 3.761120949622669940e+01
1.715000000000000000e+03 3.759795326728960418e+01
1.725000000000000000e+03 3.759035143855450656e+01
1.735000000000000000e+03 3.759158030279807861e+01
1.745000000000000000e+03 3.758263516272683802e+01
1.755000000000000000e+03 3.757762945897411555e+01
1.765000000000000000e+03 3.756642994984566997e+01
1.775000000000000000e+03 3.755866785301810751e+01
1.785000000000000000e+03 3.755612233283376611e+01
1.795000000000000000e+03 3.755088956663824717e+01
1.805000000000000000e+03 3.754708336272223335e+01
1.815000000000000000e+03 3.753253427531380737e+01
1.825000000000000000e+03 3.752886533398039859e+01
1.835000000000000000e+03 3.752211329474346257e+01
1.845000000000000000e+03 3.749941925123441422e+01
1.855000000000000000e+03 3.749259375300415797e+01
1.865000000000000000e+03 3.749269411418715947e+01
1.875000000000000000e+03 3.749179846622034518e+01
1.885000000000000000e+03 3.746786563550938354e+01
1.895000000000000000e+03 3.745101369386400592e+01
1.905000000000000000e+03 3.746182755433193989e+01
1.915000000000000000e+03 3.744619250489537876e+01
1.925000000000000000e+03 3.743302062715746104e+01
1.935000000000000000e+03 3.744045911653697800e+01
1.945000000000000000e+03 3.744160208149435931e+01
1.955000000000000000e+03 3.741606071135882416e+01
1.967000000000000000e+03 3.742448515279345145e+01
1.976000000000000000e+03 3.742903023442739396e+01
1.984000000000000000e+03 3.741223019581188680e+01
1.995000000000000000e+03 3.739916456340090178e+01
2.005000000000000000e+03 3.740233311417590301e+01
2.015000000000000000e+03 3.740059560060235100e+01
2.025000000000000000e+03 3.739924718800168790e+01
2.035000000000000000e+03 3.738318914999878473e+01
2.045000000000000000e+03 3.737756129367645030e+01
2.055000000000000000e+03 3.734511364633181785e+01
2.065000000000000000e+03 3.734868220308423048e+01
2.074000000000000000e+03 3.737055555574234234e+01
2.078000000000000000e+03 3.735707576356489312e+01
2.085000000000000000e+03 3.735552952905545965e+01
2.095000000000000000e+03 3.734205424411054253e+01
2.105000000000000000e+03 3.734451659532560797e+01
2.115000000000000000e+03 3.734185928606547122e+01
2.125000000000000000e+03 3.733904616044178226e+01
2.135000000000000000e+03 3.733139885575903349e+01
2.145000000000000000e+03 3.732162347519863488e+01
2.155000000000000000e+03 3.732020308995454627e+01
2.165000000000000000e+03 3.731336740400442409e+01
2.175000000000000000e+03 3.730754593537579922e+01
2.185000000000000000e+03 3.730152651918942297e+01
2.195000000000000000e+03 3.729772895942660682e+01
2.205000000000000000e+03 3.729130783908495061e+01
2.215000000000000000e+03 3.728446731128337888e+01
2.225000000000000000e+03 3.727819854649231957e+01
2.235000000000000000e+03 3.727169807330841422e+01
2.245000000000000000e+03 3.726731381186610292e+01
2.255000000000000000e+03 3.725943281996867995e+01
2.265000000000000000e+03 3.725557793896282988e+01
2.275000000000000000e+03 3.724978801305899623e+01
2.285000000000000000e+03 3.724396685477300650e+01
2.295000000000000000e+03 3.723093457590279343e+01
2.305000000000000000e+03 3.723073863919174187e+01
2.315000000000000000e+03 3.722510710722247751e+01
2.325000000000000000e+03 3.719468589218380572e+01
2.335000000000000000e+03 3.721216545470905146e+01
2.345000000000000000e+03 3.720796577409772965e+01
2.355000000000000000e+03 3.720278679691372758e+01
2.365000000000000000e+03 3.719685128174791089e+01
2.375000000000000000e+03 3.719064944198332512e+01
2.385000000000000000e+03 3.718338635201556741e+01
2.395000000000000000e+03 3.717904072059836551e+01
2.405000000000000000e+03 3.717371369105586609e+01
2.415000000000000000e+03 3.716785238339630837e+01
2.425000000000000000e+03 3.716314430881772779e+01
2.435000000000000000e+03 3.715655055836847964e+01
2.445000000000000000e+03 3.715154044906636699e+01
2.455000000000000000e+03 3.714654277204610366e+01
2.465000000000000000e+03 3.714078745543123716e+01
2.475000000000000000e+03 3.713521594458074304e+01
2.485000000000000000e+03 3.712955250976401800e+01
2.495000000000000000e+03 3.710345912673265900e+01
2.505000000000000000e+03 3.711778005432923777e+01
2.513000000000000000e+03 3.710589078675744190e+01
2.518000000000000000e+03 3.711012867212888011e+01
2.525000000000000000e+03 3.710757364580113915e+01
2.535000000000000000e+03 3.710208533384832208e+01
2.545000000000000000e+03 3.709425128055840304e+01
2.555000000000000000e+03 3.709077069090209022e+01
2.565000000000000000e+03 3.708618344031159353e+01
2.575000000000000000e+03 3.708120271834309278e+01
2.585000000000000000e+03 3.707595776552705047e+01
2.595000000000000000e+03 3.707057175210026401e+01
2.605000000000000000e+03 3.706548675700236117e+01
2.615000000000000000e+03 3.706005420768734382e+01
2.625000000000000000e+03 3.705529952119886161e+01
2.635000000000000000e+03 3.704984933386681689e+01
2.645000000000000000e+03 3.704599115198250558e+01
2.655000000000000000e+03 3.704077300894787328e+01
2.665000000000000000e+03 3.703445550369685435e+01
2.675000000000000000e+03 3.702934769002670379e+01
2.685000000000000000e+03 3.702652212379925345e+01
2.695000000000000000e+03 3.701761123186723523e+01
2.705000000000000000e+03 3.701523822904547956e+01
2.715000000000000000e+03 3.701038771949166062e+01
2.725000000000000000e+03 3.700284001157855585e+01
2.735000000000000000e+03 3.699911946043536659e+01
2.745000000000000000e+03 3.699452306874315610e+01
2.755000000000000000e+03 3.698996699144502998e+01
2.765000000000000000e+03 3.698215952376352789e+01
2.775000000000000000e+03 3.698088222635493594e+01
2.785000000000000000e+03 3.697560655892354475e+01
2.795000000000000000e+03 3.696609134714826439e+01
2.805000000000000000e+03 3.696386532164760297e+01
2.815000000000000000e+03 3.696105412440824978e+01
2.825000000000000000e+03 3.695305202306676051e+01
2.835000000000000000e+03 3.694731688718850648e+01
2.845000000000000000e+03 3.694619176913651160e+01
2.855000000000000000e+03 3.694094961330659999e+01
2.865000000000000000e+03 3.693641361946154689e+01
2.875000000000000000e+03 3.693160535164467007e+01
2.885000000000000000e+03 3.692685975013952770e+01
2.895000000000000000e+03 3.692202357345248487e+01
2.910000000000000000e+03 3.691460783705583992e+01
2.930000000000000000e+03 3.690528717739603337e+01
2.950000000000000000e+03 3.689312157194182618e+01
2.970000000000000000e+03 3.688650503859197727e+01
2.990000000000000000e+03 3.687696366510310497e+01
3.010000000000000000e+03 3.686711590161849728e+01
3.030000000000000000e+03 3.685869872855049323e+01
3.050000000000000000e+03 3.684971332992491710e+01
3.070000000000000000e+03 3.684079833856122832e+01
3.090000000000000000e+03 3.683064635760436545e+01
3.110000000000000000e+03 3.682273271520200808e+01
3.130000000000000000e+03 3.681326791312923774e+01
3.150000000000000000e+03 3.680459836702220855e+01
3.170000000000000000e+03 3.679590266963467116e+01
3.190000000000000000e+03 3.678426562689521262e+01
3.210000000000000000e+03 3.677817457260092482e+01
3.230000000000000000e+03 3.676998539159380641e+01
3.250000000000000000e+03 3.676145641225771499e+01
3.270000000000000000e+03 3.675317603188755555e+01
3.290000000000000000e+03 3.674414753909779563e+01
3.310000000000000000e+03 3.673635106570571907e+01
3.330000000000000000e+03 3.672795102079135887e+01
3.350000000000000000e+03 3.671882524388811220e+01
3.370000000000000000e+03 3.671140764105104637e+01
3.390000000000000000e+03 3.670327927710860649e+01
3.410000000000000000e+03 3.669508840157699581e+01
3.430000000000000000e+03 3.668091352947769224e+01
3.450000000000000000e+03 3.667314848210501310e+01
3.470000000000000000e+03 3.666897655972559278e+01
3.490000000000000000e+03 3.666128041044449049e+01
3.510000000000000000e+03 3.665452557766955977e+01
3.530000000000000000e+03 3.664667843664744851e+01
3.550000000000000000e+03 3.663893337142104656e+01
3.570000000000000000e+03 3.663271128214638850e+01
3.590000000000000000e+03 3.662258375555632739e+01
3.610000000000000000e+03 3.661527780292986733e+01
3.630000000000000000e+03 3.660714386764524875e+01
3.640000000000000000e+03 3.660591896202979711e+01
3.650000000000000000e+03 3.659007582667679515e+01
3.670000000000000000e+03 3.658253031181682502e+01
3.690000000000000000e+03 3.656430888870941232e+01
3.710000000000000000e+03 3.655177369294918321e+01
3.730000000000000000e+03 3.654036648717173819e+01
3.750000000000000000e+03 3.656051903752388910e+01
3.770000000000000000e+03 3.655589210520781762e+01
3.790000000000000000e+03 3.656932406780015299e+01
3.810000000000000000e+03 3.658529729390224361e+01
3.830000000000000000e+03 3.653709107906725961e+01
3.850000000000000000e+03 3.658786283074370260e+01
3.870000000000000000e+03 3.658757483692495072e+01
3.890000000000000000e+03 3.650868571912376837e+01
3.910000000000000000e+03 3.657862680068302552e+01
3.930000000000000000e+03 3.657174306047932788e+01
3.950000000000000000e+03 3.656354567651434451e+01
3.970000000000000000e+03 3.647605780088323257e+01
3.990000000000000000e+03 3.654637471365683155e+01
4.010000000000000000e+03 3.654322523731485717e+01
4.030000000000000000e+03 3.652684628386122512e+01
4.050000000000000000e+03 3.653169767141029212e+01
4.070000000000000000e+03 3.652038621597233004e+01
4.090000000000000000e+03 3.649113134868509434e+01
4.110000000000000000e+03 3.644179134104787465e+01
4.130000000000000000e+03 3.649467360078260469e+01
4.150000000000000000e+03 3.649037980178332674e+01
4.170000000000000000e+03 3.648632329288287224e+01
4.190000000000000000e+03 3.647975814328660249e+01
4.210000000000000000e+03 3.647282633849795275e+01
4.230000000000000000e+03 3.646563076247810642e+01
4.250000000000000000e+03 3.645773003196293871e+01
4.270000000000000000e+03 3.644851884895639671e+01
4.290000000000000000e+03 3.644279273059019886e+01
4.310000000000000000e+03 3.643306676953364587e+01
4.330000000000000000e+03 3.639820643402646283e+01
4.350000000000000000e+03 3.636195913194768536e+01
4.370000000000000000e+03 3.641128921585464440e+01
4.390000000000000000e+03 3.640132796720629926e+01
4.410000000000000000e+03 3.639997622532099797e+01
4.430000000000000000e+03 3.639266594540309541e+01
4.450000000000000000e+03 3.638700175342031429e+01
4.470000000000000000e+03 3.636583968943184431e+01
4.490000000000000000e+03 3.637288281478897289e+01
4.510000000000000000e+03 3.636662535626408044e+01
4.530000000000000000e+03 3.635976797054604504e+01
4.550000000000000000e+03 3.635232143168796171e+01
4.570000000000000000e+03 3.634577502790202885e+01
4.590000000000000000e+03 3.633875539071230776e+01
4.610000000000000000e+03 3.633211537303441219e+01
4.630000000000000000e+03 3.632542249244926325e+01
4.650000000000000000e+03 3.631573169680172697e+01
4.670000000000000000e+03 3.631177553333320418e+01
4.690000000000000000e+03 3.630422579538246453e+01
4.710000000000000000e+03 3.629347672128439228e+01
4.730000000000000000e+03 3.629230750848246601e+01
4.750000000000000000e+03 3.628548978799506131e+01
4.770000000000000000e+03 3.627979134859798904e+01
4.790000000000000000e+03 3.627309609278454872e+01
4.810000000000000000e+03 3.626607248840306852e+01
4.830000000000000000e+03 3.625749574060959901e+01
4.850000000000000000e+03 3.622903715883188625e+01
4.870000000000000000e+03 3.618602393090400682e+01
4.890000000000000000e+03 3.623722478974264050e+01
4.910000000000000000e+03 3.623356666957140249e+01
4.930000000000000000e+03 3.622009561909023745e+01
4.950000000000000000e+03 3.622153749077152440e+01
4.970000000000000000e+03 3.621578783622652509e+01
4.990000000000000000e+03 3.620943335741864644e+01
5.010000000000000000e+03 3.619778643663615725e+01
5.030000000000000000e+03 3.619690839272537630e+01
5.050000000000000000e+03 3.618829470374946311e+01
5.070000000000000000e+03 3.618461979430043129e+01
5.090000000000000000e+03 3.617843807074824269e+01
5.110000000000000000e+03 3.617226764534086669e+01
5.130000000000000000e+03 3.616595182748451975e+01
5.150000000000000000e+03 3.615983588027880558e+01
5.170000000000000000e+03 3.615395164491215496e+01
5.190000000000000000e+03 3.614792478466858938e+01
5.210000000000000000e+03 3.614187455912835389e+01
5.230000000000000000e+03 3.613596351469570322e+01
5.250000000000000000e+03 3.612994792859680615e+01
5.270000000000000000e+03 3.612391418240589758e+01
5.290000000000000000e+03 3.611801447514900332e+01
5.310000000000000000e+03 3.611204701905973025e+01
5.330000000000000000e+03 3.610613937007259722e+01
5.350000000000000000e+03 3.610021904939119963e+01
5.370000000000000000e+03 3.609446168506637775e+01
5.390000000000000000e+03 3.608859416307446111e+01
5.410000000000000000e+03 3.608244957974548583e+01
5.430000000000000000e+03 3.607696629589443660e+01
5.450000000000000000e+03 3.607118148859345297e+01
5.470000000000000000e+03 3.606537520982385558e+01
5.490000000000000000e+03 3.605961219239240734e+01
5.510000000000000000e+03 3.605390485896732145e+01
5.530000000000000000e+03 3.604820628128138083e+01
5.550000000000000000e+03 3.604251326251763743e+01
5.570000000000000000e+03 3.603682003666440181e+01
5.590000000000000000e+03 3.603118364174301291e+01
5.610000000000000000e+03 3.602554878006561268e+01
5.630000000000000000e+03 3.601990956030501678e+01
5.650000000000000000e+03 3.601420961063995918e+01
5.670000000000000000e+03 3.600843228069231117e+01
5.690000000000000000e+03 3.600250763585466274e+01
5.710000000000000000e+03 3.599726026347742902e+01
5.730000000000000000e+03 3.599183878660433322e+01
5.750000000000000000e+03 3.598608235930084476e+01
5.770000000000000000e+03 3.598096518727962234e+01
5.790000000000000000e+03 3.597557765867561841e+01
5.810000000000000000e+03 3.597038110890328255e+01
5.830000000000000000e+03 3.596494220697520916e+01
5.850000000000000000e+03 3.595968681555338264e+01
5.870000000000000000e+03 3.594277309117914143e+01
5.890000000000000000e+03 3.594813947457242875e+01
5.910000000000000000e+03 3.594355726550033836e+01
5.930000000000000000e+03 3.593817337947324120e+01
5.950000000000000000e+03 3.593288393170949035e+01
5.970000000000000000e+03 3.592779731111776442e+01
5.990000000000000000e+03 3.592240770393139115e+01
6.010000000000000000e+03 3.591723006745233704e+01
6.030000000000000000e+03 3.591194887194274088e+01
6.050000000000000000e+03 3.590681463227037540e+01
6.070000000000000000e+03 3.590164036949612836e+01
6.090000000000000000e+03 3.589646924945189710e+01
6.110000000000000000e+03 3.589134947925247587e+01
6.130000000000000000e+03 3.588624896885255566e+01
6.150000000000000000e+03 3.588096547509348255e+01
6.170000000000000000e+03 3.587591320972004638e+01
6.190000000000000000e+03 3.587083607004102959e+01
6.210000000000000000e+03 3.586585013758713103e+01
6.230000000000000000e+03 3.586071303416832023e+01
6.250000000000000000e+03 3.585568646293225470e+01
6.270000000000000000e+03 3.585069683033238874e+01
6.290000000000000000e+03 3.584573122751177010e+01
6.310000000000000000e+03 3.584064429839880006e+01
6.330000000000000000e+03 3.583570269813158404e+01
6.350000000000000000e+03 3.583058892926724326e+01
6.370000000000000000e+03 3.582571779256990396e+01
6.390000000000000000e+03 3.582082724248192562e+01
6.410000000000000000e+03 3.581587830807313111e+01
6.430000000000000000e+03 3.581102798202243065e+01
6.450000000000000000e+03 3.580610425071964187e+01
6.470000000000000000e+03 3.580112436886237504e+01
6.490000000000000000e+03 3.579614830374431733e+01
6.510000000000000000e+03 3.579122512398694766e+01
6.530000000000000000e+03 3.578497381170450353e+01
6.550000000000000000e+03 3.576853268951313680e+01
6.570000000000000000e+03 3.572322430188143727e+01
6.590000000000000000e+03 3.576806980546666637e+01
6.610000000000000000e+03 3.576689143465290499e+01
6.630000000000000000e+03 3.576268807477878653e+01
6.650000000000000000e+03 3.575823057514656966e+01
6.670000000000000000e+03 3.574994745169641419e+01
6.690000000000000000e+03 3.574521235043746259e+01
6.710000000000000000e+03 3.574420104894798556e+01
6.730000000000000000e+03 3.573938800823243866e+01
6.750000000000000000e+03 3.573486802995218170e+01
6.770000000000000000e+03 3.573014381989479915e+01
6.790000000000000000e+03 3.572523615784179185e+01
6.810000000000000000e+03 3.572088307337919844e+01
6.830000000000000000e+03 3.571626769002904922e+01
6.850000000000000000e+03 3.571165416410162408e+01
6.870000000000000000e+03 3.570705451633916994e+01
6.890000000000000000e+03 3.570234991310040584e+01
6.910000000000000000e+03 3.569784513454842312e+01
6.930000000000000000e+03 3.569326723909478005e+01
6.950000000000000000e+03 3.568883818469020497e+01
6.970000000000000000e+03 3.568430957867168729e+01
6.990000000000000000e+03 3.567975517171409194e+01
7.010000000000000000e+03 3.567535062467696605e+01
7.030000000000000000e+03 3.567084109771620604e+01
7.050000000000000000e+03 3.566634919589846220e+01
7.070000000000000000e+03 3.565572109400702061e+01
7.090000000000000000e+03 3.565748754143574928e+01
7.110000000000000000e+03 3.565282986664281850e+01
7.130000000000000000e+03 3.564843496191457461e+01
7.150000000000000000e+03 3.564409213155983025e+01
7.170000000000000000e+03 3.563960841057957651e+01
7.190000000000000000e+03 3.563529345721164532e+01
7.210000000000000000e+03 3.563093271573497844e+01
7.230000000000000000e+03 3.562540278474121180e+01
7.250000000000000000e+03 3.562215177834363544e+01
7.270000000000000000e+03 3.561791692047966507e+01
7.290000000000000000e+03 3.561016085927628438e+01
7.310000000000000000e+03 3.560911068260855927e+01
7.330000000000000000e+03 3.560488811578190393e+01
7.350000000000000000e+03 3.560063564304935113e+01
7.370000000000000000e+03 3.559644520851430372e+01
7.390000000000000000e+03 3.559207136687241047e+01
7.410000000000000000e+03 3.558792850515774830e+01
7.430000000000000000e+03 3.558348114738619472e+01
7.450000000000000000e+03 3.557940745396754068e+01
7.470000000000000000e+03 3.557503412367643847e+01
7.490000000000000000e+03 3.557088673581716876e+01
7.510000000000000000e+03 3.556653651126076454e+01
7.530000000000000000e+03 3.556241506776571271e+01
7.550000000000000000e+03 3.555824316926207018e+01
7.570000000000000000e+03 3.555416424435048839e+01
7.590000000000000000e+03 3.554991449349544297e+01
7.610000000000000000e+03 3.554579110216390347e+01
7.630000000000000000e+03 3.554167508829117139e+01
7.650000000000000000e+03 3.553752179747260698e+01
7.670000000000000000e+03 3.553347502197908625e+01
7.690000000000000000e+03 3.552927523641749019e+01
7.710000000000000000e+03 3.552528067793479494e+01
7.730000000000000000e+03 3.552121938234903809e+01
7.750000000000000000e+03 3.551701368795629321e+01
7.770000000000000000e+03 3.551277252354829272e+01
7.790000000000000000e+03 3.550899628569349886e+01
7.810000000000000000e+03 3.550461040700999149e+01
7.830000000000000000e+03 3.550093172339472147e+01
7.850000000000000000e+03 3.549693828102156345e+01
7.870000000000000000e+03 3.549192988534019833e+01
7.890000000000000000e+03 3.548799588897986013e+01
7.910000000000000000e+03 3.548436282364106376e+01
7.930000000000000000e+03 3.548029262658486260e+01
7.950000000000000000e+03 3.547655196289476720e+01
7.970000000000000000e+03 3.547237762514596682e+01
7.990000000000000000e+03 3.546896484159957907e+01
8.010000000000000000e+03 3.546455323666324944e+01
8.030000000000000000e+03 3.546089525020488509e+01
8.050000000000000000e+03 3.545708651786482335e+01
8.070000000000000000e+03 3.545349047989778768e+01
8.090000000000000000e+03 3.544884163288911338e+01
8.110000000000000000e+03 3.544495511796158382e+01
8.130000000000000000e+03 3.544184902552670735e+01
8.150000000000000000e+03 3.543718184725166509e+01
8.170000000000000000e+03 3.543411764163160882e+01
8.190000000000000000e+03 3.542994564399390356e+01
8.210000000000000000e+03 3.541342992909436305e+01
8.230000000000000000e+03 3.541058328786515119e+01
8.250000000000000000e+03 3.540719375348871978e+01
8.270000000000000000e+03 3.540172487744857932e+01
8.290000000000000000e+03 3.539938364537815829e+01
8.310000000000000000e+03 3.539572938598742979e+01
8.330000000000000000e+03 3.539151228150007000e+01
8.350000000000000000e+03 3.538633450170728167e+01
8.370000000000000000e+03 3.538183672943429769e+01
8.390000000000000000e+03 3.537888334689730385e+01
8.410000000000000000e+03 3.537443617797661233e+01
8.430000000000000000e+03 3.536928077952175187e+01
8.450000000000000000e+03 3.536417469518737278e+01
8.470000000000000000e+03 3.535961474805557714e+01
8.490000000000000000e+03 3.535876356414135557e+01
8.510000000000000000e+03 3.535037294273240605e+01
8.530000000000000000e+03 3.535313243380723236e+01
8.550000000000000000e+03 3.533759074266665579e+01
8.570000000000000000e+03 3.535170183592479987e+01
8.590000000000000000e+03 3.533159678448435415e+01
8.610000000000000000e+03 3.532917016659903453e+01
8.630000000000000000e+03 3.534428606296305020e+01
8.650000000000000000e+03 3.533104175943357461e+01
8.670000000000000000e+03 3.530406882191654461e+01
8.690000000000000000e+03 3.533183003989093152e+01
8.710000000000000000e+03 3.533361451403936826e+01
8.730000000000000000e+03 3.532060032886344914e+01
8.750000000000000000e+03 3.528347133701497285e+01
8.770000000000000000e+03 3.530796682642404960e+01
8.790000000000000000e+03 3.531954083303274672e+01
8.810000000000000000e+03 3.531686937915050351e+01
8.830000000000000000e+03 3.531158655440022187e+01
8.850000000000000000e+03 3.528732053676685609e+01
8.870000000000000000e+03 3.525890661153140826e+01
8.890000000000000000e+03 3.529641891509925244e+01
8.910000000000000000e+03 3.529887950090136428e+01
8.930000000000000000e+03 3.529642663323486573e+01
8.950000000000000000e+03 3.529381642060279489e+01
8.970000000000000000e+03 3.528904684613021914e+01
8.990000000000000000e+03 3.527741669359088661e+01
9.010000000000000000e+03 3.523406636442001627e+01
9.030000000000000000e+03 3.525152637496892538e+01
9.050000000000000000e+03 3.527164347371662956e+01
9.070000000000000000e+03 3.526842100489376719e+01
9.090000000000000000e+03 3.526798398005261959e+01
9.110000000000000000e+03 3.526607815824551295e+01
9.130000000000000000e+03 3.526285789625757872e+01
9.150000000000000000e+03 3.525900820006707193e+01
9.170000000000000000e+03 3.525381219488124174e+01
9.190000000000000000e+03 3.524914591772107997e+01
9.210000000000000000e+03 3.523148453762188126e+01
9.230000000000000000e+03 3.518491652478631693e+01
9.250000000000000000e+03 3.522491597040178135e+01
9.270000000000000000e+03 3.523442497336970547e+01
9.290000000000000000e+03 3.523381817804619942e+01
9.310000000000000000e+03 3.522943524919699598e+01
9.330000000000000000e+03 3.522779349784243408e+01
9.350000000000000000e+03 3.522414196077201609e+01
9.370000000000000000e+03 3.522115635086920093e+01
9.390000000000000000e+03 3.521775224699401008e+01
9.410000000000000000e+03 3.521425190284124795e+01
9.430000000000000000e+03 3.521085480262057388e+01
9.450000000000000000e+03 3.520737013135191518e+01
9.470000000000000000e+03 3.520128713058854686e+01
9.490000000000000000e+03 3.519940650520223357e+01
9.510000000000000000e+03 3.518998726121517251e+01
9.530000000000000000e+03 3.517240731598458581e+01
9.550000000000000000e+03 3.512957863628562194e+01
9.570000000000000000e+03 3.517406478609834863e+01
9.590000000000000000e+03 3.518052690068146404e+01
9.610000000000000000e+03 3.517830025319451437e+01
9.630000000000000000e+03 3.517464468510393516e+01
9.650000000000000000e+03 3.517359564213671774e+01
9.670000000000000000e+03 3.517035510152319944e+01
9.690000000000000000e+03 3.516672352701117887e+01
9.710000000000000000e+03 3.516245743253153222e+01
9.730000000000000000e+03 3.516042362765384865e+01
9.750000000000000000e+03 3.515715812262472184e+01
9.770000000000000000e+03 3.515384748494034284e+01
9.790000000000000000e+03 3.515055322290491802e+01
9.810000000000000000e+03 3.514719723173340071e+01
9.830000000000000000e+03 3.514390905657565867e+01
9.850000000000000000e+03 3.514061707115827460e+01
9.870000000000000000e+03 3.513739200304520693e+01
9.890000000000000000e+03 3.513406933694692214e+01
9.910000000000000000e+03 3.513035986956403178e+01
9.930000000000000000e+03 3.512753091533343763e+01
9.950000000000000000e+03 3.512416363114949291e+01
9.970000000000000000e+03 3.512067616952945315e+01
9.990000000000000000e+03 3.511673187047500022e+01
1.002500000000000000e+04 3.509512106194448933e+01
1.007500000000000000e+04 3.508170181708836566e+01
1.012500000000000000e+04 3.509438882256404924e+01
1.017500000000000000e+04 3.508833888405626311e+01
1.022500000000000000e+04 3.508032154668948976e+01
1.027500000000000000e+04 3.507267908854260696e+01
1.032500000000000000e+04 3.506327112405200808e+01
1.037500000000000000e+04 3.505703224488751601e+01
1.042500000000000000e+04 3.504934363844837719e+01
1.047500000000000000e+04 3.504161604316891498e+01
1.052500000000000000e+04 3.503396204032566175e+01
1.057500000000000000e+04 3.502634494246741781e+01
1.062500000000000000e+04 3.501874371605593694e+01
1.067500000000000000e+04 3.501043684670604961e+01
1.072500000000000000e+04 3.500362686905863541e+01
1.077500000000000000e+04 3.499613908640112925e+01
1.082500000000000000e+04 3.498436872405229536e+01
1.087500000000000000e+04 3.497978386025045694e+01
1.092500000000000000e+04 3.494204816938744074e+01
1.097500000000000000e+04 3.495762511797779837e+01
1.102500000000000000e+04 3.495692003898258093e+01
1.107500000000000000e+04 3.495195481916799451e+01
1.112500000000000000e+04 3.494476536819846046e+01
1.117500000000000000e+04 3.493761832179508531e+01
1.122500000000000000e+04 3.493015060754729717e+01
1.127500000000000000e+04 3.492325904654134661e+01
1.132500000000000000e+04 3.491613362097966444e+01
1.137500000000000000e+04 3.490905608919263869e+01
1.142500000000000000e+04 3.490203816455932895e+01
1.147500000000000000e+04 3.489507519247577250e+01
1.152500000000000000e+04 3.488808565456091770e+01
1.157500000000000000e+04 3.488104876496429085e+01
1.162500000000000000e+04 3.487413702722270159e+01
1.167500000000000000e+04 3.486729923952768928e+01
1.172500000000000000e+04 3.486047383439365888e+01
1.177500000000000000e+04 3.485359716404478547e+01
1.182500000000000000e+04 3.484687407504320333e+01
1.187500000000000000e+04 3.484006562785605610e+01
1.192500000000000000e+04 3.483327951106981146e+01
1.197500000000000000e+04 3.482401286140682828e+01
1.202500000000000000e+04 3.481991548606811193e+01
1.207500000000000000e+04 3.481324999503057427e+01
1.212500000000000000e+04 3.480661496865711513e+01
1.217500000000000000e+04 3.480006182941522752e+01
1.222500000000000000e+04 3.479351866498454626e+01
1.227500000000000000e+04 3.478692866948589568e+01
1.232500000000000000e+04 3.478041814782910990e+01
1.237500000000000000e+04 3.477399153005414689e+01
1.242500000000000000e+04 3.476745705108683637e+01
1.247500000000000000e+04 3.476100719276659845e+01
1.252500000000000000e+04 3.475381455877742098e+01
1.257500000000000000e+04 3.474827662753141055e+01
1.262500000000000000e+04 3.474191906153608755e+01
1.267500000000000000e+04 3.473553469883766809e+01
1.272500000000000000e+04 3.472877445747245417e+01
1.277500000000000000e+04 3.471571486224262060e+01
1.282500000000000000e+04 3.468610785642427174e+01
1.287500000000000000e+04 3.470772044039514981e+01
1.292500000000000000e+04 3.470399320194512427e+01
1.297500000000000000e+04 3.469601319933062200e+01
1.302500000000000000e+04 3.469189125829610276e+01
1.307500000000000000e+04 3.468577955449063666e+01
1.312500000000000000e+04 3.467964678202098128e+01
1.317500000000000000e+04 3.467359136429190158e+01
1.322500000000000000e+04 3.466750888782741669e+01
1.327500000000000000e+04 3.466143626537031253e+01
1.332500000000000000e+04 3.465536803789118636e+01
1.337500000000000000e+04 3.464943658780900648e+01
1.342500000000000000e+04 3.464302313600980199e+01
1.347500000000000000e+04 3.463750729049170474e+01
1.352500000000000000e+04 3.463151463551157150e+01
1.357500000000000000e+04 3.462560959546976846e+01
1.362500000000000000e+04 3.461966867743949194e+01
1.367500000000000000e+04 3.461386700452108300e+01
1.372500000000000000e+04 3.460792829312987351e+01
1.377500000000000000e+04 3.460210342585608601e+01
1.382500000000000000e+04 3.459628814900542437e+01
1.387500000000000000e+04 3.459057769707679597e+01
1.392500000000000000e+04 3.458469198975714676e+01
1.397500000000000000e+04 3.457893544053921886e+01
1.402500000000000000e+04 3.457323123434175471e+01
1.407500000000000000e+04 3.456757237435856922e+01
1.412500000000000000e+04 3.456190710437178382e+01
1.417500000000000000e+04 3.455617498899293594e+01
1.422500000000000000e+04 3.455047968432870675e+01
1.427500000000000000e+04 3.454486272432706073e+01
1.432500000000000000e+04 3.453921730443656202e+01
1.437500000000000000e+04 3.453358701896700467e+01
1.442500000000000000e+04 3.452802509756813976e+01
1.447500000000000000e+04 3.452245915835934653e+01
1.452500000000000000e+04 3.451687914958643688e+01
1.457000000000000000e+04 3.451194312230757788e+01
1.462000000000000000e+04 3.449354132254643446e+01
1.467500000000000000e+04 3.448751671999827551e+01
1.472500000000000000e+04 3.448219063796176442e+01
1.477500000000000000e+04 3.447676877882973656e+01
1.482500000000000000e+04 3.447134108123007223e+01
1.487500000000000000e+04 3.446597391191847493e+01
1.492500000000000000e+04 3.446060401348869107e+01
1.497500000000000000e+04 3.445511483810856390e+01
1.502500000000000000e+04 3.444970391154755873e+01
1.507500000000000000e+04 3.444342908771671574e+01
1.512500000000000000e+04 3.443857736883200005e+01
1.517500000000000000e+04 3.443315512013348467e+01
1.522500000000000000e+04 3.442792202411482094e+01
1.527500000000000000e+04 3.442202660418358562e+01
1.532500000000000000e+04 3.441654060324231068e+01
1.537500000000000000e+04 3.441221637184881388e+01
1.542500000000000000e+04 3.440516550482978175e+01
1.547500000000000000e+04 3.440193260070493864e+01
1.552500000000000000e+04 3.439663261508653136e+01
1.557500000000000000e+04 3.438823121516936965e+01
1.562500000000000000e+04 3.438883823400277606e+01
1.567500000000000000e+04 3.437977752386655084e+01
1.572500000000000000e+04 3.437230174631036306e+01
1.577500000000000000e+04 3.437436298288441350e+01
1.582500000000000000e+04 3.436862804051415310e+01
1.587500000000000000e+04 3.435300296804037146e+01
1.592500000000000000e+04 3.435656373897371196e+01
1.597500000000000000e+04 3.435583895908688135e+01
1.605000000000000000e+04 3.434564616518960634e+01
1.615000000000000000e+04 3.433007042340379655e+01
1.625000000000000000e+04 3.432912094964663652e+01
1.635000000000000000e+04 3.431547481957446877e+01
1.645000000000000000e+04 3.429966488729373708e+01
1.655000000000000000e+04 3.430037551777409277e+01
1.665000000000000000e+04 3.429097470781594836e+01
1.675000000000000000e+04 3.427672324721951469e+01
1.685000000000000000e+04 3.426041900095719939e+01
1.695000000000000000e+04 3.426259673240123504e+01
1.705000000000000000e+04 3.425178889774077362e+01
1.715000000000000000e+04 3.424441593315904697e+01
1.725000000000000000e+04 3.423458368962671017e+01
1.735000000000000000e+04 3.421024710458003426e+01
1.745000000000000000e+04 3.421502243272681909e+01
1.755000000000000000e+04 3.420806061013952615e+01
1.765000000000000000e+04 3.419919937635546603e+01
1.775000000000000000e+04 3.419029165095144407e+01
1.785000000000000000e+04 3.418144040730037858e+01
1.795000000000000000e+04 3.417264543683309341e+01
1.805000000000000000e+04 3.416346425878575133e+01
1.815000000000000000e+04 3.413980509060745305e+01
1.825000000000000000e+04 3.414318825644033950e+01
1.835000000000000000e+04 3.413797702894012076e+01
1.845000000000000000e+04 3.412959858054136220e+01
1.855000000000000000e+04 3.412088442772004271e+01
1.865000000000000000e+04 3.410965841030491674e+01
1.875000000000000000e+04 3.408840302559194413e+01
1.885000000000000000e+04 3.409527240211749444e+01
1.895000000000000000e+04 3.408768313423615837e+01
1.905000000000000000e+04 3.407820031296607510e+01
1.915000000000000000e+04 3.407126409013937973e+01
1.925000000000000000e+04 3.406304790223003920e+01
1.935000000000000000e+04 3.405379580518903282e+01
1.945000000000000000e+04 3.402917016046913545e+01
1.955000000000000000e+04 3.403724823335060989e+01
1.965000000000000000e+04 3.403092922010412025e+01
1.975000000000000000e+04 3.402304256707272856e+01
1.985000000000000000e+04 3.401510154535331765e+01
1.995000000000000000e+04 3.400731971638105477e+01
2.005000000000000000e+04 3.399948829878540124e+01
2.015000000000000000e+04 3.399169749780828909e+01
2.025000000000000000e+04 3.398398931390143218e+01
2.035000000000000000e+04 3.397630429310316202e+01
2.045000000000000000e+04 3.396844519938203177e+01
2.055000000000000000e+04 3.396024440311786208e+01
2.065000000000000000e+04 3.395339378113872897e+01
2.075000000000000000e+04 3.394581493446249709e+01
2.085000000000000000e+04 3.393830212545812230e+01
2.095000000000000000e+04 3.393081935101048430e+01
2.105000000000000000e+04 3.392334755790410128e+01
2.115000000000000000e+04 3.391454649943860034e+01
2.125000000000000000e+04 3.390853300697850159e+01
2.135000000000000000e+04 3.390123705061023429e+01
2.145000000000000000e+04 3.389371378659148348e+01
2.155000000000000000e+04 3.388555755648975065e+01
2.165000000000000000e+04 3.386191205028556794e+01
2.175000000000000000e+04 3.387013439978358065e+01
2.185000000000000000e+04 3.386456684979035003e+01
2.195000000000000000e+04 3.385766904488284013e+01
2.205000000000000000e+04 3.385054323661395159e+01
2.215000000000000000e+04 3.384339888550555031e+01
2.225000000000000000e+04 3.383620896281759372e+01
2.235000000000000000e+04 3.382922988615727888e+01
2.245000000000000000e+04 3.382213415324383732e+01
2.255000000000000000e+04 3.381514121458958755e+01
2.265000000000000000e+04 3.380815227619388708e+01
2.275000000000000000e+04 3.380114330115254972e+01
2.285000000000000000e+04 3.378011222180572304e+01
2.295000000000000000e+04 3.377354989883670555e+01
2.305000000000000000e+04 3.376687482055703526e+01
2.315000000000000000e+04 3.376047965012175212e+01
2.325000000000000000e+04 3.375392362415313130e+01
2.335000000000000000e+04 3.374743131247262085e+01
2.345000000000000000e+04 3.374097300247325393e+01
2.355000000000000000e+04 3.373449541638084526e+01
2.365000000000000000e+04 3.372811877421018778e+01
2.375000000000000000e+04 3.372169544362760973e+01
2.385000000000000000e+04 3.371525112003327962e+01
2.395000000000000000e+04 3.370893172560746365e+01
2.405000000000000000e+04 3.370252568994887099e+01
2.415000000000000000e+04 3.369618249186727610e+01
2.425000000000000000e+04 3.369007971624191100e+01
2.435000000000000000e+04 3.368368935514388340e+01
2.445000000000000000e+04 3.367733382749488413e+01
2.455000000000000000e+04 3.367161487128429087e+01
2.465000000000000000e+04 3.366507865166266811e+01
2.475000000000000000e+04 3.365862183300244226e+01
2.485000000000000000e+04 3.365395410508416774e+01
2.495000000000000000e+04 3.364588999617951259e+01
2.505000000000000000e+04 3.364336629448476401e+01
2.515000000000000000e+04 3.363658332875883161e+01
2.525000000000000000e+04 3.362728048923882085e+01
2.535000000000000000e+04 3.362418791066430401e+01
2.545000000000000000e+04 3.361930808288909134e+01
2.555000000000000000e+04 3.361235376588531665e+01
2.565000000000000000e+04 3.360272321536335483e+01
2.575000000000000000e+04 3.360121479293740521e+01
2.585000000000000000e+04 3.359641927648239346e+01
2.595000000000000000e+04 3.359046316167025736e+01
2.605000000000000000e+04 3.358259941811537885e+01
2.615000000000000000e+04 3.357150627960375289e+01
2.625000000000000000e+04 3.355701169064261791e+01
2.635000000000000000e+04 3.356603852391669562e+01
2.645000000000000000e+04 3.356233146345837071e+01
2.655000000000000000e+04 3.355651309320334974e+01
2.665000000000000000e+04 3.354984336786695565e+01
2.675000000000000000e+04 3.353768355098224418e+01
2.685000000000000000e+04 3.353864117096750164e+01
2.695000000000000000e+04 3.353491540559644335e+01
2.705000000000000000e+04 3.352960420932730301e+01
2.715000000000000000e+04 3.352416198558245952e+01
2.725000000000000000e+04 3.351877502780737217e+01
2.735000000000000000e+04 3.351332343535568015e+01
2.745000000000000000e+04 3.350715778362823016e+01
2.755000000000000000e+04 3.349396800206820046e+01
2.765000000000000000e+04 3.349352319379195819e+01
2.775000000000000000e+04 3.349167142882309633e+01
2.785000000000000000e+04 3.348675425918889204e+01
2.795000000000000000e+04 3.348150253628304540e+01
2.805000000000000000e+04 3.347619636879126404e+01
2.815000000000000000e+04 3.347105355367962432e+01
2.825000000000000000e+04 3.346585547789685222e+01
2.835000000000000000e+04 3.346067744039083180e+01
2.845000000000000000e+04 3.345543743847969154e+01
2.855000000000000000e+04 3.344988358050362365e+01
2.865000000000000000e+04 3.344220383562121413e+01
2.875000000000000000e+04 3.342908775732020388e+01
2.885000000000000000e+04 3.343385786500174106e+01
2.895000000000000000e+04 3.342989688127471481e+01
2.905000000000000000e+04 3.342493718367980193e+01
2.915000000000000000e+04 3.341990707015351347e+01
2.925000000000000000e+04 3.341487481144002203e+01
2.935000000000000000e+04 3.340989432701680784e+01
2.945000000000000000e+04 3.340489873011668465e+01
2.955000000000000000e+04 3.339990907938451414e+01
2.965000000000000000e+04 3.339499283352199654e+01
2.975000000000000000e+04 3.339007338102683775e+01
2.985000000000000000e+04 3.338515519831997835e+01
2.995000000000000000e+04 3.338021069168625843e+01
3.005000000000000000e+04 3.337530626315587767e+01
3.015000000000000000e+04 3.337035529139679113e+01
3.025000000000000000e+04 3.336479969346552821e+01
3.035000000000000000e+04 3.335105571962755278e+01
3.045000000000000000e+04 3.334998737028232085e+01
3.055000000000000000e+04 3.335056607689485020e+01
3.065000000000000000e+04 3.334626294403939539e+01
3.075000000000000000e+04 3.334146355445878385e+01
3.085000000000000000e+04 3.333670812629098634e+01
3.095000000000000000e+04 3.333192329220712935e+01
3.105000000000000000e+04 3.332719451583069770e+01
3.115000000000000000e+04 3.332242563343893949e+01
3.125000000000000000e+04 3.331768999603978898e+01
3.135000000000000000e+04 3.331303050870882743e+01
3.145000000000000000e+04 3.330824084211779734e+01
3.155000000000000000e+04 3.330358641435812217e+01
3.165000000000000000e+04 3.329891953511651081e+01
3.175000000000000000e+04 3.329419185413335214e+01
3.185000000000000000e+04 3.328954708813770935e+01
3.195000000000000000e+04 3.328488753190298866e+01
3.210000000000000000e+04 3.327796618590205924e+01
3.230000000000000000e+04 3.326875722565443994e+01
3.250000000000000000e+04 3.325949896614199730e+01
3.270000000000000000e+04 3.325019937637596712e+01
3.290000000000000000e+04 3.321910259084384620e+01
3.310000000000000000e+04 3.321679851374444326e+01
3.330000000000000000e+04 3.321023702459633142e+01
3.350000000000000000e+04 3.320218218433988966e+01
3.370000000000000000e+04 3.319412505531819590e+01
3.390000000000000000e+04 3.318619830599674003e+01
3.410000000000000000e+04 3.317819734176452329e+01
3.430000000000000000e+04 3.317022667133291947e+01
3.450000000000000000e+04 3.316231014478105976e+01
3.470000000000000000e+04 3.315447064616346751e+01
3.490000000000000000e+04 3.314661411248681588e+01
3.510000000000000000e+04 3.313888635542215155e+01
3.530000000000000000e+04 3.313120407682371393e+01
3.550000000000000000e+04 3.312345752120589282e+01
3.570000000000000000e+04 3.311576618328250277e+01
3.590000000000000000e+04 3.310850436526759921e+01
3.610000000000000000e+04 3.310065896200507751e+01
3.630000000000000000e+04 3.309366446308301590e+01
3.650000000000000000e+04 3.308562113662861037e+01
3.670000000000000000e+04 3.307908979138341010e+01
3.690000000000000000e+04 3.307068394289970570e+01
3.710000000000000000e+04 3.306386851603959087e+01
3.730000000000000000e+04 3.305339909502215789e+01
3.750000000000000000e+04 3.304402386198033525e+01
3.770000000000000000e+04 3.304278034634685213e+01
3.790000000000000000e+04 3.303604613999517170e+01
3.810000000000000000e+04 3.302773209994987269e+01
3.830000000000000000e+04 3.302097908854000963e+01
3.850000000000000000e+04 3.301509112182693428e+01
3.870000000000000000e+04 3.300820430205570233e+01
3.890000000000000000e+04 3.300078501769165484e+01
3.910000000000000000e+04 3.299199206993415601e+01
3.930000000000000000e+04 3.298737737191598285e+01
3.950000000000000000e+04 3.298076280440890429e+01
3.970000000000000000e+04 3.297400210707709789e+01
3.990000000000000000e+04 3.296725918256197474e+01
4.010000000000000000e+04 3.295885574858040457e+01
4.030000000000000000e+04 3.295111235159556884e+01
4.050000000000000000e+04 3.294070708119178903e+01
4.070000000000000000e+04 3.294023449794737246e+01
4.090000000000000000e+04 3.293396197617033749e+01
4.110000000000000000e+04 3.292736090867939680e+01
4.130000000000000000e+04 3.292056217274420504e+01
4.150000000000000000e+04 3.291382138826242709e+01
4.170000000000000000e+04 3.290393831391187263e+01
4.190000000000000000e+04 3.290072162507826903e+01
4.210000000000000000e+04 3.289473446773185117e+01
4.230000000000000000e+04 3.288828972159232933e+01
4.250000000000000000e+04 3.288170053824821082e+01
4.270000000000000000e+04 3.287535132090107481e+01
4.290000000000000000e+04 3.286856436796078640e+01
4.310000000000000000e+04 3.286251397850028866e+01
4.330000000000000000e+04 3.285612362059779201e+01
4.350000000000000000e+04 3.284956774849416661e+01
4.370000000000000000e+04 3.283939959582108514e+01
4.390000000000000000e+04 3.283566854901378917e+01
4.410000000000000000e+04 3.283064428197206297e+01
4.430000000000000000e+04 3.282433958059782242e+01
4.450000000000000000e+04 3.281797935418239831e+01
4.470000000000000000e+04 3.279872158149802885e+01
4.490000000000000000e+04 3.279424065187565418e+01
4.510000000000000000e+04 3.278985894082046570e+01
4.530000000000000000e+04 3.278542151165505913e+01
4.550000000000000000e+04 3.278115499635773489e+01
4.570000000000000000e+04 3.277686619860241990e+01
4.590000000000000000e+04 3.277262581278596087e+01
4.610000000000000000e+04 3.276834864680776604e+01
4.630000000000000000e+04 3.276400369142159263e+01
4.650000000000000000e+04 3.275299874589281046e+01
4.670000000000000000e+04 3.275052385825115664e+01
4.690000000000000000e+04 3.275111957674195651e+01
4.710000000000000000e+04 3.274821333603333784e+01
4.730000000000000000e+04 3.274434806571607481e+01
4.750000000000000000e+04 3.274051839886129756e+01
4.770000000000000000e+04 3.273677339342751225e+01
4.790000000000000000e+04 3.273301781586909698e+01
4.810000000000000000e+04 3.272930443623935304e+01
4.830000000000000000e+04 3.272565195523672799e+01
4.850000000000000000e+04 3.272203053491080027e+01
4.870000000000000000e+04 3.271845351310233241e+01
4.890000000000000000e+04 3.271491934315262995e+01
4.910000000000000000e+04 3.271143052476129043e+01
4.930000000000000000e+04 3.270798577930104045e+01
4.950000000000000000e+04 3.270458904295460911e+01
4.970000000000000000e+04 3.270122074562585368e+01
4.990000000000000000e+04 3.269789389665120893e+01
5.010000000000000000e+04 3.269462184555503370e+01
5.030000000000000000e+04 3.269136650424434976e+01
5.050000000000000000e+04 3.268816733908940364e+01
5.070000000000000000e+04 3.268500584126831399e+01
5.090000000000000000e+04 3.268183866080479305e+01
5.110000000000000000e+04 3.267811678173906387e+01
5.130000000000000000e+04 3.267072975370216881e+01
5.150000000000000000e+04 3.267228137923226683e+01
5.170000000000000000e+04 3.266972399030298391e+01
5.190000000000000000e+04 3.266679038404652857e+01
5.210000000000000000e+04 3.266389346992909282e+01
5.230000000000000000e+04 3.266102868907967149e+01
5.250000000000000000e+04 3.265819283675357809e+01
5.270000000000000000e+04 3.265541432245503017e+01
5.290000000000000000e+04 3.265263614797361669e+01
5.310000000000000000e+04 3.264990042874070753e+01
5.330000000000000000e+04 3.264721475174863485e+01
5.350000000000000000e+04 3.264454209115699967e+01
5.370000000000000000e+04 3.264190052838583256e+01
5.390000000000000000e+04 3.263930750911937650e+01
5.410000000000000000e+04 3.263673186135451942e+01
5.430000000000000000e+04 3.263419432525628139e+01
5.450000000000000000e+04 3.263169921609659241e+01
5.470000000000000000e+04 3.262921921610197273e+01
5.490000000000000000e+04 3.262677916964445757e+01
5.510000000000000000e+04 3.262436654459020247e+01
5.530000000000000000e+04 3.262197106369973199e+01
5.550000000000000000e+04 3.261960770739483451e+01
5.570000000000000000e+04 3.261728814172997204e+01
5.590000000000000000e+04 3.261499724326542093e+01
5.610000000000000000e+04 3.261270994280583579e+01
5.630000000000000000e+04 3.261047248653309083e+01
5.650000000000000000e+04 3.260826143516897702e+01
5.670000000000000000e+04 3.260608031995451483e+01
5.690000000000000000e+04 3.260390353025367460e+01
5.710000000000000000e+04 3.260178430147422546e+01
5.730000000000000000e+04 3.259966828155382501e+01
5.750000000000000000e+04 3.259759153547997101e+01
5.770000000000000000e+04 3.259552711111665246e+01
5.790000000000000000e+04 3.259350602656701312e+01
5.810000000000000000e+04 3.259148682203048963e+01
5.830000000000000000e+04 3.258950623751999842e+01
5.850000000000000000e+04 3.258762628185035481e+01
5.870000000000000000e+04 3.258567024827665648e+01
5.890000000000000000e+04 3.258319054079716182e+01
5.910000000000000000e+04 3.257795045677968204e+01
5.930000000000000000e+04 3.257968212413975095e+01
5.950000000000000000e+04 3.257816621112803546e+01
5.970000000000000000e+04 3.257637202031651924e+01
5.990000000000000000e+04 3.257456986238884156e+01
6.010000000000000000e+04 3.257279070062095627e+01
6.030000000000000000e+04 3.257103243550962191e+01
6.050000000000000000e+04 3.256929660232476920e+01
6.070000000000000000e+04 3.256758124566884050e+01
6.090000000000000000e+04 3.256590215221466877e+01
6.110000000000000000e+04 3.256423576828240840e+01
6.130000000000000000e+04 3.256257895492441889e+01
6.150000000000000000e+04 3.256095547811725055e+01
6.170000000000000000e+04 3.255934404214364264e+01
6.190000000000000000e+04 3.255774598564799760e+01
6.210000000000000000e+04 3.255617181230294221e+01
6.230000000000000000e+04 3.255461052855174842e+01
6.250000000000000000e+04 3.255307817308833762e+01
6.270000000000000000e+04 3.255155524423525293e+01
6.290000000000000000e+04 3.255005665299619011e+01
6.310000000000000000e+04 3.254858889672227207e+01
6.330000000000000000e+04 3.254711516689710749e+01
6.350000000000000000e+04 3.254568041190196226e+01
6.370000000000000000e+04 3.254424803664013410e+01
6.390000000000000000e+04 3.254283328149237775e+01
6.420000000000000000e+04 3.254075538905171783e+01
6.460000000000000000e+04 3.253802940190519877e+01
6.500000000000000000e+04 3.253538064377106309e+01
6.540000000000000000e+04 3.253278074166863121e+01
6.580000000000000000e+04 3.253021834899625020e+01
6.620000000000000000e+04 3.252776422654405053e+01
6.660000000000000000e+04 3.252534059056704052e+01
6.700000000000000000e+04 3.252298071019863812e+01
6.740000000000000000e+04 3.252068202962608723e+01
6.780000000000000000e+04 3.251842224425564609e+01
6.820000000000000000e+04 3.251622088330010030e+01
6.860000000000000000e+04 3.251407087736394885e+01
6.900000000000000000e+04 3.251198396716639394e+01
6.940000000000000000e+04 3.250992054446872004e+01
6.980000000000000000e+04 3.250791553872743123e+01
7.020000000000000000e+04 3.250594813008481054e+01
7.060000000000000000e+04 3.250402761466180834e+01
7.100000000000000000e+04 3.250216934843243166e+01
7.140000000000000000e+04 3.250033725925567296e+01
7.180000000000000000e+04 3.249853957360537038e+01
7.220000000000000000e+04 3.249678180022917928e+01
7.260000000000000000e+04 3.249508330407390133e+01
7.300000000000000000e+04 3.249340672396009211e+01
7.340000000000000000e+04 3.249176999116839681e+01
7.380000000000000000e+04 3.249015389216365435e+01
7.420000000000000000e+04 3.248848012407349017e+01
7.460000000000000000e+04 3.248580003595115073e+01
7.500000000000000000e+04 3.248428314214400814e+01
7.540000000000000000e+04 3.248405187779493275e+01
7.580000000000000000e+04 3.248266999023208257e+01
7.620000000000000000e+04 3.248126896411342557e+01
7.660000000000000000e+04 3.247988847330094586e+01
7.700000000000000000e+04 3.247855872848742820e+01
7.740000000000000000e+04 3.247723338719791997e+01
7.780000000000000000e+04 3.247594195871378986e+01
7.820000000000000000e+04 3.247468660878575264e+01
7.860000000000000000e+04 3.247345942428483312e+01
7.900000000000000000e+04 3.247224327842366165e+01
7.940000000000000000e+04 3.247105988935732057e+01
7.980000000000000000e+04 3.246989896314667590e+01
8.020000000000000000e+04 3.246876874983372119e+01
8.060000000000000000e+04 3.246765716044899364e+01
8.100000000000000000e+04 3.246656277113339684e+01
8.140000000000000000e+04 3.246548934160520616e+01
8.180000000000000000e+04 3.246444197849624658e+01
8.220000000000000000e+04 3.246342057319719743e+01
8.260000000000000000e+04 3.246241180408539151e+01
8.300000000000000000e+04 3.246142832824556024e+01
8.340000000000000000e+04 3.246044893069144877e+01
8.380000000000000000e+04 3.245950558563016841e+01
8.420000000000000000e+04 3.245858147276298666e+01
8.460000000000000000e+04 3.245766157022635667e+01
8.500000000000000000e+04 3.245677035936270016e+01
8.540000000000000000e+04 3.245589317284428432e+01
8.580000000000000000e+04 3.245503277584980140e+01
8.620000000000000000e+04 3.245418543765523367e+01
8.660000000000000000e+04 3.245335981837271788e+01
8.700000000000000000e+04 3.245254829287730303e+01
8.740000000000000000e+04 3.245175510845104583e+01
8.780000000000000000e+04 3.245096530941698632e+01
8.820000000000000000e+04 3.245019689349339131e+01
8.860000000000000000e+04 3.244944501464419062e+01
8.900000000000000000e+04 3.244870571576281293e+01
8.940000000000000000e+04 3.244797646405856995e+01
8.980000000000000000e+04 3.244726001801465287e+01
9.020000000000000000e+04 3.244655949565804320e+01
9.060000000000000000e+04 3.244586543808703283e+01
9.100000000000000000e+04 3.244518888854026528e+01
9.140000000000000000e+04 3.244452546586934716e+01
9.180000000000000000e+04 3.244387031913099406e+01
9.220000000000000000e+04 3.244323090189141823e+01
9.260000000000000000e+04 3.244259653659342746e+01
9.300000000000000000e+04 3.244198147354977380e+01
9.340000000000000000e+04 3.244136992443640111e+01
9.380000000000000000e+04 3.244076729003489135e+01
9.420000000000000000e+04 3.244018111637508639e+01
9.460000000000000000e+04 3.243960101063183288e+01
9.500000000000000000e+04 3.243902807192367277e+01
9.540000000000000000e+04 3.243846721514915998e+01
9.580000000000000000e+04 3.243791521335310790e+01
9.620000000000000000e+04 3.243737606602188350e+01
9.660000000000000000e+04 3.243683934280448966e+01
9.700000000000000000e+04 3.243631433833854771e+01
9.740000000000000000e+04 3.243579415208764516e+01
9.780000000000000000e+04 3.243528542316570906e+01
9.820000000000000000e+04 3.243478519123571147e+01
9.860000000000000000e+04 3.243428911304819451e+01
9.900000000000000000e+04 3.243380285676552433e+01
9.940000000000000000e+04 3.243332782273078152e+01
9.980000000000000000e+04 3.243285268430388157e+01
1.002000000000000000e+05 3.243239061845051197e+01
2.000000000000000000e+05 3.238654779737484546e+01
4.000000000000000000e+05 3.233387984165968732e+01
6.000000000000000000e+05 3.227580007755187808e+01
8.000000000000000000e+05 3.220883727406862107e+01
1.000000000000000000e+06 3.212965129495666616e+01
1.200000000000000000e+06 3.203273676768087341e+01
1.400000000000000000e+06 3.190779803107257351e+01
1.600000000000000000e+06 3.173170677201689571e+01
