-2.293190853969901966e+00
-2.293352297297383657e+00
-2.294127580804217637e+00
-2.311599455599447683e+00
-2.118314151762762165e+00
-2.288200816968562368e+00
-2.363764993255180524e+00
-2.421903719179992809e+00
-2.440544432533658714e+00
-2.568072050219234015e+00
-2.512017771503701535e+00
-2.421527467755619334e+00
-2.487391835563729448e+00
-2.545624503791367399e+00
-2.471156769152308197e+00
-2.368719102281161337e+00
-2.393625481068943905e+00
-2.550220535981946313e+00
-2.561761353174135003e+00
-2.546871841036847606e+00
-2.506681568221740264e+00
-2.504616452987197928e+00
-2.516473510115597723e+00
-2.451478213756237423e+00
-2.418363884424601373e+00
-2.391907565123535306e+00
-2.335551369479558215e+00
-2.348938463665109833e+00
-2.401519220683669076e+00
-2.490817128841814387e+00
-2.441794370599257746e+00
-2.441160983987453736e+00
-2.405137810356559491e+00
-2.371723739609329584e+00
-2.366925809142448767e+00
-2.342374919254931687e+00
-2.328699995943189105e+00
-2.248692883354157956e+00
-2.235278784724783918e+00
-2.191790585823851778e+00
-2.188887014456383451e+00
-1.950935576900956869e+00
-1.987886131659985178e+00
-1.577655698854302901e+00
-1.749058763246412962e+00
-1.780057558029290776e+00
-1.862553594358786535e+00
-2.530068800344749125e+00
-2.531133401347009926e+00
-2.479228605747977543e+00
-2.480205133999655143e+00
-2.480787668771139209e+00
-2.481488163980190453e+00
-2.482030992269233849e+00
-2.449785057908790531e+00
-2.375533067037091328e+00
-2.376178985969765289e+00
-2.376833438604003756e+00
-2.377644342684591017e+00
-2.379018204304469641e+00
-2.323156390589105058e+00
-2.323631693647153273e+00
-2.324347465100004229e+00
-2.325286192855266609e+00
-2.069354012517242936e+00
-1.189934813946037506e+00
-1.310650657147250042e+00
-1.449286990135709052e+00
-1.397764991724853578e+00
-1.297715644325753370e+00
-2.252810494667991659e+00
-2.253436855284238760e+00
-2.253843967245800162e+00
-2.254222909252074025e+00
-2.255031342404590244e+00
-2.134310673076818876e+00
-2.134725384467697218e+00
-2.135450398820430529e+00
-2.225745897552169783e+00
-8.713124290617225709e-01
-2.078341243311485176e+00
-2.079121964836593062e+00
-2.079122255419799004e+00
-2.079887089955148038e+00
-2.080318359265758588e+00
-2.020392340160083844e+00
-1.289379907667584924e+00
-4.375796788926553105e-01
-5.709161795410868656e-01
-6.660572522836636367e-01
-8.445687408330129209e-01
-8.239435938198105269e-01
-5.767930700425649704e-01
-2.046993182673172207e+00
-2.047435038340976732e+00
-2.048130228953153775e+00
-2.048527678553655917e+00
-2.049175461097684003e+00
-2.049818256185952148e+00
-2.050439767616405451e+00
-2.050698720585776957e+00
-2.051081165776042159e+00
-2.051674695390925063e+00
-2.052059566838326354e+00
-1.943026721132112389e+00
-1.943424197867949843e+00
-1.943805700337017939e+00
-1.944114135987556446e+00
-1.944370163710127386e+00
-1.944728715265085839e+00
-1.945096790343472382e+00
-1.945745840944341110e+00
-1.946027201493757852e+00
-1.946211249336054605e+00
-1.946829906115736142e+00
-1.947037681124191399e+00
-1.947275988415153813e+00
-1.947922352956960257e+00
-1.948186177986867884e+00
-1.948819363866358012e+00
-1.828304415374731651e+00
-1.828514561156831197e+00
-1.828795637052905487e+00
-1.829101078122739255e+00
-1.829433990126127840e+00
-1.953371283311670314e+00
-1.833853582315911890e+00
-1.480682443011129612e+00
-1.744875445707739559e+00
-1.744876545058332118e+00
-1.744876351117733648e+00
-1.745773981133574404e+00
-1.745773928861428015e+00
-1.745503447003700082e+00
-1.746356248077632900e+00
-1.746312978289754181e+00
-1.746313185776579235e+00
-1.747251998803226680e+00
-1.747250814063265656e+00
-1.746780603174776569e+00
-1.747190361480684295e+00
-1.732759696196578769e+00
-1.576198290776479771e+00
-1.389268366908991581e+00
-8.607863468130734219e-01
-3.743983409352618086e-01
1.875375564715587862e-01
6.827206717924386714e-01
7.227882340384939042e-01
8.345565343766324640e-01
8.688663490454484606e-01
8.757343750542524452e-01
7.649261336892524410e-01
3.658023343203873345e-01
-1.760280845451320797e+00
-1.763457108027791209e+00
-1.763457108027791209e+00
-1.764180425793840712e+00
-1.764091226627008790e+00
-1.764091226627008790e+00
-1.764879247025846754e+00
-1.764879247025846754e+00
-1.765610715812513165e+00
-1.765610715812513165e+00
-1.720147641105213898e+00
-1.721139556424111206e+00
-1.721139556424111206e+00
-1.722110064935646445e+00
-1.722110064935646445e+00
-1.722110064935646445e+00
-1.590468662157735524e+00
-1.590259665422614876e+00
-1.590972816247456567e+00
-1.590972816247456567e+00
-1.590972816247456567e+00
-1.591235974136683495e+00
-1.591114852242611066e+00
-1.591738881123631710e+00
-1.591738881123631710e+00
-1.592389005279123859e+00
-1.592387115548438370e+00
-1.592859514011708777e+00
-1.592859514011708777e+00
-1.592859514011708777e+00
-1.561943461494160523e+00
-1.561884172802661785e+00
-1.562341263842152772e+00
-1.562341263842152772e+00
-1.562764687283650034e+00
-1.562764687283650034e+00
-1.563314329811180237e+00
-1.563219208799668580e+00
-1.563760181503156099e+00
-1.563760181503156099e+00
-1.564261160740434642e+00
-1.564261160740434642e+00
-1.564491310956056092e+00
-1.564302700426580373e+00
-1.564786715735488887e+00
-1.564786715735488887e+00
-1.565173894883769012e+00
-1.565593326659295403e+00
-1.565593326659295403e+00
-1.566065913259979681e+00
-1.566065913259979681e+00
-1.566524497465178634e+00
-1.566429592860942632e+00
-1.566927840096139279e+00
-1.567374507770759928e+00
-1.567374507770759928e+00
-1.567818587470369840e+00
-1.567721169525055913e+00
-1.568080197615202787e+00
-1.568519401556043302e+00
-1.568519401556043302e+00
-1.568834101143532944e+00
-1.423685479593632452e+00
-1.423684889717608870e+00
-1.423868050166848809e+00
-1.424060548238481161e+00
-1.424157072325386020e+00
-1.424313505599523522e+00
-1.424490148329954353e+00
-1.424295194145762444e+00
-1.424474797481810828e+00
-1.424790484745671382e+00
-1.424972640806015045e+00
-1.424972640806015045e+00
-1.425138319251666674e+00
-1.425463624794451212e+00
-1.425641491691953755e+00
-1.425816202084523976e+00
-1.425816202084523976e+00
-1.426148028808226664e+00
-1.426320416131311219e+00
-1.426512530905859721e+00
-1.426515433668851029e+00
-1.426732040577108007e+00
-1.427099116852835969e+00
-1.427413104285489398e+00
-1.427722635779915983e+00
-1.428284873763039142e+00
-1.580677598559455221e+00
-1.433400998577855301e+00
-1.434295265708775968e+00
-1.346699601603090990e+00
-1.200782362422074145e+00
-8.134354254564115649e-01
-9.395926989037359789e-01
-1.326338979663402418e+00
-1.327260681040918211e+00
-1.327240682180328424e+00
-1.327237887884604950e+00
-1.327237887884604950e+00
-1.328216538619843901e+00
-1.327516182228076547e+00
-1.327688467926676497e+00
-1.327688564600375543e+00
-1.328644341895116820e+00
-1.328640804684178445e+00
-1.328627585953114032e+00
-1.328627585953114032e+00
-1.329501941277474231e+00
-1.329501684536572359e+00
-1.329444110268675372e+00
-1.330397295210451247e+00
-1.330398055777233468e+00
-1.330585992118333394e+00
-1.330587010042484586e+00
-1.331474712037001407e+00
-1.331474587502778251e+00
-1.331475293625680845e+00
-1.331473984918704279e+00
-1.332334656669603712e+00
-1.331236816737875639e+00
-1.331236816737875639e+00
-1.332112281507486840e+00
-1.332271861277367853e+00
-1.332267970868927121e+00
-1.332264160636970063e+00
-1.333135362292952486e+00
-1.332770140807002068e+00
-1.332756807056752812e+00
-1.333547658802598290e+00
-1.333527585836936424e+00
-1.333522413197366641e+00
-1.332064078321850253e+00
-1.332849639969829303e+00
-1.332973735558489414e+00
-1.321848512430348510e+00
-1.206715739308733326e+00
-1.206406487153075746e+00
-1.205345048923472717e+00
-1.140879614792214891e+00
-1.140544051682178983e+00
-1.139614248863020096e+00
-1.042061489211485448e+00
-1.039371013653279663e+00
-1.037786025523926403e+00
-1.037117009354296293e+00
-8.507439636119051851e-01
-1.032748453484149120e+00
-1.032748453484149120e+00
-1.034046751480296900e+00
-1.034046751480296900e+00
-8.268008252630612009e-01
-8.267500696435100549e-01
-8.277993296275846236e-01
-1.024574027606452553e+00
-1.133825789977314757e+00
-1.212529286135639595e+00
-1.213163452932865871e+00
-1.214636673013147927e+00
-1.214656805127165118e+00
-1.215839593484428161e+00
-1.215838418728616421e+00
-1.215838418728616421e+00
-1.216860366906037161e+00
-1.216860366906037161e+00
-1.216860366906037161e+00
-1.217400891804077290e+00
-1.217400891804077290e+00
-1.217922213106014340e+00
-1.217727986212313152e+00
-1.217254753643733700e+00
-1.217806229239368321e+00
-1.218165978521750903e+00
-1.218165978521750903e+00
-1.114564494257913818e+00
-1.114129628932526428e+00
-1.114482476695948465e+00
-1.114482476695948465e+00
-1.114482476695948465e+00
-1.114855049008300680e+00
-1.114855049008300680e+00
-1.115772700566494136e+00
-1.115772700566494136e+00
-1.115772700566494136e+00
-1.116105637000670781e+00
-1.116105637000670781e+00
-1.116464566027325578e+00
-1.116464566027325578e+00
-1.116787537749296177e+00
-1.116787537749296177e+00
-1.117687608521245712e+00
-1.117687608521245712e+00
-1.117687608521245712e+00
-1.117517663875030376e+00
-1.117064973033629283e+00
-1.117377859854084665e+00
-1.117377859854084665e+00
-1.117710712131336326e+00
-1.117710712131336326e+00
-1.118594812685880679e+00
-1.118594812685880679e+00
-1.287866632045417292e+00
-1.287677292996096901e+00
-1.288258049436771246e+00
-1.288258049436771246e+00
-1.288795483587804602e+00
-1.288795483587804602e+00
-1.289605622455556766e+00
-1.289605622455556766e+00
-1.290211624869802787e+00
-1.290812095344167076e+00
-1.290293756451946772e+00
-1.290993617086777068e+00
-1.290993617086777068e+00
-1.291674344151565013e+00
-1.292072141363996618e+00
-1.292656023955673250e+00
-1.293291673193721403e+00
-1.293559171944113739e+00
-1.294490241340610970e+00
-1.295180155012914947e+00
-1.124430044244057569e+00
-1.125717221150994041e+00
-1.237514629078418915e+00
-1.134456967481818790e+00
-1.135826357378967311e+00
-1.316768115424899799e+00
-1.317969421116903739e+00
-1.318789543041930967e+00
-9.291280313017782344e-01
-9.291808525494165139e-01
-6.363319188544913629e-01
3.263346270461345844e-01
1.353878985595082352e+00
-7.585361188844645941e-01
-9.069353253294768491e-01
-9.072376423633549125e-01
-9.072264358690144137e-01
-9.072583320471097057e-01
-9.072562080249504390e-01
-9.072242301666654241e-01
-9.101462740324369749e-01
-9.087588953637283362e-01
-9.087606724369587941e-01
-9.087590319804205174e-01
-9.076285827287745578e-01
-9.076280792495803329e-01
-9.076306097360350433e-01
-9.075946530348797392e-01
-9.107507126563060273e-01
-9.107508097030350136e-01
-9.107532312864607960e-01
-9.107535443631520344e-01
-9.107535443631520344e-01
-9.107546709302847265e-01
-9.106631412415344684e-01
-9.134354150787754589e-01
-9.134354150787754589e-01
-9.134375403072058086e-01
-9.134386026125335123e-01
-9.134409951909878700e-01
-9.134409951909878700e-01
-9.123810501557817476e-01
-9.123805016706900695e-01
-9.151344364278993782e-01
-9.137250976820129322e-01
-9.131495262070173924e-01
-9.131479015974020008e-01
-9.131444396008445707e-01
-9.131421694914798604e-01
-9.131396590476141828e-01
-9.131380386595455700e-01
-9.155946593195289918e-01
-9.154247970613655916e-01
-9.153916358669438313e-01
-9.153733764093511249e-01
-9.139722269633131502e-01
-9.138964802632090212e-01
-9.127862745934240962e-01
-9.156505816775475370e-01
-9.156505816775475370e-01
-9.154819605660251547e-01
-9.154819605660251547e-01
-9.154819605660251547e-01
-9.154819605660251547e-01
-9.154674979427492865e-01
-9.182191397189576332e-01
-9.182045447622950718e-01
-9.170074149327887003e-01
-9.169938877801372401e-01
-9.169771865712299519e-01
-9.169538539474012540e-01
-9.169354140327687919e-01
-9.196007285315943580e-01
-9.131951773971076491e-01
-9.131517076555033530e-01
-9.130216566135321843e-01
-9.129621222140222869e-01
-9.123773321116810386e-01
-9.122782443403789632e-01
-9.147810203728865552e-01
-9.147382236034196090e-01
-9.146562746845823266e-01
-9.146562146562106088e-01
-9.144122297038536074e-01
-9.144122297038536074e-01
-9.144122297038536074e-01
-9.171318067673107644e-01
-9.168751715737093466e-01
-9.168751715737093466e-01
-9.158285768162256479e-01
-9.144599388002506712e-01
-9.141706000370036778e-01
-9.141706000370036778e-01
-9.169147263500023737e-01
-9.166778141311713313e-01
-9.166778141311713313e-01
-9.165748479974360485e-01
-9.165748479974360485e-01
-9.228190867627360516e-01
-9.228190867627360516e-01
-3.967641421137304558e-01
-3.967641421137304558e-01
-3.967640416990056984e-01
-3.967640416990056984e-01
-3.966874641279034552e-01
-3.962758264994097335e-01
-3.983560065356055446e-01
-3.983560065356055446e-01
-3.983153867946873095e-01
-3.976953490413317471e-01
-3.976363027729032940e-01
-3.976363027729032940e-01
-3.976363027729032940e-01
-3.982716126160492642e-01
-3.982716126160492642e-01
-3.982593246760968153e-01
-3.982593246760968153e-01
-4.006485956185545927e-01
-4.006485956185545927e-01
-4.028405372666507556e-01
-4.024768889025409635e-01
-4.024768889025409635e-01
-4.024380357125947327e-01
-4.024380357125947327e-01
-4.024380357125947327e-01
-4.045223717436872146e-01
-4.045223717436872146e-01
-4.052138723526454989e-01
-4.052138723526454989e-01
-4.052138723526454989e-01
-4.050470989016630163e-01
-4.069689077345864381e-01
-4.069689077345864381e-01
-4.071503965035864758e-01
-4.068166387658236349e-01
-4.055656826296913930e-01
-4.055656826296913930e-01
-4.073849073943395238e-01
-4.073849073943395238e-01
-4.067969575334082211e-01
-4.067969575334082211e-01
-4.067969575334082211e-01
-4.067969575334082211e-01
-4.086695285549217793e-01
-4.086695285549217793e-01
-4.086695285549217793e-01
-4.086590338395939548e-01
-4.086590338395939548e-01
-4.086590338395939548e-01
-4.103151616443585503e-01
-4.103151616443585503e-01
-4.103151616443585503e-01
-4.103151616443585503e-01
-4.103151616443585503e-01
-4.103151616443585503e-01
-4.122256092457353138e-01
-4.108814398243787469e-01
-4.108814398243787469e-01
-4.108814398243787469e-01
-4.108814398243787469e-01
-4.126448849372403860e-01
-4.126448849372403860e-01
-4.126448849372403860e-01
-4.122803562137675737e-01
-4.122803562137675737e-01
-4.122803562137675737e-01
-4.141996259814536563e-01
-4.141996259814536563e-01
-4.141996259814536563e-01
-4.140442465674107897e-01
-4.134255368001173991e-01
-4.963183287319645753e-01
-4.963183287319645753e-01
-4.963183287319645753e-01
-4.963182957631131487e-01
-4.963182957631131487e-01
-4.983660115765841669e-01
-4.966054359320147826e-01
-4.966054359320147826e-01
-4.966054359320147826e-01
-4.966054359320147826e-01
-4.966054359320147826e-01
-4.984751504075271011e-01
-4.984751504075271011e-01
-4.984751504075271011e-01
-4.984751504075271011e-01
-4.984751504075271011e-01
-5.001578856796252692e-01
-5.001578856796252692e-01
-5.001569380106828389e-01
-5.001569380106828389e-01
-4.996273775437301001e-01
-5.015211926266192055e-01
-5.015211926266192055e-01
-5.015211926266192055e-01
-5.015211926266192055e-01
-7.414228589492544153e-02
-7.414228589492544153e-02
-7.414228589492544153e-02
-7.191960185530832383e-02
-7.191960185530832383e-02
-7.321777234476534169e-02
-7.321777234476534169e-02
-7.321777234476534169e-02
-7.321777234476534169e-02
-7.339211558919633838e-02
-7.452289803180311978e-02
-7.452289803180311978e-02
-7.452289803180311978e-02
-7.450959974019344401e-02
-7.450959974019344401e-02
-7.591989210782923436e-02
-7.591989210782923436e-02
-7.591989210782923436e-02
-7.591989210782923436e-02
-7.716649523859975268e-02
-7.716649523859975268e-02
-7.712470252993397501e-02
-7.729264918197853440e-02
-7.729264918197853440e-02
-7.727862075573499467e-02
-7.727862075573499467e-02
-7.727862075573499467e-02
-7.727862075573499467e-02
-7.844139147116635513e-02
-7.844139147116635513e-02
-7.844139147116635513e-02
-7.844139147116635513e-02
-7.913596719361026821e-02
-7.913596719361026821e-02
-7.913596719361026821e-02
-7.929842605170089875e-02
-7.929842605170089875e-02
-8.045512173306779147e-02
-8.045512173306779147e-02
-8.045512173306779147e-02
-8.045512173306779147e-02
-8.191939283264293437e-02
-8.191939283264293437e-02
-8.191939283264293437e-02
-8.191939283264293437e-02
-8.138563179106927947e-02
-8.122320840351071602e-02
1.260949092143127670e-01
1.260949092143127670e-01
1.239770548172843823e-01
1.239770548172843823e-01
1.239770548172843823e-01
1.239770548172843823e-01
1.220888333156894545e-01
1.220888333156894545e-01
1.220888333156894545e-01
1.202243354649987772e-01
1.202243354649987772e-01
1.202243354649987772e-01
1.202243354649987772e-01
9.127263326603047844e-01
9.133955093041561391e-01
9.133955093041561391e-01
9.133955093041561391e-01
9.118878104271304075e-01
9.131480144236656660e-01
9.131480144236656660e-01
9.116942321504551972e-01
9.116942321504551972e-01
9.117391689924735365e-01
9.117391689924735365e-01
9.104327166028637341e-01
9.106811297695032170e-01
9.106811297695032170e-01
9.089167453295096122e-01
9.089167453295096122e-01
9.089167453295096122e-01
9.089288947565919985e-01
9.072999064059803498e-01
9.072999064059803498e-01
9.072999064059803498e-01
9.054894747594026683e-01
9.054894747594026683e-01
9.056701833032719806e-01
9.051355275223043062e-01
9.051355275223043062e-01
9.046058091552968694e-01
9.034743203839910031e-01
9.029348827175921466e-01
9.022988186388076759e-01
9.016734533130286167e-01
9.010390948390832877e-01
8.993104410361355550e-01
8.976055382932510707e-01
8.964665932522377645e-01
8.942556962669444554e-01
8.932273336994963620e-01
9.063565608138945962e-02
8.790854630965387606e-02
8.109763246479850807e-02
6.838098465659936398e-02
-4.311272122700395837e-01
-4.456636202513943879e-01
2.481977045677552507e-02
2.137394796988290047e-02
1.843439298680893401e-02
1.580928566289363513e-02
1.362920712262483125e-02
1.250972805855199432e-02
1.118677805679968440e-02
9.210518909895992756e-03
6.666276164704276752e-03
8.234505769932870534e-01
8.212248620104877217e-01
8.199051592852044656e-01
8.183447026921286671e-01
8.169181783578333134e-01
1.426096907410904224e+00
1.425889866825744923e+00
2.166859812387086581e+00
2.166905014424783449e+00
3.110837901779583081e+00
3.430498018707205610e+00
4.253105572686709301e+00
4.800150089404165321e+00
4.907605484936202522e+00
3.688212633975906485e+00
2.866433791424376487e+00
2.422665284027953891e+00
2.172678239227973318e+00
2.130954524132729233e+00
2.128923856432411110e+00
2.128909580495528253e+00
2.128574891266476143e+00
2.128574891266476143e+00
2.128616100926741250e+00
2.128616100926741250e+00
2.128467637697904369e+00
2.128467637697904369e+00
2.128466827724742050e+00
2.128510624351135583e+00
2.123245183902093380e+00
2.126595877164495274e+00
2.126601761489463005e+00
2.126601761489463005e+00
2.128639976930556621e+00
2.128639976930556621e+00
2.128570740774947456e+00
2.128570740774947456e+00
2.128568318854104024e+00
2.128570746216208232e+00
2.128570746216208232e+00
2.122465328872143786e+00
2.122465328872143786e+00
2.122465001418556430e+00
2.123007233607419053e+00
2.123082442715749085e+00
2.123082442715749085e+00
2.123098372829799185e+00
2.123098372829799185e+00
2.123103878065680572e+00
2.126580619685648710e+00
2.126564118281043303e+00
2.121527001816124525e+00
2.121522779517210466e+00
2.121522779517210466e+00
2.121525204474454807e+00
2.121525204474454807e+00
2.121526365915957779e+00
2.121526365915957779e+00
2.121522691236079616e+00
2.121526357021525477e+00
2.121526357021525477e+00
2.118238437220361092e+00
2.118238437220361092e+00
2.118238437220361092e+00
2.118238437220361092e+00
2.118238437220361092e+00
2.118238437220361092e+00
2.121384883341652206e+00
2.121384883341652206e+00
2.121384883341652206e+00
2.121384883341652206e+00
2.116378625715749084e+00
2.116378625715749084e+00
2.116378625715749084e+00
2.116378625715749084e+00
2.116378625715749084e+00
2.116378625715749084e+00
2.116378625715749084e+00
2.116911700446695299e+00
2.116911700446695299e+00
2.116911700446695299e+00
2.116911700446695299e+00
2.111820563093607994e+00
2.111820563093607994e+00
2.111988506107460140e+00
2.111988506107460140e+00
2.115452383799077296e+00
2.117242325285485727e+00
2.117242325285485727e+00
2.117242325285485727e+00
2.117242325285485727e+00
2.112676444751745208e+00
2.112676444751745208e+00
2.112676444751745208e+00
2.112676444751745208e+00
2.112676444751745208e+00
2.112676444751745208e+00
2.112676444751745208e+00
2.112676444751745208e+00
2.112676444751745208e+00
2.112676444751745208e+00
2.107850443793699124e+00
2.107850443793699124e+00
2.107850443793699124e+00
2.111039437340370029e+00
2.111039437340370029e+00
2.111039437340370029e+00
2.111039437340370029e+00
2.111039437340370029e+00
2.111039437340370029e+00
2.111039437340370029e+00
2.105902673431044203e+00
2.106403493407556393e+00
2.108302970333054027e+00
2.108302970333054027e+00
2.108302970333054027e+00
2.108302970333054027e+00
2.108302970333054027e+00
2.108302970333054027e+00
2.108302970333054027e+00
2.103598931623273938e+00
2.106727180658117149e+00
2.106727180658117149e+00
2.106727180658117149e+00
2.106727180658117149e+00
2.106727180658117149e+00
2.106727180658117149e+00
2.106729430064680386e+00
2.106729430064680386e+00
2.106729430064680386e+00
2.102256783963719844e+00
2.102391473010063905e+00
2.102391473010063905e+00
2.102391473010063905e+00
2.102391473010063905e+00
2.102391473010063905e+00
2.102391473010063905e+00
2.102391473010063905e+00
2.102391473010063905e+00
2.101116107651010534e+00
2.102893713295343137e+00
2.102893713295343137e+00
2.102893713295343137e+00
2.102893713295343137e+00
2.102893713295343137e+00
2.102893713295343137e+00
2.103416957315965785e+00
2.103416957315965785e+00
2.099134542761616373e+00
2.099134542761616373e+00
2.099134542761616373e+00
2.099134542761616373e+00
2.099134542761616373e+00
2.099134542761616373e+00
2.099134542761616373e+00
2.102012235388416528e+00
2.102012235388416528e+00
3.107951172860076827e+00
3.107951172860076827e+00
3.107951172860076827e+00
3.107951172860076827e+00
3.107951172860076827e+00
3.107951172860076827e+00
3.107951172860076827e+00
3.107951172860076827e+00
3.105517993063642734e+00
3.105517993063642734e+00
3.105517993063642734e+00
3.105517993063642734e+00
3.105517993063642734e+00
3.105517993063642734e+00
3.105613495375829647e+00
3.108652559603914955e+00
3.108652559603914955e+00
3.104606617283515391e+00
3.104606617283515391e+00
3.104606617283515391e+00
3.104606617283515391e+00
3.104606617283515391e+00
3.104606617283515391e+00
3.105149535112632364e+00
3.105149535112632364e+00
3.101311536743086350e+00
3.101311536743086350e+00
3.101311536743086350e+00
3.101311536743086350e+00
3.101311536743086350e+00
3.101311536743086350e+00
3.101311536743086350e+00
3.103817860136043105e+00
3.105659756616277356e+00
3.101884688285146741e+00
3.101884688285146741e+00
3.101884688285146741e+00
3.101884688285146741e+00
3.101884688285146741e+00
3.101884688285146741e+00
3.101884688285146741e+00
3.101884688285146741e+00
3.098217635788796276e+00
3.098217635788796276e+00
3.098217635788796276e+00
3.098260597329391963e+00
3.098260597329391963e+00
3.098260597329391963e+00
3.100782948204596323e+00
3.100788502880631015e+00
2.276189120361016727e+00
2.276189120361016727e+00
2.276189120361016727e+00
2.276332999782914257e+00
2.276332999782914257e+00
2.276851953616900293e+00
2.276851953616900293e+00
2.276851953616900293e+00
2.272762064890461620e+00
2.274680576190829306e+00
2.274680576190829306e+00
2.274680576190829306e+00
2.274680576190829306e+00
2.277768892198394290e+00
2.277768892198394290e+00
2.273502546625176812e+00
2.273502546625176812e+00
2.273502546625176812e+00
2.273502546625176812e+00
2.273502546625176812e+00
2.273502546625176812e+00
2.273502546625176812e+00
2.273502546625176812e+00
2.270057440001020943e+00
2.270057440001020943e+00
2.270057440001020943e+00
2.270057440001020943e+00
2.270057440001020943e+00
2.270057440001020943e+00
2.273124260278946096e+00
3.218338781906589841e+00
3.218338781906589841e+00
3.218338781906589841e+00
3.220218495549931781e+00
3.220218495549931781e+00
3.220218495549931781e+00
3.220218495549931781e+00
3.220759525108646493e+00
3.217085240697852289e+00
3.217085240697852289e+00
3.217085240697852289e+00
3.217085240697852289e+00
3.217085240697852289e+00
3.217186559864731343e+00
3.217186559864731343e+00
3.216075885592285744e+00
3.216075885592285744e+00
3.216075885592285744e+00
3.216075885592285744e+00
3.216075885592285744e+00
3.216075885592285744e+00
3.216075885592285744e+00
3.212324654553007530e+00
3.212324654553007530e+00
3.212324654553007530e+00
3.212324654553007530e+00
3.212324654553007530e+00
3.214187961394689097e+00
3.214187961394689097e+00
3.210966971276224324e+00
3.213323514156359195e+00
3.213323514156359195e+00
3.213323514156359195e+00
3.213323514156359195e+00
3.213323514156359195e+00
3.210682420691133743e+00
3.210682420691133743e+00
3.210682420691133743e+00
3.210682420691133743e+00
3.211233978000628486e+00
3.211233978000628486e+00
3.211240458816283283e+00
3.207353119011603138e+00
3.207353119011603138e+00
3.207353119011603138e+00
3.209949458501677011e+00
3.209949458501677011e+00
3.209949458501677011e+00
3.209949458501677011e+00
3.206417261737359414e+00
3.206417261737359414e+00
3.208272942323793675e+00
3.208423710594890288e+00
3.208423710594890288e+00
3.208423710594890288e+00
4.588475495269998206e+00
4.588475495269998206e+00
4.588475495269998206e+00
4.588475495269998206e+00
4.588475495269998206e+00
4.936662161405044991e+00
4.932845876977075328e+00
4.932845876977075328e+00
4.932845876977075328e+00
4.932845876977075328e+00
4.932845876977075328e+00
4.932845876977075328e+00
4.929207132403647940e+00
4.929207132403647940e+00
4.929207132403647940e+00
4.929207132403647940e+00
4.963088539484587614e+00
4.963088539484587614e+00
4.958590908669981978e+00
4.963601931692832814e+00
4.963601931692832814e+00
4.963601931692832814e+00
4.963601931692832814e+00
4.963601931692832814e+00
4.959611460708146069e+00
