4.232252933474696022e+01
4.234708252178101873e+01
4.238433730866405824e+01
4.242110580105001816e+01
4.198635740266502125e+01
4.164320100188416518e+01
4.137662917558020581e+01
4.113029543632138996e+01
4.095546391763834038e+01
4.087653161122582901e+01
4.078987338314874478e+01
4.069769070313009252e+01
4.057817505179166062e+01
4.048842901760359325e+01
4.042246898116781040e+01
4.034912393680887988e+01
4.029492635527410016e+01
4.021960959981231554e+01
4.015420391986732795e+01
4.012971616357444304e+01
4.011277004833733884e+01
4.007945282846998225e+01
4.007364020090200540e+01
4.003102838982157863e+01
3.999312501669378150e+01
3.997895616907638328e+01
3.993793993639096129e+01
3.989212700149397506e+01
3.987409092166112146e+01
3.982358939245094120e+01
3.979225338765189690e+01
3.974266963989359169e+01
3.975425233044833817e+01
3.971796395566839522e+01
3.969827396862511648e+01
3.968787759102053769e+01
3.967414560936173018e+01
3.966690613741747029e+01
3.965150300449145959e+01
3.962085152112011599e+01
3.960236470114094942e+01
3.958682629781795725e+01
3.957954680767089428e+01
3.955783606844180156e+01
3.957144484080685487e+01
3.948102460302308714e+01
3.944414895735128823e+01
3.947071898475659424e+01
3.948875296730864903e+01
3.947681164268858822e+01
3.939600252376187939e+01
3.915855993642296085e+01
3.916113132010721642e+01
3.916470057706125374e+01
3.916877751474736158e+01
3.917122132578482052e+01
3.917569733282109468e+01
3.917954986925468575e+01
3.918351179676142237e+01
3.918775449464111205e+01
3.919146749957423026e+01
3.919504331021809662e+01
3.920033483843499766e+01
3.920388645836744246e+01
3.920904263339011209e+01
3.921257976675818213e+01
3.921754244949573831e+01
3.922333355585941206e+01
3.923209672819513116e+01
3.928503591826870434e+01
3.932453608173439363e+01
3.929539911173368694e+01
3.925183775756704563e+01
3.920864208386518612e+01
3.918115784869596041e+01
3.916677357987161656e+01
3.919108815984998273e+01
3.928103219138111513e+01
3.930847421482982185e+01
3.931022103411550006e+01
3.931229379990638506e+01
3.930639811086764723e+01
3.927797433390942672e+01
3.931429014061238547e+01
3.893026053061478109e+01
3.893330560258919348e+01
3.893693508785216295e+01
3.893830461103734564e+01
3.894190919082910796e+01
3.894467913465712172e+01
3.894827158320739358e+01
3.895148812561885165e+01
3.895553235818855597e+01
3.896095816827950387e+01
3.897008652638204040e+01
3.901792099392138624e+01
3.893645007279731374e+01
3.908693810703545068e+01
3.906820899048138784e+01
3.902374653523789050e+01
3.897207583660419061e+01
3.893010502017979491e+01
3.890187882323175472e+01
3.888195157484851450e+01
3.887457049965443190e+01
3.888381195086201103e+01
3.893231688789104794e+01
3.900297385339305833e+01
3.901686508431198774e+01
3.901586127947236804e+01
3.901821765763301642e+01
3.901809912975446082e+01
3.901553449279504093e+01
3.900907078206957124e+01
3.897937238485651790e+01
3.893996892141645105e+01
3.854515283619839749e+01
3.854709103709623719e+01
3.854910164483808899e+01
3.854910164483808899e+01
3.855104971195243024e+01
3.855292919307055399e+01
3.855352602465146106e+01
3.855550686901274560e+01
3.855550686901274560e+01
3.855733815738572901e+01
3.855934301141450504e+01
3.855994436677090675e+01
3.856185527463708240e+01
3.856358521301659437e+01
3.856529298833053332e+01
3.856529298833053332e+01
3.856718049911974333e+01
3.856933581318398296e+01
3.856933581318398296e+01
3.857094795197807002e+01
3.857286905226543183e+01
3.857443521201577141e+01
3.857660867462108456e+01
3.857660867462108456e+01
3.857821780403948964e+01
3.857969134938824141e+01
3.858120574178767725e+01
3.858267170287911085e+01
3.858324875501872953e+01
3.858462886806902503e+01
3.858611537630594057e+01
3.858761277106915344e+01
3.858895111938606703e+01
3.859080090294983734e+01
3.859204230420980508e+01
3.859331840996367902e+01
3.859455601757621679e+01
3.859584605175723482e+01
3.859765799174238765e+01
3.859882959450931139e+01
3.860007444916134034e+01
3.860147464745785584e+01
3.860272872353763773e+01
3.860413390419203949e+01
3.860766108504078176e+01
3.860933176757606589e+01
3.861133691042655158e+01
3.861417123716617539e+01
3.861872066394573721e+01
3.862607275467713208e+01
3.864281342813495002e+01
3.869219373556877883e+01
3.869709852075880718e+01
3.861697763492563240e+01
3.870295816165209857e+01
3.880933734097992982e+01
3.876104127835726842e+01
3.872831850667034814e+01
3.869004391639374774e+01
3.863925740297533196e+01
3.857154832614216389e+01
3.852982254515777072e+01
3.850332266096828704e+01
3.849164678427824526e+01
3.848158435621122919e+01
3.848170078014881312e+01
3.848907958895282633e+01
3.850667265848464638e+01
3.852880195012359366e+01
3.853675229797548241e+01
3.853805383316583288e+01
3.853902127466580652e+01
3.854295344995790629e+01
3.854769171911514292e+01
3.855156551984151747e+01
3.855412172052278663e+01
3.855952735028248668e+01
3.856548848708387567e+01
3.856713249236757690e+01
3.856939334462171587e+01
3.857392734034901594e+01
3.857534145061917741e+01
3.857749741078046668e+01
3.857765623237972363e+01
3.857856416242429276e+01
3.857776889188554748e+01
3.857703514144207446e+01
3.857480270149941504e+01
3.857480270149941504e+01
3.857525022309078366e+01
3.857055878688414907e+01
3.856179001409214635e+01
3.856053762659266226e+01
3.856164192493620391e+01
3.855884179445624227e+01
3.855744124991244348e+01
3.856140246990882758e+01
3.856140246990882758e+01
3.856612349174295673e+01
3.864418517152891752e+01
3.806345259228837108e+01
3.806345259228837108e+01
3.806347216193050542e+01
3.806529369755148196e+01
3.806529369755148196e+01
3.806529369755148196e+01
3.806529369755148196e+01
3.806691295013708043e+01
3.806759524812008522e+01
3.806759524812008522e+01
3.806759524812008522e+01
3.806913893687837458e+01
3.806913893687837458e+01
3.806913893687837458e+01
3.807062433957814562e+01
3.807062949796515028e+01
3.807127105602230444e+01
3.807127105602230444e+01
3.807301806785881126e+01
3.807301806785881126e+01
3.807301806785881126e+01
3.807301806785881126e+01
3.807450016121251224e+01
3.807450016121251224e+01
3.807450016121251224e+01
3.807522835405121242e+01
3.807670071158709391e+01
3.807670921919673646e+01
3.807672221091910814e+01
3.807672221091910814e+01
3.807826801769019198e+01
3.807826801769019198e+01
3.807826801769019198e+01
3.807991711623985509e+01
3.808052275322356195e+01
3.808056290020238777e+01
3.808056290020238777e+01
3.808202127279188431e+01
3.808202127279188431e+01
3.808202127279188431e+01
3.808338206656132741e+01
3.808338206656132741e+01
3.808398734740222835e+01
3.808398734740222835e+01
3.808530520408237408e+01
3.808530520408237408e+01
3.808530520408237408e+01
3.808658883628486080e+01
3.808658883628486080e+01
3.808658883628486080e+01
3.808720188362038073e+01
3.808860750275415086e+01
3.808860750275415086e+01
3.808860750275415086e+01
3.808982580960964981e+01
3.808982580960964981e+01
3.808984415064696805e+01
3.809131666703837027e+01
3.809190114105233249e+01
3.809190114105233249e+01
3.809337308787063137e+01
3.809337308787063137e+01
3.809337308787063137e+01
3.809414032078492340e+01
3.809414032078492340e+01
3.809414032078492340e+01
3.809473140620301024e+01
3.809604993447472054e+01
3.809604993447472054e+01
3.809604993447472054e+01
3.809723799740495309e+01
3.809723799740495309e+01
3.809723799740495309e+01
3.809827886685945941e+01
3.809889920365502292e+01
3.809893752851260729e+01
3.810013406050730111e+01
3.810013406050730111e+01
3.810124913937107749e+01
3.810124913937107749e+01
3.810124913937107749e+01
3.810236967137508657e+01
3.810293888128538242e+01
3.810293888128538242e+01
3.810384884330278510e+01
3.810384884330278510e+01
3.810384884330278510e+01
3.810466372072523455e+01
3.810466372072523455e+01
3.810613173815970356e+01
3.810613173815970356e+01
3.810613173815970356e+01
3.810691966735238623e+01
3.810691966735238623e+01
3.810711477147404480e+01
3.810800609759587587e+01
3.810800609759587587e+01
3.810927471773189268e+01
3.810927471773189268e+01
3.810927471773189268e+01
3.811022452391434001e+01
3.811022452391434001e+01
3.811096584463928139e+01
3.811096865101445985e+01
3.811152103728279883e+01
3.811219982868488643e+01
3.811219982868488643e+01
3.811279481103881039e+01
3.811279481103881039e+01
3.811345918235232233e+01
3.811345918235232233e+01
3.811346674978386062e+01
3.811468997215400378e+01
3.811489376673451090e+01
3.811586161155157271e+01
3.811586161155157271e+01
3.811651085165006947e+01
3.811651085165006947e+01
3.811721397151831070e+01
3.811775471810459948e+01
3.811850571106583629e+01
3.811858444063032181e+01
3.811932492888101365e+01
3.811932492888101365e+01
3.812022379363919811e+01
3.812022379363919811e+01
3.812162091879899606e+01
3.812162091879899606e+01
3.812275302049339132e+01
3.812275302049339132e+01
3.812397492152686596e+01
3.812418914691590999e+01
3.812579442052825129e+01
3.812628142922305585e+01
3.812818877062603917e+01
3.812912983565306746e+01
3.813088068104530493e+01
3.813294358930161820e+01
3.813680652677312821e+01
3.814093385932810776e+01
3.814722717949864972e+01
3.816450112745523882e+01
3.818117519346569821e+01
3.820547075420335403e+01
3.820753874013078644e+01
3.820722558318624351e+01
3.820348970601988015e+01
3.819185734947213717e+01
3.816389850543886553e+01
3.805745617729392904e+01
3.798776552606489076e+01
3.815853431854256428e+01
3.830864179260083802e+01
3.850226489720047596e+01
3.840111139585381750e+01
3.834213828556818271e+01
3.827776624760566193e+01
3.821318070826428936e+01
3.813726052378838460e+01
3.809362534422976410e+01
3.807395616689774442e+01
3.804422054126672492e+01
3.802144780859535445e+01
3.801567404422752361e+01
3.800399725169974374e+01
3.800136734387425008e+01
3.800198133655914035e+01
3.799770788680297073e+01
3.799770788680297073e+01
3.799839912923241059e+01
3.799941755858592529e+01
3.800015665515684304e+01
3.800152862072694404e+01
3.800274868729769651e+01
3.800338466289944961e+01
3.800419287041293614e+01
3.800459853604752425e+01
3.800549281710689797e+01
3.800596986199710159e+01
3.800745142837956791e+01
3.800791470542738182e+01
3.800879981080563397e+01
3.800923118891482488e+01
3.801030938900125022e+01
3.801092303680881201e+01
3.801186421472553434e+01
3.801298196574254717e+01
3.801393062039745985e+01
3.801464409055330407e+01
3.801509658319399421e+01
3.801611238761542211e+01
3.801659159191557080e+01
3.801829438951085649e+01
3.801876349685089451e+01
3.801932157680924718e+01
3.802049826926905496e+01
3.802049826926905496e+01
3.802194391169926746e+01
3.802299762719167120e+01
3.802394530201812017e+01
3.802440368170623231e+01
3.802521305643688265e+01
3.802611559538758002e+01
3.802712602673471309e+01
3.802828876900579047e+01
3.802921148744795943e+01
3.802969020374590059e+01
3.803125177916254529e+01
3.803125177916254529e+01
3.803222988874735222e+01
3.803263287810841575e+01
3.803491370882941425e+01
3.803491370882941425e+01
3.803599117983058875e+01
3.803684679542440250e+01
3.803813709096404239e+01
3.803813709096404239e+01
3.803813709096404239e+01
3.804176983962257452e+01
3.804176983962257452e+01
3.804239659994992451e+01
3.804369406844276114e+01
3.804451290373044969e+01
3.804550979618417728e+01
3.804600807079777525e+01
3.804600807079777525e+01
3.804949829361504499e+01
3.804993270102308145e+01
3.804993270102308145e+01
3.804993270102308145e+01
3.805306477933572751e+01
3.805306477933572751e+01
3.805397202962206649e+01
3.805447243129324164e+01
3.805565220907580226e+01
3.805675908357572723e+01
3.805675908357572723e+01
3.805896378283066639e+01
3.805936789935265097e+01
3.806006850076511228e+01
3.806065078549286795e+01
3.806159329224773558e+01
3.806233046923980368e+01
3.806338318118137920e+01
3.806431334528509325e+01
3.806505986366101268e+01
3.806505986366101268e+01
3.806815033244691904e+01
3.806858376645266162e+01
3.806858376645266162e+01
3.806944660410059100e+01
3.807009397938458761e+01
3.807100600893304687e+01
3.807186276695748006e+01
3.807262280965425560e+01
3.807387606686063464e+01
3.807464329977283057e+01
3.807482228558708925e+01
3.807559775800318391e+01
3.807665841283255759e+01
3.807751844640103656e+01
3.807773592641805749e+01
3.807773592641805749e+01
3.808124125187661946e+01
3.808124125187661946e+01
3.808148403720626618e+01
3.808262992104594957e+01
3.808374617090316150e+01
3.808557792771775041e+01
3.808610548767455839e+01
3.808610548767455839e+01
3.808610548767455839e+01
3.809135779368019570e+01
3.809165266603608302e+01
3.809173068983070465e+01
3.809248255913028203e+01
3.809489282282271461e+01
3.809785784640683914e+01
3.809951229664719108e+01
3.809951229664719108e+01
3.809951229664719108e+01
3.809951229664719108e+01
3.810933262553378142e+01
3.810958019820355958e+01
3.810958019820355958e+01
3.810958019820355958e+01
3.810958019820355958e+01
3.811853863504367723e+01
3.813978996524924980e+01
3.822707079342369241e+01
3.770134449011672473e+01
3.770134449011672473e+01
3.770208498547359000e+01
3.770208498547359000e+01
3.770208498547359000e+01
3.770208498547359000e+01
3.770241645644119188e+01
3.770290124390417930e+01
3.770290124390417930e+01
3.770290124390417930e+01
3.770352676123728486e+01
3.770352676123728486e+01
3.770352676123728486e+01
3.770371298253937908e+01
3.770371298253937908e+01
3.770417425297328862e+01
3.770417425297328862e+01
3.770427055470501898e+01
3.770427055470501898e+01
3.770471407335826086e+01
3.770471407335826086e+01
3.770471407335826086e+01
3.770523283411178284e+01
3.770573366083200995e+01
3.770573366083200995e+01
3.770573366083200995e+01
3.770573366083200995e+01
3.770626712005983450e+01
3.770629736094065265e+01
3.770629736094065265e+01
3.770629736094065265e+01
3.770668921883054736e+01
3.770668921883054736e+01
3.770668921883054736e+01
3.770668921883054736e+01
3.770751776758403651e+01
3.770751776758403651e+01
3.770806543385465659e+01
3.770806543385465659e+01
3.770812114459192799e+01
3.770812114459192799e+01
3.770812114459192799e+01
3.770830647232882882e+01
3.770870664039189535e+01
3.770870664039189535e+01
3.770870664039189535e+01
3.770870664039189535e+01
3.770917686221520171e+01
3.770917686221520171e+01
3.770917686221520171e+01
3.770971021095207476e+01
3.770971021095207476e+01
3.771016702647473551e+01
3.771016702647473551e+01
3.771068159144164156e+01
3.771077210087879905e+01
3.771077210087879905e+01
3.771077210087879905e+01
3.771146456285619308e+01
3.771146456285619308e+01
3.771146456285619308e+01
3.771238880627451806e+01
3.771238880627451806e+01
3.771238880627451806e+01
3.771330000138857486e+01
3.771330000138857486e+01
3.771373073104604146e+01
3.771373073104604146e+01
3.771457778035881603e+01
3.771457778035881603e+01
3.771457778035881603e+01
3.771616739353994774e+01
3.771616739353994774e+01
3.771616739353994774e+01
3.771800779647286106e+01
3.771800779647286106e+01
3.771919488961205502e+01
3.771971110679285033e+01
3.772083969288080141e+01
3.772227667619109326e+01
3.772301593997364932e+01
3.772516157567606143e+01
3.772715648385376852e+01
3.772834273382451897e+01
3.773125486890624813e+01
3.773489204380022244e+01
3.773996661783218087e+01
3.774836562772841830e+01
3.776318788938197457e+01
3.779729496309091985e+01
3.779460392724113404e+01
3.779824518103340125e+01
3.779930482357417532e+01
3.779982094592202913e+01
3.779984210394926691e+01
3.779978991811044864e+01
3.779839645770078960e+01
3.779583053975511575e+01
3.779142674651460254e+01
3.778424305664942295e+01
3.777559000389464217e+01
3.775776669437354371e+01
3.772535468581421725e+01
3.766514414998346183e+01
3.757938853528328593e+01
3.757162815536344880e+01
3.763400379770538251e+01
3.770342227906377275e+01
3.777914948396099248e+01
3.785882119183170857e+01
3.789942002237106777e+01
3.797916406124076616e+01
3.806474156670199704e+01
3.820410064166916442e+01
3.825201505017740544e+01
3.824030839912839497e+01
3.793196382372488529e+01
3.789655098404087852e+01
3.780184117699693758e+01
3.777047573344938058e+01
3.772867168393919002e+01
3.769642765959416408e+01
3.767608659608279709e+01
3.766836898743902395e+01
3.765431178082432240e+01
3.764302007529883554e+01
3.763953147326428450e+01
3.763657257510203635e+01
3.763657257510203635e+01
3.763959812115810166e+01
3.763959812115810166e+01
3.763959812115810166e+01
3.764153262174387748e+01
3.764153262174387748e+01
3.764163723341892620e+01
3.764186824898000339e+01
3.764241595356266856e+01
3.764241595356266856e+01
3.764241595356266856e+01
3.764327243573221438e+01
3.764330818239731968e+01
3.764330818239731968e+01
3.764518165422663287e+01
3.764518165422663287e+01
3.764573547967718525e+01
3.764618602996668528e+01
3.764618602996668528e+01
3.764646249374141007e+01
3.764690327063297559e+01
3.764725705042158665e+01
3.764775103388384991e+01
3.764804089394044695e+01
3.764851301280032203e+01
3.764853537622797575e+01
3.764892792897705931e+01
3.764948465161358371e+01
3.764948465161358371e+01
3.764997476817006827e+01
3.765019752640571227e+01
3.765020519567194413e+01
3.765085724991945426e+01
3.765132715202646807e+01
3.765132715202646807e+01
3.765219516350528295e+01
3.765260636883812140e+01
3.765260636883812140e+01
3.765315932176926594e+01
3.765315932176926594e+01
3.765315932176926594e+01
3.765315932176926594e+01
3.765315932176926594e+01
3.765730137706590597e+01
3.765740383426967952e+01
3.765740383426967952e+01
3.765740383426967952e+01
3.765740383426967952e+01
3.765791910100022477e+01
3.765824260920663136e+01
3.765870174314562746e+01
3.765915889944241002e+01
3.765915889944241002e+01
3.765954594954858692e+01
3.766026161905338654e+01
3.766064732380388591e+01
3.766064732380388591e+01
3.766106593350652076e+01
3.766166578226690831e+01
3.766210846192100803e+01
3.766257224392342096e+01
3.766302645291666806e+01
3.766356166253675042e+01
3.766393881109004838e+01
3.766393881109004838e+01
3.766449706649352436e+01
3.766512029091434499e+01
3.766515469900541291e+01
3.766562014956836180e+01
3.766643993921002931e+01
3.766664549739571299e+01
3.766664549739571299e+01
3.766716439509889369e+01
3.766769588059152341e+01
3.766857727900138286e+01
3.766907436236721196e+01
3.766907436236721196e+01
3.766953883206649323e+01
3.767005562818127373e+01
3.767054913943453442e+01
3.767054913943453442e+01
3.767128426902989702e+01
3.767178782062251230e+01
3.767229709672266580e+01
3.767229709672266580e+01
3.767279318139389943e+01
3.767366447561573040e+01
3.767426945827226348e+01
3.767426945827226348e+01
3.767426945827226348e+01
3.767606403091163259e+01
3.767606403091163259e+01
3.767646523239931611e+01
3.767646523239931611e+01
3.767692847258822297e+01
3.767736589104917755e+01
3.767848933921048626e+01
3.767853628090955453e+01
3.767974699968979024e+01
3.767974699968979024e+01
3.767974699968979024e+01
3.768126650252926879e+01
3.768126650252926879e+01
3.768126650252926879e+01
3.768191164731958054e+01
3.768191164731958054e+01
3.768352433833365467e+01
3.768352433833365467e+01
3.768375988368873664e+01
3.768484765601066044e+01
3.768527958873755779e+01
3.768527958873755779e+01
3.768527958873755779e+01
3.768527958873755779e+01
3.768527958873755779e+01
3.768891684287082455e+01
3.768891684287082455e+01
3.768891684287082455e+01
3.768891684287082455e+01
3.768943887654714331e+01
3.768994563210071647e+01
3.768997664151396521e+01
3.769121847431787842e+01
3.769173909086872243e+01
3.769173909086872243e+01
3.769173909086872243e+01
3.769444536602720319e+01
3.769444536602720319e+01
3.769444536602720319e+01
3.769509642669478922e+01
3.769509642669478922e+01
3.769589212890394236e+01
3.769670641937629085e+01
3.769712981831820287e+01
3.769730513194171806e+01
3.769952248630980307e+01
3.769952248630980307e+01
3.769978408102238632e+01
3.770008482602702315e+01
3.770087178420757823e+01
3.770142912634027255e+01
3.770193063386624033e+01
3.770193063386624033e+01
3.770193063386624033e+01
3.770402870510852722e+01
3.770436969383500525e+01
3.770467780672503011e+01
3.770544864088425641e+01
3.770586510184054418e+01
3.770645398002394444e+01
3.770678736657238517e+01
3.770749465090946728e+01
3.770801094803012177e+01
3.770801094803012177e+01
3.770801094803012177e+01
3.770801094803012177e+01
3.771252083117843767e+01
3.771252083117843767e+01
3.771252083117843767e+01
3.771252083117843767e+01
3.771351919476108350e+01
3.771377529899419301e+01
3.771450815591668260e+01
3.771527408751484955e+01
3.771558740616484329e+01
3.771612243682587007e+01
3.771695649603042710e+01
3.771735581858283837e+01
3.771851156108417058e+01
3.771880330571661233e+01
3.771971670704313340e+01
3.771947701433934697e+01
3.772078317961447169e+01
3.772078317961447169e+01
3.772276074595504269e+01
3.772276074595504269e+01
3.772394458969385767e+01
3.772430696366714642e+01
3.772482728627190340e+01
3.772612962140537718e+01
3.772612962140537718e+01
3.772814847359352086e+01
3.772814847359352086e+01
3.772863621668354028e+01
3.772922092047451770e+01
3.772952481939812230e+01
3.773084663163927388e+01
3.773185708580061259e+01
3.773254733145523687e+01
3.773254733145523687e+01
3.773585749677901902e+01
3.773585749677901902e+01
3.773585749677901902e+01
3.773707026901541894e+01
3.773855687184270380e+01
3.773929195319239227e+01
3.774004905980099522e+01
3.774195710705210161e+01
3.774284678651382308e+01
3.774284678651382308e+01
3.774311880021647880e+01
3.774319856938915052e+01
3.774886173754518381e+01
3.774886173754518381e+01
3.774886797566753671e+01
3.774989501832793337e+01
3.775121486189340203e+01
3.775226439539970613e+01
3.775512173207453515e+01
3.775843419173386195e+01
3.775843419173386195e+01
3.775883689435705293e+01
3.775883689435705293e+01
3.775883689435705293e+01
3.775883689435705293e+01
3.775883689435705293e+01
3.776988121595118741e+01
3.776988121595118741e+01
3.776988121595118741e+01
3.776988121595118741e+01
3.776988121595118741e+01
3.777010969799013651e+01
3.777010969799013651e+01
3.777231435132424053e+01
3.777832119002259503e+01
3.778905867956470388e+01
3.780357296861957650e+01
3.783300289501677582e+01
3.787168835388295918e+01
3.729987501974709119e+01
3.729987501974709119e+01
3.730070118720725247e+01
3.730070118720725247e+01
3.730070118720725247e+01
3.730070118720725247e+01
3.730070118720725247e+01
3.730111896516582703e+01
3.730111896516582703e+01
3.730133921888258897e+01
3.730133921888258897e+01
3.730133921888258897e+01
3.730133921888258897e+01
3.730196925997300639e+01
3.730196925997300639e+01
3.730196925997300639e+01
3.730196925997300639e+01
3.730196925997300639e+01
3.730196925997300639e+01
3.730196925997300639e+01
3.730196925997300639e+01
3.730196925997300639e+01
3.730256512727933682e+01
3.730271213614473425e+01
3.730271213614473425e+01
3.730271213614473425e+01
3.730271213614473425e+01
3.730271213614473425e+01
3.730271213614473425e+01
3.730271213614473425e+01
3.730271213614473425e+01
3.730315865385509966e+01
3.730369670679897354e+01
3.730369670679897354e+01
3.730369670679897354e+01
3.730369670679897354e+01
3.730369670679897354e+01
3.730369670679897354e+01
3.730369670679897354e+01
3.730369670679897354e+01
3.730369670679897354e+01
3.730369670679897354e+01
3.730452262720375955e+01
3.730457390936813056e+01
3.730457390936813056e+01
3.730478903319521322e+01
3.730478903319521322e+01
3.730478903319521322e+01
3.730478903319521322e+01
3.730478903319521322e+01
3.730486597135757876e+01
3.730518389165885651e+01
3.730518389165885651e+01
3.730518389165885651e+01
3.730518389165885651e+01
3.730560249158854447e+01
3.730560249158854447e+01
3.730560249158854447e+01
3.730560249158854447e+01
3.730560249158854447e+01
3.730560249158854447e+01
3.730607680420851580e+01
3.730607680420851580e+01
3.730607680420851580e+01
3.730607680420851580e+01
3.730607680420851580e+01
3.730607680420851580e+01
3.730607680420851580e+01
3.730607680420851580e+01
3.730607680420851580e+01
3.730646922776064400e+01
3.730646922776064400e+01
3.730646922776064400e+01
3.730646922776064400e+01
3.730646922776064400e+01
3.730646922776064400e+01
3.730646922776064400e+01
3.730646922776064400e+01
3.730698443316407520e+01
3.730751041170277205e+01
3.730751041170277205e+01
3.730751041170277205e+01
3.730772661508059684e+01
3.730772661508059684e+01
3.730772661508059684e+01
3.730775443227332744e+01
3.730775443227332744e+01
3.730775443227332744e+01
3.730822953064794945e+01
3.730822953064794945e+01
3.730822953064794945e+01
3.730822953064794945e+01
3.730822953064794945e+01
3.730822953064794945e+01
3.730822953064794945e+01
3.730822953064794945e+01
3.730822953064794945e+01
3.730856326638792098e+01
3.730856326638792098e+01
3.730856326638792098e+01
3.730856326638792098e+01
3.730856326638792098e+01
3.730902561231361858e+01
3.730910137151195727e+01
3.730910137151195727e+01
3.730935787591521091e+01
3.730935787591521091e+01
3.730935787591521091e+01
3.730935787591521091e+01
3.730935787591521091e+01
3.730935787591521091e+01
3.730935787591521091e+01
3.730935787591521091e+01
3.730935787591521091e+01
3.730967288910895974e+01
3.730967288910895974e+01
3.730967288910895974e+01
3.730967288910895974e+01
3.730967288910895974e+01
3.730967288910895974e+01
3.730967288910895974e+01
3.730967288910895974e+01
3.730979113335686748e+01
3.730979113335686748e+01
3.731049369575685404e+01
3.731065521745085789e+01
3.731065521745085789e+01
3.731065521745085789e+01
3.731065521745085789e+01
3.731065521745085789e+01
3.731102196157264217e+01
3.731102196157264217e+01
3.731102196157264217e+01
3.731102196157264217e+01
3.731102196157264217e+01
3.731102196157264217e+01
3.731102196157264217e+01
