5.254819370217651908e+01
5.253920355273579901e+01
5.246405652821429300e+01
5.224590550316037962e+01
5.168768117411916307e+01
5.118555078375195677e+01
5.055130030003802233e+01
4.992372925068607969e+01
4.943309480592968441e+01
4.916136444339659306e+01
4.885504517260768864e+01
4.855535302341655779e+01
4.840350523081569634e+01
4.821379867649730500e+01
4.803201898565518491e+01
4.783975921270662468e+01
4.774306401878733652e+01
4.765799536939542946e+01
4.751100445115102389e+01
4.745520782258235215e+01
4.735716362201568330e+01
4.722137630197256897e+01
4.714760443007925517e+01
4.705012635765640994e+01
4.690630582517248115e+01
4.681426258218725422e+01
4.675059940456161200e+01
4.666149603125253265e+01
4.657622295120482647e+01
4.648772631099909347e+01
4.647480770875317546e+01
4.640477587061239007e+01
4.634335726167572034e+01
4.619243710749218224e+01
4.613697260934424804e+01
4.609130471317054401e+01
4.607513587086552320e+01
4.599768572695288071e+01
4.569045149665780059e+01
4.565783541127221667e+01
4.565009328589682269e+01
4.558293168026204256e+01
4.554083550668809011e+01
4.519037119827952864e+01
4.519612104511635664e+01
4.519958891602431095e+01
4.520304015239607764e+01
4.520918078202491586e+01
4.521196745999527877e+01
4.521791589071025186e+01
4.522123571456214108e+01
4.522706012666772324e+01
4.523016047397528183e+01
4.523522467187635243e+01
4.491614501537280546e+01
4.491916569653240998e+01
4.492415186222727641e+01
4.492890015088694611e+01
4.493360576728761657e+01
4.493823258589517877e+01
4.482122704171590044e+01
4.482590970734661084e+01
4.483272923417421651e+01
4.447687678051460125e+01
4.448266805877356944e+01
4.448677007452124599e+01
4.449277067790796991e+01
4.449935664033337446e+01
4.451000353643782148e+01
4.423350812859631986e+01
4.403435880585855955e+01
4.403714675216771468e+01
4.404006391091858319e+01
4.404525335762761529e+01
4.404805595228388881e+01
4.405066405425262133e+01
4.405305417816585134e+01
4.405826181051624246e+01
4.406050088630779271e+01
4.356763145519929026e+01
4.356930524155264095e+01
4.357216845181729070e+01
4.357546823326288177e+01
4.357881369354960555e+01
4.358144821848741657e+01
4.358462681075506850e+01
4.361623369124977501e+01
4.361782102724830423e+01
4.362190971881805268e+01
4.362508321689098523e+01
4.362915292345464024e+01
4.323976381924224199e+01
4.324360667460712193e+01
4.324648553765601378e+01
4.293736039563711415e+01
4.362143960280425148e+01
4.237628798827044108e+01
4.237956428001568554e+01
4.237956428001568554e+01
4.238259015946465524e+01
4.238584046818199624e+01
4.238584046818199624e+01
4.238880622853862690e+01
4.238880622853862690e+01
4.239192182269904663e+01
4.239192182269904663e+01
4.239497474830464085e+01
4.239497474830464085e+01
4.239784128979887612e+01
4.239784128979887612e+01
4.240092397380325906e+01
4.240092397501576471e+01
4.240380172844193396e+01
4.240655433138456232e+01
4.240655433138456232e+01
4.240952729037422841e+01
4.240960496290554005e+01
4.241228689158294429e+01
4.241506670033657400e+01
4.241506670033657400e+01
4.241775536480332676e+01
4.242034503995004968e+01
4.242042538986873979e+01
4.242315339665146467e+01
4.242315339665146467e+01
4.242567127651365411e+01
4.242778642486133833e+01
4.242786791860940809e+01
4.243049350867464398e+01
4.204769654847375193e+01
4.204995366915383670e+01
4.204995366915383670e+01
4.205236037071311017e+01
4.205470552164423736e+01
4.205470552164423736e+01
4.205683016749057401e+01
4.205905586223169479e+01
4.206111607614187164e+01
4.206339185313078133e+01
4.206339185313078133e+01
4.206546649363760793e+01
4.206740021921307005e+01
4.170427933922739072e+01
4.170604827518080526e+01
4.170648287173868596e+01
4.170814763690788851e+01
4.170993952387186710e+01
4.171152443179042280e+01
4.171313632212880407e+01
4.171512918161863581e+01
4.171662291303792358e+01
4.168818491857621211e+01
4.168965671696491881e+01
4.148459505195447150e+01
4.148665617607439060e+01
4.148791358913761940e+01
4.148924934739134329e+01
4.149054575321137861e+01
4.149188844866850445e+01
4.149339595773538747e+01
4.149729689614765960e+01
4.149908724201820576e+01
4.150123535436165412e+01
4.150427057034870870e+01
4.143868288234840946e+01
4.144791380103058032e+01
4.170610966102279349e+01
4.152909927976969584e+01
4.067858097101240844e+01
4.030556226081211690e+01
4.030556178845692727e+01
4.030556178845692727e+01
4.030556178845692727e+01
4.030556195755895033e+01
4.030844705254751403e+01
4.030844705254751403e+01
4.030844705254751403e+01
4.030853562226881337e+01
4.030853562226881337e+01
4.031173564669887810e+01
4.031173564669887810e+01
4.031173564669887810e+01
4.031173564669887810e+01
4.031173564669887810e+01
4.031428613200930045e+01
4.031428613200930045e+01
4.031438538772225399e+01
4.031438538772225399e+01
4.031706659569855589e+01
4.031706659569855589e+01
4.031706659569855589e+01
4.031706659569855589e+01
4.031706659569855589e+01
4.032001779436738786e+01
4.032001795364013930e+01
4.032001795364013930e+01
4.032010697822649092e+01
4.032271507680734146e+01
4.032271507680734146e+01
4.032271507680734146e+01
4.032271507680734146e+01
4.032271507680734146e+01
4.032512977927446229e+01
4.032512977927446229e+01
4.032512977927446229e+01
4.032521712358126820e+01
4.032804862655275713e+01
4.032804862655275713e+01
4.032804862708572102e+01
4.032804862708572102e+01
4.033056169753828613e+01
4.033056169753828613e+01
4.033056169753828613e+01
4.033056169753828613e+01
4.033300748291600257e+01
4.033309491502619437e+01
4.033309491502619437e+01
4.033309491502619437e+01
4.033309491502619437e+01
4.033589834556296694e+01
4.033589834556296694e+01
4.033589834556296694e+01
4.033589834556296694e+01
4.033838515266828040e+01
4.033847673082874508e+01
4.033847673082874508e+01
4.033847673082874508e+01
4.034084609261459775e+01
4.034084609261459775e+01
4.034084609261459775e+01
4.034312175538939016e+01
4.034312175538939016e+01
4.034320765994559110e+01
4.034320765994559110e+01
3.988895387567288253e+01
3.988895387567288253e+01
3.988895387567288253e+01
3.988895387567288253e+01
3.989109027575047151e+01
3.989109027575047151e+01
3.989109027575047151e+01
3.989133389350595849e+01
3.989345544285350087e+01
3.989345544285350087e+01
3.989345544285350087e+01
3.989345544285350087e+01
3.989567953511470932e+01
3.989567953511470932e+01
3.989567953511470932e+01
3.989804842641024152e+01
3.989827924094092282e+01
3.989827924094092282e+01
3.989827924094092282e+01
3.990008452408254414e+01
3.990008452408254414e+01
3.990008452408254414e+01
3.990203663023571323e+01
3.990203663023571323e+01
3.990226703128917052e+01
3.990226703128917052e+01
3.990415664337704982e+01
3.990415664337704982e+01
3.990415664337704982e+01
3.990599479761971935e+01
3.990599479761971935e+01
3.990599479761971935e+01
3.988613785524781008e+01
3.988824478962081344e+01
3.988824478962081344e+01
3.988824478962081344e+01
3.989006821032325689e+01
3.989006821032325689e+01
3.989006821032325689e+01
3.989184056070996576e+01
3.989194812684858960e+01
3.989194812684858960e+01
3.989414877564827577e+01
3.989414877564827577e+01
3.989414877564827577e+01
3.936534171426290385e+01
3.936534171426290385e+01
3.936534171426290385e+01
3.936570963666669343e+01
3.936747925725735797e+01
3.936747925725735797e+01
3.936747925725735797e+01
3.936907220745365521e+01
3.936907220745365521e+01
3.936907220745365521e+01
3.937046658327978577e+01
3.937085184261169246e+01
3.937085184261169246e+01
3.937200762030251155e+01
3.937200762030251155e+01
3.937350123057048989e+01
3.937350123057048989e+01
3.937350123057048989e+01
3.937500083656757965e+01
3.937535397511176427e+01
3.937535397511176427e+01
3.937657141911328296e+01
3.937657141911328296e+01
3.937657141911328296e+01
3.937764414728373197e+01
3.937764414728373197e+01
3.910864961982306909e+01
3.910864961982306909e+01
3.910864961982306909e+01
3.910955975095201609e+01
3.910955975095201609e+01
3.910956032567727192e+01
3.911059004210045487e+01
3.911059004210045487e+01
3.911205506759224448e+01
3.911205506759224448e+01
3.911205506759224448e+01
3.911315148793890728e+01
3.911315148793890728e+01
3.889963436412251241e+01
3.889963436412251241e+01
3.890067794777381494e+01
3.890129276318140228e+01
3.890129276318140228e+01
3.890183174297393265e+01
3.890183174297393265e+01
3.885347126678222196e+01
3.885347126678222196e+01
3.885347126678222196e+01
3.885521787381394176e+01
3.885521897156213811e+01
3.885599187215396455e+01
3.885599187215396455e+01
3.869332303283192687e+01
3.869332303283192687e+01
3.869368018541287313e+01
3.869534421664195634e+01
3.869572501502065620e+01
3.869572503653307649e+01
3.869610089428819322e+01
3.869610089428819322e+01
3.869655756496663912e+01
3.869655756496663912e+01
3.851287163640667188e+01
3.851287163640667188e+01
3.851375313912490128e+01
3.851375313912490128e+01
3.833158526457658866e+01
3.833158920100535738e+01
3.833220922269192954e+01
3.833389443989280920e+01
3.833463092874899303e+01
3.833499344733571235e+01
3.833567215934476735e+01
3.833647399312894777e+01
3.852528491441509573e+01
3.852852160074013455e+01
3.853424238472996421e+01
3.904293690698655439e+01
3.944731420841617364e+01
3.883423465542044539e+01
3.858233574145624090e+01
3.836845033319467291e+01
3.821828219236891755e+01
3.821287106532001587e+01
3.821247333641344568e+01
3.821247791720189468e+01
3.821247791720189468e+01
3.821247791720189468e+01
3.821247094885475803e+01
3.821465292996452945e+01
3.821465292996452945e+01
3.821465292996452945e+01
3.821465292996452945e+01
3.821465292996452945e+01
3.821465292996452945e+01
3.821465292996452945e+01
3.821682395128699739e+01
3.821682395128699739e+01
3.821682395128699739e+01
3.821682395128699739e+01
3.821682395128699739e+01
3.821682395128699739e+01
3.821890415768694282e+01
3.821890882278393065e+01
3.821890882278393065e+01
3.821890882278393065e+01
3.821890882278393065e+01
3.821890882278393065e+01
3.821890882278393065e+01
3.822120762698143892e+01
3.822120762698143892e+01
3.822120762698143892e+01
3.822120762698143892e+01
3.822120762698143892e+01
3.822120762698143892e+01
3.784749260525615000e+01
3.784749260525615000e+01
3.784749260525615000e+01
3.784749260525615000e+01
3.784749264894534804e+01
3.784750354359065483e+01
3.784750354359065483e+01
3.784944115308178425e+01
3.784944115308178425e+01
3.784944115308178425e+01
3.784944115308178425e+01
3.784944115308178425e+01
3.784944115308178425e+01
3.785150326463756443e+01
3.785150326463756443e+01
3.785150326463756443e+01
3.785150326463756443e+01
3.785150326463756443e+01
3.785150326463756443e+01
3.785344294252352171e+01
3.785344294252352171e+01
3.785344294252352171e+01
3.785345411073878807e+01
3.785345411073878807e+01
3.785345411073878807e+01
3.785585280892829019e+01
3.785585280892829019e+01
3.785585280892829019e+01
3.785585280892829019e+01
3.785585280892829019e+01
3.785585280892829019e+01
3.785726676306375538e+01
3.785726676306375538e+01
3.785726676306375538e+01
3.785726676306375538e+01
3.785726680544283340e+01
3.785897950842843329e+01
3.785897950842843329e+01
3.785897950842843329e+01
3.785899019035531410e+01
3.785899019035531410e+01
3.785899019035531410e+01
3.737833845754077089e+01
3.737833845754077089e+01
3.737833845754077089e+01
3.737833845754077089e+01
3.737833845754077089e+01
3.737833845754077089e+01
3.737989320776758007e+01
3.737989320776758007e+01
3.737989320776758007e+01
3.737989320776758007e+01
3.737989320776758007e+01
3.738166126880066287e+01
3.738166126880066287e+01
3.738169661554408663e+01
3.738169661554408663e+01
3.738169661554408663e+01
3.738169661554408663e+01
3.738316353455536500e+01
3.738316353455536500e+01
3.738316353455536500e+01
3.738316353455536500e+01
3.738316353455536500e+01
3.738478649972644519e+01
3.738477972984183140e+01
3.738477972984183140e+01
3.738477972984183140e+01
3.738477972984183140e+01
3.738637515456552762e+01
3.738637515456552762e+01
3.738640432500091038e+01
3.738640432500091038e+01
3.738640432500091038e+01
3.738770452526925681e+01
3.738770452526925681e+01
3.738770452526925681e+01
3.738770452526925681e+01
3.738770452526925681e+01
3.672531989013443621e+01
3.672531989013443621e+01
3.672531989013443621e+01
3.672531989013443621e+01
3.672531989013443621e+01
3.672662581743758636e+01
3.672662581743758636e+01
3.672662581743758636e+01
3.672677006478782857e+01
3.672677006478782857e+01
3.672785831943433266e+01
3.672785831943433266e+01
3.672785831943433266e+01
3.672785831943433266e+01
3.672785831943433266e+01
3.672893450263198645e+01
3.672893487363559473e+01
3.672893487363559473e+01
3.672893487363559473e+01
3.672893487363559473e+01
3.673004041587601876e+01
3.673004041587601876e+01
3.673004041587601876e+01
3.673004041587601876e+01
3.673017629144057850e+01
3.673111311490940523e+01
3.673111311490940523e+01
3.673111311490940523e+01
3.673111311490940523e+01
3.610262939771817514e+01
3.610262939771817514e+01
3.610262939771817514e+01
3.610262939771817514e+01
3.610262939771817514e+01
3.610350017866767303e+01
3.610350017866767303e+01
3.610350017866767303e+01
3.610350017866767303e+01
3.610388988533051702e+01
3.601850831487953997e+01
3.601850831487953997e+01
3.601850831487953997e+01
3.601940416163145642e+01
3.601940416163145642e+01
3.601940416163145642e+01
3.601940601788891883e+01
3.601940601788891883e+01
3.602006655858017581e+01
3.602006655858017581e+01
3.602006655858017581e+01
3.602006655858017581e+01
3.602070153381581008e+01
3.602070153381581008e+01
3.602070153381581008e+01
3.602090640003392963e+01
3.554874664516777472e+01
3.554874664516777472e+01
3.554874664516777472e+01
3.554874664516777472e+01
3.554932020156890360e+01
3.554932020156890360e+01
3.554932020156890360e+01
3.554932020156890360e+01
3.554977982863393748e+01
3.554977982863393748e+01
3.554977982863393748e+01
3.554977982863393748e+01
3.555075143339681176e+01
3.555075143339681176e+01
3.555139348340452443e+01
3.555139348340452443e+01
3.547885318821151657e+01
3.547885318821151657e+01
3.547885318821151657e+01
3.547885966995550433e+01
3.547930054677319589e+01
3.547930054677319589e+01
3.547930054677319589e+01
3.547930054677319589e+01
3.547981855108211846e+01
3.547981855108211846e+01
3.547981855108211846e+01
3.512669327668544383e+01
3.512669327668544383e+01
3.512812087474733147e+01
3.512812087474733147e+01
3.512839063895276581e+01
3.512839063895276581e+01
3.512839063895276581e+01
3.512839063895276581e+01
3.512875398256042558e+01
3.512875398256042558e+01
3.512875398256042558e+01
3.512923937384070427e+01
3.512923937384070427e+01
3.512923937384070427e+01
3.512971839257465234e+01
3.512971839257465234e+01
3.513106630403687802e+01
3.513106630403687802e+01
3.513151108873882578e+01
3.513151108873882578e+01
3.513151108873882578e+01
3.513225621293688761e+01
3.513225621293688761e+01
3.513225621293688761e+01
3.513322590808788703e+01
3.513322590808788703e+01
3.513385241030802320e+01
3.513410240725081479e+01
3.513469914696393204e+01
3.513546000916817746e+01
3.513585190023077587e+01
3.513814285011013538e+01
3.513920158088485124e+01
3.513983222530178097e+01
3.514136344482516705e+01
3.514330825954592541e+01
3.551359170314677272e+01
3.552277205679100547e+01
3.605944100498191318e+01
3.752890740603677955e+01
3.610152673541777801e+01
3.557696758428757988e+01
3.557811320898115781e+01
3.517929548503522597e+01
3.517930760163301329e+01
3.518022182200826364e+01
3.503493423657451444e+01
3.498298294412684584e+01
3.496812168391298314e+01
3.495664769798044347e+01
3.495664769798044347e+01
3.495664769798044347e+01
3.495664769798044347e+01
3.495664769798044347e+01
3.495664769798044347e+01
3.495664769798044347e+01
3.495664769798044347e+01
3.495664769798044347e+01
3.495664769798044347e+01
3.495907536879365551e+01
3.495907536879365551e+01
3.495907536879365551e+01
3.495907536879365551e+01
3.495907536879365551e+01
3.495907536879365551e+01
3.495907536879365551e+01
3.495907536879365551e+01
3.495907536879365551e+01
3.495907536879365551e+01
3.495907536879365551e+01
3.495907536879365551e+01
3.495907536879365551e+01
3.495907536879365551e+01
3.496125730099124240e+01
3.496125730099124240e+01
3.496125730099124240e+01
3.496125730099124240e+01
3.496127811488431547e+01
3.496127811488431547e+01
3.496127811488431547e+01
3.496127811488431547e+01
3.496127811488431547e+01
3.496127811488431547e+01
3.496127811488431547e+01
3.496127811488431547e+01
3.496127811488431547e+01
3.496341939281213484e+01
3.496341939281213484e+01
3.496341939281213484e+01
3.496341939281213484e+01
3.496341939281213484e+01
3.496341939281213484e+01
3.496341939281213484e+01
3.496341939281213484e+01
3.496341939281213484e+01
3.496341939281213484e+01
3.496341939281213484e+01
3.496341939281213484e+01
3.496341939281213484e+01
3.496341939281213484e+01
3.496536545814306862e+01
3.496536545814306862e+01
3.496536545814306862e+01
3.496536545814306862e+01
3.496536545814306862e+01
3.496538580097711701e+01
3.496538580097711701e+01
3.496538580097711701e+01
3.496538580097711701e+01
3.496538580097711701e+01
3.496538580097711701e+01
3.496538580097711701e+01
3.496538580097711701e+01
3.441443150925820049e+01
3.441443150925820049e+01
3.441443150925820049e+01
3.441443150925820049e+01
3.441443150925820049e+01
3.441443150925820049e+01
3.441443150925820049e+01
3.441443150925820049e+01
3.441443150925820049e+01
3.441443150925820049e+01
3.441443150925820049e+01
3.441443150925820049e+01
3.441443150925820049e+01
3.441625183796064391e+01
3.441625183796064391e+01
3.441625183796064391e+01
3.441625183796064391e+01
3.441625183796064391e+01
3.441625183796064391e+01
3.441632317937153829e+01
3.441632317937153829e+01
3.441632317937153829e+01
3.441632317937153829e+01
3.441632317937153829e+01
3.441632317937153829e+01
3.441814732819773326e+01
3.441814732819773326e+01
3.441814732819773326e+01
3.441814732819773326e+01
3.441814732819773326e+01
3.441814732819773326e+01
3.441814732819773326e+01
3.441814732819773326e+01
3.441814732819773326e+01
3.441814732819773326e+01
3.441814732819773326e+01
3.441814732819773326e+01
3.441814732819773326e+01
3.442025286401828055e+01
3.442025286401828055e+01
3.442025286401828055e+01
3.442025286401828055e+01
3.442025286401828055e+01
3.442025286401828055e+01
3.442025286401828055e+01
3.442025286401828055e+01
3.442032524968765017e+01
3.442032524968765017e+01
3.442032524968765017e+01
3.442032524968765017e+01
3.442032524968765017e+01
3.442203231435748023e+01
3.442203231435748023e+01
3.442203231435748023e+01
3.442203231435748023e+01
3.442203231435748023e+01
3.442203231435748023e+01
3.442203231435748023e+01
3.442203231435748023e+01
3.442203231435748023e+01
3.442203231435748023e+01
3.442203231435748023e+01
3.442203231435748023e+01
3.442376479901154340e+01
3.442376479901154340e+01
3.442376479901154340e+01
3.442376479901154340e+01
3.442376479901154340e+01
3.442376479901154340e+01
3.442376479901154340e+01
3.442376479901154340e+01
3.442376479901154340e+01
3.442376479901154340e+01
3.442384532141076647e+01
3.442384532141076647e+01
3.442560484845198232e+01
3.442560484845198232e+01
3.442560484845198232e+01
3.442560484845198232e+01
3.442560484845198232e+01
3.442560484845198232e+01
3.442560484845198232e+01
3.442560484845198232e+01
3.442560484845198232e+01
3.442560484845198232e+01
3.442560484845198232e+01
3.442560484845198232e+01
3.442716873761970220e+01
3.442716873761970220e+01
3.442716873761970220e+01
3.442716873761970220e+01
3.442716873761970220e+01
3.442716873761970220e+01
3.442716873761970220e+01
3.442716873761970220e+01
3.442716873761970220e+01
3.442716873761970220e+01
3.442716873761970220e+01
3.442892771784079287e+01
3.442899477821372756e+01
3.442899477821372756e+01
3.442899477821372756e+01
3.442899477821372756e+01
3.442899477821372756e+01
3.442899477821372756e+01
3.442899477821372756e+01
3.442899477821372756e+01
3.442899477821372756e+01
3.442899477821372756e+01
3.442899477821372756e+01
3.394387524287964197e+01
3.394387524287964197e+01
3.394387524287964197e+01
3.394387524287964197e+01
3.394387524287964197e+01
3.394387524287964197e+01
3.394387524287964197e+01
3.394387524287964197e+01
3.394387524287964197e+01
3.394387524287964197e+01
3.394387524287964197e+01
3.394523603131764844e+01
3.394523603131764844e+01
3.394523603131764844e+01
3.394523603131764844e+01
3.394544259188234747e+01
3.394544259188234747e+01
3.394544259188234747e+01
3.394544259188234747e+01
3.394544259188234747e+01
3.394544259188234747e+01
3.394544259188234747e+01
3.394544259188234747e+01
3.394699277812310356e+01
3.394699277812310356e+01
3.394699277812310356e+01
3.394699277812310356e+01
3.394699277812310356e+01
3.394699277812310356e+01
3.394699277812310356e+01
3.394699277812310356e+01
3.394699277812310356e+01
3.394699277812310356e+01
3.394699277812310356e+01
3.394823315319928270e+01
3.394823315319928270e+01
3.394823315319928270e+01
3.394823315319928270e+01
3.394823315319928270e+01
3.394823315319928270e+01
3.394823315319928270e+01
3.394843079787867168e+01
3.394843079787867168e+01
3.394843079787867168e+01
3.394843079787867168e+01
3.394977713222039029e+01
3.394977713222039029e+01
3.394977713222039029e+01
3.394977713222039029e+01
3.394977713222039029e+01
3.394977713222039029e+01
3.394977713222039029e+01
3.394977713222039029e+01
3.394977713222039029e+01
3.394977713222039029e+01
3.395092874946360695e+01
3.395092874946360695e+01
3.395092874946360695e+01
3.395092874946360695e+01
3.395092874946360695e+01
3.395092874946360695e+01
3.395092874946360695e+01
3.395092874946360695e+01
3.395092874946360695e+01
3.395092874946360695e+01
3.395092874946360695e+01
3.392718671142301901e+01
3.392718671142301901e+01
3.392718671142301901e+01
3.392718671142301901e+01
3.392718671142301901e+01
3.392718671142301901e+01
3.392718671142301901e+01
3.392718671142301901e+01
3.392718671142301901e+01
3.392718671142301901e+01
3.392827115291834872e+01
3.392827115291834872e+01
3.392827115291834872e+01
3.392827115291834872e+01
3.392827115291834872e+01
3.392827115291834872e+01
3.392827115291834872e+01
3.392827115291834872e+01
3.392827115291834872e+01
3.392827115291834872e+01
3.392959704943373822e+01
3.392959704943373822e+01
3.392959704943373822e+01
3.392959704943373822e+01
3.392959704943373822e+01
3.392967693933645279e+01
3.392967693933645279e+01
3.392967693933645279e+01
3.392967693933645279e+01
3.392967693933645279e+01
3.392967693933645279e+01
3.344801502859656495e+01
3.344801502859656495e+01
3.344801502859656495e+01
3.344801502859656495e+01
3.344801502859656495e+01
3.344801502859656495e+01
3.344801502859656495e+01
3.344801502859656495e+01
3.344801502859656495e+01
3.344889275040697640e+01
3.344889275040697640e+01
3.344889275040697640e+01
3.344889275040697640e+01
3.344889275040697640e+01
3.344889275040697640e+01
3.344889275040697640e+01
3.344889275040697640e+01
3.344889275040697640e+01
3.344915218321774830e+01
3.344994486377260046e+01
3.344994486377260046e+01
3.344994486377260046e+01
3.344994486377260046e+01
3.344994486377260046e+01
3.344994486377260046e+01
3.344994486377260046e+01
3.344994486377260046e+01
3.344994486377260046e+01
3.344994486377260046e+01
3.345116073912103616e+01
3.345116073912103616e+01
3.345116073912103616e+01
3.345116073912103616e+01
3.345116073912103616e+01
3.345116073912103616e+01
3.345116073912103616e+01
3.345116073912103616e+01
3.345116073912103616e+01
3.345162884323590191e+01
3.345162884323590191e+01
3.345162884323590191e+01
3.345162884323590191e+01
3.345187190421950874e+01
3.345187190421950874e+01
3.345187190421950874e+01
3.345187190421950874e+01
3.345187190421950874e+01
3.345187190421950874e+01
3.345257026089462471e+01
3.345257026089462471e+01
3.345257026089462471e+01
3.345257026089462471e+01
3.345257026089462471e+01
3.345257026089462471e+01
3.345257026089462471e+01
3.345257026089462471e+01
3.345257026089462471e+01
3.345314777568814435e+01
3.345314777568814435e+01
3.345314777568814435e+01
3.345314777568814435e+01
3.345314777568814435e+01
3.345314777568814435e+01
3.345314777568814435e+01
3.345314777568814435e+01
3.345338258253208608e+01
3.345415675872766315e+01
3.345415675872766315e+01
3.345415675872766315e+01
3.345415675872766315e+01
3.345415675872766315e+01
3.345415675872766315e+01
3.345415675872766315e+01
3.345415675872766315e+01
3.345415675872766315e+01
3.312247695581216789e+01
3.312247695581216789e+01
3.312247695581216789e+01
3.312247695581216789e+01
3.312247695581216789e+01
3.312247695581216789e+01
3.312247695581216789e+01
3.312247695581216789e+01
3.312247695581216789e+01
3.312289323747906877e+01
3.312289323747906877e+01
3.312289323747906877e+01
3.312289323747906877e+01
3.312289323747906877e+01
3.312346980903110705e+01
3.312346980903110705e+01
3.312346980903110705e+01
3.312378393800905485e+01
3.312378393800905485e+01
3.312378393800905485e+01
3.312378393800905485e+01
3.312378393800905485e+01
3.312378393800905485e+01
3.312378393800905485e+01
3.312378393800905485e+01
3.312378393800905485e+01
3.312417670688837035e+01
3.312417670688837035e+01
3.312417670688837035e+01
3.312417670688837035e+01
3.312417670688837035e+01
3.312417670688837035e+01
3.312417670688837035e+01
3.312417670688837035e+01
3.312432411958523204e+01
3.312432411958523204e+01
3.312482832650879772e+01
3.312482832650879772e+01
3.312482832650879772e+01
3.312482832650879772e+01
3.312482832650879772e+01
3.312482832650879772e+01
3.312528585476896126e+01
3.312528585476896126e+01
3.312528585476896126e+01
3.312528585476896126e+01
3.312528585476896126e+01
3.312528585476896126e+01
3.312528585476896126e+01
