# log(Mhalo/Msun)=8.571
#  yd=0.1, e_star=0.1, spin=0.027
#  t[Myr]        SFR[Msun/yr]        log(Mstar/Msun)        log(Md/Msun)        tau_v(MW dust)        tau_v,16th perc.(MW dust)        tau_v,84th perc.(MW dust)        L_1500[erg/s]
0.000000000000000000e+00 5.921719705680553864e-02 4.575843274026546226e+00 -2.622755215303539700e+01 6.368653301462523943e-32 2.962589641309252425e-32 2.626994986760990630e-31 8.346590570460593201e+25
1.008064516129032251e+00 5.897707089022720395e-02 4.877592215091952177e+00 -2.575101831783568329e+01 1.908013496873450991e-31 8.875755601293965961e-32 7.870332476424503667e-31 1.775572596521205008e+26
2.016129032258064502e+00 5.873839415917509604e-02 5.054403492049543978e+00 -2.545057476082778081e+01 3.810877594912947007e-31 1.772755707143599267e-31 1.571942428503227147e-30 2.901325080862762407e+26
3.024193548387096975e+00 5.850115586929669625e-02 5.180063323271968834e+00 -2.522931147204657165e+01 6.342906189051386955e-31 2.950612520729405345e-31 2.616374604079444184e-30 4.444146915290720155e+26
4.032258064516129004e+00 5.826534587240236873e-02 5.277695510627227193e+00 6.420478469646032638e-01 4.716801579613062501e-05 2.194176199961103902e-05 1.945625474752144804e-04 5.471152693158842236e+26
5.040322580645161032e+00 5.803094810145567606e-02 5.357600013458960753e+00 1.112202134720616353e+00 1.392521454474712338e-04 6.477773935943862923e-05 5.743988103453710444e-04 6.276624917326977766e+26
6.048387096774193949e+00 5.779795318801182746e-02 5.425271149602132859e+00 1.385665010048610979e+00 2.613754360576619811e-04 1.215874255832537915e-04 1.078143098209263361e-03 6.905945840396912000e+26
7.056451612903225978e+00 5.756634781759251834e-02 5.483988531658509302e+00 1.602450275849157890e+00 4.305762154118968760e-04 2.002967621554289999e-04 1.776076520048309451e-03 7.395017425156879460e+26
8.064516129032258007e+00 5.733612311030354680e-02 5.535867584620472570e+00 1.793102909169416836e+00 6.678865066689448860e-04 3.106894900014809660e-04 2.754953711080034787e-03 7.779360457452824818e+26
9.072580645161290036e+00 5.710726505494255478e-02 5.582352704544103261e+00 1.949451816615199284e+00 9.573077546822171243e-04 4.453233522564746592e-04 3.948782502825340032e-03 8.109682645877492070e+26
1.008064516129032206e+01 5.687976284465987714e-02 5.624474121284464445e+00 2.086826520054636980e+00 1.313488516993013312e-03 6.110126097661074769e-04 5.417986481563347861e-03 8.394250853856129536e+26
1.108870967741935409e+01 5.665360685885246356e-02 5.662992520092958948e+00 2.229679581110008080e+00 1.825069222921391109e-03 8.489912888267241511e-04 7.528197049139501856e-03 8.637254151378869461e+26
1.209677419354838790e+01 5.642878350722817932e-02 5.698485574499932760e+00 2.366724734062833235e+00 2.502214257671563774e-03 1.163987689267327033e-03 1.032134110549800393e-02 8.843695241572924206e+26
1.310483870967741993e+01 5.620528278229685454e-02 5.731402319077688823e+00 2.496263771860271596e+00 3.371813399333497240e-03 1.568510480386673539e-03 1.390833583971120939e-02 9.021726914643983740e+26
1.411290322580645196e+01 5.598309345073083226e-02 5.762098721956852465e+00 2.598217481980073629e+00 4.264000454398252961e-03 1.983540786218844151e-03 1.758850307439162666e-02 9.172472717487517088e+26
1.512096774193548399e+01 5.576220701294623550e-02 5.790861746394686982e+00 2.682782091528532309e+00 5.180621360131570236e-03 2.409937305512712801e-03 2.136945708482388892e-02 9.305033073809475315e+26
1.612903225806451601e+01 5.554261139751871801e-02 5.817926111955426194e+00 2.755633246595695862e+00 6.126790170339443085e-03 2.850079009475154756e-03 2.527229274471904860e-02 9.425765173696135623e+26
1.713709677419354804e+01 5.532429386889976125e-02 5.843486251985460456e+00 2.820022133874817261e+00 7.105945858458619958e-03 3.305565650298380141e-03 2.931119541721479566e-02 9.536261695893113621e+26
1.814516129032258007e+01 5.510724753680387722e-02 5.867705037609987961e+00 2.877811330196871520e+00 8.117290534119485715e-03 3.776026062897396528e-03 3.348287389787318186e-02 9.637334987239791406e+26
1.915322580645161210e+01 5.489145895324505642e-02 5.890720260050466450e+00 2.930718154513034968e+00 9.168914328444605077e-03 4.265223639236882455e-03 3.782069903119648913e-02 9.732521245776027620e+26
2.016129032258064413e+01 5.467692071990735286e-02 5.912649528186850745e+00 2.979742882172320861e+00 1.026461447478135836e-02 4.774924787951139935e-03 4.234033396054478343e-02 9.813550103041451103e+26
2.116935483870967616e+01 5.446362157786448915e-02 5.933594029358099320e+00 3.025387125188175208e+00 1.140215355690920099e-02 5.304088700912528744e-03 4.703254960573979848e-02 9.886962448158334610e+26
2.217741935483870819e+01 5.425155034857720437e-02 5.953641449704146105e+00 3.068441896362599230e+00 1.259046171262899125e-02 5.856869526964137047e-03 5.193418174056839420e-02 9.952157526214688380e+26
2.318548387096774022e+01 5.404069797073537962e-02 5.972868274041277736e+00 3.109317384687111829e+00 1.383302446424911590e-02 6.434888672044799737e-03 5.705960773681850035e-02 1.000790694624763115e+27
2.419354838709677580e+01 5.383105593560955082e-02 5.991341617608958003e+00 3.148228563579175798e+00 1.512963057682963422e-02 7.038047873238426413e-03 6.240795627507300658e-02 1.005728846464859337e+27
2.520161290322580783e+01 5.362261308868970094e-02 6.009120696295824793e+00 3.185557371019320794e+00 1.648758818212667579e-02 7.669746749650221095e-03 6.800937254392543097e-02 1.010198392301099027e+27
2.620967741935483986e+01 5.341536138527942096e-02 6.026258017922097032e+00 3.221406997748659240e+00 1.790633717918338128e-02 8.329724751802236940e-03 7.386154619244898745e-02 1.014254061832622371e+27
2.721774193548387188e+01 5.320928915485851479e-02 6.042800361191591918e+00 3.256061665689561124e+00 1.939373361495446216e-02 9.021636379669272995e-03 7.999688249533655482e-02 1.017736323798117139e+27
2.822580645161290391e+01 5.300438874151226776e-02 6.058789578626639916e+00 3.289552969910213953e+00 2.094849030997970180e-02 9.744882859169140196e-03 8.641007198788823451e-02 1.020723917020093267e+27
2.923387096774193594e+01 5.280065113616884409e-02 6.074263265355437369e+00 3.322011673516069852e+00 2.257415142064142163e-02 1.050111287181870745e-02 9.311573390058792976e-02 1.023426752056773461e+27
3.024193548387096797e+01 5.259806492966220826e-02 6.089255317664976630e+00 3.353536581885527390e+00 2.427372023506095891e-02 1.129172349638124864e-02 1.001262564456134874e-01 1.025897146040176876e+27
3.125000000000000000e+01 5.239662497873103647e-02 6.103796403167973672e+00 3.384228953343193069e+00 2.605125882146806793e-02 1.211860433819247733e-02 1.074583951792345282e-01 1.028120897003616189e+27
3.225806451612903203e+01 5.219631767000432881e-02 6.117914357881073073e+00 3.414164293506273928e+00 2.791027102912301688e-02 1.298338532857881873e-02 1.151266030697716963e-01 1.030058834407010267e+27
3.326612903225806406e+01 5.199713601068714497e-02 6.131634524180014090e+00 3.443402362678006146e+00 2.985397212645855836e-02 1.388756215595381670e-02 1.231441427233900127e-01 1.031677061183447777e+27
3.427419354838709609e+01 5.179907232465753852e-02 6.144980041609059640e+00 3.471987302124087460e+00 3.188504706976195979e-02 1.483238381650356201e-02 1.315220892706900346e-01 1.033153869926044049e+27
3.528225806451612812e+01 5.160211597061856170e-02 6.157972093633047095e+00 3.499973745313822437e+00 3.400740594798781075e-02 1.581966921737924109e-02 1.402765713712098572e-01 1.034506862491177872e+27
3.629032258064516014e+01 5.140626159017239877e-02 6.170630121963522008e+00 3.527401390147506532e+00 3.622439580171670642e-02 1.685097534516556694e-02 1.494213951758096848e-01 1.035715357193777899e+27
3.729838709677419217e+01 5.121149698264488431e-02 6.182972013622738849e+00 3.554303696746842878e+00 3.853926759983579420e-02 1.792781449552277584e-02 1.589699705508528516e-01 1.036795507546041739e+27
3.830645161290322420e+01 5.101781444535708615e-02 6.195014261654791632e+00 3.580711273316625753e+00 4.095538695912169513e-02 1.905175229636732123e-02 1.689361802718352124e-01 1.037665382638195409e+27
3.931451612903225623e+01 5.082520682556599528e-02 6.206772106677115985e+00 3.606728475253951682e+00 4.348387469325215582e-02 2.022796196185377288e-02 1.793658963942720286e-01 1.038269857941433221e+27
4.032258064516128826e+01 5.063366681821512838e-02 6.218259660532821087e+00 3.631180803313668548e+00 4.600240780665206669e-02 2.139954090639130391e-02 1.897545508706803274e-01 1.038777997740736043e+27
4.133064516129032029e+01 5.044318395443127268e-02 6.229490014773519491e+00 3.654240863805461093e+00 4.851104433534120935e-02 2.256651612735328244e-02 2.001023830928527480e-01 1.039168166664232253e+27
4.233870967741935232e+01 5.025374947873973569e-02 6.240475337384549626e+00 3.676054216700578969e+00 5.100984184596987075e-02 2.372891440377033687e-02 2.104096305164876168e-01 1.039492259959139475e+27
4.334677419354838435e+01 5.006535874743577724e-02 6.251226956981521532e+00 3.696744746640788559e+00 5.349885743319437309e-02 2.488676229510949911e-02 2.206765286503633849e-01 1.039708136384146561e+27
4.435483870967741638e+01 4.987800065363615087e-02 6.261755438943032992e+00 3.716418763612267195e+00 5.597814773056761228e-02 2.604008614634029453e-02 2.309033111012607775e-01 1.039831355852160822e+27
4.536290322580644840e+01 4.969166964492579414e-02 6.272070652574296190e+00 3.735168177439530890e+00 5.844776890939536174e-02 2.718891208740272653e-02 2.410902095692452063e-01 1.039868211743024488e+27
4.637096774193548043e+01 4.950635522115204995e-02 6.282181830022494751e+00 3.753072986471305494e+00 6.090777669066052558e-02 2.833326603875421790e-02 2.512374538968530913e-01 1.039800489563400672e+27
4.737903225806451246e+01 4.932205332844075835e-02 6.292097620951130565e+00 3.770203250836914766e+00 6.335822635631623012e-02 2.947317371662296764e-02 2.613452721156739322e-01 1.039574768820679534e+27
4.838709677419355160e+01 4.913875238131107381e-02 6.301826139947609207e+00 3.786620673135930204e+00 6.579917273604862782e-02 3.060866062685025854e-02 2.714138903917494572e-01 1.039229018933837687e+27
4.939516129032258362e+01 4.895644727911765970e-02 6.311375010559022947e+00 3.802379877020675814e+00 6.823067022432324769e-02 3.173975207282010713e-02 2.814435330958867665e-01 1.038832401152540060e+27
5.040322580645161565e+01 4.877513014198364000e-02 6.320751403367216525e+00 3.817529450133948288e+00 7.065277277579908033e-02 3.286647315332594937e-02 2.914344227847426305e-01 1.038386815251490408e+27
5.141129032258064768e+01 4.859479288988021589e-02 6.329962071270692547e+00 3.832112801895105392e+00 7.306553392112026535e-02 3.398884876991675047e-02 3.013867802659622730e-01 1.037894094186809722e+27
5.241935483870967971e+01 4.841543027515976538e-02 6.339013382147498099e+00 3.846168874042179997e+00 7.546900676672042840e-02 3.510690362680585902e-02 3.113008245973719057e-01 1.037361445130109858e+27
5.342741935483871174e+01 4.823703230885485055e-02 6.347911346793692289e+00 3.859732733343365751e+00 7.786324399712259148e-02 3.622066223194103651e-02 3.211767730964660839e-01 1.036775140719997958e+27
5.443548387096774377e+01 4.805959227254404803e-02 6.356661645296869168e+00 3.872836069176291751e+00 8.024829787949919191e-02 3.733014889912555923e-02 3.310148413592168826e-01 1.036143955199861663e+27
5.544354838709677580e+01 4.788310514048165628e-02 6.365269650820091663e+00 3.885507613708352181e+00 8.262422026608093328e-02 3.843538774913885653e-02 3.408152432700103929e-01 1.035462239112027818e+27
5.645161290322580783e+01 4.770756116612071690e-02 6.373740451815304020e+00 3.897773498755007004e+00 8.499106260736587204e-02 3.953640271588113736e-02 3.505781910561323600e-01 1.034723262380220890e+27
5.745967741935483986e+01 4.753295497396729102e-02 6.382078871559756728e+00 3.909657560290944911e+00 8.734887594578601144e-02 4.063321754342720526e-02 3.603038952616439139e-01 1.033893453465092734e+27
5.846774193548387188e+01 4.735927944835654352e-02 6.390289486075572789e+00 3.921181599730020118e+00 8.969771092665214385e-02 4.172585579111778159e-02 3.699925647925275674e-01 1.032908813530787120e+27
5.947580645161290391e+01 4.718652650841717588e-02 6.398376640717495789e+00 3.932365609018638519e+00 9.203761779885538674e-02 4.281434083388587636e-02 3.796444069195811788e-01 1.031894197518298088e+27
6.048387096774193594e+01 4.701469067354896447e-02 6.406344466115391434e+00 3.943227965468778518e+00 9.436864642288878002e-02 4.389869586598832418e-02 3.892596273115059291e-01 1.030838680392203764e+27
6.149193548387096797e+01 4.684376550578484011e-02 6.414196891082284857e+00 3.953785600990722848e+00 9.669084626418752992e-02 4.497894389790768610e-02 3.988384300074354072e-01 1.029790162389164628e+27
6.250000000000000000e+01 4.667374413056780275e-02 6.421937656912987791e+00 3.964054149833100560e+00 9.900426641358817115e-02 4.605510776586961563e-02 4.083810175013279919e-01 1.028702350124556724e+27
6.350806451612903203e+01 4.650461767507613892e-02 6.429570327651773276e+00 3.974048077820313107e+00 1.013089555834719296e-01 4.712721013004876613e-02 4.178875907260576339e-01 1.027579912253231582e+27
6.451612903225806406e+01 4.633638425573945868e-02 6.437098302206122113e+00 3.983780795894325433e+00 1.036049621053460323e-01 4.819527347344360751e-02 4.273583490434379462e-01 1.026442564260452252e+27
6.552419354838710319e+01 4.616903258634860036e-02 6.444524824104170158e+00 3.993264760252769108e+00 1.058923339429748700e-01 4.925932010798493577e-02 4.367934902983864331e-01 1.025278440752966483e+27
6.653225806451612812e+01 4.600255974023151340e-02 6.451852990766528961e+00 4.002511560807806568e+00 1.081711186865199070e-01 5.031937217180974808e-02 4.461932107947517712e-01 1.024058509152289042e+27
6.754032258064516725e+01 4.583695657728341366e-02 6.459085762014503018e+00 4.011531999695788997e+00 1.104413635638352570e-01 5.137545163451583130e-02 4.555577053419077038e-01 1.022807644202210519e+27
6.854838709677419217e+01 4.567221802194189328e-02 6.466225968488994447e+00 4.020336161073380765e+00 1.127031154466484053e-01 5.242758030003686481e-02 4.648871672802470378e-01 1.021550045615600567e+27
6.955645161290323131e+01 4.550833880796481545e-02 6.473276318933320006e+00 4.028933473297543699e+00 1.149564208421932215e-01 5.347577980275031173e-02 4.741817884466690836e-01 1.020247255674939838e+27
7.056451612903225623e+01 4.534531250729390700e-02 6.480239406851890926e+00 4.037332764605537250e+00 1.172013259098669130e-01 5.452007161522586659e-02 4.834417592432876387e-01 1.018883636043360182e+27
7.157258064516129537e+01 4.518313127212867514e-02 6.487117717574025555e+00 4.045542312919572225e+00 1.194378764521449032e-01 5.556047704399928039e-02 4.926672685999559098e-01 1.017489187595584326e+27
7.258064516129032029e+01 4.502178989676865195e-02 6.493913633549231790e+00 4.053569890674658893e+00 1.216661179303692164e-01 5.659701723691683978e-02 5.018585040393916952e-01 1.016016177026985264e+27
7.358870967741935942e+01 4.486128291444144850e-02 6.500629440178106400e+00 4.061422805125364022e+00 1.238860954657386437e-01 5.762971318359592227e-02 5.110156516812616179e-01 1.014517481591535315e+27
7.459677419354838435e+01 4.470160571003407857e-02 6.507267331459245518e+00 4.069107934702266505e+00 1.260978538371505253e-01 5.865858571442109093e-02 5.201388962332792465e-01 1.012984774008421176e+27
7.560483870967742348e+01 4.454274942029581852e-02 6.513829414185923206e+00 4.076631761916497787e+00 1.283014374888581388e-01 5.968365550410617559e-02 5.292284210227898855e-01 1.011440607986823491e+27
7.661290322580644840e+01 4.438470938544929884e-02 6.520317712876426697e+00 4.084000403119261158e+00 1.304968905231389809e-01 6.070494306828363301e-02 5.382844079665298764e-01 1.009894492770072669e+27
7.762096774193548754e+01 4.422748140516594151e-02 6.526734173985822451e+00 4.091219635618916328e+00 1.326842567249834626e-01 6.172246877498937384e-02 5.473070376724620267e-01 1.008321318933985306e+27
7.862903225806451246e+01 4.407105740779376085e-02 6.533080669522027151e+00 4.098294922202689428e+00 1.348635795443156038e-01 6.273625283639204520e-02 5.562964893664404942e-01 1.006753702813053563e+27
7.963709677419355160e+01 4.391543304745591791e-02 6.539359001604879040e+00 4.105231433580327938e+00 1.370349021112601540e-01 6.374631531589516897e-02 5.652529409551844131e-01 1.005170650648949570e+27
8.064516129032257652e+01 4.376060110840400419e-02 6.545570904989871153e+00 4.112034068794702790e+00 1.391982672291268985e-01 6.475267612487339841e-02 5.741765689973394871e-01 1.003572508788241796e+27
8.165322580645161565e+01 4.360655887746282128e-02 6.551718051163142320e+00 4.118707473953239884e+00 1.413537173919200973e-01 6.575535503081778033e-02 5.830675487757026598e-01 1.001949948022706201e+27
8.266129032258064058e+01 4.345329942679335145e-02 6.557802050800247251e+00 4.125256059313493040e+00 1.435012947812036033e-01 6.675437165587731758e-02 5.919260542842903483e-01 1.000331368425979030e+27
8.366935483870967971e+01 4.330081612687181752e-02 6.563824457336801643e+00 4.131684014939127181e+00 1.456410412597100301e-01 6.774974547388609714e-02 6.007522582019771962e-01 9.986783252377064392e+26
8.467741935483870463e+01 4.314910514285577592e-02 6.569786768907381891e+00 4.137995325129793400e+00 1.477729983832067884e-01 6.874149581588329116e-02 6.095463319414431425e-01 9.970090767855437523e+26
8.568548387096774377e+01 4.299815965022027453e-02 6.575690431408498959e+00 4.144193781672841581e+00 1.498972074063779913e-01 6.972964187284910742e-02 6.183084456734336820e-01 9.953340532442539532e+26
8.669354838709676869e+01 4.284797552498826462e-02 6.581536841100686708e+00 4.150282996034113658e+00 1.520137092845546267e-01 7.071420269650988133e-02 6.270387683338984885e-01 9.936391270206697009e+26
8.770161290322580783e+01 4.269854734678439623e-02 6.587327346509909809e+00 4.156266410576785475e+00 1.541225446676468269e-01 7.169519719651516743e-02 6.357374675989615476e-01 9.919210307277484078e+26
8.870967741935483275e+01 4.254986945247429125e-02 6.593063250563557354e+00 4.162147308964104120e+00 1.562237539101224426e-01 7.267264414507995651e-02 6.444047099260824529e-01 9.901804368438283839e+26
8.971774193548387188e+01 4.240193748107722038e-02 6.598745812684338574e+00 4.167928825760702338e+00 1.583173770754479071e-01 7.364656217905016233e-02 6.530406605723729774e-01 9.883937474689200387e+26
9.072580645161289681e+01 4.225474407375946068e-02 6.604376251193550651e+00 4.173613955306954004e+00 1.604034539360302547e-01 7.461696979987589295e-02 6.616454835943602619e-01 9.865633062102881753e+26
9.173387096774193594e+01 4.210828611488518641e-02 6.609955744363351648e+00 4.179205559940513126e+00 1.624820239724483195e-01 7.558388537325369527e-02 6.702193418448131323e-01 9.847240764928590329e+26
9.274193548387096087e+01 4.196256008937460785e-02 6.615485432704865332e+00 4.184706377645883713e+00 1.645531263811447764e-01 7.654732713270473443e-02 6.787623970044726063e-01 9.828736380401572959e+26
9.375000000000000000e+01 4.181755753920280566e-02 6.620966420264331020e+00 4.190119029146911700e+00 1.666168000775468394e-01 7.750731318102661860e-02 6.872748095949238190e-01 9.810104261158983817e+26
9.475806451612902492e+01 4.167327507632145878e-02 6.626399776091831839e+00 4.195446024504260407e+00 1.686730837004587202e-01 7.846386149233657015e-02 6.957567389967138638e-01 9.791637733467295320e+26
9.576612903225806406e+01 4.152970844761553343e-02 6.631786536375221530e+00 4.200689769224540626e+00 1.707220156041721337e-01 7.941698990840145855e-02 7.042083434168093792e-01 9.773067451521419250e+26
9.677419354838710319e+01 4.138685205812166201e-02 6.637127704937677564e+00 4.205852570003467683e+00 1.727636338710328567e-01 8.036671614448349932e-02 7.126297799404324174e-01 9.754454752344487795e+26
9.778225806451612812e+01 4.124470111034318764e-02 6.642424255186256232e+00 4.210936640052496571e+00 1.747979763122193553e-01 8.131305778970236708e-02 7.210212045342702103e-01 9.735775532608980448e+26
9.879032258064516725e+01 4.110325067068454352e-02 6.647677131101079162e+00 4.215944104063784614e+00 1.768250804655154551e-01 8.225603230599941307e-02 7.293827720372908496e-01 9.717060335159299820e+26
9.979838709677419217e+01 4.096249711665492926e-02 6.652887248281152743e+00 4.220877002886483709e+00 1.788449836084072819e-01 8.319565703422965308e-02 7.377146362147631864e-01 9.698317411140263326e+26
1.008064516129032313e+02 4.082243278411484128e-02 6.658055495453320205e+00 4.225737297855322261e+00 1.808577227525713094e-01 8.413194919159809604e-02 7.460169497355230162e-01 9.679544171838797200e+26
1.018145161290322562e+02 4.068305661461230072e-02 6.663182735178136973e+00 4.230526874851920915e+00 1.828633346423848838e-01 8.506492587096668723e-02 7.542898641658291048e-01 9.660741666215941996e+26
1.028225806451612954e+02 4.054436311339839477e-02 6.668269805156653796e+00 4.235247548132014650e+00 1.848618557629560788e-01 8.599460404458970919e-02 7.625335300024836949e-01 9.641907466729752504e+26
1.038306451612903203e+02 4.040634565525329930e-02 6.673317518937653681e+00 4.239901063912278723e+00 1.868533223474279914e-01 8.692100056751161929e-02 7.707480967029638474e-01 9.623046045362787635e+26
1.048387096774193594e+02 4.026900112554984701e-02 6.678326666887660856e+00 4.244489103701288180e+00 1.888377703690943543e-01 8.784413217389931694e-02 7.789337126528982358e-01 9.604131291579888462e+26
1.058467741935483843e+02 4.013232614914411661e-02 6.683298017254869272e+00 4.249013287472753753e+00 1.908152355532470590e-01 8.876401548255345719e-02 7.870905252149364983e-01 9.585184967638996308e+26
1.068548387096774235e+02 3.999631399832537237e-02 6.688232316997857474e+00 4.253475176600538532e+00 1.927857533679630531e-01 8.968066699262271235e-02 7.952186806907469707e-01 9.566155089688830527e+26
1.078629032258064484e+02 3.986096220071855267e-02 6.693130292228826050e+00 4.257876276671897386e+00 1.947493590384395401e-01 9.059410309027206287e-02 8.033183243801474971e-01 9.547096576989870462e+26
1.088709677419354875e+02 3.972626555415083305e-02 6.697992649506334217e+00 4.262218040098123772e+00 1.967060875443797097e-01 9.150434004746701988e-02 8.113896005703222780e-01 9.527984562853301529e+26
1.098790322580645125e+02 3.959221902864724224e-02 6.702820075972709901e+00 4.266501868581006107e+00 1.986559736206921778e-01 9.241139402229871236e-02 8.194326525387056748e-01 9.508791932324132042e+26
1.108870967741935516e+02 3.945882001963185726e-02 6.707613240553178535e+00 4.270729115438721024e+00 2.005990517585989896e-01 9.331528105949939145e-02 8.274476225575538857e-01 9.489486583862297408e+26
1.118951612903225765e+02 3.932606215739575112e-02 6.712372794542738497e+00 4.274901087807679190e+00 2.025353562103932303e-01 9.421601709265557678e-02 8.354346519135691373e-01 9.470103142106679372e+26
1.129032258064516157e+02 3.919394388260875189e-02 6.717099371926038565e+00 4.279019048724200580e+00 2.044649209957368208e-01 9.511361794713787954e-02 8.433938809338772380e-01 9.450610529878918729e+26
1.139112903225806406e+02 3.906245820726795409e-02 6.721793590209069968e+00 4.283084219064893894e+00 2.063877798956538778e-01 9.600809933730637680e-02 8.513254489612510634e-01 9.430901716423064959e+26
1.149193548387096797e+02 3.893160230484431217e-02 6.726456050887113847e+00 4.287097779409634768e+00 2.083039664604232621e-01 9.689947687018261868e-02 8.592294943866660706e-01 9.410918579614488634e+26
1.159274193548387046e+02 3.880137223582227207e-02 6.731087340282474685e+00 4.291060871783925812e+00 2.102135140079973985e-01 9.778776604471366152e-02 8.671061546427785149e-01 9.390985659085677017e+26
1.169354838709677438e+02 3.867176330243771859e-02 6.735688029737636917e+00 4.294974601318938490e+00 2.121164556278647140e-01 9.867298225356908870e-02 8.749555662198578165e-01 9.371022799992000019e+26
1.179435483870967687e+02 3.854277164760391144e-02 6.740258676214024192e+00 4.298840037817662996e+00 2.140128241820711541e-01 9.955514078361599184e-02 8.827778646699984133e-01 9.351028544386337480e+26
1.189516129032258078e+02 3.841439521094424520e-02 6.744799823021381258e+00 4.302658217249981654e+00 2.159026523117947849e-01 1.004342568189775381e-01 8.905731846342423985e-01 9.331085170116743794e+26
1.199596774193548328e+02 3.828662541720142393e-02 6.749311999866874245e+00 4.306430143144540423e+00 2.177859724311351497e-01 1.013103454381438229e-01 8.983416598169582379e-01 9.311136828016214762e+26
1.209677419354838719e+02 3.815946299947014370e-02 6.753795723642667781e+00 4.310156787945258472e+00 2.196628167392258024e-01 1.021834216196063627e-01 9.060834230358052466e-01 9.291192540516339602e+26
1.219758064516128968e+02 3.803290159508824347e-02 6.758251498539226354e+00 4.313839094258041129e+00 2.215332172115733744e-01 1.030535002378291931e-01 9.137986061860075004e-01 9.271296519293594123e+26
1.229838709677419359e+02 3.790693772963869140e-02 6.762679816958555357e+00 4.317477976064199474e+00 2.233972056065845757e-01 1.039205960662852313e-01 9.214873402672780767e-01 9.251405085582652580e+26
1.239919354838709609e+02 3.778156788716847264e-02 6.767081159443568694e+00 4.321074319873015490e+00 2.252548134719362383e-01 1.047847237804193365e-01 9.291497554100932588e-01 9.231534951080781181e+26
1.250000000000000000e+02 3.765678805680746505e-02 6.771455995116571813e+00 4.324628985791855840e+00 2.271060721375993130e-01 1.056458979544033366e-01 9.367859808469182203e-01 9.211667653201109143e+26
