2.832650660947931165e+00
2.831230596020413603e+00
2.825179126005650687e+00
2.261479582913085373e+00
2.049018244150032420e+00
1.729567472805395578e+00
1.661840919286776241e+00
1.519517598236300726e+00
1.217643650305564540e+00
1.146554322307669738e+00
8.387622535834955428e-01
5.641471133936688531e-01
4.618546179324997669e-01
3.883620577253636408e-01
2.270574881679853219e-01
7.708210191184014515e-02
2.234269305817978765e-02
5.845199155626012999e-02
-3.791583662306943076e-03
-6.624568355299272071e-02
-1.851916053687946428e-01
-2.942787807079095819e-01
-3.390421049443733681e-01
-4.254168914347435937e-01
-5.339436489301405686e-01
-5.708945270072742773e-01
-5.968063890683125150e-01
-5.714380229155251456e-01
-6.218395612287939134e-01
-5.511712105924021499e-01
-6.245420867529574149e-01
-6.415918820066655037e-01
-7.345197044896544236e-01
-8.174487375177175164e-01
-8.835654488666668804e-01
-8.988648723017940156e-01
-9.479617522766692339e-01
-1.084925581649429871e+00
-1.119246347006918940e+00
-1.147723613822223765e+00
-1.191289324714941866e+00
-1.526176328942708160e+00
-1.481244394742289083e+00
-1.587763866094655141e+00
-1.484076765517555740e+00
-1.427043144078018022e+00
-1.397519688906967206e+00
-7.312687753391661216e-01
-7.293150104434369396e-01
-8.821339758569910483e-01
-8.801644891030796503e-01
-8.792050998399625339e-01
-8.776319800359950740e-01
-8.767427149062321234e-01
-9.425732298587612412e-01
-1.098287286082324288e+00
-1.097067512890862462e+00
-1.095886111825521203e+00
-1.094326023857440600e+00
-1.091918902297961846e+00
-1.744446928205415581e+00
-1.728072411634947514e+00
-1.753053391433279762e+00
-1.827994202159960668e+00
-2.111782468737418483e+00
-2.078553943840572238e+00
-2.068416926453092941e+00
-2.008193324132399038e+00
-2.212845072705568850e+00
-2.260347147460381123e+00
-1.409708960541421474e+00
-1.408596956976386538e+00
-1.407874817104751486e+00
-1.407042024030344285e+00
-1.405634756213943071e+00
-1.751190580152020893e+00
-1.750085281874032006e+00
-1.748558399220635717e+00
-1.465818513474681062e+00
-2.719202641423236422e+00
-2.612211232422726237e+00
-2.594712366902153899e+00
-2.587036322762169771e+00
-2.584295090049714805e+00
-2.676766544892660971e+00
-2.878004523644579926e+00
-2.901787203540187043e+00
-2.902166748588629552e+00
-2.897039134235599889e+00
-2.906817935543799081e+00
-2.894499573454985430e+00
-2.908471289162728013e+00
-2.886421572062796592e+00
-2.639945387674367705e+00
-1.865690687732765030e+00
-1.864455046897798063e+00
-1.863998958546781548e+00
-1.862847907541438364e+00
-1.861706994348706568e+00
-1.860604239574590979e+00
-1.860286576357456534e+00
-1.859596327718578079e+00
-1.858544803120400601e+00
-1.858114374852948281e+00
-2.250234510798738707e+00
-2.249420708244932232e+00
-2.248641831358821452e+00
-2.248292131700083907e+00
-2.247778519626549176e+00
-2.247045672099388103e+00
-2.246293508965967689e+00
-2.245252766346336859e+00
-2.244579875956192794e+00
-2.244081790962633161e+00
-2.243095341329787828e+00
-2.242680635223740726e+00
-2.242100267414074199e+00
-2.240786221831349678e+00
-2.240509524861505675e+00
-2.239218121026909980e+00
-2.675343501371568067e+00
-2.675167299395097231e+00
-2.674639721994637398e+00
-2.674066269004071739e+00
-2.673441583074504191e+00
-2.230473231932215139e+00
-2.665229855949817761e+00
-3.422973631084254897e+00
-3.670937150528748472e+00
-3.636092833134270563e+00
-3.620486797214110375e+00
-3.606789009675976043e+00
-3.597834225266582919e+00
-3.592898368559331868e+00
-3.586808863437172867e+00
-3.630645483141864638e+00
-3.631201558634921778e+00
-3.634255739555035447e+00
-3.652354617011914772e+00
-3.719745431120841772e+00
-3.781110702223300812e+00
-3.872232513498873985e+00
-3.907801346839905765e+00
-3.924027920543241343e+00
-3.950558269184593296e+00
-3.949410753293864929e+00
-3.956912902737834692e+00
-3.957864841503283770e+00
-3.967110944367822079e+00
-3.966217122729598810e+00
-3.974599403858986690e+00
-3.976272200885484054e+00
-3.984643351306496939e+00
-4.007230198171972901e+00
-3.921855357697499489e+00
-2.832042918770732332e+00
-2.832042918770732332e+00
-2.830904526639924423e+00
-2.831425366752533535e+00
-2.831425366752533535e+00
-2.830182709843887423e+00
-2.830182709843887423e+00
-2.829030347125870204e+00
-2.829030347125870204e+00
-2.877725828174168221e+00
-2.876261762429958679e+00
-2.876261762429958679e+00
-2.874829321447228025e+00
-2.874829321447228025e+00
-2.874829321447228025e+00
-3.361086168740906377e+00
-3.361181105498759702e+00
-3.360047033049756937e+00
-3.360047033049756937e+00
-3.360047033049756937e+00
-3.359688342626973689e+00
-3.360017549962326822e+00
-3.359024881746766500e+00
-3.359024881746766500e+00
-3.358004797036689304e+00
-3.358026722472957637e+00
-3.357528408829098865e+00
-3.357528408829098865e+00
-3.357528408829098865e+00
-3.383954760247732452e+00
-3.384009696892088748e+00
-3.383552051464364663e+00
-3.383552051464364663e+00
-3.382982861706059996e+00
-3.382982861706059996e+00
-3.382055010801780170e+00
-3.382501625863655548e+00
-3.381586570127343094e+00
-3.381586570127343094e+00
-3.380741173030564539e+00
-3.380741173030564539e+00
-3.380417473797673988e+00
-3.380500882681426233e+00
-3.379684707156102697e+00
-3.379684707156102697e+00
-3.379172916862134279e+00
-3.378760900157018465e+00
-3.378760900157018465e+00
-3.377963507151676481e+00
-3.377963507151676481e+00
-3.377189976176996566e+00
-3.377617775760101804e+00
-3.376775057763026666e+00
-3.376022457060812609e+00
-3.376022457060812609e+00
-3.375273479312818292e+00
-3.375701843413251080e+00
-3.375256774262810566e+00
-3.374514919922906753e+00
-3.374514919922906753e+00
-3.374270827193640354e+00
-3.868554568177029473e+00
-3.868564846594933382e+00
-3.868389614801963639e+00
-3.868205102709411314e+00
-3.868015997338975609e+00
-3.867886393016703117e+00
-3.867716779397396998e+00
-3.867993517410253546e+00
-3.867820352744785861e+00
-3.867432345523016402e+00
-3.867257269247581952e+00
-3.867257269247581952e+00
-3.867099286224166654e+00
-3.866696315111219473e+00
-3.866527035114608601e+00
-3.866360173499769015e+00
-3.866360173499769015e+00
-3.865954983383288468e+00
-3.865790251439203296e+00
-3.865809707484747726e+00
-3.865752055947382804e+00
-3.865544985932183764e+00
-3.865108908080923111e+00
-3.864808895188051263e+00
-3.864513837254518691e+00
-3.863977840157351018e+00
-3.355379183181393721e+00
-3.859019996308031608e+00
-3.858168532507654014e+00
-4.083552455366374900e+00
-4.326846899446097794e+00
-4.587715408728718636e+00
-4.687625163513615689e+00
-4.571028675509616335e+00
-4.659075196985723366e+00
-4.648182433074354414e+00
-4.630686828472563299e+00
-4.630686828472563299e+00
-4.613577001129539390e+00
-4.601595701022883844e+00
-4.601505813162740210e+00
-4.592687948330658188e+00
-4.590099110301192553e+00
-4.584187001385891413e+00
-4.577399361702163993e+00
-4.577399361702163993e+00
-4.569977061268881258e+00
-4.568276374981614651e+00
-4.564504644826323343e+00
-4.558871787968600486e+00
-4.557534664495160648e+00
-4.555732667903346744e+00
-4.554945820158621927e+00
-4.551917192601548479e+00
-4.552009776137486696e+00
-4.552785799627266705e+00
-4.554399846261364182e+00
-4.554801153508634570e+00
-4.579472573086151854e+00
-4.579472573086151854e+00
-4.596029571288440252e+00
-4.598640407397335039e+00
-4.610832680890099233e+00
-4.620920001591201753e+00
-4.635433898593749547e+00
-4.672166221824031851e+00
-4.682031145255995064e+00
-4.692839815506209433e+00
-4.706405598881407748e+00
-4.709574781667349441e+00
-4.744688328227722351e+00
-4.751227696299627823e+00
-4.757732661570326371e+00
-4.786531435154183889e+00
-5.054975902508130225e+00
-5.059809594594909754e+00
-5.068874745562231610e+00
-5.160466468830727571e+00
-5.162250557282505703e+00
-5.167165542260863553e+00
-5.179841925737005859e+00
-5.187094676269748739e+00
-5.190620296957155766e+00
-5.192996243614524943e+00
-5.201595536926086893e+00
-5.201506112018854822e+00
-5.201506112018854822e+00
-5.199481720826963915e+00
-5.199481720826963915e+00
-5.227505246802684802e+00
-5.227515579369077514e+00
-5.227112754161960417e+00
-5.222052658251777224e+00
-5.210534677966688122e+00
-5.152391184398505075e+00
-5.149693319719186313e+00
-5.126482784955968874e+00
-5.115227392355460090e+00
-4.993544650284406750e+00
-4.291368102850427135e+00
-4.291368102850427135e+00
-4.290891894862099321e+00
-4.290891894862099321e+00
-4.290891894862099321e+00
-4.290289533438056857e+00
-4.290289533438056857e+00
-4.289709406284987203e+00
-4.289801685333508807e+00
-4.289958862209884316e+00
-4.289347205025220156e+00
-4.289504089910743723e+00
-4.289504089910743723e+00
-4.551853150722503294e+00
-4.552110134105482153e+00
-4.551837571348340106e+00
-4.551837571348340106e+00
-4.551837571348340106e+00
-4.551550415956201689e+00
-4.551550415956201689e+00
-4.551064395477716573e+00
-4.551064395477716573e+00
-4.551064395477716573e+00
-4.550807768449740109e+00
-4.550807768449740109e+00
-4.550529107666593021e+00
-4.550529107666593021e+00
-4.550278998953578125e+00
-4.550278998953578125e+00
-4.549805338530682697e+00
-4.549805338530682697e+00
-4.549805338530682697e+00
-4.549892062227676170e+00
-4.550032652485575646e+00
-4.549790068464294457e+00
-4.549790068464294457e+00
-4.549532367328247062e+00
-4.549532367328247062e+00
-4.549068094129915529e+00
-4.549068094129915529e+00
-4.604998920481608415e+00
-4.605089615784956791e+00
-4.604889984008186055e+00
-4.604889984008186055e+00
-4.604704928359591776e+00
-4.604704928359591776e+00
-4.604157933604279940e+00
-4.604157933604279940e+00
-4.603949976036779468e+00
-4.603744584684188901e+00
-4.604023123524250138e+00
-4.603782743922401721e+00
-4.603782743922401721e+00
-4.603548905043491679e+00
-4.603412395458967410e+00
-4.602968589373198860e+00
-4.602751306442813828e+00
-4.602655192061307687e+00
-4.602336309004008363e+00
-4.602100268309183839e+00
-4.544645964153681383e+00
-4.543646496053383999e+00
-4.269194591728625809e+00
-4.537057873139151987e+00
-4.535989807602922141e+00
-4.594447841764318419e+00
-4.594030269426635726e+00
-4.593813523177361802e+00
-4.945494760457325611e+00
-4.946177125814851472e+00
-5.203631490663603643e+00
-5.357056873773481165e+00
-5.379640751324124892e+00
-5.387495049036533423e+00
-5.175397169616662296e+00
-5.258711924146100003e+00
-5.384619423453189668e+00
-5.437449928278523359e+00
-5.444837325248749416e+00
-5.402892912963944028e+00
-5.381176459008548463e+00
-5.366994664898399492e+00
-5.354151681403778618e+00
-5.354161990832846385e+00
-5.339417356670510095e+00
-5.328952718253811227e+00
-5.316541769038960474e+00
-5.305831088172504373e+00
-5.302900501739330252e+00
-5.285324584840290107e+00
-5.278410968235053069e+00
-5.268987765170896509e+00
-5.268987765170896509e+00
-5.257169611762638972e+00
-5.274122651366331738e+00
-5.261230456455765037e+00
-5.261230456455765037e+00
-5.256878882470233272e+00
-5.252000270074575816e+00
-5.247181366262842594e+00
-5.247181366262842594e+00
-5.243792083179228847e+00
-5.243508154249554742e+00
-5.240797934704514383e+00
-5.241800266371631878e+00
-5.244010722311443828e+00
-5.247529327461863069e+00
-5.252583839703698132e+00
-5.259093045043059966e+00
-5.267104609682606409e+00
-5.276610320221243988e+00
-5.307584705304925876e+00
-5.320379885763586003e+00
-5.342197392676764522e+00
-5.355264472766097406e+00
-5.387373516663444661e+00
-5.400452730621192465e+00
-5.407630103688137346e+00
-5.404866129674425146e+00
-5.404866129674425146e+00
-5.432701076408731566e+00
-5.432701076408731566e+00
-5.432701076408731566e+00
-5.432701076408731566e+00
-5.435016251479121152e+00
-5.435940405641247253e+00
-5.438557441826743499e+00
-5.441933912126022399e+00
-5.444198246693701115e+00
-5.446685731617929349e+00
-5.450057258957046180e+00
-5.453219112442785566e+00
-5.453089122661756605e+00
-5.472086729712697384e+00
-5.474142099623570346e+00
-5.477867371398946084e+00
-5.480551897904597070e+00
-5.481649627258216917e+00
-5.486157337954867153e+00
-5.486629772508306857e+00
-5.488562466318058775e+00
-5.492261687763099864e+00
-5.492270878863034334e+00
-5.502980832190164762e+00
-5.502980832190164762e+00
-5.502980832190164762e+00
-5.500296988966857370e+00
-5.511347702060385600e+00
-5.511347702060385600e+00
-5.511323401966059521e+00
-5.511381897780340822e+00
-5.517639026562148885e+00
-5.517639026562148885e+00
-5.514921758244071270e+00
-5.524807810396514363e+00
-5.524807810396514363e+00
-5.529032012197188095e+00
-5.529032012197188095e+00
-5.518666279371525540e+00
-5.518666279371525540e+00
-5.966663937332560508e+00
-5.966663937332560508e+00
-5.966670390266579638e+00
-5.966670390266579638e+00
-5.975298215812925307e+00
-5.974983364362415728e+00
-5.975401252562972942e+00
-5.975401252562972942e+00
-5.980190435995494269e+00
-5.980222945049907146e+00
-5.986807277654067505e+00
-5.986807277654067505e+00
-5.986807277654067505e+00
-5.987415750856815322e+00
-5.987415750856815322e+00
-5.988770707658682468e+00
-5.988770707658682468e+00
-5.969197484179406210e+00
-5.969197484179406210e+00
-5.964268584632081094e+00
-5.964002050246755005e+00
-5.964002050246755005e+00
-5.964093758890112618e+00
-5.964093758890112618e+00
-5.964093758890112618e+00
-5.961803535179754476e+00
-5.961803535179754476e+00
-5.929360029860174741e+00
-5.929360029860174741e+00
-5.929360029860174741e+00
-5.929393162905877368e+00
-5.910976046013886709e+00
-5.910976046013886709e+00
-5.947281788794185786e+00
-5.175589067996952508e+00
-5.175893592122739584e+00
-5.175893592122739584e+00
-5.175005488326082315e+00
-5.175005488326082315e+00
-5.175202160899534221e+00
-5.175202160899534221e+00
-5.175202160899534221e+00
-5.175202160899534221e+00
-5.174287308217225601e+00
-5.174287308217225601e+00
-5.174287308217225601e+00
-5.174349687211087456e+00
-5.174349687211087456e+00
-5.174349687211087456e+00
-5.173661338640020091e+00
-5.173661338640020091e+00
-5.173661338640020091e+00
-5.173661338640020091e+00
-5.173661338640020091e+00
-5.173661338640020091e+00
-5.172727718462785340e+00
-5.173055857142454528e+00
-5.173055857142454528e+00
-5.173055857142454528e+00
-5.173055857142454528e+00
-5.172193306982936889e+00
-5.172193306982936889e+00
-5.172193306982936889e+00
-5.172490615651582857e+00
-5.172490615651582857e+00
-5.172490615651582857e+00
-5.171552394899100236e+00
-5.171552394899100236e+00
-5.171552394899100236e+00
-5.171726577992331819e+00
-5.172029591458812803e+00
-5.270217731993018795e+00
-5.270217731993018795e+00
-5.270217731993018795e+00
-5.270229457983722554e+00
-5.270229457983722554e+00
-5.269395723466679726e+00
-5.269888286714188297e+00
-5.269888286714188297e+00
-5.269888286714188297e+00
-5.269888286714188297e+00
-5.269888286714188297e+00
-5.269126484430060486e+00
-5.269126484430060486e+00
-5.269126484430060486e+00
-5.269126484430060486e+00
-5.269126484430060486e+00
-5.268441571034415460e+00
-5.268441571034415460e+00
-5.268481835423314941e+00
-5.268481835423314941e+00
-5.268699328930684267e+00
-5.267927548686707873e+00
-5.267927548686707873e+00
-5.267927548686707873e+00
-5.267927548686707873e+00
-5.627750174436864761e+00
-5.627750174436864761e+00
-5.627750174436864761e+00
-5.628240720456821222e+00
-5.628240720456821222e+00
-5.627946706502441110e+00
-5.627946706502441110e+00
-5.627946706502441110e+00
-5.627946706502441110e+00
-5.627619367094049529e+00
-5.627477300431817930e+00
-5.627477300431817930e+00
-5.627477300431817930e+00
-5.627532389951688252e+00
-5.627532389951688252e+00
-5.627213078575286076e+00
-5.627213078575286076e+00
-5.627213078575286076e+00
-5.627213078575286076e+00
-5.626930651305115383e+00
-5.626930651305115383e+00
-5.627029886716769624e+00
-5.626703269329309087e+00
-5.626703269329309087e+00
-5.626674942186388861e+00
-5.626674942186388861e+00
-5.626674942186388861e+00
-5.626674942186388861e+00
-5.626411984330995431e+00
-5.626411984330995431e+00
-5.626411984330995431e+00
-5.626411984330995431e+00
-5.626286773315540835e+00
-5.626286773315540835e+00
-5.626286773315540835e+00
-5.625965196378153621e+00
-5.625965196378153621e+00
-5.625704106503450319e+00
-5.625704106503450319e+00
-5.625704106503450319e+00
-5.625704106503450319e+00
-5.625373385225699963e+00
-5.625373385225699963e+00
-5.625373385225699963e+00
-5.625373385225699963e+00
-5.625460938952858925e+00
-5.625612808796012665e+00
-5.721877113304590701e+00
-5.721877113304590701e+00
-5.721219609447731891e+00
-5.721219609447731891e+00
-5.721219609447731891e+00
-5.721219609447731891e+00
-5.720633749770693832e+00
-5.720633749770693832e+00
-5.720633749770693832e+00
-5.720054056333886194e+00
-5.720054056333886194e+00
-5.720054056333886194e+00
-5.720054056333886194e+00
-6.156388828216782905e+00
-6.156541454846745864e+00
-6.156541454846745864e+00
-6.156541454846745864e+00
-6.156299259481938790e+00
-6.156493916683064782e+00
-6.156493916683064782e+00
-6.156260518641490265e+00
-6.156260518641490265e+00
-6.156349516046309311e+00
-6.156349516046309311e+00
-6.156138746537651585e+00
-6.155880346667768066e+00
-6.155880346667768066e+00
-6.155596829529797809e+00
-6.155596829529797809e+00
-6.155596829529797809e+00
-6.155645853010734747e+00
-6.155383823753797223e+00
-6.155383823753797223e+00
-6.155383823753797223e+00
-6.155121900723912631e+00
-6.155121900723912631e+00
-6.155258856320249272e+00
-6.154856976716162720e+00
-6.154856976716162720e+00
-6.154771573655185790e+00
-6.154590177368985948e+00
-6.154503358542364744e+00
-6.154401290321099616e+00
-6.154346415863066078e+00
-6.154244376655910287e+00
-6.153966805999706580e+00
-6.153692038565436562e+00
-6.153509067680992040e+00
-6.153152544525447354e+00
-6.152707169974543255e+00
-5.710460978309612301e+00
-5.709611611163800227e+00
-5.707486888142367043e+00
-5.703515034125559602e+00
-5.281977023546192918e+00
-5.276504592845538077e+00
-5.689850106260713858e+00
-5.688678733443064850e+00
-5.687753201849710116e+00
-5.686926302347550255e+00
-5.686239316783039399e+00
-5.685823681706009047e+00
-5.685406687128709891e+00
-5.684783601711433043e+00
-5.683981143261707558e+00
-6.141162829730292039e+00
-6.140797738237716352e+00
-6.140580745773527305e+00
-6.140324452581406689e+00
-6.140156348586423896e+00
-6.358399645431353164e+00
-6.358573129278138225e+00
-6.515798779649684569e+00
-6.516054268400392147e+00
-6.649921601867391452e+00
-6.785882879965301484e+00
-6.829160089022531466e+00
-6.859454474930005041e+00
-6.875808336142594790e+00
-6.894068364230236057e+00
-6.900459342219711800e+00
-6.878435667552740718e+00
-6.841249604588465871e+00
-6.767731229129834603e+00
-6.695067852569065003e+00
-6.687073324859812651e+00
-6.719516774674864301e+00
-6.719516774674864301e+00
-6.782049025414959686e+00
-6.782049025414959686e+00
-6.809173214457802992e+00
-6.809173214457802992e+00
-6.863956260105379847e+00
-6.863991453391750319e+00
-6.912273679689683981e+00
-6.912260538311860714e+00
-6.960948356015787652e+00
-6.960948356015787652e+00
-7.019593896173370595e+00
-7.019593896173370595e+00
-7.025032210472893723e+00
-7.025032210472893723e+00
-7.078671529987348165e+00
-7.134226646086634815e+00
-7.134226646086634815e+00
-7.189448982503535923e+00
-7.189448982503535923e+00
-7.249588562886800425e+00
-7.249628382957920003e+00
-7.233547429902147385e+00
-7.233547429902147385e+00
-7.276158216793717770e+00
-7.276158216793717770e+00
-7.255453783747534580e+00
-7.255348899217130665e+00
-7.261338561226827970e+00
-7.258921124993458207e+00
-7.336630085181149674e+00
-7.336630085181149674e+00
-7.434482881822487066e+00
-7.434482881822487066e+00
-7.479424749547489704e+00
-7.479424749547489704e+00
-7.604116165170371033e+00
-6.311653616652480814e+00
-6.311653616652480814e+00
-6.310644512104676807e+00
-6.310644512104676807e+00
-6.310644512104676807e+00
-6.310644512104676807e+00
-6.310644512104676807e+00
-6.310644512104676807e+00
-6.311083482288286639e+00
-6.311083482288286639e+00
-6.311083482288286639e+00
-6.311083482288286639e+00
-6.309759112577504325e+00
-6.309759112577504325e+00
-6.309759112577504325e+00
-6.309759112577504325e+00
-6.309759112577504325e+00
-6.309759112577504325e+00
-6.309759112577504325e+00
-6.310100164330826544e+00
-6.310100164330826544e+00
-6.310100164330826544e+00
-6.310100164330826544e+00
-6.308751203029435040e+00
-6.308751203029435040e+00
-6.309066206709607272e+00
-6.309066206709607272e+00
-6.309550001973814659e+00
-6.309894796726414512e+00
-6.309894796726414512e+00
-6.309894796726414512e+00
-6.309894796726414512e+00
-6.308685878954895188e+00
-6.308685878954895188e+00
-6.308685878954895188e+00
-6.308685878954895188e+00
-6.308685878954895188e+00
-6.308685878954895188e+00
-6.308685878954895188e+00
-6.308685878954895188e+00
-6.308685878954895188e+00
-6.308685878954895188e+00
-6.307407006433610519e+00
-6.307407006433610519e+00
-6.307407006433610519e+00
-6.307853791920576825e+00
-6.307853791920576825e+00
-6.307853791920576825e+00
-6.307853791920576825e+00
-6.307853791920576825e+00
-6.307853791920576825e+00
-6.307853791920576825e+00
-6.306514103927402637e+00
-6.306836846263311536e+00
-6.307203300161121184e+00
-6.307203300161121184e+00
-6.307203300161121184e+00
-6.307203300161121184e+00
-6.307203300161121184e+00
-6.307203300161121184e+00
-6.307203300161121184e+00
-6.305956332790557006e+00
-6.306395343742019932e+00
-6.306395343742019932e+00
-6.306395343742019932e+00
-6.306395343742019932e+00
-6.306395343742019932e+00
-6.306395343742019932e+00
-6.306466219358764391e+00
-6.306466219358764391e+00
-6.306466219358764391e+00
-6.305281045153184216e+00
-6.305500769104297021e+00
-6.305500769104297021e+00
-6.305500769104297021e+00
-6.305500769104297021e+00
-6.305500769104297021e+00
-6.305500769104297021e+00
-6.305500769104297021e+00
-6.305500769104297021e+00
-6.304881808456685555e+00
-6.305225794042372378e+00
-6.305225794042372378e+00
-6.305225794042372378e+00
-6.305225794042372378e+00
-6.305225794042372378e+00
-6.305225794042372378e+00
-6.305563829560767886e+00
-6.305563829560767886e+00
-6.304428700864825430e+00
-6.304428700864825430e+00
-6.304428700864825430e+00
-6.304428700864825430e+00
-6.304428700864825430e+00
-6.304428700864825430e+00
-6.304428700864825430e+00
-6.304833935636691145e+00
-6.304833935636691145e+00
-6.579795295361936525e+00
-6.579795295361936525e+00
-6.579795295361936525e+00
-6.579795295361936525e+00
-6.579795295361936525e+00
-6.579795295361936525e+00
-6.579795295361936525e+00
-6.579795295361936525e+00
-6.579062553592186724e+00
-6.579062553592186724e+00
-6.579062553592186724e+00
-6.579062553592186724e+00
-6.579062553592186724e+00
-6.579062553592186724e+00
-6.579208445843800490e+00
-6.579539303936126515e+00
-6.579539303936126515e+00
-6.578534253298572665e+00
-6.578534253298572665e+00
-6.578534253298572665e+00
-6.578534253298572665e+00
-6.578534253298572665e+00
-6.578534253298572665e+00
-6.578859343276168836e+00
-6.578859343276168836e+00
-6.577904922495967810e+00
-6.577904922495967810e+00
-6.577904922495967810e+00
-6.577904922495967810e+00
-6.577904922495967810e+00
-6.577904922495967810e+00
-6.577904922495967810e+00
-6.578178600019438882e+00
-6.578512254536198256e+00
-6.577574968379122033e+00
-6.577574968379122033e+00
-6.577574968379122033e+00
-6.577574968379122033e+00
-6.577574968379122033e+00
-6.577574968379122033e+00
-6.577574968379122033e+00
-6.577574968379122033e+00
-6.576663252170854790e+00
-6.576663252170854790e+00
-6.576663252170854790e+00
-6.576784375955154083e+00
-6.576784375955154083e+00
-6.576784375955154083e+00
-6.577060566468851732e+00
-6.577128504054375213e+00
-6.634789140512915573e+00
-6.634789140512915573e+00
-6.634789140512915573e+00
-6.634995309519062801e+00
-6.634995309519062801e+00
-6.635286161345573142e+00
-6.635286161345573142e+00
-6.635286161345573142e+00
-6.634442693918717993e+00
-6.634766619399990795e+00
-6.634766619399990795e+00
-6.634766619399990795e+00
-6.634766619399990795e+00
-6.634999584713019871e+00
-6.634999584713019871e+00
-6.634139565988076193e+00
-6.634139565988076193e+00
-6.634139565988076193e+00
-6.634139565988076193e+00
-6.634139565988076193e+00
-6.634139565988076193e+00
-6.634139565988076193e+00
-6.634139565988076193e+00
-6.633429804036940602e+00
-6.633429804036940602e+00
-6.633429804036940602e+00
-6.633429804036940602e+00
-6.633429804036940602e+00
-6.633429804036940602e+00
-6.633662192071251518e+00
-6.861201613719296155e+00
-6.861201613719296155e+00
-6.861201613719296155e+00
-6.861507193002173821e+00
-6.861507193002173821e+00
-6.861507193002173821e+00
-6.861507193002173821e+00
-6.861798012660080381e+00
-6.861143796228970970e+00
-6.861143796228970970e+00
-6.861143796228970970e+00
-6.861143796228970970e+00
-6.861143796228970970e+00
-6.861281134999547504e+00
-6.861281134999547504e+00
-6.860637291715034891e+00
-6.860637291715034891e+00
-6.860637291715034891e+00
-6.860637291715034891e+00
-6.860637291715034891e+00
-6.860637291715034891e+00
-6.860637291715034891e+00
-6.859969107664060317e+00
-6.859969107664060317e+00
-6.859969107664060317e+00
-6.859969107664060317e+00
-6.859969107664060317e+00
-6.860272700128626333e+00
-6.860272700128626333e+00
-6.859800876440716344e+00
-6.859821003988570531e+00
-6.859821003988570531e+00
-6.859821003988570531e+00
-6.859821003988570531e+00
-6.859821003988570531e+00
-6.859351174383293781e+00
-6.859351174383293781e+00
-6.859351174383293781e+00
-6.859351174383293781e+00
-6.859649402223013226e+00
-6.859649402223013226e+00
-6.859700304756552569e+00
-6.859007230960136425e+00
-6.859007230960136425e+00
-6.859007230960136425e+00
-6.859030352758938243e+00
-6.859030352758938243e+00
-6.859030352758938243e+00
-6.859030352758938243e+00
-6.858401437945744306e+00
-6.858401437945744306e+00
-6.858704248906551726e+00
-6.858911901377863884e+00
-6.858911901377863884e+00
-6.858911901377863884e+00
-7.093600851740246682e+00
-7.093600851740246682e+00
-7.093600851740246682e+00
-7.093600851740246682e+00
-7.093600851740246682e+00
-7.183186479312081651e+00
-7.182577294414744351e+00
-7.182577294414744351e+00
-7.182577294414744351e+00
-7.182577294414744351e+00
-7.182577294414744351e+00
-7.182577294414744351e+00
-7.181995446057927168e+00
-7.181995446057927168e+00
-7.181995446057927168e+00
-7.181995446057927168e+00
-7.180869356309452556e+00
-7.180869356309452556e+00
-7.180169698328915828e+00
-7.180562373189735226e+00
-7.180562373189735226e+00
-7.180562373189735226e+00
-7.180562373189735226e+00
-7.180562373189735226e+00
-7.179942762512791177e+00
