2.955629507748038787e+00
2.942527147776703877e+00
2.899494568871483491e+00
2.672061311854010413e+00
2.377577963537195416e+00
2.054289016336859675e+00
1.463212156892942595e+00
1.229860890848670563e+00
6.595826689415460464e-01
1.907575360257510177e-01
-1.065090062133261239e-01
-4.174467957709585564e-01
-3.948673155538085511e-01
-4.361498929558105808e-01
-5.360920955838612834e-01
-6.547825690270149268e-01
-6.309413041872147243e-01
-4.921088641136925901e-01
-5.216194650776060371e-01
-6.068464865503592209e-01
-7.540235673425754737e-01
-8.150427382028296863e-01
-1.016338409613466665e+00
-1.048288673949304473e+00
-1.148863813643957288e+00
-1.308546417516261329e+00
-1.339738196120587421e+00
-1.354723983414757082e+00
-1.404353524785012741e+00
-1.355800858600187064e+00
-1.449860750290400846e+00
-1.381866041057154604e+00
-1.511636102012998473e+00
-1.576922050488636540e+00
-1.633822918987554385e+00
-1.673857164974833056e+00
-1.716291903296263355e+00
-1.828819528316488086e+00
-2.106979939968559812e+00
-2.103359031093298359e+00
-2.129136811449587441e+00
-2.171050316548142511e+00
-2.247150533890788449e+00
-2.773917775147903164e+00
-2.798721269127117051e+00
-2.615712283340174693e+00
-2.500697090274270451e+00
-2.497230029958780850e+00
-2.256547786434186076e+00
-2.343271237936462636e+00
-2.547347624239062913e+00
-1.616757533088918564e+00
-1.614967341182674154e+00
-1.612044770286450879e+00
-1.927572274579513412e+00
-1.925869337077210641e+00
-1.923710446998485368e+00
-1.921155945353766770e+00
-1.917607316577642607e+00
-1.915739976251186194e+00
-2.073279584667144793e+00
-2.070678379806534686e+00
-2.067182422794750174e+00
-2.423825442426883914e+00
-2.421633772439944821e+00
-2.420061563394373838e+00
-2.417377156056002008e+00
-2.414988728020120323e+00
-2.410338291246106213e+00
-2.713879679128194500e+00
-3.802933494673524706e+00
-3.755335197342761777e+00
-3.678981887699177999e+00
-3.598303444152008090e+00
-3.519154691612047969e+00
-3.488015117139802612e+00
-3.532884240194372971e+00
-3.398551967020859710e+00
-3.334942580805325463e+00
-3.826923149090525111e+00
-3.862314506967748251e+00
-3.934322129748450969e+00
-3.987028478754363281e+00
-4.197782527315874646e+00
-3.119076979461642196e+00
-3.118178753717198770e+00
-3.095011521275989885e+00
-3.094362888459612826e+00
-3.092604969411514748e+00
-3.091501831149611412e+00
-3.089768860645345949e+00
-3.463530958516093605e+00
-3.462554799145253437e+00
-3.464004511475724524e+00
-3.846010086527599459e+00
-3.188701483887065979e+00
-4.652599314348693227e+00
-5.263518415393718008e+00
-5.239305176988731994e+00
-5.176695810569881040e+00
-5.075919699167244836e+00
-5.015780461415895175e+00
-4.967090439091767173e+00
-4.940137507620598001e+00
-4.923664309212162138e+00
-4.938128969686288450e+00
-4.983196470875301820e+00
-4.939387069701070665e+00
-4.927166432432075638e+00
-4.952623175298442426e+00
-4.987564858178248350e+00
-4.987410296954475797e+00
-5.017288528695904581e+00
-5.037839788444708589e+00
-5.034935340812575433e+00
-4.997172997384384807e+00
-4.058749877859671784e+00
-4.057212238125365467e+00
-4.055542019443171498e+00
-4.055542019443171498e+00
-4.053930412666535865e+00
-4.052381725177893301e+00
-4.052899262493910193e+00
-4.051270497968364914e+00
-4.051270497968364914e+00
-4.049770662574070812e+00
-4.057535428023157920e+00
-4.057955252704351423e+00
-4.056374372068669132e+00
-4.451919594833229077e+00
-4.450687613531663089e+00
-4.450687613531663089e+00
-4.449616475286685358e+00
-4.448636818010589522e+00
-4.448636818010589522e+00
-4.447483765528319921e+00
-4.447628678461346574e+00
-4.446512269206242429e+00
-4.445629615806167223e+00
-4.445629615806167223e+00
-4.444708515262752790e+00
-4.443666102262478823e+00
-4.815097905688856095e+00
-4.814315806802608400e+00
-4.814217409875566567e+00
-4.813483134729175994e+00
-4.812694237768208261e+00
-4.812338922255432472e+00
-4.811631106317732609e+00
-4.810843002071012897e+00
-4.810189621051382147e+00
-4.843059848464064565e+00
-4.842441958717221162e+00
-5.028863494260337852e+00
-5.027957987221010505e+00
-5.027527444347201779e+00
-5.027070754066277125e+00
-5.026994798545516119e+00
-5.026602824396832148e+00
-5.026088949498399572e+00
-5.024560868317252016e+00
-5.023955322014026947e+00
-5.023230427665225761e+00
-5.022209261189669149e+00
-5.127928312138472222e+00
-5.123453532080181283e+00
-4.887690469276043004e+00
-5.086272665772504809e+00
-5.969549939885008705e+00
-6.464002387558709373e+00
-6.951178115243592970e+00
-7.076379477100567250e+00
-7.021326563527566123e+00
-6.980762306953162799e+00
-6.932688555563795596e+00
-6.872054340893007485e+00
-6.792489342095911375e+00
-6.739220902538682445e+00
-6.704820407023226458e+00
-6.683477548663896428e+00
-6.647380153947321624e+00
-6.647533766212689876e+00
-6.657242939928863734e+00
-6.680187498900178156e+00
-6.705573129955123335e+00
-6.680001289168951750e+00
-6.681304564587801309e+00
-6.682517797697911988e+00
-6.684223801232421103e+00
-6.690150250249344843e+00
-6.694983494071730767e+00
-6.698166983884586756e+00
-6.704884121358039906e+00
-6.708760172422420176e+00
-6.710764566838319567e+00
-6.713560279686293875e+00
-6.720035822828758221e+00
-6.718689197285655723e+00
-6.721348750293187457e+00
-6.758600164458339776e+00
-6.759733715723829306e+00
-6.758740851941523076e+00
-6.754945425883263965e+00
-6.752151556233162211e+00
-6.752151556233162211e+00
-6.752424667261563762e+00
-6.743149401227611861e+00
-6.732092690383267630e+00
-6.730510263842409913e+00
-6.731906971902105852e+00
-6.725331258939013956e+00
-6.723563530683867029e+00
-6.752306147201760034e+00
-6.752306147201760034e+00
-6.755331252778689510e+00
-6.852302227411320779e+00
-5.854604586396710886e+00
-5.854604586396710886e+00
-5.854731372440096671e+00
-5.852868883844431380e+00
-5.852868883844431380e+00
-5.852868883844431380e+00
-5.852868883844431380e+00
-5.851219919830022320e+00
-5.851719394404172547e+00
-5.851719394404172547e+00
-5.851719394404172547e+00
-5.850150305214752322e+00
-5.850150305214752322e+00
-5.850150305214752322e+00
-5.848645825816088717e+00
-5.848720627075087997e+00
-5.849192560195082713e+00
-5.849192560195082713e+00
-6.318765739943751569e+00
-6.318765739943751569e+00
-6.318765739943751569e+00
-6.318765739943751569e+00
-6.317518928154471247e+00
-6.317518928154471247e+00
-6.317518928154471247e+00
-6.318027518747847182e+00
-6.316790802059454535e+00
-6.316883508736518493e+00
-6.316986338491229702e+00
-6.316986338491229702e+00
-6.315691791280562128e+00
-6.315691791280562128e+00
-6.315691791280562128e+00
-6.314315595439910389e+00
-6.314543387226388305e+00
-6.314721479146594874e+00
-6.314721479146594874e+00
-6.314013879187905687e+00
-6.314013879187905687e+00
-6.314013879187905687e+00
-6.312882439633241916e+00
-6.312882439633241916e+00
-6.313111588387061879e+00
-6.313111588387061879e+00
-6.312017919537213473e+00
-6.312017919537213473e+00
-6.312017919537213473e+00
-6.310955698526233171e+00
-6.310955698526233171e+00
-6.310955698526233171e+00
-6.344223704833599875e+00
-6.342928315453622901e+00
-6.342928315453622901e+00
-6.342928315453622901e+00
-6.341809049474384175e+00
-6.341809049474384175e+00
-6.341922698020000304e+00
-6.341428249643152881e+00
-6.341832681284286899e+00
-6.341832681284286899e+00
-6.340484094774824442e+00
-6.340484094774824442e+00
-6.340484094774824442e+00
-6.879453724461109587e+00
-6.879453724461109587e+00
-6.879453724461109587e+00
-6.879506289984930412e+00
-6.878625073366101184e+00
-6.878625073366101184e+00
-6.878625073366101184e+00
-6.877833095643993921e+00
-6.877833095643993921e+00
-6.877833095643993921e+00
-6.877140827306804205e+00
-6.877198816441991269e+00
-6.877359516943730711e+00
-6.882426776119256573e+00
-6.882426776119256573e+00
-6.881677844500846852e+00
-6.881677844500846852e+00
-6.881677844500846852e+00
-6.880926965985421973e+00
-6.880975751062167411e+00
-6.880975751062167411e+00
-6.880367016062894692e+00
-6.880367016062894692e+00
-6.880367016062894692e+00
-6.879924674175808441e+00
-6.879924674175808441e+00
-7.146815202165909042e+00
-7.146815202165909042e+00
-7.146815202165909042e+00
-7.146480983669212250e+00
-7.146480983669212250e+00
-7.146808578900654574e+00
-7.146430416253652496e+00
-7.146430416253652496e+00
-7.145818213912447980e+00
-7.145818213912447980e+00
-7.145818213912447980e+00
-7.145416940310385101e+00
-7.145416940310385101e+00
-7.350425110651105598e+00
-7.350472665923256876e+00
-7.349705915632027242e+00
-7.349619896944214581e+00
-7.349619896944214581e+00
-7.349544549530368620e+00
-7.349544549530368620e+00
-7.395019406049918587e+00
-7.395019406049918587e+00
-7.395092394363389054e+00
-7.394140811819428727e+00
-7.394471819028348492e+00
-7.394575627372194759e+00
-7.394575627372194759e+00
-7.547184997992902211e+00
-7.547184997992902211e+00
-7.547390202078161359e+00
-7.546007144731397887e+00
-7.546227316743895130e+00
-7.546428561852295935e+00
-7.546645408064992289e+00
-7.546645408064992289e+00
-7.546908575195690361e+00
-7.546908575195690361e+00
-7.758906238999772498e+00
-7.758906238999772498e+00
-7.758943082857747697e+00
-7.758943082857747697e+00
-7.926954650651713230e+00
-7.927271334522757229e+00
-7.927951066579026929e+00
-7.926550080040064117e+00
-7.927359645009155464e+00
-7.927803753531494912e+00
-7.928546578239330955e+00
-7.929421641344720939e+00
-7.758906450483880057e+00
-7.759041909674659010e+00
-7.758314847997926478e+00
-7.276114453783844027e+00
-6.877580835440195273e+00
-7.513999124799516593e+00
-7.760310485300562000e+00
-7.959074400297966534e+00
-8.113735806366529246e+00
-8.147309711209622662e+00
-8.208572477735497586e+00
-8.266208186309903283e+00
-8.261901509916386388e+00
-8.502775921710121310e+00
-8.683114646091480537e+00
-8.893131813654010287e+00
-8.781615601174010521e+00
-8.715238762783478421e+00
-8.644984358455953810e+00
-8.566974623831779212e+00
-8.474834066149433909e+00
-8.398912384874995141e+00
-8.371458524562111592e+00
-8.333381629102554200e+00
-8.303718954390129525e+00
-8.296117974031977482e+00
-8.279401495094836250e+00
-8.275902134724571368e+00
-8.274030537615253422e+00
-8.239255386918392432e+00
-8.239255386918392432e+00
-8.240153296142366912e+00
-8.270416331584504732e+00
-8.271403772771614982e+00
-8.273235240371663579e+00
-8.271887400662548018e+00
-8.272736250353244003e+00
-8.273814382028541914e+00
-8.274355279061989421e+00
-8.275547080733829830e+00
-8.276182501348726461e+00
-8.654687590127068120e+00
-8.655299306424998562e+00
-8.656467429163873462e+00
-8.657036467210382114e+00
-8.658434785824429269e+00
-8.659051040375501884e+00
-8.660290977495593623e+00
-8.659286738558989782e+00
-8.660536201091778352e+00
-8.661475335383329366e+00
-8.662070694712683760e+00
-8.663406509496640595e+00
-8.664036336958334417e+00
-8.663650455826640950e+00
-8.664266842797166746e+00
-8.665021482429770217e+00
-8.637280075970679150e+00
-8.637280075970679150e+00
-8.668461730487075911e+00
-8.667373897948143835e+00
-8.668616149460415699e+00
-8.669216710594348285e+00
-8.670084096388036343e+00
-8.672521414075179180e+00
-8.673845011294634588e+00
-8.672337184192221216e+00
-8.673545815196133546e+00
-8.674172552895255350e+00
-8.676215493427372749e+00
-8.676215493427372749e+00
-8.677493960409721652e+00
-8.676226471974954890e+00
-8.679206041973607455e+00
-8.679206041973607455e+00
-8.680611936765505021e+00
-8.681720895007323691e+00
-8.681234588265185792e+00
-8.681234588265185792e+00
-8.681234588265185792e+00
-8.685785433076091522e+00
-8.685785433076091522e+00
-8.686600645953634015e+00
-9.171142836105664387e+00
-9.172198223465356293e+00
-9.173482332028584096e+00
-9.174123847320910130e+00
-9.174123847320910130e+00
-9.178611511157454217e+00
-9.177229601074010645e+00
-9.177229601074010645e+00
-9.177229601074010645e+00
-9.181256493661436480e+00
-9.181256493661436480e+00
-9.180216932365091509e+00
-9.180858844747875835e+00
-9.182151330178758286e+00
-9.183569962951525056e+00
-9.183569962951525056e+00
-9.186392605528943989e+00
-9.185085949269911509e+00
-9.185982594083601072e+00
-9.186727507000933102e+00
-9.187932659226170529e+00
-9.188874755847269427e+00
-9.188204663912545200e+00
-9.189441957003765538e+00
-9.190395122991155574e+00
-9.190395122991155574e+00
-9.194336275038303086e+00
-9.192912074776218745e+00
-9.192912074776218745e+00
-9.193833881763273652e+00
-9.194658803741274866e+00
-9.195820391674569549e+00
-9.195301969803118425e+00
-9.196269651760955455e+00
-9.197878636710205669e+00
-9.198854206093395547e+00
-9.199081726914585033e+00
-9.860213980359061381e+00
-9.861549340960527488e+00
-9.862631501001153822e+00
-9.862921511865707203e+00
-9.862921511865707203e+00
-9.865734722749913033e+00
-9.865734722749913033e+00
-9.866039647816343461e+00
-9.867161599571446118e+00
-9.868562468428034862e+00
-9.869540900506626357e+00
-9.870202329169757149e+00
-9.870202329169757149e+00
-9.870202329169757149e+00
-9.876776362857990321e+00
-9.875839481198525505e+00
-9.875918776769736951e+00
-9.876858594365524269e+00
-9.879881734128687754e+00
-9.883578790461056585e+00
-9.884319722633945204e+00
-9.884319722633945204e+00
-9.884319722633945204e+00
-9.884319722633945204e+00
-9.896214008296567499e+00
-9.895393852627124787e+00
-9.895393852627124787e+00
-9.895393852627124787e+00
-9.895393852627124787e+00
-1.051413956238291192e+01
-1.054000657968325783e+01
-1.066594811763816253e+01
-9.902469834417750860e+00
-9.902469834417750860e+00
-9.902162937828236977e+00
-9.902162937828236977e+00
-9.902162937828236977e+00
-9.902162937828236977e+00
-9.902025691116312700e+00
-1.001505703456112784e+01
-1.001505703456112784e+01
-1.001505703456112784e+01
-1.001460215661807851e+01
-1.001460215661807851e+01
-1.001460215661807851e+01
-1.001488725693665849e+01
-1.001488725693665849e+01
-1.001455192250251436e+01
-1.001455192250251436e+01
-1.001475381874185544e+01
-1.001475381874185544e+01
-1.001443153756637194e+01
-1.001443153756637194e+01
-1.001443153756637194e+01
-1.001466085335969858e+01
-1.048086710016318435e+01
-1.048086710016318435e+01
-1.048086710016318435e+01
-1.048086710016318435e+01
-1.048080353082984395e+01
-1.048091327794748651e+01
-1.048091327794748651e+01
-1.048091327794748651e+01
-1.048076057278949413e+01
-1.048076057278949413e+01
-1.048076057278949413e+01
-1.048076057278949413e+01
-1.048043804878840746e+01
-1.048043804878840746e+01
-1.048015999710142410e+01
-1.048015999710142410e+01
-1.054831327803215402e+01
-1.054831327803215402e+01
-1.054831327803215402e+01
-1.054858027675528831e+01
-1.054845725022673797e+01
-1.054845725022673797e+01
-1.054845725022673797e+01
-1.054845725022673797e+01
-1.054831278969121477e+01
-1.054831278969121477e+01
-1.054831278969121477e+01
-1.087424043435895094e+01
-1.087424043435895094e+01
-1.087309529062430080e+01
-1.087309529062430080e+01
-1.087324886368431187e+01
-1.087342575014188739e+01
-1.087342575014188739e+01
-1.087342575014188739e+01
-1.087363220476372128e+01
-1.087363220476372128e+01
-1.087363220476372128e+01
-1.087390767722644647e+01
-1.087390767722644647e+01
-1.087390767722644647e+01
-1.087417916298457676e+01
-1.087417916298457676e+01
-1.087309757887596717e+01
-1.087309757887596717e+01
-1.087335081495504596e+01
-1.087335081495504596e+01
-1.087335081495504596e+01
-1.087410032062345699e+01
-1.087410032062345699e+01
-1.087410032062345699e+01
-1.087464912383566684e+01
-1.087464912383566684e+01
-1.087500289722790470e+01
-1.087526257052947720e+01
-1.087559849216347985e+01
-1.087602598407695531e+01
-1.087624581143957414e+01
-1.087563793756160102e+01
-1.087623271522515367e+01
-1.087658615797260353e+01
-1.087760342637407796e+01
-1.087868377301110812e+01
-1.053945335753162205e+01
-1.053701704539375683e+01
-1.001949376717241513e+01
-8.547052651010192292e+00
-1.000054419823540641e+01
-1.052323936966738493e+01
-1.052295922838344744e+01
-1.089765339021863255e+01
-1.089765946481249870e+01
-1.089669980582666220e+01
-1.103454987080077032e+01
-1.109584420718785758e+01
-1.112316041396361577e+01
-1.114276141223386674e+01
-1.115984906822452771e+01
-1.117276688190556477e+01
-1.120090823195661756e+01
-1.118460877922264984e+01
-1.111487963485757824e+01
-1.112717382236524699e+01
-1.122797083642184823e+01
-1.130970711117438299e+01
-1.141918661082378783e+01
-1.150682725714428578e+01
-1.155209681878534589e+01
-1.163972165767920508e+01
-1.173057005877648429e+01
-1.187838956070312690e+01
-1.192861107534161036e+01
-1.191636511272958820e+01
-1.158804997903019540e+01
-1.154891343343176580e+01
-1.144240696827987414e+01
-1.138528200309224125e+01
-1.133611053690356130e+01
-1.129875509073705686e+01
-1.127495475019951598e+01
-1.126331072833530023e+01
-1.124668116823216835e+01
-1.123325044304392861e+01
-1.122908747940141083e+01
-1.122543665178915262e+01
-1.122543665178915262e+01
-1.122905293731270682e+01
-1.122905293731270682e+01
-1.122905293731270682e+01
-1.123136258156637624e+01
-1.123136258156637624e+01
-1.123311874315810144e+01
-1.123339337866179655e+01
-1.123149994028305620e+01
-1.123149994028305620e+01
-1.123149994028305620e+01
-1.123251861484425085e+01
-1.123258163291078482e+01
-1.123258163291078482e+01
-1.123480842241514210e+01
-1.123480842241514210e+01
-1.123546634731994232e+01
-1.123600146876866290e+01
-1.123600146876866290e+01
-1.123632977499348407e+01
-1.123685312530751190e+01
-1.123727310888000730e+01
-1.123555026266086010e+01
-1.123589453522903625e+01
-1.123645518792858233e+01
-1.123650937457207455e+01
-1.123697541946969736e+01
-1.123751652534907208e+01
-1.123751652534907208e+01
-1.123809827568951292e+01
-1.123836264097672988e+01
-1.123839509659391034e+01
-1.123916875274422189e+01
-1.123972615292407617e+01
-1.123972615292407617e+01
-1.179328939739691862e+01
-1.179377239220510987e+01
-1.179377239220510987e+01
-1.179442175557059436e+01
-1.179442175557059436e+01
-1.179442175557059436e+01
-1.179442175557059436e+01
-1.179442175557059436e+01
-1.179928143793719997e+01
-1.179939068717862405e+01
-1.179939068717862405e+01
-1.179939068717862405e+01
-1.179939068717862405e+01
-1.179787475546364917e+01
-1.179825416607316058e+01
-1.179879255483192857e+01
-1.179932852702364876e+01
-1.179932852702364876e+01
-1.179978223039861973e+01
-1.180044213595442848e+01
-1.180089415852274115e+01
-1.180089415852274115e+01
-1.180138466563894717e+01
-1.180208739870711199e+01
-1.180260589880189670e+01
-1.180101740189741477e+01
-1.180154960882063442e+01
-1.180217660343087971e+01
-1.180261835098733592e+01
-1.180261835098733592e+01
-1.180327210533504534e+01
-1.180400177307143039e+01
-1.180406148794394028e+01
-1.180460628662112477e+01
-1.180556558887438356e+01
-1.180580608086267524e+01
-1.180580608086267524e+01
-1.180641307718707189e+01
-1.180457732133399595e+01
-1.180560874151773909e+01
-1.180621218248334259e+01
-1.180621218248334259e+01
-1.180675543282902495e+01
-1.180736726854198260e+01
-1.180794425220600630e+01
-1.180794425220600630e+01
-1.180862376980052630e+01
-1.180921233086723277e+01
-1.180980746576528340e+01
-1.180980746576528340e+01
-1.181038707225546247e+01
-1.180941565417867878e+01
-1.181016613164617368e+01
-1.181016613164617368e+01
-1.181016613164617368e+01
-1.181226192990944845e+01
-1.181226192990944845e+01
-1.181273027599046621e+01
-1.181273027599046621e+01
-1.181327095348548362e+01
-1.181378140434230417e+01
-1.181509203319098589e+01
-1.181515585305363913e+01
-1.181455232262784527e+01
-1.181455232262784527e+01
-1.181455232262784527e+01
-1.181632441615005291e+01
-1.181632441615005291e+01
-1.181632441615005291e+01
-1.181707649369221969e+01
-1.181707649369221969e+01
-1.181895567984227036e+01
-1.181895567984227036e+01
-1.181905781023369428e+01
-1.182032478170795819e+01
-1.181878394218197670e+01
-1.181878394218197670e+01
-1.181878394218197670e+01
-1.181878394218197670e+01
-1.181878394218197670e+01
-1.182301881732791315e+01
-1.182301881732791315e+01
-1.182301881732791315e+01
-1.182301881732791315e+01
-1.182362614695632352e+01
-1.182421558813825158e+01
-1.182426905565997899e+01
-1.182389940368789638e+01
-1.182450490267246046e+01
-1.182450490267246046e+01
-1.182450490267246046e+01
-1.182765051394789779e+01
-1.182765051394789779e+01
-1.182765051394789779e+01
-1.182839788128469394e+01
-1.182839788128469394e+01
-1.182932194886465460e+01
-1.183026732100290168e+01
-1.182872223159660940e+01
-1.182876305489283020e+01
-1.183133752747696654e+01
-1.183133752747696654e+01
-1.183164111417184472e+01
-1.183199009942689273e+01
-1.183290310441183379e+01
-1.183354955569504519e+01
-1.183413113212130696e+01
-1.183413113212130696e+01
-1.183413113212130696e+01
-1.183656301409857292e+01
-1.231934717938538881e+01
-1.231970928179388203e+01
-1.232059361074004755e+01
-1.232107129379437538e+01
-1.232174662553953759e+01
-1.232212889720670290e+01
-1.232293974966945704e+01
-1.232353152653824857e+01
-1.232353152653824857e+01
-1.232353152653824857e+01
-1.232353152653824857e+01
-1.232715125131403688e+01
-1.232715125131403688e+01
-1.232715125131403688e+01
-1.232715125131403688e+01
-1.232796454464755165e+01
-1.232825770911357210e+01
-1.232909647791181840e+01
-1.232997288294790650e+01
-1.233033132861820036e+01
-1.233093480802485331e+01
-1.233188866452419141e+01
-1.233234524936486842e+01
-1.233190899865231671e+01
-1.233224260086177360e+01
-1.233328684323099722e+01
-1.233301284595741620e+01
-1.233450568617670129e+01
-1.233450568617670129e+01
-1.233678078474280149e+01
-1.233678078474280149e+01
-1.233813234327087649e+01
-1.233854595041967173e+01
-1.233913975203156710e+01
-1.233922246394826772e+01
-1.233922246394826772e+01
-1.234152550847337970e+01
-1.234152550847337970e+01
-1.234208168510151715e+01
-1.234274831123969385e+01
-1.234309473954691860e+01
-1.234428845346209513e+01
-1.234543976952027755e+01
-1.234622602413377734e+01
-1.234622602413377734e+01
-1.234849774252885624e+01
-1.234849774252885624e+01
-1.234849774252885624e+01
-1.234987790589186574e+01
-1.235156897071510151e+01
-1.235242327098134218e+01
-1.235329183197590730e+01
-1.235545999246707005e+01
-1.235647051375760874e+01
-1.235647051375760874e+01
-1.235548319537158868e+01
-1.235556589785747228e+01
-1.236199365254363691e+01
-1.236199365254363691e+01
-1.236201887930025833e+01
-1.236318332487392091e+01
-1.236467920376162155e+01
-1.236586828768098023e+01
-1.237039535108392840e+01
-1.237414646252988781e+01
-1.237414646252988781e+01
-1.240547502241810385e+01
-1.240547502241810385e+01
-1.240547502241810385e+01
-1.240547502241810385e+01
-1.240547502241810385e+01
-1.241791835217170892e+01
-1.241791835217170892e+01
-1.241791835217170892e+01
-1.241791835217170892e+01
-1.241791835217170892e+01
-1.241695855285185957e+01
-1.241695855285185957e+01
-1.241943836232372611e+01
-1.242618697843076880e+01
-1.243822208344914770e+01
-1.245443432053775012e+01
-1.248713107281735724e+01
-1.255162097769964014e+01
-1.182505920597872695e+01
-1.182505920597872695e+01
-1.182429198582114260e+01
-1.182429198582114260e+01
-1.182429198582114260e+01
-1.182429198582114260e+01
-1.182429198582114260e+01
-1.182459797413820368e+01
-1.182459797413820368e+01
-1.182489624043177479e+01
-1.182489624043177479e+01
-1.182489624043177479e+01
-1.182489624043177479e+01
-1.231396406009838529e+01
-1.231396406009838529e+01
-1.231396406009838529e+01
-1.231396406009838529e+01
-1.231396406009838529e+01
-1.231396406009838529e+01
-1.231396406009838529e+01
-1.231396406009838529e+01
-1.231396406009838529e+01
-1.231352702314699066e+01
-1.231377251149251428e+01
-1.231377251149251428e+01
-1.231377251149251428e+01
-1.231377251149251428e+01
-1.231377251149251428e+01
-1.231377251149251428e+01
-1.231377251149251428e+01
-1.231377251149251428e+01
-1.231387422958147582e+01
-1.231347962549553721e+01
-1.231347962549553721e+01
-1.231347962549553721e+01
-1.231347962549553721e+01
-1.231347962549553721e+01
-1.231347962549553721e+01
-1.231347962549553721e+01
-1.231347962549553721e+01
-1.231347962549553721e+01
-1.231347962549553721e+01
-1.231287497208622916e+01
-1.231302500819544576e+01
-1.231302500819544576e+01
-1.231330643336931274e+01
-1.231330643336931274e+01
-1.231330643336931274e+01
-1.231330643336931274e+01
-1.231330643336931274e+01
-1.231346990708633982e+01
-1.231323701634766898e+01
-1.231323701634766898e+01
-1.231323701634766898e+01
-1.231323701634766898e+01
-1.231333280530746244e+01
-1.231333280530746244e+01
-1.231333280530746244e+01
-1.231333280530746244e+01
-1.231333280530746244e+01
-1.231333280530746244e+01
-1.231298553665245876e+01
-1.231298553665245876e+01
-1.231298553665245876e+01
-1.231298553665245876e+01
-1.231298553665245876e+01
-1.231298553665245876e+01
-1.231298553665245876e+01
-1.231298553665245876e+01
-1.231298553665245876e+01
-1.231269854594404300e+01
-1.231269854594404300e+01
-1.231269854594404300e+01
-1.231269854594404300e+01
-1.231269854594404300e+01
-1.231269854594404300e+01
-1.231269854594404300e+01
-1.231269854594404300e+01
-1.231297645923439887e+01
-1.231259181667623359e+01
-1.231259181667623359e+01
-1.231259181667623359e+01
-1.231287487672842396e+01
-1.231287487672842396e+01
-1.231287487672842396e+01
-1.231297821075083654e+01
-1.231297821075083654e+01
-1.231297821075083654e+01
-1.264320898525121173e+01
-1.264320898525121173e+01
-1.264320898525121173e+01
-1.264320898525121173e+01
-1.264320898525121173e+01
-1.264320898525121173e+01
-1.264320898525121173e+01
-1.264320898525121173e+01
-1.264320898525121173e+01
-1.264306000478470260e+01
-1.264306000478470260e+01
-1.264306000478470260e+01
-1.264306000478470260e+01
-1.264306000478470260e+01
-1.264280087089052351e+01
-1.264295746016569844e+01
-1.264295746016569844e+01
-1.264287341746223348e+01
-1.264287341746223348e+01
-1.264287341746223348e+01
-1.264287341746223348e+01
-1.264287341746223348e+01
-1.264287341746223348e+01
-1.264287341746223348e+01
-1.264287341746223348e+01
-1.264287341746223348e+01
-1.264273304565107381e+01
-1.264273304565107381e+01
-1.264273304565107381e+01
-1.264273304565107381e+01
-1.264273304565107381e+01
-1.264273304565107381e+01
-1.264273304565107381e+01
-1.264273304565107381e+01
-1.264268037884694351e+01
-1.264268037884694351e+01
-1.264283345484495413e+01
-1.264315761064341537e+01
-1.264315761064341537e+01
-1.264315761064341537e+01
-1.264315761064341537e+01
-1.264315761064341537e+01
-1.264299394861209613e+01
-1.264299394861209613e+01
-1.264299394861209613e+01
-1.264299394861209613e+01
-1.264299394861209613e+01
-1.264299394861209613e+01
-1.264299394861209613e+01
