3.559115577468577651e+00
3.558287568314175253e+00
3.554367354700658677e+00
3.095608566756083757e+00
2.907487445037376883e+00
2.576740535307878499e+00
2.469446210975204448e+00
2.396237900441885671e+00
2.108390785961904879e+00
2.042551349427415008e+00
1.731663225128050820e+00
1.445730648307571142e+00
1.275961709317838810e+00
1.238796500502742592e+00
1.111212043334738997e+00
9.274331566736280230e-01
8.676287828853324058e-01
8.752354630270666735e-01
8.257858409294427382e-01
7.648712973409688143e-01
6.301098825489874766e-01
5.200472296798881455e-01
4.612826482901835057e-01
3.584372382858556083e-01
2.162958060909265512e-01
1.480536578943998371e-01
1.224040053209786011e-01
1.592332224485892012e-01
9.753319490464321118e-02
2.192577339641910428e-01
1.552585903519793642e-01
1.388148237186393741e-01
5.184008329237335677e-02
-3.413368499540430506e-02
-1.162973983740343553e-01
-1.232033260428940930e-01
-2.068472927688905783e-01
-3.186956962908298330e-01
-3.934117016027005587e-01
-3.852324024832919358e-01
-4.653731981488048453e-01
-8.961863613828304764e-01
-8.636675919969012405e-01
-7.370473944737520045e-01
-6.703960539154161236e-01
-5.616179109873298270e-01
-5.869082350950017846e-01
1.592992650493801898e-01
1.613784658849650999e-01
7.162680717676343095e-03
9.280881814999107637e-03
1.033803136145115993e-02
1.203523849486048784e-02
1.301512384495788315e-02
-5.403136643560103869e-02
-2.098064451506602701e-01
-2.084854163337615807e-01
-2.071845112192715055e-01
-2.054968772474087269e-01
-2.028733317820157478e-01
-1.272058148156112178e+00
-1.251815516281652885e+00
-1.283252773267506308e+00
-1.320914718455077352e+00
-1.313978655983165211e+00
-1.234962219146179541e+00
-1.216842059085387229e+00
-1.154240797974934063e+00
-1.359048372303078622e+00
-1.408478088946184759e+00
-5.299399556536652511e-01
-5.287026119667540547e-01
-5.279066749905024780e-01
-5.269922605880850153e-01
-5.254505897483692234e-01
-8.752319814565396872e-01
-8.740249949651600625e-01
-8.723582479741396334e-01
-5.861577773481881914e-01
-1.889342123481336122e+00
-2.117320306483956749e+00
-2.097422992689559340e+00
-2.088578617751237765e+00
-2.085601208495480030e+00
-2.150465006552344072e+00
-2.155740471291518467e+00
-2.113952698996391266e+00
-2.082892510229069405e+00
-2.056325787220170120e+00
-2.060318081745998064e+00
-2.045696572960460813e+00
-2.059722297765818499e+00
-2.039612290017111640e+00
-2.223181798120595687e+00
-9.975813607716581544e-01
-9.962648935583282572e-01
-9.957419818316156634e-01
-9.945154923793934065e-01
-9.932995946066233151e-01
-9.921241633391375547e-01
-9.917523513944308533e-01
-9.910041528940918276e-01
-9.898831577709230611e-01
-9.893865317409656912e-01
-1.384090425322853868e+00
-1.383218906877382803e+00
-1.382384682486904381e+00
-1.381984911924333259e+00
-1.381422334783665384e+00
-1.380637354049609300e+00
-1.379831585554039730e+00
-1.378690787060115053e+00
-1.377975662471137452e+00
-1.377447976049585687e+00
-1.376365832137431688e+00
-1.375908439049256415e+00
-1.375293384296292221e+00
-1.373886422504185800e+00
-1.373566036532921864e+00
-1.372181537376648608e+00
-1.812206481256977808e+00
-1.811996167727223828e+00
-1.811395829241076560e+00
-1.810743174038585313e+00
-1.810032074310528927e+00
-1.362742513890526475e+00
-1.800671961884852124e+00
-2.563481015018600928e+00
-3.185097912547921073e+00
-3.146672555467060928e+00
-3.129356708120884623e+00
-3.114245717814355441e+00
-3.104245706244705527e+00
-3.098700703766745779e+00
-3.091968811673389439e+00
-3.103356845233545158e+00
-3.103968861584349703e+00
-3.107458469473989737e+00
-3.127316292677261522e+00
-3.169904036261375069e+00
-3.204074505273831086e+00
-3.209983800086857908e+00
-3.203922767822773299e+00
-3.193193314971185970e+00
-3.174526523260826405e+00
-3.164735917611953830e+00
-3.157460682863393764e+00
-3.146567659448499032e+00
-3.155869669150108248e+00
-3.149512740926281751e+00
-3.157936940741520537e+00
-3.159618006322254757e+00
-3.163720412140358373e+00
-3.208280544993197481e+00
-3.318616581115644060e+00
-1.988476758151663137e+00
-1.988476758151663137e+00
-1.987256483790142525e+00
-1.987766847732584274e+00
-1.987766847732584274e+00
-1.986434861702970789e+00
-1.986434861702970789e+00
-1.985199415497772346e+00
-1.985199415497772346e+00
-2.035691606667334952e+00
-2.034139380366318584e+00
-2.034139380366318584e+00
-2.032620377621451535e+00
-2.032620377621451535e+00
-2.032620377621451535e+00
-2.521706405921337879e+00
-2.521816918373451788e+00
-2.520609964213096355e+00
-2.520609964213096355e+00
-2.520609964213096355e+00
-2.520183817514348501e+00
-2.520528595652140602e+00
-2.519472149022976559e+00
-2.519472149022976559e+00
-2.518395986712983259e+00
-2.518426857078585268e+00
-2.517849557750625689e+00
-2.517849557750625689e+00
-2.517849557750625689e+00
-2.539250634017810260e+00
-2.539317983262155742e+00
-2.538777652031190435e+00
-2.538777652031190435e+00
-2.538155334596493784e+00
-2.538155334596493784e+00
-2.537151116903494152e+00
-2.537593295479872779e+00
-2.536602993853515731e+00
-2.536602993853515731e+00
-2.535687926299516892e+00
-2.535687926299516892e+00
-2.535300501727407951e+00
-2.535398886761760728e+00
-2.534515368749454822e+00
-2.534515368749454822e+00
-2.533955232011906755e+00
-2.533466308877852402e+00
-2.533466308877852402e+00
-2.532603005065852564e+00
-2.532603005065852564e+00
-2.531765410340725886e+00
-2.532189902361249079e+00
-2.531277464943053168e+00
-2.530462476419163664e+00
-2.530462476419163664e+00
-2.529651294830184582e+00
-2.530076701330534750e+00
-2.529595902228302773e+00
-2.528792439559369498e+00
-2.528792439559369498e+00
-2.528485793592719411e+00
-3.026225500822144809e+00
-3.026241366891553319e+00
-3.026020099558913046e+00
-3.025787088519551471e+00
-3.025600271608486214e+00
-3.025436565939727984e+00
-3.025222135845797578e+00
-3.025526099932160040e+00
-3.025307346586696866e+00
-3.024869985474569756e+00
-3.024648562374626426e+00
-3.024648562374626426e+00
-3.024448737226525630e+00
-3.023995351726718628e+00
-3.023780975325797371e+00
-3.023569639774417617e+00
-3.023569639774417617e+00
-3.023110529747291775e+00
-3.022901639368869020e+00
-3.022886076737859806e+00
-3.022791549269534528e+00
-3.022529192508919049e+00
-3.022029297656884328e+00
-3.021648697609260914e+00
-3.021274314564125874e+00
-3.020594041770736204e+00
-2.507806670820782902e+00
-3.014338268273951460e+00
-3.013252824443859890e+00
-3.241049174049688286e+00
-3.481073461183261220e+00
-3.757411474862431433e+00
-3.935893218573625063e+00
-4.019460680675483566e+00
-4.160572895770465962e+00
-4.111862460248746132e+00
-4.092147841982892054e+00
-4.092147841982892054e+00
-4.072924420391139222e+00
-4.059237095176081667e+00
-4.059067210917320701e+00
-4.049002722574677193e+00
-4.046202068490524439e+00
-4.034897366119682971e+00
-4.027116357910935029e+00
-4.027116357910935029e+00
-4.018745231497098835e+00
-4.016790170796679327e+00
-4.012437507207648579e+00
-4.006114383203525087e+00
-4.004571941964784720e+00
-4.002406547357458599e+00
-4.001497775487935726e+00
-3.998158474477595536e+00
-3.998265493842980689e+00
-3.999162376876612690e+00
-4.001027000736129047e+00
-4.001644853924561041e+00
-4.002690122803966410e+00
-4.002690122803966410e+00
-4.021546991443128327e+00
-4.024429414249921066e+00
-4.038149301413858971e+00
-4.049464577722905467e+00
-4.065806121458367173e+00
-4.077855867057037287e+00
-4.088657453337161130e+00
-4.100548848428762660e+00
-4.115329004167987748e+00
-4.118775981785189444e+00
-4.126480520612006764e+00
-4.133550025492034763e+00
-4.140476188560881177e+00
-4.143821670514101996e+00
-4.389361414885341262e+00
-4.394435319435491039e+00
-4.403929457095517641e+00
-4.473617692369965759e+00
-4.475478773135063371e+00
-4.480604165970484054e+00
-4.471877223855411643e+00
-4.479381106787453604e+00
-4.483029664103042045e+00
-4.485503368690411108e+00
-4.468038814043257645e+00
-4.494300146069015511e+00
-4.494300146069015511e+00
-4.492220815101259035e+00
-4.492220815101259035e+00
-4.494645379755840331e+00
-4.494655555152122339e+00
-4.494239336525341244e+00
-4.515558451367213344e+00
-4.525798007874328732e+00
-4.538247774651668287e+00
-4.536234631005819473e+00
-4.543710665143784411e+00
-4.531615086364050526e+00
-4.494871515777218995e+00
-3.464928037059261889e+00
-3.464928037059261889e+00
-3.464369940259580893e+00
-3.464369940259580893e+00
-3.464369940259580893e+00
-3.463684418155821731e+00
-3.463684418155821731e+00
-3.463024075741539143e+00
-3.463132383617659293e+00
-3.463310114762715664e+00
-3.462613798911768459e+00
-3.462778691673782827e+00
-3.462778691673782827e+00
-3.726983057969726065e+00
-3.727255033060778988e+00
-3.726913609499767244e+00
-3.726913609499767244e+00
-3.726913609499767244e+00
-3.726553848001929570e+00
-3.726553848001929570e+00
-3.726004829319466527e+00
-3.726004829319466527e+00
-3.726004829319466527e+00
-3.725682995625337224e+00
-3.725682995625337224e+00
-3.725333474844535253e+00
-3.725333474844535253e+00
-3.725019717988220513e+00
-3.725019717988220513e+00
-3.724485455626310504e+00
-3.724485455626310504e+00
-3.724485455626310504e+00
-3.724539510857664215e+00
-3.724698042495583561e+00
-3.724393673042760255e+00
-3.724393673042760255e+00
-3.724070288736784029e+00
-3.724070288736784029e+00
-3.723546766524785223e+00
-3.723546766524785223e+00
-3.788294226451729863e+00
-3.788398257461217167e+00
-3.788145909290174362e+00
-3.788145909290174362e+00
-3.787911958971494908e+00
-3.787911958971494908e+00
-3.787305883248567984e+00
-3.787305883248567984e+00
-3.787042579134795695e+00
-3.786782491268316342e+00
-3.787071399449704945e+00
-3.786767259590047896e+00
-3.786767259590047896e+00
-3.786471352504639398e+00
-3.786298589419097915e+00
-3.785814443321054767e+00
-3.785539077813118158e+00
-3.785393792808896762e+00
-3.784989699463409796e+00
-3.784690534101804893e+00
-3.718026131351948482e+00
-3.716766582822270681e+00
-3.439473130994270544e+00
-3.708497363729255092e+00
-3.707144316805913942e+00
-3.775037596612058621e+00
-3.774505149071963217e+00
-3.774183792792309866e+00
-4.128860718946968156e+00
-4.129482667965635123e+00
-4.381180464892615589e+00
-4.546146058074065799e+00
-4.598338406495019903e+00
-4.679648788766474610e+00
-4.549981901097188697e+00
-4.700696501192961563e+00
-4.844518137002148173e+00
-4.944393824417704586e+00
-4.952635217439731896e+00
-4.864936434041854163e+00
-4.840834730234747418e+00
-4.824861849605656339e+00
-4.810381120560099255e+00
-4.810389123013135482e+00
-4.793600861141620761e+00
-4.781704042308668967e+00
-4.767542796251071024e+00
-4.755260362138749031e+00
-4.752127898483873736e+00
-4.731888873120647432e+00
-4.723893152405900686e+00
-4.712962546619231752e+00
-4.712962546619231752e+00
-4.699199337650131980e+00
-4.692749477710376205e+00
-4.678146798087401415e+00
-4.678146798087401415e+00
-4.673136294724753448e+00
-4.667509843957458493e+00
-4.661942673403519422e+00
-4.661942673403519422e+00
-4.657917230282850873e+00
-4.657588432117867328e+00
-4.654662838907315248e+00
-4.655764680574972836e+00
-4.658292009301497671e+00
-4.662362393565800289e+00
-4.668199765121107347e+00
-4.675702787759782986e+00
-4.684914240463393220e+00
-4.695811044474222484e+00
-4.704145041617567635e+00
-4.718423964742567200e+00
-4.742694390359432965e+00
-4.757166406209278442e+00
-4.763579442459366042e+00
-4.777761792432485777e+00
-4.785474150873741728e+00
-4.782594394541760607e+00
-4.782594394541760607e+00
-4.812632681341784568e+00
-4.812632681341784568e+00
-4.812632681341784568e+00
-4.812632681341784568e+00
-4.815124353133112933e+00
-4.816217545935232991e+00
-4.819031783893779952e+00
-4.822637978309030515e+00
-4.825070626079423164e+00
-4.827741928214019929e+00
-4.831360803212480626e+00
-4.834752757067662721e+00
-4.834704666589488831e+00
-4.828350478942479818e+00
-4.830529393340190936e+00
-4.834470432854024224e+00
-4.837313982302037907e+00
-4.838465547791985344e+00
-4.843237362522460288e+00
-4.843804868186821544e+00
-4.845849465150309676e+00
-4.849761408533826312e+00
-4.849771125781005665e+00
-4.861086247088769241e+00
-4.861086247088769241e+00
-4.861086247088769241e+00
-4.858321190236468468e+00
-4.869982179096314034e+00
-4.869982179096314034e+00
-4.869919841473657307e+00
-4.869962317144225672e+00
-4.876550932909308855e+00
-4.876550932909308855e+00
-4.873754112375300096e+00
-4.884167726487912198e+00
-4.884167726487912198e+00
-4.888613522231807451e+00
-4.888613522231807451e+00
-4.904757518057792254e+00
-4.904757518057792254e+00
-5.351442304717191512e+00
-5.351442304717191512e+00
-5.351448209391343802e+00
-5.351448209391343802e+00
-5.360626761225698367e+00
-5.360267314216272894e+00
-5.360767763983735001e+00
-5.360767763983735001e+00
-5.365857221240794672e+00
-5.365880618247359735e+00
-5.372872222762126171e+00
-5.372872222762126171e+00
-5.372872222762126171e+00
-5.373551299042287788e+00
-5.373551299042287788e+00
-5.374989022731024413e+00
-5.374989022731024413e+00
-5.384311634095380050e+00
-5.384311634095380050e+00
-5.379092447229012919e+00
-5.378782067972167624e+00
-5.378782067972167624e+00
-5.378874715850569643e+00
-5.378874715850569643e+00
-5.378874715850569643e+00
-5.376482846038634911e+00
-5.376482846038634911e+00
-5.370362449706413521e+00
-5.370362449706413521e+00
-5.370362449706413521e+00
-5.370384314508366508e+00
-5.350377510357658295e+00
-5.350377510357658295e+00
-5.422960037578929970e+00
-4.385225302660811231e+00
-4.385542187735079089e+00
-4.385542187735079089e+00
-4.384586444792089921e+00
-4.384586444792089921e+00
-4.384798786820327976e+00
-4.384798786820327976e+00
-4.384798786820327976e+00
-4.384798786820327976e+00
-4.383814133905807431e+00
-4.383814133905807431e+00
-4.383814133905807431e+00
-4.383892565800175944e+00
-4.383892565800175944e+00
-4.383892565800175944e+00
-4.383108778140089257e+00
-4.383108778140089257e+00
-4.383108778140089257e+00
-4.383108778140089257e+00
-4.383108778140089257e+00
-4.383108778140089257e+00
-4.382103749991921759e+00
-4.382445414524820393e+00
-4.382445414524820393e+00
-4.382445414524820393e+00
-4.382445414524820393e+00
-4.381516832446329168e+00
-4.381516832446329168e+00
-4.381516832446329168e+00
-4.381795107658668975e+00
-4.381795107658668975e+00
-4.381795107658668975e+00
-4.380785086636596937e+00
-4.380785086636596937e+00
-4.380785086636596937e+00
-4.380981081946552003e+00
-4.381322272176802812e+00
-4.471116653340701852e+00
-4.471116653340701852e+00
-4.471116653340701852e+00
-4.471135145956286472e+00
-4.471135145956286472e+00
-4.470207783366996424e+00
-4.470712292174285452e+00
-4.470712292174285452e+00
-4.470712292174285452e+00
-4.470712292174285452e+00
-4.470712292174285452e+00
-4.469865002304999280e+00
-4.469865002304999280e+00
-4.469865002304999280e+00
-4.469865002304999280e+00
-4.469865002304999280e+00
-4.469103087082073600e+00
-4.469103087082073600e+00
-4.469159381895693173e+00
-4.469159381895693173e+00
-4.469370414077839193e+00
-4.468511820457431227e+00
-4.468511820457431227e+00
-4.468511820457431227e+00
-4.468511820457431227e+00
-4.831020956798121269e+00
-4.831020956798121269e+00
-4.831020956798121269e+00
-4.831546273187685259e+00
-4.831546273187685259e+00
-4.831187538124312120e+00
-4.831187538124312120e+00
-4.831187538124312120e+00
-4.831187538124312120e+00
-4.830851450969291250e+00
-4.830665989784990622e+00
-4.830665989784990622e+00
-4.830665989784990622e+00
-4.830736274662383423e+00
-4.830736274662383423e+00
-4.830346366925006407e+00
-4.830346366925006407e+00
-4.830346366925006407e+00
-4.830346366925006407e+00
-4.830001445130870152e+00
-4.830001445130870152e+00
-4.830123087962578943e+00
-4.829787884703844902e+00
-4.829787884703844902e+00
-4.829713174115213725e+00
-4.829713174115213725e+00
-4.829713174115213725e+00
-4.829713174115213725e+00
-4.829391882875745168e+00
-4.829391882875745168e+00
-4.829391882875745168e+00
-4.829391882875745168e+00
-4.829217147047692116e+00
-4.829217147047692116e+00
-4.829217147047692116e+00
-4.828887287950159646e+00
-4.828887287950159646e+00
-4.828568059222576814e+00
-4.828568059222576814e+00
-4.828568059222576814e+00
-4.828568059222576814e+00
-4.828163632359840918e+00
-4.828163632359840918e+00
-4.828163632359840918e+00
-4.828163632359840918e+00
-4.828227585244381004e+00
-4.828401036548029879e+00
-4.926412027881836408e+00
-4.926412027881836408e+00
-4.925687458043871203e+00
-4.925687458043871203e+00
-4.925687458043871203e+00
-4.925687458043871203e+00
-4.925041745808599103e+00
-4.925041745808599103e+00
-4.925041745808599103e+00
-4.924402742108659581e+00
-4.924402742108659581e+00
-4.924402742108659581e+00
-4.924402742108659581e+00
-5.364871888842518644e+00
-5.365037099475862270e+00
-5.365037099475862270e+00
-5.365037099475862270e+00
-5.364743499348522349e+00
-5.364948402233448377e+00
-5.364948402233448377e+00
-5.364665539977616859e+00
-5.364665539977616859e+00
-5.364773301764145685e+00
-5.364773301764145685e+00
-5.364517847362289871e+00
-5.364257239207365302e+00
-5.364257239207365302e+00
-5.363913364600573885e+00
-5.363913364600573885e+00
-5.363913364600573885e+00
-5.363975176260634470e+00
-5.363657322369888902e+00
-5.363657322369888902e+00
-5.363657322369888902e+00
-5.363344216872025783e+00
-5.363344216872025783e+00
-5.363498682810873497e+00
-5.363031354985992927e+00
-5.363031354985992927e+00
-5.362927708722838638e+00
-5.362707549387554451e+00
-5.362602171063241663e+00
-5.362478277679326055e+00
-5.362391780864373736e+00
-5.362267936010796987e+00
-5.361931017389831133e+00
-5.361597455986921723e+00
-5.361375308447128951e+00
-5.360942391045136368e+00
-5.360451189814692263e+00
-4.913727644811991091e+00
-4.912789402116112925e+00
-4.910441510749026683e+00
-4.906049225757352694e+00
-4.481150965173859468e+00
-4.475139185232259287e+00
-4.890904871717468794e+00
-4.889500325446546114e+00
-4.888472913293296251e+00
-4.887554786336316681e+00
-4.886791862458823132e+00
-4.886310432766597600e+00
-4.885847274519841577e+00
-4.885155118192192170e+00
-4.884263542438846528e+00
-5.346306011520553625e+00
-5.345860098053086595e+00
-5.345595029638323226e+00
-5.345281915378314430e+00
-5.345076428742014052e+00
-5.565597531115314744e+00
-5.565742347817797864e+00
-5.728103190641426146e+00
-5.728334573762031035e+00
-5.869068531170881009e+00
-6.002194891305109081e+00
-6.051710030830196985e+00
-6.084871681698167833e+00
-6.104157396700876426e+00
-6.138848235240980777e+00
-6.162563147592886814e+00
-6.171874623646221636e+00
-6.164551362214043984e+00
-6.123688997419274749e+00
-6.063092392194032065e+00
-6.053586505784988248e+00
-6.114360932876508059e+00
-6.114360932876508059e+00
-6.188314809228145918e+00
-6.188314809228145918e+00
-6.244165248752896247e+00
-6.244165248752896247e+00
-6.311800913690197135e+00
-6.311826476534601049e+00
-6.367160007238538810e+00
-6.367081099588678406e+00
-6.421866820696441991e+00
-6.421866820696441991e+00
-6.486873907222474145e+00
-6.486873907222474145e+00
-6.527696229554352136e+00
-6.527696229554352136e+00
-6.592877975607470020e+00
-6.653523276404737175e+00
-6.653523276404737175e+00
-6.713264516802607496e+00
-6.713264516802607496e+00
-6.777548745741237113e+00
-6.777570251634447374e+00
-6.814653702510336863e+00
-6.814653702510336863e+00
-6.805736126814760034e+00
-6.805736126814760034e+00
-6.783754239023526367e+00
-6.783611394062007527e+00
-6.844414498388336376e+00
-6.841917185107682542e+00
-6.934626593499271685e+00
-6.934626593499271685e+00
-7.037618746095485989e+00
-7.037618746095485989e+00
-7.152146752355977632e+00
-7.152146752355977632e+00
-7.297566924987898496e+00
-5.547130879998471542e+00
-5.547130879998471542e+00
-5.546046834898688438e+00
-5.546046834898688438e+00
-5.546046834898688438e+00
-5.546046834898688438e+00
-5.546046834898688438e+00
-5.546046834898688438e+00
-5.546473715729830722e+00
-5.546473715729830722e+00
-5.546473715729830722e+00
-5.546473715729830722e+00
-5.545071116306754533e+00
-5.545071116306754533e+00
-5.545071116306754533e+00
-5.545071116306754533e+00
-5.545071116306754533e+00
-5.545071116306754533e+00
-5.545071116306754533e+00
-5.545432511097181383e+00
-5.545432511097181383e+00
-5.545432511097181383e+00
-5.545432511097181383e+00
-5.544003673295992307e+00
-5.544003673295992307e+00
-5.544366565607975694e+00
-5.544366565607975694e+00
-5.544837207956637926e+00
-5.545188085309663784e+00
-5.545188085309663784e+00
-5.545188085309663784e+00
-5.545188085309663784e+00
-5.543907624941557977e+00
-5.543907624941557977e+00
-5.543907624941557977e+00
-5.543907624941557977e+00
-5.543907624941557977e+00
-5.543907624941557977e+00
-5.543907624941557977e+00
-5.543907624941557977e+00
-5.543907624941557977e+00
-5.543907624941557977e+00
-5.542552840001079062e+00
-5.542552840001079062e+00
-5.542552840001079062e+00
-5.542987708325751939e+00
-5.542987708325751939e+00
-5.542987708325751939e+00
-5.542987708325751939e+00
-5.542987708325751939e+00
-5.542987708325751939e+00
-5.542987708325751939e+00
-5.541574723527666002e+00
-5.541916915149120548e+00
-5.542290011509565240e+00
-5.542290011509565240e+00
-5.542290011509565240e+00
-5.542290011509565240e+00
-5.542290011509565240e+00
-5.542290011509565240e+00
-5.542290011509565240e+00
-5.540968879000817360e+00
-5.541396374749140818e+00
-5.541396374749140818e+00
-5.541396374749140818e+00
-5.541396374749140818e+00
-5.541396374749140818e+00
-5.541396374749140818e+00
-5.541487934011005478e+00
-5.541487934011005478e+00
-5.541487934011005478e+00
-5.540232199384996115e+00
-5.540482471701866807e+00
-5.540482471701866807e+00
-5.540482471701866807e+00
-5.540482471701866807e+00
-5.540482471701866807e+00
-5.540482471701866807e+00
-5.540482471701866807e+00
-5.540482471701866807e+00
-5.539804120318263969e+00
-5.540154468525749998e+00
-5.540154468525749998e+00
-5.540154468525749998e+00
-5.540154468525749998e+00
-5.540154468525749998e+00
-5.540154468525749998e+00
-5.540512983417760218e+00
-5.540512983417760218e+00
-5.539310172665794063e+00
-5.539310172665794063e+00
-5.539310172665794063e+00
-5.539310172665794063e+00
-5.539310172665794063e+00
-5.539310172665794063e+00
-5.539310172665794063e+00
-5.539704954976159001e+00
-5.539704954976159001e+00
-5.815956672067433608e+00
-5.815956672067433608e+00
-5.815956672067433608e+00
-5.815956672067433608e+00
-5.815956672067433608e+00
-5.815956672067433608e+00
-5.815956672067433608e+00
-5.815956672067433608e+00
-5.815162348560607875e+00
-5.815162348560607875e+00
-5.815162348560607875e+00
-5.815162348560607875e+00
-5.815162348560607875e+00
-5.815162348560607875e+00
-5.815328087422396486e+00
-5.815644514321977709e+00
-5.815644514321977709e+00
-5.814576799629831427e+00
-5.814576799629831427e+00
-5.814576799629831427e+00
-5.814576799629831427e+00
-5.814576799629831427e+00
-5.814576799629831427e+00
-5.814920702557675014e+00
-5.814920702557675014e+00
-5.813906682459034414e+00
-5.813906682459034414e+00
-5.813906682459034414e+00
-5.813906682459034414e+00
-5.813906682459034414e+00
-5.813906682459034414e+00
-5.813906682459034414e+00
-5.814168603703080862e+00
-5.814507598671590394e+00
-5.813511834803286149e+00
-5.813511834803286149e+00
-5.813511834803286149e+00
-5.813511834803286149e+00
-5.813511834803286149e+00
-5.813511834803286149e+00
-5.813511834803286149e+00
-5.813511834803286149e+00
-5.812543107408435716e+00
-5.812543107408435716e+00
-5.812543107408435716e+00
-5.812686434294437099e+00
-5.812686434294437099e+00
-5.812686434294437099e+00
-5.812950915182868883e+00
-5.813038499579132434e+00
-5.861784245585620390e+00
-5.861784245585620390e+00
-5.861784245585620390e+00
-5.862023419390422596e+00
-5.862023419390422596e+00
-5.862337554776059001e+00
-5.862337554776059001e+00
-5.862337554776059001e+00
-5.861415974800467943e+00
-5.861751998845591061e+00
-5.861751998845591061e+00
-5.861751998845591061e+00
-5.861751998845591061e+00
-5.861984465480706064e+00
-5.861984465480706064e+00
-5.861050359073003868e+00
-5.861050359073003868e+00
-5.861050359073003868e+00
-5.861050359073003868e+00
-5.861050359073003868e+00
-5.861050359073003868e+00
-5.861050359073003868e+00
-5.861050359073003868e+00
-5.860274753321352392e+00
-5.860274753321352392e+00
-5.860274753321352392e+00
-5.860274753321352392e+00
-5.860274753321352392e+00
-5.860274753321352392e+00
-5.860506820187608490e+00
-6.091428773822868514e+00
-6.091428773822868514e+00
-6.091428773822868514e+00
-6.091743407803513755e+00
-6.091743407803513755e+00
-6.091743407803513755e+00
-6.091743407803513755e+00
-6.092055198199287425e+00
-6.091334533442990917e+00
-6.091334533442990917e+00
-6.091334533442990917e+00
-6.091334533442990917e+00
-6.091334533442990917e+00
-6.091492692421496713e+00
-6.091492692421496713e+00
-6.090776772022274521e+00
-6.090776772022274521e+00
-6.090776772022274521e+00
-6.090776772022274521e+00
-6.090776772022274521e+00
-6.090776772022274521e+00
-6.090776772022274521e+00
-6.090040519022882570e+00
-6.090040519022882570e+00
-6.090040519022882570e+00
-6.090040519022882570e+00
-6.090040519022882570e+00
-6.090353219644314642e+00
-6.090353219644314642e+00
-6.089844075177714977e+00
-6.089860348696402248e+00
-6.089860348696402248e+00
-6.089860348696402248e+00
-6.089860348696402248e+00
-6.089860348696402248e+00
-6.089342597087851416e+00
-6.089342597087851416e+00
-6.089342597087851416e+00
-6.089342597087851416e+00
-6.089662509874309571e+00
-6.089662509874309571e+00
-6.089729027277832607e+00
-6.088965215150533794e+00
-6.088965215150533794e+00
-6.088965215150533794e+00
-6.088984193450047933e+00
-6.088984193450047933e+00
-6.088984193450047933e+00
-6.088984193450047933e+00
-6.088290998833715051e+00
-6.088290998833715051e+00
-6.088603025349393683e+00
-6.088842315240176717e+00
-6.088842315240176717e+00
-6.088842315240176717e+00
-6.328201265120563690e+00
-6.328201265120563690e+00
-6.328201265120563690e+00
-6.328201265120563690e+00
-6.328201265120563690e+00
-6.420031006204358626e+00
-6.419370242401935656e+00
-6.419370242401935656e+00
-6.419370242401935656e+00
-6.419370242401935656e+00
-6.419370242401935656e+00
-6.419370242401935656e+00
-6.418739056359327400e+00
-6.418739056359327400e+00
-6.418739056359327400e+00
-6.418739056359327400e+00
-6.416799975040053283e+00
-6.416799975040053283e+00
-6.416042388305127631e+00
-6.416442915923367352e+00
-6.416442915923367352e+00
-6.416442915923367352e+00
-6.416442915923367352e+00
-6.416442915923367352e+00
-6.415772020643088602e+00
