2.823250163281978420e+00
2.816121945892172906e+00
2.763274506522992890e+00
2.145155980575493171e+00
2.034788291286903750e+00
1.565837094534082263e+00
1.195789162225406654e+00
1.175824180825190357e+00
7.348188952518120987e-01
6.871071715425154380e-01
4.340396936505753755e-01
1.800491665922375750e-01
1.083296205801226736e-01
1.404449521878508786e-02
-1.394077314737391105e-01
-1.572035159070405419e-01
-1.005687054731797397e-01
-3.900084180868246958e-02
-4.165745047594188871e-02
-1.709167228074557898e-01
-2.134898243547394825e-01
-3.140163264644885710e-01
-4.124300952406532716e-01
-4.601525760179200342e-01
-5.188393670130945212e-01
-5.951386848865242163e-01
-6.841766585818160884e-01
-7.046319733869506052e-01
-7.023202119713696234e-01
-7.331689150832826352e-01
-7.848865145569184909e-01
-8.456170131668458989e-01
-8.848080595560674499e-01
-9.050118109352587314e-01
-9.548687245612517138e-01
-1.084136013439309432e+00
-1.121394895473643682e+00
-1.173262431630437419e+00
-1.221512270557734370e+00
-1.328541200453407178e+00
-1.343373791693656560e+00
-1.394647200593581493e+00
-1.856695229655308754e+00
-1.815334098123754014e+00
-1.784765498897610936e+00
-1.754085971457566062e+00
-1.724122033462623493e+00
-1.923804168329684927e+00
-1.850033096699092106e+00
-1.222393927057589647e+00
-1.220434552934990258e+00
-1.219123856789888105e+00
-1.217259676884972608e+00
-1.416788559322544883e+00
-1.415762116923982239e+00
-1.414684351654464045e+00
-1.412987650243161974e+00
-1.412812601720464967e+00
-1.411693102407950429e+00
-1.612281911936520373e+00
-1.612177278232103106e+00
-1.759087346030135723e+00
-1.757821399833418230e+00
-1.710355072360193240e+00
-2.342146950751988754e+00
-2.330716564258892731e+00
-2.319061086329100796e+00
-2.302934617268795670e+00
-2.290088166105519463e+00
-2.329781350354734659e+00
-2.327697762581966590e+00
-2.331607234654741401e+00
-2.542056512735229479e+00
-2.885665713715304115e+00
-2.880579200130250150e+00
-2.724961678537523024e+00
-2.213894753736438403e+00
-2.213111426640025581e+00
-2.212500338020604307e+00
-2.211426355570603963e+00
-2.211170465385615014e+00
-2.210092256959739654e+00
-2.209253510887976280e+00
-2.208146109620158892e+00
-1.840604197630300476e+00
-3.031988748168276349e+00
-2.901022733422216060e+00
-2.941133831117937802e+00
-2.923197606143129956e+00
-2.913042726293093576e+00
-2.900364037830004182e+00
-2.892042962293627006e+00
-3.372441869789392754e+00
-3.366848828071418609e+00
-3.366516106039299405e+00
-3.368472687306125923e+00
-3.444352941864089246e+00
-3.456889071528094881e+00
-3.474543110002110691e+00
-3.559531271986559720e+00
-3.481515562382864637e+00
-3.418248702337955525e+00
-2.857257976001485567e+00
-2.856379061775449202e+00
-2.889429987908715081e+00
-2.889429987908715081e+00
-2.888379005213037143e+00
-2.887363267205749651e+00
-2.886259079567455199e+00
-2.886245639134736418e+00
-2.885246104154912672e+00
-2.884228779953512678e+00
-2.884228779953512678e+00
-2.883977172303854974e+00
-2.882976988439381216e+00
-2.882062797308553304e+00
-2.881263462188359270e+00
-2.881267502208004760e+00
-2.880373533956674947e+00
-3.466469968132859236e+00
-3.465787136367200816e+00
-3.465520268924632497e+00
-3.464837460939888203e+00
-3.463590010481005788e+00
-3.462928024036053376e+00
-3.462612126247595068e+00
-3.462470939947011495e+00
-3.461877494888106366e+00
-3.460696222106181885e+00
-3.460138544486999201e+00
-3.459994035082393893e+00
-3.458848451366197452e+00
-3.458406352996542754e+00
-3.458066357189393258e+00
-3.457281675714838354e+00
-3.456628949492443592e+00
-4.045291859091462605e+00
-3.453938515160593692e+00
-3.451457389343153270e+00
-2.844304097336238346e+00
-4.066824073902446379e+00
-4.961053718506775567e+00
-4.868820091037153297e+00
-4.830028485618981904e+00
-4.817227802270108938e+00
-4.814257064554856136e+00
-4.798501828671555280e+00
-4.785480366442664391e+00
-4.785378980388842685e+00
-4.771108561446198770e+00
-4.765458513275170560e+00
-4.752167751781761318e+00
-4.804973776585512724e+00
-4.796184225210900820e+00
-4.789407109681230956e+00
-4.786130313311097062e+00
-4.821539704929075576e+00
-4.818263032363471865e+00
-4.819462500964533547e+00
-4.818889576507606520e+00
-4.823518819002267755e+00
-4.836003416943639444e+00
-4.896133242920977402e+00
-4.908986804382273306e+00
-4.927128674381020979e+00
-4.983366220970125049e+00
-4.996576745018449728e+00
-5.012740653589522921e+00
-5.043604221330558524e+00
-5.041075273132687329e+00
-5.181881388129572663e+00
-5.181881388129572663e+00
-5.179163959848852805e+00
-5.143638422785229203e+00
-4.982759161352918298e+00
-4.891557266254090486e+00
-4.207254747370355652e+00
-4.207784019051937108e+00
-4.208151918819109660e+00
-4.207147957605036126e+00
-4.207147957605036126e+00
-4.207298882606941071e+00
-4.206186190993211227e+00
-4.206186190993211227e+00
-4.206635697474364832e+00
-4.205621243995967262e+00
-4.205621243995967262e+00
-4.205621243995967262e+00
-4.204643357784465962e+00
-4.204667350064979381e+00
-4.205177613699083494e+00
-4.204156133138290841e+00
-4.204156133138290841e+00
-4.203485197103677073e+00
-4.203569204561001804e+00
-4.203569204561001804e+00
-4.509049876357114961e+00
-4.509214482724707374e+00
-4.509214482724707374e+00
-4.508526573180707153e+00
-4.508526573180707153e+00
-4.508526573180707153e+00
-4.507896070323374360e+00
-4.508095021053781792e+00
-4.507444071131683216e+00
-4.507589065990408095e+00
-4.507589065990408095e+00
-4.507248854895480328e+00
-4.507248854895480328e+00
-4.506644540449652681e+00
-4.506851258183226072e+00
-4.506851258183226072e+00
-4.506203225765037068e+00
-4.506203225765037068e+00
-4.505627178913270470e+00
-4.505627178913270470e+00
-4.505808127458267975e+00
-4.505222487945231613e+00
-4.505222487945231613e+00
-4.504617834673920740e+00
-4.504617834673920740e+00
-4.504353571545617996e+00
-4.504511742389313511e+00
-4.504511742389313511e+00
-4.503974966570405414e+00
-4.504050231056739406e+00
-4.788963014991082900e+00
-4.788963014991082900e+00
-4.788505139485891959e+00
-4.788505139485891959e+00
-4.788490029048579011e+00
-4.788490029048579011e+00
-4.788320725248990328e+00
-4.788320725248990328e+00
-4.815581876103692593e+00
-4.815843414171797399e+00
-4.815579637391804724e+00
-4.815579637391804724e+00
-4.815332556190263347e+00
-4.815182170106183435e+00
-4.814950890051402865e+00
-4.814950890051402865e+00
-4.814707937678609717e+00
-4.814707937678609717e+00
-4.814483202223263092e+00
-4.814338226635565654e+00
-4.814126565292715654e+00
-4.814126565292715654e+00
-4.896337855677673545e+00
-4.896604461487936710e+00
-4.896526558626941750e+00
-4.896076612409320461e+00
-4.896096636823609849e+00
-4.895981585877971831e+00
-4.896134649009422191e+00
-4.896023343828635355e+00
-4.929802845078631535e+00
-4.929802845078631535e+00
-4.929608596055363279e+00
-4.929608596055363279e+00
-4.929412416135259711e+00
-4.929075722445814378e+00
-4.929075722445814378e+00
-4.929119845487775819e+00
-4.928894757973447227e+00
-4.928894757973447227e+00
-5.281476997475797575e+00
-5.280827237684801112e+00
-5.281212652014573905e+00
-5.281212652014573905e+00
-5.281604135423696000e+00
-5.282079407066692767e+00
-5.281642665756484334e+00
-5.281940463841628741e+00
-5.282528679324074439e+00
-5.283264192007772309e+00
-5.284459325278678676e+00
-4.924567357409117108e+00
-4.922599386850693648e+00
-4.917723217265125513e+00
-4.915729834868903581e+00
-5.382193295697586422e+00
-5.570492683824689983e+00
-5.704655171033107486e+00
-5.732071466553279038e+00
-5.589961961422746484e+00
-5.588707662425123068e+00
-5.709247995490248861e+00
-5.733688878483699902e+00
-5.679632441163303902e+00
-5.723701491223846638e+00
-5.703495724964994906e+00
-5.680287610523216735e+00
-5.658644510978840358e+00
-5.633613838877038482e+00
-5.614351830536343790e+00
-5.583008648757327386e+00
-5.581028462448063721e+00
-5.548155833531115633e+00
-5.548264478370366071e+00
-5.560621480900191926e+00
-5.541653756095708871e+00
-5.538022069419084481e+00
-5.531486408008901456e+00
-5.526972383548373280e+00
-5.524717425507224888e+00
-5.523086235404282895e+00
-5.526277334605251390e+00
-5.532341216497217218e+00
-5.567894141774341499e+00
-5.581095887643648723e+00
-5.599796953145551370e+00
-5.619839912404276383e+00
-5.649777817943925307e+00
-5.651767811508137562e+00
-6.144294027138031744e+00
-6.145194277444117503e+00
-6.147984590221086343e+00
-6.150497719018796161e+00
-6.151903498652073310e+00
-6.155053499592027855e+00
-6.155750738369893504e+00
-6.161829212579466919e+00
-6.162271129385837654e+00
-6.188506561491317726e+00
-6.190848988826266996e+00
-6.193449524954255381e+00
-6.197061516734065023e+00
-6.199514813714728234e+00
-6.201117646626204127e+00
-6.201117646626204127e+00
-6.209605801253377244e+00
-6.208452282388820187e+00
-6.211123968405022566e+00
-6.211123968405022566e+00
-6.211123968405022566e+00
-6.221958429120680201e+00
-6.221958429120680201e+00
-6.199608264620180442e+00
-6.200813689957431762e+00
-6.203498099708665059e+00
-6.203879254516778019e+00
-6.207049549471258310e+00
-6.209761991618283794e+00
-6.209340740780219470e+00
-6.210853093415606985e+00
-6.213462244392559342e+00
-6.214890148040783657e+00
-6.215383421360793470e+00
-6.215735493941309642e+00
-6.218726228424545255e+00
-6.216794899284582065e+00
-6.217404934470679656e+00
-6.218018643210399432e+00
-6.219636338025787303e+00
-6.217328616158426691e+00
-6.217706006035075283e+00
-6.214916476575375270e+00
-6.212198934501436121e+00
-6.206143615725143725e+00
-6.207140758864782448e+00
-6.205590248425602695e+00
-6.175360661700302956e+00
-6.164109495692374097e+00
-6.158880540723725261e+00
-6.158880540723725261e+00
-6.157944590734544477e+00
-6.162011954005615522e+00
-6.162011954005615522e+00
-6.581769117901499655e+00
-6.580275078034058645e+00
-6.580275078034058645e+00
-6.580275078034058645e+00
-6.578873806644879529e+00
-6.578873806644879529e+00
-6.557029117349624237e+00
-6.555748221827407463e+00
-6.555748221827407463e+00
-6.555748221827407463e+00
-6.571049007216075211e+00
-6.067858689409803219e+00
-6.067858689409803219e+00
-6.067138978548334727e+00
-6.067158711216832145e+00
-6.067158711216832145e+00
-6.067158711216832145e+00
-6.067052511521349167e+00
-6.067052511521349167e+00
-6.067295409380447424e+00
-6.066828763995952833e+00
-6.066828763995952833e+00
-6.066828763995952833e+00
-6.066305826867163908e+00
-6.066305826867163908e+00
-6.066305826867163908e+00
-6.065844741673149798e+00
-6.065844741673149798e+00
-6.065724525548168877e+00
-6.065724525548168877e+00
-6.065724525548168877e+00
-6.065255429607653959e+00
-6.065317124136080373e+00
-6.065317124136080373e+00
-6.064896273146706207e+00
-6.065029168813142135e+00
-6.065029168813142135e+00
-6.518433652621081542e+00
-6.518433652621081542e+00
-6.518039810832835457e+00
-6.518116879775702088e+00
-6.518349301497618598e+00
-6.518228176020553377e+00
-6.518228176020553377e+00
-6.518228176020553377e+00
-6.518105255502745443e+00
-6.518105255502745443e+00
-6.517979171998571353e+00
-6.517979171998571353e+00
-6.517990918438417935e+00
-6.517608948614169506e+00
-6.517608948614169506e+00
-6.517476707536031810e+00
-6.517476707536031810e+00
-6.517350654916842956e+00
-6.517350654916842956e+00
-6.517350654916842956e+00
-6.517214052854723327e+00
-6.517214052854723327e+00
-6.722844855240173167e+00
-6.722133893868294408e+00
-6.722303161743054645e+00
-6.722510458844176640e+00
-6.722721373046439908e+00
-6.722838963712479909e+00
-6.722871656746685964e+00
-6.723100749420696687e+00
-6.723222541194123103e+00
-6.723432099674313989e+00
-6.723592381835485909e+00
-6.723861846401793407e+00
-6.515448499417773043e+00
-6.515190431384473513e+00
-6.514716362108204706e+00
-6.513936164812890617e+00
-6.047052437359923260e+00
-6.044033793824520551e+00
-6.035142491677325971e+00
-6.508585774648261157e+00
-6.508308307024437411e+00
-6.809461878195045337e+00
-6.808900347455619340e+00
-6.953153584766042172e+00
-7.066049273605442771e+00
-7.161021611760042482e+00
-7.213718401992018414e+00
-7.233183351587894272e+00
-7.184270777774802497e+00
-7.010760358893026734e+00
-6.992025411056591366e+00
-7.072032800225006355e+00
-7.114502873617699841e+00
-7.194609515229475782e+00
-7.235651880702305583e+00
-7.319614486933256892e+00
-7.298223697465673787e+00
-7.241619594735798415e+00
-7.225862934551591898e+00
-7.171150735980952540e+00
-7.147512557210697892e+00
-7.122319851282677305e+00
-7.120154931218394267e+00
-7.097580235275779970e+00
-7.073714594722267712e+00
-7.058073762883240398e+00
-7.037334250816746462e+00
-7.019238981591441551e+00
-7.006180210084492543e+00
-7.000563923468090977e+00
-6.994902661118018727e+00
-6.987525596026722852e+00
-6.985422476053961383e+00
-6.985422476053961383e+00
-7.001111418421271715e+00
-7.002025343065656493e+00
-7.002025343065656493e+00
-7.003977615845522919e+00
-7.006667476208379597e+00
-7.006667476208379597e+00
-7.007272175452043506e+00
-7.091066144456122267e+00
-7.091324432234076269e+00
-7.092794944923194400e+00
-7.094215751643141665e+00
-7.095127816348972161e+00
-7.096590134679235717e+00
-7.097224660742659452e+00
-7.098070798722687869e+00
-7.099462901533778236e+00
-7.097960941210044616e+00
-7.099421219174185893e+00
-7.100168179998751938e+00
-7.101352194191786538e+00
-7.102043384457268793e+00
-7.103455743432392389e+00
-7.104215856277116714e+00
-7.104932070484198725e+00
-7.107064931417065523e+00
-7.105048602602822783e+00
-7.106287393323096779e+00
-7.107057688019042807e+00
-7.107837232682450157e+00
-7.109494419295213419e+00
-7.110475058519963198e+00
-7.111385133003990333e+00
-7.113267176748813370e+00
-7.114045248407446564e+00
-7.410729042335121974e+00
-7.411697083638674854e+00
-7.413645336207856928e+00
-7.414634535852117736e+00
-7.415787526535517316e+00
-7.417771778658962312e+00
-7.418835337270499153e+00
-7.418835337270499153e+00
-7.420629221556856336e+00
-7.420137473957281848e+00
-7.420741820329602945e+00
-7.422061098889332520e+00
-7.423434544414353020e+00
-7.424267132736114938e+00
-7.425594670561836530e+00
-7.426450593639394526e+00
-7.427475710245499130e+00
-7.428403526920494215e+00
-7.427374608006917178e+00
-7.429578873604114619e+00
-7.430378563316028639e+00
-7.432202627842285914e+00
-7.433387679995124842e+00
-7.434445839955229118e+00
-7.435450632572154106e+00
-7.437574183627522650e+00
-7.435492083596530577e+00
-7.438119100384733784e+00
-7.438816635462319304e+00
-7.440304668075239825e+00
-7.440304668075239825e+00
-7.440304668075239825e+00
-7.446000815821290253e+00
-7.446000815821290253e+00
-7.446140339943075226e+00
-7.445269945776250786e+00
-7.446198083458019923e+00
-7.447680894779308503e+00
-7.447680894779308503e+00
-7.447680894779308503e+00
-7.453447359666053096e+00
-7.453447359666053096e+00
-7.453447359666053096e+00
-7.453352296895367601e+00
-7.454227336708910912e+00
-7.456176627445918470e+00
-7.457009651130761974e+00
-7.458467552347477714e+00
-7.459232077450431042e+00
-7.461784263679850149e+00
-7.462615663073854932e+00
-7.460880865086198632e+00
-7.465234496942177778e+00
-7.465234496942177778e+00
-7.465340915051478454e+00
-7.466958747014452058e+00
-7.467840712457017638e+00
-7.469439013034091523e+00
-7.471232152422680350e+00
-7.469252270458449416e+00
-7.469252270458449416e+00
-7.472936703710381323e+00
-7.473715826521966754e+00
-7.474346842552252568e+00
-7.475702530865476092e+00
-7.475702530865476092e+00
-7.475702530865476092e+00
-7.478935510597962022e+00
-7.478935510597962022e+00
-7.479469987683413201e+00
-7.480300322110163158e+00
-7.481818368961877574e+00
-7.482928195297390062e+00
-7.483808912510807154e+00
-7.484745433248358282e+00
-7.760469014552904277e+00
-7.760943673750639427e+00
-7.762633879719810892e+00
-7.764210778068883378e+00
-7.764438285602805578e+00
-7.766266625244602650e+00
-7.766266625244602650e+00
-7.766266625244602650e+00
-7.767259785692066210e+00
-7.767592038222024264e+00
-7.767889109349951582e+00
-7.769038954635645311e+00
-7.769096322272822874e+00
-7.769234383865632587e+00
-7.771462933233262760e+00
-7.770368798175931069e+00
-7.770777691020215094e+00
-7.770571388424757586e+00
-7.770571388424757586e+00
-7.773839885966440377e+00
-7.773839885966440377e+00
-7.773780874608949176e+00
-7.749880694495332456e+00
-7.750709358727942089e+00
-7.750643374381782635e+00
-7.750650560537563294e+00
-7.750650560537563294e+00
-7.750650560537563294e+00
-7.750650560537563294e+00
-7.755777175750109720e+00
-7.754241733685360849e+00
-7.754241733685360849e+00
-7.754241733685360849e+00
-7.754244815073162655e+00
-7.754244815073162655e+00
-7.754244815073162655e+00
-7.754244815073162655e+00
-7.752702906491414581e+00
-7.763736395715730154e+00
-7.763736395715730154e+00
-7.764754474896162328e+00
-7.764754474896162328e+00
-7.764798927119840322e+00
-7.764798927119840322e+00
-7.763895188920711732e+00
-7.767067678534746555e+00
-7.771548747269815038e+00
-7.786247709598033140e+00
-7.828426094846311578e+00
-7.291846464694041074e+00
-7.292189197017042268e+00
-7.291411842987517211e+00
-7.291411842987517211e+00
-7.291411842987517211e+00
-7.291411842987517211e+00
-7.291411842987517211e+00
-7.291411842987517211e+00
-7.291411842987517211e+00
-7.600657827837609126e+00
-7.600657827837609126e+00
-7.600657827837609126e+00
-7.600657827837609126e+00
-7.600657827837609126e+00
-7.600657827837609126e+00
-7.600285672407371962e+00
-7.600285672407371962e+00
-7.600285672407371962e+00
-7.600473797552892208e+00
-7.600473797552892208e+00
-7.600808206675720768e+00
-7.600883846544831179e+00
-7.600256718544001977e+00
-7.600256718544001977e+00
-7.600256718544001977e+00
-7.600256718544001977e+00
-7.600424120920522775e+00
-7.600424120920522775e+00
-7.599856486531867183e+00
-7.599856486531867183e+00
-7.599856486531867183e+00
-7.599856486531867183e+00
-7.599856486531867183e+00
-7.599856486531867183e+00
-7.599896577267694298e+00
-7.599527748078463318e+00
-7.599527748078463318e+00
-7.599655036965841326e+00
-7.599655036965841326e+00
-7.599655036965841326e+00
-7.599655036965841326e+00
-7.599179652492887627e+00
-7.599179652492887627e+00
-7.599179652492887627e+00
-7.599179652492887627e+00
-7.599179652492887627e+00
-7.599179652492887627e+00
-7.598670197463466280e+00
-7.598931176266374266e+00
-7.598931176266374266e+00
-7.598931176266374266e+00
-7.599077076260427610e+00
-7.599077076260427610e+00
-7.957418321408640693e+00
-7.957418321408640693e+00
-7.957418321408640693e+00
-7.957418321408640693e+00
-7.957418321408640693e+00
-7.957418321408640693e+00
-7.957285294235325601e+00
-7.957285294235325601e+00
-7.957448411942592337e+00
-7.957448411942592337e+00
-7.957448411942592337e+00
-7.957448411942592337e+00
-7.957226404955000554e+00
-7.957226404955000554e+00
-7.957226404955000554e+00
-7.956909880307649452e+00
-7.956909880307649452e+00
-7.956713590584385543e+00
-7.956713590584385543e+00
-7.956713590584385543e+00
-7.956713590584385543e+00
-7.956970854986322728e+00
-7.956970854986322728e+00
-7.956826379412222039e+00
-7.956826379412222039e+00
-7.956826379412222039e+00
-7.956826379412222039e+00
-7.956949541920136149e+00
-7.956949541920136149e+00
-7.956761720304224461e+00
-7.956761720304224461e+00
-7.956470349816075149e+00
-7.956470349816075149e+00
-7.956470349816075149e+00
-7.956305670297260768e+00
-7.956305670297260768e+00
-7.956305670297260768e+00
-7.956305670297260768e+00
-7.956305670297260768e+00
-8.353581054276911999e+00
-8.353581054276911999e+00
-8.353605715436753343e+00
-8.353759529943083351e+00
-8.353759529943083351e+00
-8.354188375373556852e+00
-8.354188375373556852e+00
-8.353053175418073906e+00
-8.353053175418073906e+00
-8.353053175418073906e+00
-8.353053175418073906e+00
-8.353430577425937642e+00
-8.353430577425937642e+00
-8.353467899663929330e+00
-8.353467899663929330e+00
-8.353467899663929330e+00
-8.353827601991596907e+00
-8.353827601991596907e+00
-8.353827601991596907e+00
-8.353827601991596907e+00
-8.354257219006978374e+00
-8.354257219006978374e+00
-8.354257219006978374e+00
-8.822186183218047262e+00
-8.822186183218047262e+00
-8.821800361919857281e+00
-8.821800361919857281e+00
-8.821800361919857281e+00
-8.821800361919857281e+00
-8.821800361919857281e+00
-8.821542146293927189e+00
-8.821542146293927189e+00
-8.821780065296447759e+00
-8.821787465483016177e+00
-9.537449511098087029e+00
-9.537449511098087029e+00
-9.537449511098087029e+00
-9.537449511098087029e+00
-9.536598214170293630e+00
-9.536774856108383602e+00
-9.536774856108383602e+00
-9.536774856108383602e+00
-9.536774856108383602e+00
-9.536953792583794609e+00
-9.536953792583794609e+00
-9.536953792583794609e+00
-9.536953792583794609e+00
-9.536953792583794609e+00
-9.537154513694803271e+00
-9.537154513694803271e+00
-9.537154513694803271e+00
-9.537154513694803271e+00
-9.537395774480740940e+00
-9.536608412921216527e+00
-9.536608412921216527e+00
-9.536608412921216527e+00
-9.536872283608305523e+00
-9.537084118052302273e+00
-9.537084118052302273e+00
-9.537084118052302273e+00
-9.537388976331444113e+00
-9.537388976331444113e+00
-9.537487378361559465e+00
-9.537571758354314255e+00
-9.537658006817661516e+00
-9.537750122222099947e+00
-9.537936888888843612e+00
-9.250569420341266280e+00
-9.250818889944733669e+00
-9.251228200586684380e+00
-9.252048340999543541e+00
-9.252690461437454772e+00
-9.253242102808227898e+00
-9.254005496528424857e+00
-9.255374067479737121e+00
-8.745263067135423896e+00
-8.744176511232829796e+00
-8.743521899118231744e+00
-8.063103910733296686e+00
-8.060065040478569642e+00
-7.277120366744163960e+00
-7.618783318818531214e+00
-8.045363852391245629e+00
-8.043988072533748479e+00
-8.043178046017008143e+00
-8.042833472248767990e+00
-8.731401369749020702e+00
-8.731115304315526515e+00
-8.730832469489783421e+00
-8.730659662522016973e+00
-8.730499548199524895e+00
-8.730402348602352092e+00
-9.290392913441426259e+00
-9.290846610444361886e+00
-9.291205695152958910e+00
-9.431140533423455707e+00
-9.429585358136117534e+00
-9.429684683454292227e+00
-9.473344431966323143e+00
-9.472890771611368166e+00
-9.472431295016010111e+00
-9.489142590433994329e+00
-9.487429298522940257e+00
-9.498721601896480848e+00
-9.498320657362128827e+00
-9.487746856236658033e+00
-9.477118779723815223e+00
-9.458011890267012944e+00
-9.439825848849563883e+00
-9.406508912081338991e+00
-9.354974318997475891e+00
-9.300325970608382065e+00
-9.266258479785866697e+00
-9.248569265801915407e+00
-9.276045261788878449e+00
-9.276184039811813165e+00
-9.276184039811813165e+00
-9.335858032953936458e+00
-9.335858032953936458e+00
-9.335858032953936458e+00
-9.403512788264377420e+00
-9.403512788264377420e+00
-9.459780135918951061e+00
-9.459780135918951061e+00
-9.457739080837409773e+00
-9.477750997348188378e+00
-9.477750997348188378e+00
-9.532460840325189366e+00
-9.532600942767349039e+00
-9.532600942767349039e+00
-9.595320445973635870e+00
-9.595320445973635870e+00
-9.595320445973635870e+00
-9.657807514862385645e+00
-9.657807514862385645e+00
-9.652604914538564174e+00
-9.652604914538564174e+00
-9.650324620609668003e+00
-9.717155635845994510e+00
-9.717155635845994510e+00
-9.777233224048947235e+00
-9.777233224048947235e+00
-9.777233224048947235e+00
-9.712209234859381368e+00
-9.712209234859381368e+00
-9.669809704409106033e+00
-9.669809704409106033e+00
-9.669809704409106033e+00
-9.745227183868697907e+00
-9.745227183868697907e+00
-9.825069599823557098e+00
-9.825132900320308948e+00
-9.825132900320308948e+00
-9.856515038293599318e+00
-9.856515038293599318e+00
-9.856515038293599318e+00
-9.960103117530769268e+00
-9.960103117530769268e+00
-1.009322442741214054e+01
-1.009322442741214054e+01
-1.009322442741214054e+01
-1.012630017921024006e+01
-1.012630017921024006e+01
-1.010714861626565231e+01
-1.010714861626565231e+01
-8.968195713717085127e+00
-8.968195713717085127e+00
-8.968195713717085127e+00
-8.968195713717085127e+00
-8.968195713717085127e+00
-8.968534707362650238e+00
-8.968534707362650238e+00
-8.968534707362650238e+00
-8.968534707362650238e+00
-8.969061554698614103e+00
-8.969061554698614103e+00
-8.967963191950438784e+00
-8.967963191950438784e+00
-8.967963191950438784e+00
-8.967963191950438784e+00
-8.967963191950438784e+00
-8.967963191950438784e+00
-8.967963191950438784e+00
-8.967963191950438784e+00
-8.967963191950438784e+00
-8.967963191950438784e+00
-8.967963191950438784e+00
-8.967963191950438784e+00
-8.967963191950438784e+00
-9.928846741599512526e+00
-9.928863440944219576e+00
-9.928863440944219576e+00
-9.928863440944219576e+00
-9.928863440944219576e+00
-9.928863440944219576e+00
-9.929017291435943804e+00
-9.929281918807102869e+00
-9.929696103773487437e+00
-9.929696103773487437e+00
-9.929696103773487437e+00
-9.929696103773487437e+00
-9.929696103773487437e+00
-9.929014940408251277e+00
-9.929014940408251277e+00
-9.929014940408251277e+00
-9.929014940408251277e+00
-9.929014940408251277e+00
-9.929014940408251277e+00
-9.929014940408251277e+00
-9.929014940408251277e+00
-9.929014940408251277e+00
-9.929014940408251277e+00
-9.929069719884106249e+00
-9.929069719884106249e+00
-9.927895474344834881e+00
-9.927895474344834881e+00
-9.927895474344834881e+00
-9.927895474344834881e+00
-9.927895474344834881e+00
-9.928305534455134307e+00
-9.928305534455134307e+00
-9.928305534455134307e+00
-9.928305534455134307e+00
-9.928305534455134307e+00
-9.928305534455134307e+00
-9.928305534455134307e+00
-9.927315791994521632e+00
-9.927400696502767019e+00
-9.927400696502767019e+00
-9.927400696502767019e+00
-9.927400696502767019e+00
-9.927400696502767019e+00
-9.927400696502767019e+00
-9.927400696502767019e+00
-9.927726054300437752e+00
-9.927726054300437752e+00
-9.927992387362204241e+00
-9.927992387362204241e+00
-9.927074320851611233e+00
-9.927074320851611233e+00
-9.927074320851611233e+00
-9.927488174054827752e+00
-9.927488174054827752e+00
-9.927488174054827752e+00
-9.927488174054827752e+00
-9.927488174054827752e+00
-9.927640233852114804e+00
-9.927640233852114804e+00
-9.927640233852114804e+00
-9.926723434090591880e+00
-9.926723434090591880e+00
-9.926723434090591880e+00
-9.926723434090591880e+00
-9.926723434090591880e+00
-9.926723434090591880e+00
-9.926723434090591880e+00
-9.926723434090591880e+00
-9.926723434090591880e+00
-9.926723434090591880e+00
-9.926723434090591880e+00
-9.926723434090591880e+00
-9.925855420535020457e+00
-9.926265866146035677e+00
-9.926265866146035677e+00
-9.926265866146035677e+00
-9.926265866146035677e+00
-9.926596561889251547e+00
-9.926596561889251547e+00
