5.192212071449737465e+01
5.195739595757606821e+01
5.189268158562709488e+01
5.137596043250668743e+01
5.093437957061760812e+01
4.965578872157837509e+01
4.855733596742561531e+01
4.787093605095483895e+01
4.713665545106268695e+01
4.659184638457352179e+01
4.614580166989502175e+01
4.569912750790538780e+01
4.534950261599325927e+01
4.509962489785951334e+01
4.467326883529015902e+01
4.444827389829443121e+01
4.410990252864820604e+01
4.398853735362222750e+01
4.380058912249219816e+01
4.348023430735980810e+01
4.339005632298197668e+01
4.311496964088554051e+01
4.284614305603141560e+01
4.270040817153665103e+01
4.259021361509449832e+01
4.233759746802977020e+01
4.207287620556719787e+01
4.193284035710354374e+01
4.193789075011359557e+01
4.171049322040309448e+01
4.127806039063818133e+01
4.119698981389423409e+01
4.110201517568820151e+01
4.103628614685077025e+01
4.102845337991465158e+01
4.056170112578612219e+01
4.047628707767205469e+01
4.040273046063941109e+01
4.033298261990738354e+01
4.012516133191573431e+01
4.013653064839031970e+01
4.011750340782761270e+01
3.955009338514108919e+01
3.948336003781821546e+01
3.948985171454960152e+01
3.949335498633759300e+01
3.949969483983932861e+01
3.950529223963975767e+01
3.951155130402678139e+01
3.951487693249512745e+01
3.952082501698151873e+01
3.952678147347737081e+01
3.953251750807783083e+01
3.922112671772100612e+01
3.922603228198603631e+01
3.923222795909656213e+01
3.923879748999567596e+01
3.924339043533564109e+01
3.924989375832751648e+01
3.904717471753623670e+01
3.905243147341937515e+01
3.888656560301333798e+01
3.889463243328633268e+01
3.877561481744010763e+01
3.851817686774650440e+01
3.852046263808630044e+01
3.852385116879580806e+01
3.852853941436333685e+01
3.853165754893005612e+01
3.853618247133357499e+01
3.853922634993687524e+01
3.854363955206822823e+01
3.854877824166638334e+01
3.827386468157207844e+01
3.815944886355875099e+01
3.816424751517409675e+01
3.816784599865339089e+01
3.817236467521571797e+01
3.817591711136286392e+01
3.818221971069320375e+01
3.818577830682186658e+01
3.819220213180514634e+01
3.819725482795488603e+01
3.820502742403271412e+01
3.857687532555254961e+01
3.766932267226587783e+01
3.767275248429242396e+01
3.767620447885762758e+01
3.767620447885762758e+01
3.767946514323813290e+01
3.768285432043190042e+01
3.768285432043190042e+01
3.721368966417450252e+01
3.721666017280660554e+01
3.721666017280660554e+01
3.722007772887536703e+01
3.722295666180664142e+01
3.722295666180664142e+01
3.722599747881076837e+01
3.722918529880271876e+01
3.723196390414824464e+01
3.723196390414824464e+01
3.723499873796447446e+01
3.723769373070648214e+01
3.720822874428590410e+01
3.720822874428590410e+01
3.721127112331932096e+01
3.721405502282531330e+01
3.721709396584076757e+01
3.721996771154425687e+01
3.722273027982687665e+01
3.722555332270485451e+01
3.722555332270485451e+01
3.722832626602947670e+01
3.723111585157717229e+01
3.723367547042681025e+01
3.723627775750286872e+01
3.723907175241804168e+01
3.724159215578819726e+01
3.659769231707818449e+01
3.660010268377931197e+01
3.660261583094899152e+01
3.660503901453280662e+01
3.660949024549703523e+01
3.661186525353794252e+01
3.661406636823937788e+01
3.661652247292785489e+01
3.661866494281932205e+01
3.662295158577447296e+01
3.662498558775715196e+01
3.662733431577346721e+01
3.663153718288531024e+01
3.663379384273822836e+01
3.663596936827099171e+01
3.664073701897682156e+01
3.664316723138192344e+01
3.586944445281091731e+01
3.665491032420871420e+01
3.666439318954863325e+01
3.736424114951746844e+01
3.578749753133415368e+01
3.534081246375959751e+01
3.534081246375959751e+01
3.534081246375959751e+01
3.534081246375959751e+01
3.534454946375959850e+01
3.534454946375959850e+01
3.534454946375959850e+01
3.534454946375959850e+01
3.534780146375959475e+01
3.534780146375959475e+01
3.534780146375959475e+01
3.535106546375959624e+01
3.535106546375959624e+01
3.535106546375959624e+01
3.535106546375959624e+01
3.510022824461273672e+01
3.510022824461273672e+01
3.510022824461273672e+01
3.510342424461273936e+01
3.510342424461273936e+01
3.510342424461273936e+01
3.510685324461273638e+01
3.510685324461273638e+01
3.510685324461273638e+01
3.510685324461273638e+01
3.511018124461273260e+01
3.511018124461273260e+01
3.511018124461273260e+01
3.511324124461273755e+01
3.511324124461273755e+01
3.511324124461273755e+01
3.511644124461273719e+01
3.511644124461273719e+01
3.511644124461273719e+01
3.511644124461273719e+01
3.511976724461273136e+01
3.511976724461273136e+01
3.511976724461273136e+01
3.512273524461274121e+01
3.512273524461274121e+01
3.512273524461274121e+01
3.512603424461273960e+01
3.512603424461273960e+01
3.512603424461273960e+01
3.512904924461273737e+01
3.512904924461273737e+01
3.512904924461273737e+01
3.513196524461273640e+01
3.513196524461273640e+01
3.513196524461273640e+01
3.513501724461274023e+01
3.513501724461274023e+01
3.513795724461273551e+01
3.513795724461273551e+01
3.513795724461273551e+01
-1.000000000000000000e+01
-1.000000000000000000e+01
-1.000000000000000000e+01
-1.000000000000000000e+01
-1.000000000000000000e+01
-1.000000000000000000e+01
-1.000000000000000000e+01
-1.000000000000000000e+01
-1.000000000000000000e+01
-1.000000000000000000e+01
-1.000000000000000000e+01
-1.000000000000000000e+01
-1.000000000000000000e+01
-1.000000000000000000e+01
-1.000000000000000000e+01
-1.000000000000000000e+01
-1.000000000000000000e+01
-1.000000000000000000e+01
-1.000000000000000000e+01
-1.000000000000000000e+01
-1.000000000000000000e+01
-1.000000000000000000e+01
-1.000000000000000000e+01
-1.000000000000000000e+01
-1.000000000000000000e+01
-1.000000000000000000e+01
-1.000000000000000000e+01
-1.000000000000000000e+01
-1.000000000000000000e+01
-1.000000000000000000e+01
-1.000000000000000000e+01
-1.000000000000000000e+01
-1.000000000000000000e+01
-1.000000000000000000e+01
-1.000000000000000000e+01
-1.000000000000000000e+01
-1.000000000000000000e+01
-1.000000000000000000e+01
-1.000000000000000000e+01
-1.000000000000000000e+01
-1.000000000000000000e+01
-1.000000000000000000e+01
-1.000000000000000000e+01
-1.000000000000000000e+01
-1.000000000000000000e+01
-1.000000000000000000e+01
-1.000000000000000000e+01
-1.000000000000000000e+01
-1.000000000000000000e+01
-1.000000000000000000e+01
-1.000000000000000000e+01
-1.000000000000000000e+01
-1.000000000000000000e+01
-1.000000000000000000e+01
-1.000000000000000000e+01
-1.000000000000000000e+01
-1.000000000000000000e+01
-1.000000000000000000e+01
-1.000000000000000000e+01
-1.000000000000000000e+01
-1.000000000000000000e+01
-1.000000000000000000e+01
-1.000000000000000000e+01
-1.000000000000000000e+01
-1.000000000000000000e+01
-1.000000000000000000e+01
-1.000000000000000000e+01
-1.000000000000000000e+01
-1.000000000000000000e+01
-1.000000000000000000e+01
-1.000000000000000000e+01
-1.000000000000000000e+01
-1.000000000000000000e+01
-1.000000000000000000e+01
-1.000000000000000000e+01
-1.000000000000000000e+01
-1.000000000000000000e+01
-1.000000000000000000e+01
-1.000000000000000000e+01
-1.000000000000000000e+01
-1.000000000000000000e+01
-1.000000000000000000e+01
-1.000000000000000000e+01
-1.000000000000000000e+01
-1.000000000000000000e+01
-1.000000000000000000e+01
-1.000000000000000000e+01
-1.000000000000000000e+01
-1.000000000000000000e+01
-1.000000000000000000e+01
-1.000000000000000000e+01
-1.000000000000000000e+01
-1.000000000000000000e+01
-1.000000000000000000e+01
-1.000000000000000000e+01
-1.000000000000000000e+01
-1.000000000000000000e+01
-1.000000000000000000e+01
-1.000000000000000000e+01
-1.000000000000000000e+01
-1.000000000000000000e+01
-1.000000000000000000e+01
-1.000000000000000000e+01
-1.000000000000000000e+01
-1.000000000000000000e+01
-1.000000000000000000e+01
-1.000000000000000000e+01
-1.000000000000000000e+01
-1.000000000000000000e+01
-1.000000000000000000e+01
-1.000000000000000000e+01
-1.000000000000000000e+01
-1.000000000000000000e+01
-1.000000000000000000e+01
-1.000000000000000000e+01
-1.000000000000000000e+01
-1.000000000000000000e+01
-1.000000000000000000e+01
-1.000000000000000000e+01
-1.000000000000000000e+01
-1.000000000000000000e+01
-1.000000000000000000e+01
-1.000000000000000000e+01
-1.000000000000000000e+01
-1.000000000000000000e+01
-1.000000000000000000e+01
-1.000000000000000000e+01
-1.000000000000000000e+01
-1.000000000000000000e+01
-1.000000000000000000e+01
-1.000000000000000000e+01
-1.000000000000000000e+01
-1.000000000000000000e+01
-1.000000000000000000e+01
-1.000000000000000000e+01
-1.000000000000000000e+01
-1.000000000000000000e+01
-1.000000000000000000e+01
-1.000000000000000000e+01
-1.000000000000000000e+01
-1.000000000000000000e+01
-1.000000000000000000e+01
-1.000000000000000000e+01
-1.000000000000000000e+01
-1.000000000000000000e+01
-1.000000000000000000e+01
-1.000000000000000000e+01
-1.000000000000000000e+01
-1.000000000000000000e+01
-1.000000000000000000e+01
-1.000000000000000000e+01
-1.000000000000000000e+01
-1.000000000000000000e+01
-1.000000000000000000e+01
-1.000000000000000000e+01
-1.000000000000000000e+01
-1.000000000000000000e+01
-1.000000000000000000e+01
-1.000000000000000000e+01
-1.000000000000000000e+01
-1.000000000000000000e+01
-1.000000000000000000e+01
-1.000000000000000000e+01
-1.000000000000000000e+01
-1.000000000000000000e+01
-1.000000000000000000e+01
-1.000000000000000000e+01
-1.000000000000000000e+01
-1.000000000000000000e+01
-1.000000000000000000e+01
-1.000000000000000000e+01
-1.000000000000000000e+01
-1.000000000000000000e+01
-1.000000000000000000e+01
-1.000000000000000000e+01
-1.000000000000000000e+01
-1.000000000000000000e+01
-1.000000000000000000e+01
-1.000000000000000000e+01
-1.000000000000000000e+01
-1.000000000000000000e+01
-1.000000000000000000e+01
-1.000000000000000000e+01
-1.000000000000000000e+01
-1.000000000000000000e+01
-1.000000000000000000e+01
-1.000000000000000000e+01
-1.000000000000000000e+01
-1.000000000000000000e+01
-1.000000000000000000e+01
-1.000000000000000000e+01
-1.000000000000000000e+01
-1.000000000000000000e+01
-1.000000000000000000e+01
-1.000000000000000000e+01
-1.000000000000000000e+01
-1.000000000000000000e+01
-1.000000000000000000e+01
-1.000000000000000000e+01
-1.000000000000000000e+01
-1.000000000000000000e+01
-1.000000000000000000e+01
-1.000000000000000000e+01
-1.000000000000000000e+01
-1.000000000000000000e+01
-1.000000000000000000e+01
-1.000000000000000000e+01
-1.000000000000000000e+01
-1.000000000000000000e+01
-1.000000000000000000e+01
-1.000000000000000000e+01
-1.000000000000000000e+01
-1.000000000000000000e+01
-1.000000000000000000e+01
-1.000000000000000000e+01
-1.000000000000000000e+01
-1.000000000000000000e+01
-1.000000000000000000e+01
-1.000000000000000000e+01
-1.000000000000000000e+01
-1.000000000000000000e+01
-1.000000000000000000e+01
-1.000000000000000000e+01
-1.000000000000000000e+01
-1.000000000000000000e+01
-1.000000000000000000e+01
-1.000000000000000000e+01
-1.000000000000000000e+01
-1.000000000000000000e+01
-1.000000000000000000e+01
-1.000000000000000000e+01
-1.000000000000000000e+01
-1.000000000000000000e+01
-1.000000000000000000e+01
-1.000000000000000000e+01
-1.000000000000000000e+01
-1.000000000000000000e+01
-1.000000000000000000e+01
-1.000000000000000000e+01
-1.000000000000000000e+01
-1.000000000000000000e+01
-1.000000000000000000e+01
-1.000000000000000000e+01
-1.000000000000000000e+01
-1.000000000000000000e+01
-1.000000000000000000e+01
-1.000000000000000000e+01
-1.000000000000000000e+01
-1.000000000000000000e+01
-1.000000000000000000e+01
-1.000000000000000000e+01
-1.000000000000000000e+01
-1.000000000000000000e+01
-1.000000000000000000e+01
-1.000000000000000000e+01
-1.000000000000000000e+01
-1.000000000000000000e+01
-1.000000000000000000e+01
-1.000000000000000000e+01
-1.000000000000000000e+01
-1.000000000000000000e+01
-1.000000000000000000e+01
-1.000000000000000000e+01
-1.000000000000000000e+01
-1.000000000000000000e+01
-1.000000000000000000e+01
-1.000000000000000000e+01
-1.000000000000000000e+01
-1.000000000000000000e+01
-1.000000000000000000e+01
-1.000000000000000000e+01
-1.000000000000000000e+01
-1.000000000000000000e+01
-1.000000000000000000e+01
-1.000000000000000000e+01
-1.000000000000000000e+01
-1.000000000000000000e+01
-1.000000000000000000e+01
-1.000000000000000000e+01
-1.000000000000000000e+01
-1.000000000000000000e+01
-1.000000000000000000e+01
-1.000000000000000000e+01
-1.000000000000000000e+01
-1.000000000000000000e+01
-1.000000000000000000e+01
-1.000000000000000000e+01
-1.000000000000000000e+01
-1.000000000000000000e+01
-1.000000000000000000e+01
-1.000000000000000000e+01
-1.000000000000000000e+01
-1.000000000000000000e+01
-1.000000000000000000e+01
-1.000000000000000000e+01
-1.000000000000000000e+01
-1.000000000000000000e+01
-1.000000000000000000e+01
-1.000000000000000000e+01
-1.000000000000000000e+01
-1.000000000000000000e+01
-1.000000000000000000e+01
-1.000000000000000000e+01
-1.000000000000000000e+01
-1.000000000000000000e+01
-1.000000000000000000e+01
-1.000000000000000000e+01
-1.000000000000000000e+01
-1.000000000000000000e+01
-1.000000000000000000e+01
-1.000000000000000000e+01
-1.000000000000000000e+01
-1.000000000000000000e+01
-1.000000000000000000e+01
-1.000000000000000000e+01
-1.000000000000000000e+01
-1.000000000000000000e+01
-1.000000000000000000e+01
-1.000000000000000000e+01
-1.000000000000000000e+01
-1.000000000000000000e+01
-1.000000000000000000e+01
-1.000000000000000000e+01
-1.000000000000000000e+01
-1.000000000000000000e+01
-1.000000000000000000e+01
-1.000000000000000000e+01
-1.000000000000000000e+01
-1.000000000000000000e+01
-1.000000000000000000e+01
-1.000000000000000000e+01
-1.000000000000000000e+01
-1.000000000000000000e+01
-1.000000000000000000e+01
-1.000000000000000000e+01
-1.000000000000000000e+01
-1.000000000000000000e+01
-1.000000000000000000e+01
-1.000000000000000000e+01
-1.000000000000000000e+01
-1.000000000000000000e+01
-1.000000000000000000e+01
-1.000000000000000000e+01
-1.000000000000000000e+01
-1.000000000000000000e+01
-1.000000000000000000e+01
-1.000000000000000000e+01
-1.000000000000000000e+01
-1.000000000000000000e+01
-1.000000000000000000e+01
-1.000000000000000000e+01
-1.000000000000000000e+01
-1.000000000000000000e+01
-1.000000000000000000e+01
-1.000000000000000000e+01
-1.000000000000000000e+01
-1.000000000000000000e+01
-1.000000000000000000e+01
-1.000000000000000000e+01
-1.000000000000000000e+01
-1.000000000000000000e+01
-1.000000000000000000e+01
-1.000000000000000000e+01
-1.000000000000000000e+01
-1.000000000000000000e+01
-1.000000000000000000e+01
-1.000000000000000000e+01
-1.000000000000000000e+01
-1.000000000000000000e+01
-1.000000000000000000e+01
-1.000000000000000000e+01
-1.000000000000000000e+01
-1.000000000000000000e+01
-1.000000000000000000e+01
-1.000000000000000000e+01
-1.000000000000000000e+01
-1.000000000000000000e+01
-1.000000000000000000e+01
-1.000000000000000000e+01
-1.000000000000000000e+01
-1.000000000000000000e+01
-1.000000000000000000e+01
-1.000000000000000000e+01
-1.000000000000000000e+01
-1.000000000000000000e+01
-1.000000000000000000e+01
-1.000000000000000000e+01
-1.000000000000000000e+01
-1.000000000000000000e+01
-1.000000000000000000e+01
-1.000000000000000000e+01
-1.000000000000000000e+01
-1.000000000000000000e+01
-1.000000000000000000e+01
-1.000000000000000000e+01
-1.000000000000000000e+01
-1.000000000000000000e+01
-1.000000000000000000e+01
-1.000000000000000000e+01
-1.000000000000000000e+01
-1.000000000000000000e+01
-1.000000000000000000e+01
-1.000000000000000000e+01
-1.000000000000000000e+01
-1.000000000000000000e+01
-1.000000000000000000e+01
-1.000000000000000000e+01
-1.000000000000000000e+01
-1.000000000000000000e+01
-1.000000000000000000e+01
-1.000000000000000000e+01
-1.000000000000000000e+01
-1.000000000000000000e+01
-1.000000000000000000e+01
-1.000000000000000000e+01
-1.000000000000000000e+01
-1.000000000000000000e+01
-1.000000000000000000e+01
-1.000000000000000000e+01
-1.000000000000000000e+01
-1.000000000000000000e+01
-1.000000000000000000e+01
-1.000000000000000000e+01
-1.000000000000000000e+01
-1.000000000000000000e+01
-1.000000000000000000e+01
-1.000000000000000000e+01
-1.000000000000000000e+01
-1.000000000000000000e+01
-1.000000000000000000e+01
-1.000000000000000000e+01
-1.000000000000000000e+01
-1.000000000000000000e+01
-1.000000000000000000e+01
-1.000000000000000000e+01
-1.000000000000000000e+01
-1.000000000000000000e+01
-1.000000000000000000e+01
-1.000000000000000000e+01
-1.000000000000000000e+01
-1.000000000000000000e+01
-1.000000000000000000e+01
-1.000000000000000000e+01
-1.000000000000000000e+01
-1.000000000000000000e+01
-1.000000000000000000e+01
-1.000000000000000000e+01
-1.000000000000000000e+01
-1.000000000000000000e+01
-1.000000000000000000e+01
-1.000000000000000000e+01
-1.000000000000000000e+01
-1.000000000000000000e+01
-1.000000000000000000e+01
-1.000000000000000000e+01
-1.000000000000000000e+01
-1.000000000000000000e+01
-1.000000000000000000e+01
-1.000000000000000000e+01
-1.000000000000000000e+01
-1.000000000000000000e+01
-1.000000000000000000e+01
-1.000000000000000000e+01
-1.000000000000000000e+01
-1.000000000000000000e+01
-1.000000000000000000e+01
-1.000000000000000000e+01
-1.000000000000000000e+01
-1.000000000000000000e+01
-1.000000000000000000e+01
-1.000000000000000000e+01
-1.000000000000000000e+01
-1.000000000000000000e+01
-1.000000000000000000e+01
-1.000000000000000000e+01
-1.000000000000000000e+01
-1.000000000000000000e+01
-1.000000000000000000e+01
-1.000000000000000000e+01
-1.000000000000000000e+01
-1.000000000000000000e+01
-1.000000000000000000e+01
-1.000000000000000000e+01
-1.000000000000000000e+01
-1.000000000000000000e+01
-1.000000000000000000e+01
-1.000000000000000000e+01
-1.000000000000000000e+01
-1.000000000000000000e+01
-1.000000000000000000e+01
-1.000000000000000000e+01
-1.000000000000000000e+01
-1.000000000000000000e+01
-1.000000000000000000e+01
-1.000000000000000000e+01
-1.000000000000000000e+01
-1.000000000000000000e+01
-1.000000000000000000e+01
-1.000000000000000000e+01
-1.000000000000000000e+01
-1.000000000000000000e+01
-1.000000000000000000e+01
-1.000000000000000000e+01
-1.000000000000000000e+01
-1.000000000000000000e+01
-1.000000000000000000e+01
-1.000000000000000000e+01
-1.000000000000000000e+01
-1.000000000000000000e+01
-1.000000000000000000e+01
-1.000000000000000000e+01
-1.000000000000000000e+01
-1.000000000000000000e+01
-1.000000000000000000e+01
-1.000000000000000000e+01
-1.000000000000000000e+01
-1.000000000000000000e+01
-1.000000000000000000e+01
-1.000000000000000000e+01
-1.000000000000000000e+01
-1.000000000000000000e+01
-1.000000000000000000e+01
-1.000000000000000000e+01
-1.000000000000000000e+01
-1.000000000000000000e+01
-1.000000000000000000e+01
-1.000000000000000000e+01
-1.000000000000000000e+01
-1.000000000000000000e+01
-1.000000000000000000e+01
-1.000000000000000000e+01
-1.000000000000000000e+01
-1.000000000000000000e+01
-1.000000000000000000e+01
-1.000000000000000000e+01
-1.000000000000000000e+01
-1.000000000000000000e+01
-1.000000000000000000e+01
-1.000000000000000000e+01
-1.000000000000000000e+01
-1.000000000000000000e+01
-1.000000000000000000e+01
-1.000000000000000000e+01
-1.000000000000000000e+01
-1.000000000000000000e+01
-1.000000000000000000e+01
-1.000000000000000000e+01
-1.000000000000000000e+01
-1.000000000000000000e+01
-1.000000000000000000e+01
-1.000000000000000000e+01
-1.000000000000000000e+01
-1.000000000000000000e+01
-1.000000000000000000e+01
-1.000000000000000000e+01
-1.000000000000000000e+01
-1.000000000000000000e+01
-1.000000000000000000e+01
-1.000000000000000000e+01
-1.000000000000000000e+01
-1.000000000000000000e+01
-1.000000000000000000e+01
-1.000000000000000000e+01
-1.000000000000000000e+01
-1.000000000000000000e+01
-1.000000000000000000e+01
-1.000000000000000000e+01
-1.000000000000000000e+01
-1.000000000000000000e+01
-1.000000000000000000e+01
-1.000000000000000000e+01
-1.000000000000000000e+01
-1.000000000000000000e+01
-1.000000000000000000e+01
-1.000000000000000000e+01
-1.000000000000000000e+01
-1.000000000000000000e+01
-1.000000000000000000e+01
-1.000000000000000000e+01
-1.000000000000000000e+01
-1.000000000000000000e+01
-1.000000000000000000e+01
-1.000000000000000000e+01
-1.000000000000000000e+01
-1.000000000000000000e+01
-1.000000000000000000e+01
-1.000000000000000000e+01
-1.000000000000000000e+01
-1.000000000000000000e+01
-1.000000000000000000e+01
-1.000000000000000000e+01
-1.000000000000000000e+01
-1.000000000000000000e+01
-1.000000000000000000e+01
-1.000000000000000000e+01
-1.000000000000000000e+01
-1.000000000000000000e+01
-1.000000000000000000e+01
-1.000000000000000000e+01
-1.000000000000000000e+01
-1.000000000000000000e+01
-1.000000000000000000e+01
-1.000000000000000000e+01
-1.000000000000000000e+01
-1.000000000000000000e+01
-1.000000000000000000e+01
-1.000000000000000000e+01
-1.000000000000000000e+01
-1.000000000000000000e+01
-1.000000000000000000e+01
-1.000000000000000000e+01
-1.000000000000000000e+01
-1.000000000000000000e+01
-1.000000000000000000e+01
-1.000000000000000000e+01
-1.000000000000000000e+01
-1.000000000000000000e+01
-1.000000000000000000e+01
-1.000000000000000000e+01
-1.000000000000000000e+01
-1.000000000000000000e+01
-1.000000000000000000e+01
-1.000000000000000000e+01
-1.000000000000000000e+01
-1.000000000000000000e+01
-1.000000000000000000e+01
-1.000000000000000000e+01
-1.000000000000000000e+01
-1.000000000000000000e+01
-1.000000000000000000e+01
-1.000000000000000000e+01
-1.000000000000000000e+01
-1.000000000000000000e+01
-1.000000000000000000e+01
-1.000000000000000000e+01
-1.000000000000000000e+01
-1.000000000000000000e+01
-1.000000000000000000e+01
-1.000000000000000000e+01
-1.000000000000000000e+01
-1.000000000000000000e+01
-1.000000000000000000e+01
-1.000000000000000000e+01
-1.000000000000000000e+01
-1.000000000000000000e+01
-1.000000000000000000e+01
-1.000000000000000000e+01
-1.000000000000000000e+01
-1.000000000000000000e+01
-1.000000000000000000e+01
-1.000000000000000000e+01
-1.000000000000000000e+01
-1.000000000000000000e+01
-1.000000000000000000e+01
-1.000000000000000000e+01
-1.000000000000000000e+01
-1.000000000000000000e+01
-1.000000000000000000e+01
-1.000000000000000000e+01
-1.000000000000000000e+01
-1.000000000000000000e+01
-1.000000000000000000e+01
-1.000000000000000000e+01
-1.000000000000000000e+01
-1.000000000000000000e+01
-1.000000000000000000e+01
-1.000000000000000000e+01
-1.000000000000000000e+01
-1.000000000000000000e+01
-1.000000000000000000e+01
-1.000000000000000000e+01
-1.000000000000000000e+01
-1.000000000000000000e+01
-1.000000000000000000e+01
-1.000000000000000000e+01
-1.000000000000000000e+01
-1.000000000000000000e+01
-1.000000000000000000e+01
-1.000000000000000000e+01
-1.000000000000000000e+01
-1.000000000000000000e+01
-1.000000000000000000e+01
-1.000000000000000000e+01
-1.000000000000000000e+01
-1.000000000000000000e+01
-1.000000000000000000e+01
-1.000000000000000000e+01
-1.000000000000000000e+01
-1.000000000000000000e+01
-1.000000000000000000e+01
-1.000000000000000000e+01
-1.000000000000000000e+01
-1.000000000000000000e+01
-1.000000000000000000e+01
-1.000000000000000000e+01
-1.000000000000000000e+01
-1.000000000000000000e+01
-1.000000000000000000e+01
-1.000000000000000000e+01
-1.000000000000000000e+01
-1.000000000000000000e+01
-1.000000000000000000e+01
-1.000000000000000000e+01
-1.000000000000000000e+01
-1.000000000000000000e+01
-1.000000000000000000e+01
-1.000000000000000000e+01
-1.000000000000000000e+01
-1.000000000000000000e+01
-1.000000000000000000e+01
-1.000000000000000000e+01
-1.000000000000000000e+01
-1.000000000000000000e+01
-1.000000000000000000e+01
-1.000000000000000000e+01
-1.000000000000000000e+01
-1.000000000000000000e+01
-1.000000000000000000e+01
-1.000000000000000000e+01
-1.000000000000000000e+01
-1.000000000000000000e+01
-1.000000000000000000e+01
-1.000000000000000000e+01
-1.000000000000000000e+01
-1.000000000000000000e+01
-1.000000000000000000e+01
-1.000000000000000000e+01
-1.000000000000000000e+01
-1.000000000000000000e+01
-1.000000000000000000e+01
-1.000000000000000000e+01
-1.000000000000000000e+01
-1.000000000000000000e+01
-1.000000000000000000e+01
-1.000000000000000000e+01
-1.000000000000000000e+01
-1.000000000000000000e+01
-1.000000000000000000e+01
-1.000000000000000000e+01
-1.000000000000000000e+01
-1.000000000000000000e+01
-1.000000000000000000e+01
-1.000000000000000000e+01
-1.000000000000000000e+01
-1.000000000000000000e+01
-1.000000000000000000e+01
-1.000000000000000000e+01
-1.000000000000000000e+01
-1.000000000000000000e+01
-1.000000000000000000e+01
-1.000000000000000000e+01
-1.000000000000000000e+01
-1.000000000000000000e+01
-1.000000000000000000e+01
-1.000000000000000000e+01
-1.000000000000000000e+01
-1.000000000000000000e+01
-1.000000000000000000e+01
-1.000000000000000000e+01
-1.000000000000000000e+01
-1.000000000000000000e+01
-1.000000000000000000e+01
-1.000000000000000000e+01
-1.000000000000000000e+01
-1.000000000000000000e+01
-1.000000000000000000e+01
-1.000000000000000000e+01
-1.000000000000000000e+01
-1.000000000000000000e+01
-1.000000000000000000e+01
-1.000000000000000000e+01
-1.000000000000000000e+01
-1.000000000000000000e+01
-1.000000000000000000e+01
-1.000000000000000000e+01
-1.000000000000000000e+01
-1.000000000000000000e+01
-1.000000000000000000e+01
-1.000000000000000000e+01
-1.000000000000000000e+01
-1.000000000000000000e+01
-1.000000000000000000e+01
-1.000000000000000000e+01
-1.000000000000000000e+01
-1.000000000000000000e+01
-1.000000000000000000e+01
-1.000000000000000000e+01
-1.000000000000000000e+01
-1.000000000000000000e+01
-1.000000000000000000e+01
-1.000000000000000000e+01
-1.000000000000000000e+01
-1.000000000000000000e+01
-1.000000000000000000e+01
-1.000000000000000000e+01
-1.000000000000000000e+01
-1.000000000000000000e+01
-1.000000000000000000e+01
-1.000000000000000000e+01
-1.000000000000000000e+01
-1.000000000000000000e+01
-1.000000000000000000e+01
-1.000000000000000000e+01
-1.000000000000000000e+01
