9.100000000000000000e+01 -inf
9.400000000000000000e+01 -inf
9.600000000000000000e+01 -inf
9.800000000000000000e+01 -inf
1.000000000000000000e+02 -inf
1.020000000000000000e+02 -inf
1.040000000000000000e+02 -inf
1.060000000000000000e+02 -inf
1.080000000000000000e+02 -inf
1.100000000000000000e+02 -inf
1.140000000000000000e+02 -inf
1.180000000000000000e+02 -inf
1.210000000000000000e+02 -inf
1.250000000000000000e+02 -inf
1.270000000000000000e+02 -inf
1.280000000000000000e+02 -inf
1.310000000000000000e+02 -inf
1.320000000000000000e+02 -inf
1.340000000000000000e+02 -inf
1.370000000000000000e+02 -inf
1.400000000000000000e+02 -inf
1.430000000000000000e+02 -inf
1.470000000000000000e+02 -inf
1.510000000000000000e+02 -inf
1.550000000000000000e+02 -inf
1.590000000000000000e+02 -inf
1.620000000000000000e+02 -inf
1.660000000000000000e+02 -inf
1.700000000000000000e+02 -inf
1.730000000000000000e+02 -inf
1.770000000000000000e+02 -inf
1.800000000000000000e+02 -inf
1.820000000000000000e+02 -inf
1.860000000000000000e+02 -inf
1.910000000000000000e+02 -inf
1.940000000000000000e+02 -inf
1.980000000000000000e+02 -inf
2.020000000000000000e+02 -inf
2.050000000000000000e+02 -inf
2.100000000000000000e+02 -inf
2.160000000000000000e+02 -inf
2.200000000000000000e+02 -inf
2.230000000000000000e+02 -inf
2.270000000000000000e+02 -inf
2.300000000000000000e+02 2.314790138676631415e+01
2.340000000000000000e+02 2.351212186234868895e+01
2.400000000000000000e+02 2.389460736810072561e+01
2.460000000000000000e+02 2.428887520548021683e+01
2.520000000000000000e+02 2.463143035487766497e+01
2.570000000000000000e+02 2.484933937711119256e+01
2.600000000000000000e+02 2.505196252271420221e+01
2.640000000000000000e+02 2.525604334298387954e+01
2.690000000000000000e+02 2.547983518497480659e+01
2.740000000000000000e+02 2.571974205750990450e+01
2.790000000000000000e+02 2.595374700506668830e+01
2.840000000000000000e+02 2.621121658477564864e+01
2.900000000000000000e+02 2.646621450273919862e+01
2.960000000000000000e+02 2.671298276808970584e+01
3.010000000000000000e+02 2.690780533521508744e+01
3.080000000000000000e+02 2.716372987890084545e+01
3.180000000000000000e+02 2.754663899632160451e+01
3.280000000000000000e+02 2.787535244099665732e+01
3.380000000000000000e+02 2.820157362254489897e+01
3.480000000000000000e+02 2.849944717236306957e+01
3.570000000000000000e+02 2.883279695591497926e+01
3.660000000000000000e+02 2.908368335309548414e+01
3.750000000000000000e+02 2.929677815554978082e+01
3.850000000000000000e+02 2.953521775487030254e+01
3.950000000000000000e+02 2.976416299570302471e+01
4.050000000000000000e+02 2.997227159685512987e+01
4.140000000000000000e+02 3.015765537186734591e+01
4.220000000000000000e+02 3.030681972896580234e+01
4.300000000000000000e+02 3.045897540761168898e+01
4.410000000000000000e+02 3.065439394123366412e+01
4.510000000000000000e+02 3.082169237876581036e+01
4.600000000000000000e+02 3.096290053441607171e+01
4.700000000000000000e+02 3.111972464997646881e+01
4.800000000000000000e+02 3.126613117059133273e+01
4.900000000000000000e+02 3.140935275549834316e+01
5.000000000000000000e+02 3.154483358160488393e+01
5.060000000000000000e+02 3.252674475545055799e+01
5.120000000000000000e+02 3.320908093696035479e+01
5.200000000000000000e+02 3.328314612080232138e+01
5.300000000000000000e+02 3.338554421896459701e+01
5.400000000000000000e+02 3.341472037031015674e+01
5.500000000000000000e+02 3.358092216903483518e+01
5.600000000000000000e+02 3.364995911563137554e+01
5.700000000000000000e+02 3.374038784893234322e+01
5.800000000000000000e+02 3.373355286048460755e+01
5.900000000000000000e+02 3.385391459310288553e+01
6.000000000000000000e+02 3.392250783088560695e+01
6.100000000000000000e+02 3.399837251339489086e+01
6.200000000000000000e+02 3.404777148333037928e+01
6.300000000000000000e+02 3.410360572761056375e+01
6.400000000000000000e+02 3.412785029144245641e+01
6.500000000000000000e+02 3.419340870293700618e+01
6.580000000000000000e+02 3.424367082245785099e+01
6.650000000000000000e+02 3.427230104756623064e+01
6.750000000000000000e+02 3.429210322800779664e+01
6.850000000000000000e+02 3.432877865537794548e+01
6.950000000000000000e+02 3.440748654563714126e+01
7.050000000000000000e+02 3.443174435629632768e+01
7.160000000000000000e+02 3.448412521871386360e+01
7.260000000000000000e+02 3.451398558695071017e+01
7.350000000000000000e+02 3.453887239044746593e+01
7.450000000000000000e+02 3.459246157981190350e+01
7.550000000000000000e+02 3.462909758820762107e+01
7.650000000000000000e+02 3.466477326654209179e+01
7.750000000000000000e+02 3.470109933618265075e+01
7.850000000000000000e+02 3.473510599489726758e+01
7.950000000000000000e+02 3.475857449554617062e+01
8.050000000000000000e+02 3.478490068684288161e+01
8.150000000000000000e+02 3.480569232376699063e+01
8.250000000000000000e+02 3.484382839332349135e+01
8.350000000000000000e+02 3.482471833989265519e+01
8.450000000000000000e+02 3.488003088110579597e+01
8.550000000000000000e+02 3.490134596894719721e+01
8.650000000000000000e+02 3.493110641145297279e+01
8.750000000000000000e+02 3.496221674151961878e+01
8.850000000000000000e+02 3.499462130946735527e+01
8.950000000000000000e+02 3.501789308481629348e+01
9.050000000000000000e+02 3.502569072878984002e+01
9.150000000000000000e+02 3.520798096304957880e+01
9.250000000000000000e+02 3.605118319998024390e+01
9.350000000000000000e+02 3.650425961653080265e+01
9.450000000000000000e+02 3.687944550717902104e+01
9.550000000000000000e+02 3.701121256821052441e+01
9.650000000000000000e+02 3.709194976855354042e+01
9.750000000000000000e+02 3.632995833598329227e+01
9.850000000000000000e+02 3.705626961530941088e+01
9.950000000000000000e+02 3.703036601317861454e+01
1.005000000000000000e+03 3.712999029781222760e+01
1.015000000000000000e+03 3.710409125522177476e+01
1.025000000000000000e+03 3.670307574662403738e+01
1.035000000000000000e+03 3.698794334863097788e+01
1.045000000000000000e+03 3.718629926394419272e+01
1.055000000000000000e+03 3.715752868219603045e+01
1.065000000000000000e+03 3.708031168528896160e+01
1.075000000000000000e+03 3.713203630450520620e+01
1.085000000000000000e+03 3.705601001755410095e+01
1.095000000000000000e+03 3.713492153435303322e+01
1.105000000000000000e+03 3.709830249164141946e+01
1.115000000000000000e+03 3.708901200103417750e+01
1.125000000000000000e+03 3.702718862865106075e+01
1.135000000000000000e+03 3.709966311847355058e+01
1.145000000000000000e+03 3.705882317420025629e+01
1.155000000000000000e+03 3.707055773993732828e+01
1.165000000000000000e+03 3.707091842959293615e+01
1.175000000000000000e+03 3.691188764659328569e+01
1.185000000000000000e+03 3.705390574426369454e+01
1.195000000000000000e+03 3.699509068940611201e+01
1.205000000000000000e+03 3.687092281030274421e+01
1.215000000000000000e+03 3.662836043377156159e+01
1.225000000000000000e+03 3.694057685211738828e+01
1.235000000000000000e+03 3.702009508114619507e+01
1.245000000000000000e+03 3.702621225159003870e+01
1.255000000000000000e+03 3.700628459789279390e+01
1.265000000000000000e+03 3.699097809939893722e+01
1.275000000000000000e+03 3.701688147156384900e+01
1.285000000000000000e+03 3.701003232654081643e+01
1.295000000000000000e+03 3.693356425204736126e+01
1.305000000000000000e+03 3.694455590931538325e+01
1.315000000000000000e+03 3.699099953596673629e+01
1.325000000000000000e+03 3.696348790007313312e+01
1.335000000000000000e+03 3.693704208608062345e+01
1.345000000000000000e+03 3.695434200003684566e+01
1.355000000000000000e+03 3.694762722440428604e+01
1.365000000000000000e+03 3.691549725549844396e+01
1.375000000000000000e+03 3.690835900759257981e+01
1.385000000000000000e+03 3.690624670808005447e+01
1.395000000000000000e+03 3.681878106705620723e+01
1.405000000000000000e+03 3.683801762876315422e+01
1.415000000000000000e+03 3.686663432873285728e+01
1.425000000000000000e+03 3.685730316724189493e+01
1.435000000000000000e+03 3.686279188521674399e+01
1.442000000000000000e+03 3.686935477268692551e+01
1.447000000000000000e+03 3.686051606548377890e+01
1.455000000000000000e+03 3.685016715167172663e+01
1.465000000000000000e+03 3.682026813112844366e+01
1.475000000000000000e+03 3.681993029525177974e+01
1.485000000000000000e+03 3.681206329814388312e+01
1.495000000000000000e+03 3.680591546374577661e+01
1.505000000000000000e+03 3.677234840319739817e+01
1.512000000000000000e+03 3.672407204593103813e+01
1.517000000000000000e+03 3.673807968323522744e+01
1.525000000000000000e+03 3.674787426740461171e+01
1.535000000000000000e+03 3.669004372036718564e+01
1.545000000000000000e+03 3.669004366209088630e+01
1.555000000000000000e+03 3.667240532335600989e+01
1.565000000000000000e+03 3.669627584636806716e+01
1.575000000000000000e+03 3.671588589910295752e+01
1.585000000000000000e+03 3.671295357859170849e+01
1.595000000000000000e+03 3.671251486159553679e+01
1.605000000000000000e+03 3.670930991199453786e+01
1.615000000000000000e+03 3.670188211482998497e+01
1.625000000000000000e+03 3.669234638460615372e+01
1.635000000000000000e+03 3.670920833012673512e+01
1.645000000000000000e+03 3.670373953233707454e+01
1.655000000000000000e+03 3.669414599125136078e+01
1.665000000000000000e+03 3.670344324528423385e+01
1.672000000000000000e+03 3.668611139128621801e+01
1.677000000000000000e+03 3.670638566838469785e+01
1.685000000000000000e+03 3.670003782546059057e+01
1.695000000000000000e+03 3.667976190865820030e+01
1.705000000000000000e+03 3.666384754526056611e+01
1.715000000000000000e+03 3.664238097195610777e+01
1.725000000000000000e+03 3.663615041374220027e+01
1.735000000000000000e+03 3.664898458903764578e+01
1.745000000000000000e+03 3.663606107013988122e+01
1.755000000000000000e+03 3.664243810460880013e+01
1.765000000000000000e+03 3.662523910027904606e+01
1.775000000000000000e+03 3.661090756292939830e+01
1.785000000000000000e+03 3.661462402217995304e+01
1.795000000000000000e+03 3.662358207393993581e+01
1.805000000000000000e+03 3.662321980300794166e+01
1.815000000000000000e+03 3.658271977141495057e+01
1.825000000000000000e+03 3.659621920178478405e+01
1.835000000000000000e+03 3.658142135333579859e+01
1.845000000000000000e+03 3.654418994946122723e+01
1.855000000000000000e+03 3.654181430971820532e+01
1.865000000000000000e+03 3.654795557787453220e+01
1.875000000000000000e+03 3.656602039238322277e+01
1.885000000000000000e+03 3.652004931698452594e+01
1.895000000000000000e+03 3.648922091456734051e+01
1.905000000000000000e+03 3.652162193618139696e+01
1.915000000000000000e+03 3.649676488501058458e+01
1.925000000000000000e+03 3.647887395693700086e+01
1.935000000000000000e+03 3.649907437895773654e+01
1.945000000000000000e+03 3.650795987271138188e+01
1.955000000000000000e+03 3.646799953632476843e+01
1.967000000000000000e+03 3.649697557014397375e+01
1.976000000000000000e+03 3.651283615628577905e+01
1.984000000000000000e+03 3.648148429487867617e+01
1.995000000000000000e+03 3.647244534498123869e+01
2.005000000000000000e+03 3.648222567356228296e+01
2.015000000000000000e+03 3.647717061687478690e+01
2.025000000000000000e+03 3.648922467712100115e+01
2.035000000000000000e+03 3.645391785491511882e+01
2.045000000000000000e+03 3.645811083100230121e+01
2.055000000000000000e+03 3.644582461929336148e+01
2.065000000000000000e+03 3.644898022153346062e+01
2.074000000000000000e+03 3.646740933224457848e+01
2.078000000000000000e+03 3.643067244656521098e+01
2.085000000000000000e+03 3.644509499975100653e+01
2.095000000000000000e+03 3.642184820404418133e+01
2.105000000000000000e+03 3.643408910760636843e+01
2.115000000000000000e+03 3.643206129540047300e+01
2.125000000000000000e+03 3.643679710928915938e+01
2.135000000000000000e+03 3.642693875628368261e+01
2.145000000000000000e+03 3.640695026707592774e+01
2.155000000000000000e+03 3.642102864734012968e+01
2.165000000000000000e+03 3.641645234013083154e+01
2.175000000000000000e+03 3.640996987748327030e+01
2.185000000000000000e+03 3.639952885419246797e+01
2.195000000000000000e+03 3.640318589608669697e+01
2.205000000000000000e+03 3.639702000184832542e+01
2.215000000000000000e+03 3.638984198881924925e+01
2.225000000000000000e+03 3.637796722406748273e+01
2.235000000000000000e+03 3.637572517549089923e+01
2.245000000000000000e+03 3.637543250287744456e+01
2.255000000000000000e+03 3.636348362207053242e+01
2.265000000000000000e+03 3.636602283342432429e+01
2.275000000000000000e+03 3.636070938377246620e+01
2.285000000000000000e+03 3.636017211087680323e+01
2.295000000000000000e+03 3.634028665371556599e+01
2.305000000000000000e+03 3.634537183265511828e+01
2.315000000000000000e+03 3.633299886419258939e+01
2.325000000000000000e+03 3.627750682303091168e+01
2.335000000000000000e+03 3.631463939043214140e+01
2.345000000000000000e+03 3.631268971574662885e+01
2.355000000000000000e+03 3.631329164883489824e+01
2.365000000000000000e+03 3.630511007751361774e+01
2.375000000000000000e+03 3.629977945243451387e+01
2.385000000000000000e+03 3.629355261940688848e+01
2.395000000000000000e+03 3.629265147214965737e+01
2.405000000000000000e+03 3.628329386640282195e+01
2.415000000000000000e+03 3.627937347172647975e+01
2.425000000000000000e+03 3.627993968201798225e+01
2.435000000000000000e+03 3.626772533858947156e+01
2.445000000000000000e+03 3.626828139725962785e+01
2.455000000000000000e+03 3.626706132214384581e+01
2.465000000000000000e+03 3.625845251698152794e+01
2.475000000000000000e+03 3.625287783991831247e+01
2.485000000000000000e+03 3.624972587331087936e+01
2.495000000000000000e+03 3.622269369213516654e+01
2.505000000000000000e+03 3.623991389598705837e+01
2.513000000000000000e+03 3.622099258054528548e+01
2.518000000000000000e+03 3.623320969103950517e+01
2.525000000000000000e+03 3.622536501857524627e+01
2.535000000000000000e+03 3.621917148099281292e+01
2.545000000000000000e+03 3.621061606300220603e+01
2.555000000000000000e+03 3.621437000149775542e+01
2.565000000000000000e+03 3.620850006329295923e+01
2.575000000000000000e+03 3.620836665639649965e+01
2.585000000000000000e+03 3.620408116326846226e+01
2.595000000000000000e+03 3.619914083631573476e+01
2.605000000000000000e+03 3.619275123041359166e+01
2.615000000000000000e+03 3.618770181798258534e+01
2.625000000000000000e+03 3.618436879237988535e+01
2.635000000000000000e+03 3.618041848122310000e+01
2.645000000000000000e+03 3.618194046124344254e+01
2.655000000000000000e+03 3.617877707637279627e+01
2.665000000000000000e+03 3.616700348526424591e+01
2.675000000000000000e+03 3.616682577469593696e+01
2.685000000000000000e+03 3.616448993610772078e+01
2.695000000000000000e+03 3.615261449127601168e+01
2.705000000000000000e+03 3.615007713263218392e+01
2.715000000000000000e+03 3.614548983099277280e+01
2.725000000000000000e+03 3.613978520955464546e+01
2.735000000000000000e+03 3.613966509045612696e+01
2.745000000000000000e+03 3.612533826166271922e+01
2.755000000000000000e+03 3.612354525769869440e+01
2.765000000000000000e+03 3.612045294063273815e+01
2.775000000000000000e+03 3.612257543274635907e+01
2.785000000000000000e+03 3.611620244632141663e+01
2.795000000000000000e+03 3.609804765095863388e+01
2.805000000000000000e+03 3.610276277183441351e+01
2.815000000000000000e+03 3.610506182257311991e+01
2.825000000000000000e+03 3.609823299497821836e+01
2.835000000000000000e+03 3.608494818129442194e+01
2.845000000000000000e+03 3.608843032688380958e+01
2.855000000000000000e+03 3.608367514094697981e+01
2.865000000000000000e+03 3.608341691964838560e+01
2.875000000000000000e+03 3.607837123566652338e+01
2.885000000000000000e+03 3.607422703058325908e+01
2.895000000000000000e+03 3.606945781496590087e+01
2.910000000000000000e+03 3.606333751600178772e+01
2.930000000000000000e+03 3.605402913249586305e+01
2.950000000000000000e+03 3.604234912395074275e+01
2.970000000000000000e+03 3.603758765765202554e+01
2.990000000000000000e+03 3.602822410050528390e+01
3.010000000000000000e+03 3.601840080268246425e+01
3.030000000000000000e+03 3.601366127004784090e+01
3.050000000000000000e+03 3.600555320188594521e+01
3.070000000000000000e+03 3.599721392454597435e+01
3.090000000000000000e+03 3.598668460840373484e+01
3.110000000000000000e+03 3.598068422472420025e+01
3.130000000000000000e+03 3.597148445990971766e+01
3.150000000000000000e+03 3.596454709071709033e+01
3.170000000000000000e+03 3.595607616294307007e+01
3.190000000000000000e+03 3.594427974354862698e+01
3.210000000000000000e+03 3.594100323284679632e+01
3.230000000000000000e+03 3.593137470063310701e+01
3.250000000000000000e+03 3.592598434695643306e+01
3.270000000000000000e+03 3.591957263056188054e+01
3.290000000000000000e+03 3.591181602985626853e+01
3.310000000000000000e+03 3.590454986840536833e+01
3.330000000000000000e+03 3.589670460792768125e+01
3.350000000000000000e+03 3.588808207098388436e+01
3.370000000000000000e+03 3.587920618940638917e+01
3.390000000000000000e+03 3.587280722408989675e+01
3.410000000000000000e+03 3.586635639591135316e+01
3.430000000000000000e+03 3.585414727916282374e+01
3.450000000000000000e+03 3.584752442005203221e+01
3.470000000000000000e+03 3.584422988905356533e+01
3.490000000000000000e+03 3.583881848861958730e+01
3.510000000000000000e+03 3.583436927290338758e+01
3.530000000000000000e+03 3.582564613170434598e+01
3.550000000000000000e+03 3.582239339147128732e+01
3.570000000000000000e+03 3.580991867839960463e+01
3.590000000000000000e+03 3.579929782346088274e+01
3.610000000000000000e+03 3.579594610931366105e+01
3.630000000000000000e+03 3.579326297822694869e+01
3.640000000000000000e+03 3.579478945495166897e+01
3.650000000000000000e+03 3.579138267226355197e+01
3.670000000000000000e+03 3.578984598077673951e+01
3.690000000000000000e+03 3.576638689742601684e+01
3.710000000000000000e+03 3.575553252961745443e+01
3.730000000000000000e+03 3.573668200353634461e+01
3.750000000000000000e+03 3.577319424135324510e+01
3.770000000000000000e+03 3.578019724742535601e+01
3.790000000000000000e+03 3.580482422452485736e+01
3.810000000000000000e+03 3.582509562757142874e+01
3.830000000000000000e+03 3.576110853520221866e+01
3.850000000000000000e+03 3.582772293930486285e+01
3.870000000000000000e+03 3.583153648947099157e+01
3.890000000000000000e+03 3.574057364040042728e+01
3.910000000000000000e+03 3.583228172600713890e+01
3.930000000000000000e+03 3.580441510567345631e+01
3.950000000000000000e+03 3.581010026086165965e+01
3.970000000000000000e+03 3.569347222185660939e+01
3.990000000000000000e+03 3.581294391013926059e+01
4.010000000000000000e+03 3.582656286872725104e+01
4.030000000000000000e+03 3.581048201807043796e+01
4.050000000000000000e+03 3.581430849980174003e+01
4.070000000000000000e+03 3.579743369569399647e+01
4.090000000000000000e+03 3.578309840925103202e+01
4.110000000000000000e+03 3.572555991888695104e+01
4.130000000000000000e+03 3.578193830438920031e+01
4.150000000000000000e+03 3.577997495774976500e+01
4.170000000000000000e+03 3.577631509192860904e+01
4.190000000000000000e+03 3.577465549788878718e+01
4.210000000000000000e+03 3.577082868422652950e+01
4.230000000000000000e+03 3.576034154582151814e+01
4.250000000000000000e+03 3.576327601643613008e+01
4.270000000000000000e+03 3.574910338137723897e+01
4.290000000000000000e+03 3.574377270992308553e+01
4.310000000000000000e+03 3.572653308823274187e+01
4.330000000000000000e+03 3.571842081982845940e+01
4.350000000000000000e+03 3.569146317737482832e+01
4.370000000000000000e+03 3.574807831073505326e+01
4.390000000000000000e+03 3.572866298235490490e+01
4.410000000000000000e+03 3.573029552407461296e+01
4.430000000000000000e+03 3.573742770174449390e+01
4.450000000000000000e+03 3.573630933174218427e+01
4.470000000000000000e+03 3.572835658027966588e+01
4.490000000000000000e+03 3.574026333667952571e+01
4.510000000000000000e+03 3.575986284765060219e+01
4.530000000000000000e+03 3.573183612008232046e+01
4.550000000000000000e+03 3.573345914463988038e+01
4.570000000000000000e+03 3.574356506271893608e+01
4.590000000000000000e+03 3.573350479476302155e+01
4.610000000000000000e+03 3.573450140026309896e+01
4.630000000000000000e+03 3.572668741656598712e+01
4.650000000000000000e+03 3.572369792881095663e+01
4.670000000000000000e+03 3.573087114105734940e+01
4.690000000000000000e+03 3.572675761143011641e+01
4.710000000000000000e+03 3.571318484761960121e+01
4.730000000000000000e+03 3.571725785192309388e+01
4.750000000000000000e+03 3.572056763995698248e+01
4.770000000000000000e+03 3.571988725623927508e+01
4.790000000000000000e+03 3.571388865105026866e+01
4.810000000000000000e+03 3.571132566223728588e+01
4.830000000000000000e+03 3.571339284706350981e+01
4.850000000000000000e+03 3.568440972428309976e+01
4.870000000000000000e+03 3.564233096684594670e+01
4.890000000000000000e+03 3.570053109784228695e+01
4.910000000000000000e+03 3.569927632687330288e+01
4.930000000000000000e+03 3.568558288617810348e+01
4.950000000000000000e+03 3.570111770961166542e+01
4.970000000000000000e+03 3.569309717753501587e+01
4.990000000000000000e+03 3.567456073348439816e+01
5.010000000000000000e+03 3.565512440360453184e+01
5.030000000000000000e+03 3.566924166075595082e+01
5.050000000000000000e+03 3.566214906475810409e+01
5.070000000000000000e+03 3.567167721930689339e+01
5.090000000000000000e+03 3.565032635959323670e+01
5.110000000000000000e+03 3.565401458108301824e+01
5.130000000000000000e+03 3.563803502596972095e+01
5.150000000000000000e+03 3.563005269951118237e+01
5.170000000000000000e+03 3.561869051578158007e+01
5.190000000000000000e+03 3.562780665461234264e+01
5.210000000000000000e+03 3.563092754103619342e+01
5.230000000000000000e+03 3.565443298463181065e+01
5.250000000000000000e+03 3.566058433616223766e+01
5.270000000000000000e+03 3.563018301820351041e+01
5.290000000000000000e+03 3.566260483832495254e+01
5.310000000000000000e+03 3.567922858364670446e+01
5.330000000000000000e+03 3.564374358401015286e+01
5.350000000000000000e+03 3.566845165726013533e+01
5.370000000000000000e+03 3.566687686370185872e+01
5.390000000000000000e+03 3.565168218915651721e+01
5.410000000000000000e+03 3.565093138237655523e+01
5.430000000000000000e+03 3.564929673477800520e+01
5.450000000000000000e+03 3.566275493298073229e+01
5.470000000000000000e+03 3.565159530688214318e+01
5.490000000000000000e+03 3.564846426467484264e+01
5.510000000000000000e+03 3.564571215567166718e+01
5.530000000000000000e+03 3.565752716602565897e+01
5.550000000000000000e+03 3.566104653166550520e+01
5.570000000000000000e+03 3.565511090330772959e+01
5.590000000000000000e+03 3.564583565542551469e+01
5.610000000000000000e+03 3.565878651327347626e+01
5.630000000000000000e+03 3.565166524040053986e+01
5.650000000000000000e+03 3.565404286052559968e+01
5.670000000000000000e+03 3.564394689803098970e+01
5.690000000000000000e+03 3.565471263479562225e+01
5.710000000000000000e+03 3.563724484683432792e+01
5.730000000000000000e+03 3.566514123901889377e+01
5.750000000000000000e+03 3.565124535366253156e+01
5.770000000000000000e+03 3.565696164062791240e+01
5.790000000000000000e+03 3.563746319248803474e+01
5.810000000000000000e+03 3.565575024214897581e+01
5.830000000000000000e+03 3.566727298482024366e+01
5.850000000000000000e+03 3.565433022454101319e+01
5.870000000000000000e+03 3.565189667142997365e+01
5.890000000000000000e+03 3.560450963176435124e+01
5.910000000000000000e+03 3.564854683019714798e+01
5.930000000000000000e+03 3.565060876287904534e+01
5.950000000000000000e+03 3.564782063046901328e+01
5.970000000000000000e+03 3.565811725118599895e+01
5.990000000000000000e+03 3.564664960561754015e+01
6.010000000000000000e+03 3.564084183208284173e+01
6.030000000000000000e+03 3.565199008263154923e+01
6.050000000000000000e+03 3.565653643759367952e+01
6.070000000000000000e+03 3.565404461850030060e+01
6.090000000000000000e+03 3.563757804891044856e+01
6.110000000000000000e+03 3.564083015894427575e+01
6.130000000000000000e+03 3.561761993487905897e+01
6.150000000000000000e+03 3.563142081220959767e+01
6.170000000000000000e+03 3.561737978338027233e+01
6.190000000000000000e+03 3.563726818979026234e+01
6.210000000000000000e+03 3.563135065772053167e+01
6.230000000000000000e+03 3.561937847735849516e+01
6.250000000000000000e+03 3.560270673781108997e+01
6.270000000000000000e+03 3.561901120551495126e+01
6.290000000000000000e+03 3.562915519199847125e+01
6.310000000000000000e+03 3.561938472909612585e+01
6.330000000000000000e+03 3.562653680165199432e+01
6.350000000000000000e+03 3.562847326872153531e+01
6.370000000000000000e+03 3.562507750092533598e+01
6.390000000000000000e+03 3.562968121299047652e+01
6.410000000000000000e+03 3.562400081068378910e+01
6.430000000000000000e+03 3.562509368929293885e+01
6.450000000000000000e+03 3.562664828500101066e+01
6.470000000000000000e+03 3.562507357547293196e+01
6.490000000000000000e+03 3.561258685782534883e+01
6.510000000000000000e+03 3.562634512811365539e+01
6.530000000000000000e+03 3.562631311029935688e+01
6.550000000000000000e+03 3.561537892842441977e+01
6.570000000000000000e+03 3.559896982930980158e+01
6.590000000000000000e+03 3.562245367617484249e+01
6.610000000000000000e+03 3.562506575631876160e+01
6.630000000000000000e+03 3.562514587201182792e+01
6.650000000000000000e+03 3.562518637619583473e+01
6.670000000000000000e+03 3.561560995831602128e+01
6.690000000000000000e+03 3.562593373024482446e+01
6.710000000000000000e+03 3.560872565688440261e+01
6.730000000000000000e+03 3.562503138489481103e+01
6.750000000000000000e+03 3.561516552762897447e+01
6.770000000000000000e+03 3.561852947940653280e+01
6.790000000000000000e+03 3.561392833124492086e+01
6.810000000000000000e+03 3.561578080402489377e+01
6.830000000000000000e+03 3.562068995181624587e+01
6.850000000000000000e+03 3.560909990955849480e+01
6.870000000000000000e+03 3.561436220019601251e+01
6.890000000000000000e+03 3.562250885607917894e+01
6.910000000000000000e+03 3.561891329210377677e+01
6.930000000000000000e+03 3.561239437593687995e+01
6.950000000000000000e+03 3.560666126056204916e+01
6.970000000000000000e+03 3.561275943778792907e+01
6.990000000000000000e+03 3.560544981183946334e+01
7.010000000000000000e+03 3.559845272730476040e+01
7.030000000000000000e+03 3.560688698842601241e+01
7.050000000000000000e+03 3.561376237794427624e+01
7.070000000000000000e+03 3.560096675736317451e+01
7.090000000000000000e+03 3.559491509040098833e+01
7.110000000000000000e+03 3.558283186309139978e+01
7.130000000000000000e+03 3.557505150670468907e+01
7.150000000000000000e+03 3.557746551031959825e+01
7.170000000000000000e+03 3.558544737831705618e+01
7.190000000000000000e+03 3.557325938179679525e+01
7.210000000000000000e+03 3.558380883343592416e+01
7.230000000000000000e+03 3.559393582792381494e+01
7.250000000000000000e+03 3.559283635936694878e+01
7.270000000000000000e+03 3.559269211202739314e+01
7.290000000000000000e+03 3.558451480644650644e+01
7.310000000000000000e+03 3.559059520609334015e+01
7.330000000000000000e+03 3.559127339059936901e+01
7.350000000000000000e+03 3.558936938014899454e+01
7.370000000000000000e+03 3.560125681355965810e+01
7.390000000000000000e+03 3.559257173810615882e+01
7.410000000000000000e+03 3.558824834252134650e+01
7.430000000000000000e+03 3.559498079150539951e+01
7.450000000000000000e+03 3.559667360342396591e+01
7.470000000000000000e+03 3.559612348889626787e+01
7.490000000000000000e+03 3.559282759168591070e+01
7.510000000000000000e+03 3.560026100515665348e+01
7.530000000000000000e+03 3.560349359094673360e+01
7.550000000000000000e+03 3.560625119682872253e+01
7.570000000000000000e+03 3.560279413231331347e+01
7.590000000000000000e+03 3.559871176700805506e+01
7.610000000000000000e+03 3.559975606111932933e+01
7.630000000000000000e+03 3.560033085076231174e+01
7.650000000000000000e+03 3.560093259140424493e+01
7.670000000000000000e+03 3.558614230650346144e+01
7.690000000000000000e+03 3.559902044824102063e+01
7.710000000000000000e+03 3.558863182874952003e+01
7.730000000000000000e+03 3.558994887069233926e+01
7.750000000000000000e+03 3.558757908616847487e+01
7.770000000000000000e+03 3.559597375343940939e+01
7.790000000000000000e+03 3.559611081644685981e+01
7.810000000000000000e+03 3.559613775784653456e+01
7.830000000000000000e+03 3.559127788188676789e+01
7.850000000000000000e+03 3.558584446564304926e+01
7.870000000000000000e+03 3.559049188891464155e+01
7.890000000000000000e+03 3.557507938574184436e+01
7.910000000000000000e+03 3.556410640678905111e+01
7.930000000000000000e+03 3.556773988872190273e+01
7.950000000000000000e+03 3.555781164382047876e+01
7.970000000000000000e+03 3.557648995938171765e+01
7.990000000000000000e+03 3.557420135547005202e+01
8.010000000000000000e+03 3.558373369499659589e+01
8.030000000000000000e+03 3.558342907969897340e+01
8.050000000000000000e+03 3.558050681132053938e+01
8.070000000000000000e+03 3.557684127138319496e+01
8.090000000000000000e+03 3.556959147070294591e+01
8.110000000000000000e+03 3.556970628859913575e+01
8.130000000000000000e+03 3.557533724756001448e+01
8.150000000000000000e+03 3.557523884992744456e+01
8.170000000000000000e+03 3.557570834417263228e+01
8.190000000000000000e+03 3.556807290109752984e+01
8.210000000000000000e+03 3.556572347092335917e+01
8.230000000000000000e+03 3.557188774444241375e+01
8.250000000000000000e+03 3.557205295497590214e+01
8.270000000000000000e+03 3.557763234398669283e+01
8.290000000000000000e+03 3.557431509409474302e+01
8.310000000000000000e+03 3.556130052917625051e+01
8.330000000000000000e+03 3.556123015635705542e+01
8.350000000000000000e+03 3.556161354672854458e+01
8.370000000000000000e+03 3.556403077861408235e+01
8.390000000000000000e+03 3.554779310561211503e+01
8.410000000000000000e+03 3.556492122066319439e+01
8.430000000000000000e+03 3.555037234148403513e+01
8.450000000000000000e+03 3.555891673650357632e+01
8.470000000000000000e+03 3.555783513097053117e+01
8.490000000000000000e+03 3.555407172873038490e+01
8.510000000000000000e+03 3.553294905861883990e+01
8.530000000000000000e+03 3.555018506734327133e+01
8.550000000000000000e+03 3.548014842821733339e+01
8.570000000000000000e+03 3.556228908223766183e+01
8.590000000000000000e+03 3.555603278610360007e+01
8.610000000000000000e+03 3.555605922157946708e+01
8.630000000000000000e+03 3.556136986399101829e+01
8.650000000000000000e+03 3.555712498415864786e+01
8.670000000000000000e+03 3.548543548088535715e+01
8.690000000000000000e+03 3.554419727136386342e+01
8.710000000000000000e+03 3.555805970275618222e+01
8.730000000000000000e+03 3.555838897213517669e+01
8.750000000000000000e+03 3.555033547960844942e+01
8.770000000000000000e+03 3.555733892813448449e+01
8.790000000000000000e+03 3.555748249724892673e+01
8.810000000000000000e+03 3.554819853458988632e+01
8.830000000000000000e+03 3.555149697434683986e+01
8.850000000000000000e+03 3.555373293738716711e+01
8.870000000000000000e+03 3.554335151994726516e+01
8.890000000000000000e+03 3.555523655584092069e+01
8.910000000000000000e+03 3.555907480656139796e+01
8.930000000000000000e+03 3.554952886754335850e+01
8.950000000000000000e+03 3.554651833892178558e+01
8.970000000000000000e+03 3.554882525423244033e+01
8.990000000000000000e+03 3.554871967370349495e+01
9.010000000000000000e+03 3.552945471991396431e+01
9.030000000000000000e+03 3.554218826721672997e+01
9.050000000000000000e+03 3.555236388581923279e+01
9.070000000000000000e+03 3.554970464861102641e+01
9.090000000000000000e+03 3.553508327151658364e+01
9.110000000000000000e+03 3.554017964242382988e+01
9.130000000000000000e+03 3.554489037610890279e+01
9.150000000000000000e+03 3.554219530058581711e+01
9.170000000000000000e+03 3.554151087077364934e+01
9.190000000000000000e+03 3.554527532764698350e+01
9.210000000000000000e+03 3.553466915721984520e+01
9.230000000000000000e+03 3.553316030983519624e+01
9.250000000000000000e+03 3.553192687057742205e+01
9.270000000000000000e+03 3.553376164441821317e+01
9.290000000000000000e+03 3.553199590531677643e+01
9.310000000000000000e+03 3.553658694512360228e+01
9.330000000000000000e+03 3.553411960900682232e+01
9.350000000000000000e+03 3.553171194069271621e+01
9.370000000000000000e+03 3.552196238697942476e+01
9.390000000000000000e+03 3.553002941372743351e+01
9.410000000000000000e+03 3.552077011496701431e+01
9.430000000000000000e+03 3.552920810682300612e+01
9.450000000000000000e+03 3.551969535513808296e+01
9.470000000000000000e+03 3.552663861965789494e+01
9.490000000000000000e+03 3.552613017341722923e+01
9.510000000000000000e+03 3.552308457046751045e+01
9.530000000000000000e+03 3.552081257781867407e+01
9.550000000000000000e+03 3.550757993479034269e+01
9.570000000000000000e+03 3.551225612298942025e+01
9.590000000000000000e+03 3.552043606123682196e+01
9.610000000000000000e+03 3.551318707083382264e+01
9.630000000000000000e+03 3.551452416993257799e+01
9.650000000000000000e+03 3.550420067349442377e+01
9.670000000000000000e+03 3.550374253750048581e+01
9.690000000000000000e+03 3.550957085048850104e+01
9.710000000000000000e+03 3.550605720975112689e+01
9.730000000000000000e+03 3.550115274513724017e+01
9.750000000000000000e+03 3.550034999534270241e+01
9.770000000000000000e+03 3.550123894343428077e+01
9.790000000000000000e+03 3.549218950781298787e+01
9.810000000000000000e+03 3.550519713392765198e+01
9.830000000000000000e+03 3.550084525020206883e+01
9.850000000000000000e+03 3.550380743655328075e+01
9.870000000000000000e+03 3.549991257280808554e+01
9.890000000000000000e+03 3.549911131269770692e+01
9.910000000000000000e+03 3.549765447402171503e+01
9.930000000000000000e+03 3.549737508321011603e+01
9.950000000000000000e+03 3.549635336495347104e+01
9.970000000000000000e+03 3.549633620986620741e+01
9.990000000000000000e+03 3.549416103476338691e+01
1.002500000000000000e+04 3.548598360017000175e+01
1.007500000000000000e+04 3.547883873488761708e+01
1.012500000000000000e+04 3.548178673625252344e+01
1.017500000000000000e+04 3.547488100316603266e+01
1.022500000000000000e+04 3.547478660886713442e+01
1.027500000000000000e+04 3.547444558772708234e+01
1.032500000000000000e+04 3.546455057584057613e+01
1.037500000000000000e+04 3.546079162037322874e+01
1.042500000000000000e+04 3.546199860976086171e+01
1.047500000000000000e+04 3.545716795853860503e+01
1.052500000000000000e+04 3.545683287360606073e+01
1.057500000000000000e+04 3.545016296157454150e+01
1.062500000000000000e+04 3.544794550092873209e+01
1.067500000000000000e+04 3.543859845941615561e+01
1.072500000000000000e+04 3.543818927212879544e+01
1.077500000000000000e+04 3.543305757962144042e+01
1.082500000000000000e+04 3.542667241427199087e+01
1.087500000000000000e+04 3.542575533567927693e+01
1.092500000000000000e+04 3.542591138995682343e+01
1.097500000000000000e+04 3.542026067636501097e+01
1.102500000000000000e+04 3.542157973803680449e+01
1.107500000000000000e+04 3.541965810780160950e+01
1.112500000000000000e+04 3.541583805834780918e+01
1.117500000000000000e+04 3.540980931743622762e+01
1.122500000000000000e+04 3.540940749254392017e+01
1.127500000000000000e+04 3.540219571708975366e+01
1.132500000000000000e+04 3.539924679629923077e+01
1.137500000000000000e+04 3.539432726445650701e+01
1.142500000000000000e+04 3.538936009489908940e+01
1.147500000000000000e+04 3.539296976051704746e+01
1.152500000000000000e+04 3.539147294781329833e+01
1.157500000000000000e+04 3.538416606975297896e+01
1.162500000000000000e+04 3.537716520316565294e+01
1.167500000000000000e+04 3.537692447184704037e+01
1.172500000000000000e+04 3.537939512175280754e+01
1.177500000000000000e+04 3.537070059032375724e+01
1.182500000000000000e+04 3.536727625259532459e+01
1.187500000000000000e+04 3.535908422574074450e+01
1.192500000000000000e+04 3.536661031102674713e+01
1.197500000000000000e+04 3.534904964072551792e+01
1.202500000000000000e+04 3.535820189272549641e+01
1.207500000000000000e+04 3.535217236209443570e+01
1.212500000000000000e+04 3.535130114078415886e+01
1.217500000000000000e+04 3.535165774809452444e+01
1.222500000000000000e+04 3.534748828882044336e+01
1.227500000000000000e+04 3.534399769198900287e+01
1.232500000000000000e+04 3.534050495059462094e+01
1.237500000000000000e+04 3.533878134251273195e+01
1.242500000000000000e+04 3.533499148156197833e+01
1.247500000000000000e+04 3.533391716132020122e+01
1.252500000000000000e+04 3.532812810999848097e+01
1.257500000000000000e+04 3.532703247050574191e+01
1.262500000000000000e+04 3.532408965509264931e+01
1.267500000000000000e+04 3.531983963194905840e+01
1.272500000000000000e+04 3.531933482864347695e+01
1.277500000000000000e+04 3.531916082146486957e+01
1.282500000000000000e+04 3.530243697020781468e+01
1.287500000000000000e+04 3.530882101479569002e+01
1.292500000000000000e+04 3.530234840475952751e+01
1.297500000000000000e+04 3.530757715667207464e+01
1.302500000000000000e+04 3.530159193586516153e+01
1.307500000000000000e+04 3.530335572532854371e+01
1.312500000000000000e+04 3.529520071488606447e+01
1.317500000000000000e+04 3.529392237263459009e+01
1.322500000000000000e+04 3.529376956867486115e+01
1.327500000000000000e+04 3.528542185036084788e+01
1.332500000000000000e+04 3.528946725189640432e+01
1.337500000000000000e+04 3.528461430005310007e+01
1.342500000000000000e+04 3.528728637278524616e+01
1.347500000000000000e+04 3.528456707024444938e+01
1.352500000000000000e+04 3.528278750501839767e+01
1.357500000000000000e+04 3.527512189708589574e+01
1.362500000000000000e+04 3.527203400663218957e+01
1.367500000000000000e+04 3.527406938418852889e+01
1.372500000000000000e+04 3.527554840720641494e+01
1.377500000000000000e+04 3.527178253840140343e+01
1.382500000000000000e+04 3.527204070371980293e+01
1.387500000000000000e+04 3.526608647694835952e+01
1.392500000000000000e+04 3.526907314445003294e+01
1.397500000000000000e+04 3.526899090406421067e+01
1.402500000000000000e+04 3.526084620148984072e+01
1.407500000000000000e+04 3.526516444062234257e+01
1.412500000000000000e+04 3.525945981458155387e+01
1.417500000000000000e+04 3.526307318628010989e+01
1.422500000000000000e+04 3.525561461761515147e+01
1.427500000000000000e+04 3.524784231339653218e+01
1.432500000000000000e+04 3.525623508712952514e+01
1.437500000000000000e+04 3.525717596404553689e+01
1.442500000000000000e+04 3.524454982779826651e+01
1.447500000000000000e+04 3.525328337634260834e+01
1.452500000000000000e+04 3.524715554661113970e+01
1.457000000000000000e+04 3.524914555216041379e+01
1.462000000000000000e+04 3.524951653961396403e+01
1.467500000000000000e+04 3.524880356685500971e+01
1.472500000000000000e+04 3.523991246533927324e+01
1.477500000000000000e+04 3.524376621719656555e+01
1.482500000000000000e+04 3.524258484044277395e+01
1.487500000000000000e+04 3.523794281074989954e+01
1.492500000000000000e+04 3.524618512577427509e+01
1.497500000000000000e+04 3.523987345737371868e+01
1.502500000000000000e+04 3.523744765963375869e+01
1.507500000000000000e+04 3.523183681724515992e+01
1.512500000000000000e+04 3.523911075745417776e+01
1.517500000000000000e+04 3.523907404791965803e+01
1.522500000000000000e+04 3.523858612055717998e+01
1.527500000000000000e+04 3.524052880400630272e+01
1.532500000000000000e+04 3.523648099477156848e+01
1.537500000000000000e+04 3.524067270617754133e+01
1.542500000000000000e+04 3.523977318651138546e+01
1.547500000000000000e+04 3.523938812867824311e+01
1.552500000000000000e+04 3.523278026673694541e+01
1.557500000000000000e+04 3.521499240374227213e+01
1.562500000000000000e+04 3.522556904444785175e+01
1.567500000000000000e+04 3.522246108107405149e+01
1.572500000000000000e+04 3.522978683534094557e+01
1.577500000000000000e+04 3.519615604839714251e+01
1.582500000000000000e+04 3.520733850325150627e+01
1.587500000000000000e+04 3.520336570560756684e+01
1.592500000000000000e+04 3.521626997142631410e+01
1.597500000000000000e+04 3.520104673259250916e+01
1.605000000000000000e+04 3.520579754416158380e+01
1.615000000000000000e+04 3.520413894825048828e+01
1.625000000000000000e+04 3.519647535555312601e+01
1.635000000000000000e+04 3.520744951981252058e+01
1.645000000000000000e+04 3.517731467296295023e+01
1.655000000000000000e+04 3.519334520924962817e+01
1.665000000000000000e+04 3.516861116764488315e+01
1.675000000000000000e+04 3.517520535697184414e+01
1.685000000000000000e+04 3.515501067867668894e+01
1.695000000000000000e+04 3.516427446924923572e+01
1.705000000000000000e+04 3.514713854577875907e+01
1.715000000000000000e+04 3.514649167348035519e+01
1.725000000000000000e+04 3.513729993192409040e+01
1.735000000000000000e+04 3.512272220050743954e+01
1.745000000000000000e+04 3.512378142240927303e+01
1.755000000000000000e+04 3.511323599647182903e+01
1.765000000000000000e+04 3.511022189053379350e+01
1.775000000000000000e+04 3.509933403483854875e+01
1.785000000000000000e+04 3.509573564913679178e+01
1.795000000000000000e+04 3.508854354350496862e+01
1.805000000000000000e+04 3.507674268572154830e+01
1.815000000000000000e+04 3.507204293078942214e+01
1.825000000000000000e+04 3.506393381748380023e+01
1.835000000000000000e+04 3.505597976006232841e+01
1.845000000000000000e+04 3.504712952701236617e+01
1.855000000000000000e+04 3.504246084351815682e+01
1.865000000000000000e+04 3.503076282381665152e+01
1.875000000000000000e+04 3.502303559451491566e+01
1.885000000000000000e+04 3.501978990733557140e+01
1.895000000000000000e+04 3.500094251790974909e+01
1.905000000000000000e+04 3.500851166379283086e+01
1.915000000000000000e+04 3.499898748181863795e+01
1.925000000000000000e+04 3.499337823613866050e+01
1.935000000000000000e+04 3.498073958192519228e+01
1.945000000000000000e+04 3.497265559268647905e+01
1.955000000000000000e+04 3.497051123926313210e+01
1.965000000000000000e+04 3.496262108871906094e+01
1.975000000000000000e+04 3.495331671978340182e+01
1.985000000000000000e+04 3.494814309101700900e+01
1.995000000000000000e+04 3.494158820571139756e+01
2.005000000000000000e+04 3.494022882336940228e+01
2.015000000000000000e+04 3.493432902595445455e+01
2.025000000000000000e+04 3.492080027677941700e+01
2.035000000000000000e+04 3.491429120924391327e+01
2.045000000000000000e+04 3.491412266871425629e+01
2.055000000000000000e+04 3.490589711352768632e+01
2.065000000000000000e+04 3.489720540771867974e+01
2.075000000000000000e+04 3.489138518652166709e+01
2.085000000000000000e+04 3.488372267218124989e+01
2.095000000000000000e+04 3.487446568732386254e+01
2.105000000000000000e+04 3.487297621518060708e+01
2.115000000000000000e+04 3.486391770923546574e+01
2.125000000000000000e+04 3.485698298007019957e+01
2.135000000000000000e+04 3.485435468853133045e+01
2.145000000000000000e+04 3.484711202901349480e+01
2.155000000000000000e+04 3.484025910561506123e+01
2.165000000000000000e+04 3.483129645074485126e+01
2.175000000000000000e+04 3.482363351538838003e+01
2.185000000000000000e+04 3.481858190500489059e+01
2.195000000000000000e+04 3.481340039604903325e+01
2.205000000000000000e+04 3.480084218773714611e+01
2.215000000000000000e+04 3.480197290306876567e+01
2.225000000000000000e+04 3.478835902292824755e+01
2.235000000000000000e+04 3.478448131266655707e+01
2.245000000000000000e+04 3.477901584820737924e+01
2.255000000000000000e+04 3.477422068441468639e+01
2.265000000000000000e+04 3.476439354105288260e+01
2.275000000000000000e+04 3.476312310528571459e+01
2.285000000000000000e+04 3.475295162946388672e+01
2.295000000000000000e+04 3.467055468177411370e+01
2.305000000000000000e+04 3.470905671571006224e+01
2.315000000000000000e+04 3.470291477418875559e+01
2.325000000000000000e+04 3.462863166269325177e+01
2.335000000000000000e+04 3.466788387507202174e+01
2.345000000000000000e+04 3.465532277477628043e+01
2.355000000000000000e+04 3.458398313777545496e+01
2.365000000000000000e+04 3.463294159138946782e+01
2.375000000000000000e+04 3.461769454597451556e+01
2.385000000000000000e+04 3.456028220800508421e+01
2.395000000000000000e+04 3.460089014917112138e+01
2.405000000000000000e+04 3.459754188545382902e+01
2.415000000000000000e+04 3.454587890337731437e+01
2.425000000000000000e+04 3.457845256882724527e+01
2.435000000000000000e+04 3.457641606444342841e+01
2.445000000000000000e+04 3.454467407312338878e+01
2.455000000000000000e+04 3.454613259947985426e+01
2.465000000000000000e+04 3.456406231223853354e+01
2.475000000000000000e+04 3.454647373415860301e+01
2.485000000000000000e+04 3.452010291159335509e+01
2.495000000000000000e+04 3.453965181003852081e+01
2.505000000000000000e+04 3.455454667506793953e+01
2.515000000000000000e+04 3.450619967848409431e+01
2.525000000000000000e+04 3.452996154538830353e+01
2.535000000000000000e+04 3.453094923614742129e+01
2.545000000000000000e+04 3.451910470316957458e+01
2.555000000000000000e+04 3.450932443520877513e+01
2.565000000000000000e+04 3.451389820055458557e+01
2.575000000000000000e+04 3.451645791759578685e+01
2.585000000000000000e+04 3.448779583713959340e+01
2.595000000000000000e+04 3.449555592264292159e+01
2.605000000000000000e+04 3.450228212459503396e+01
2.615000000000000000e+04 3.448957291022478699e+01
2.625000000000000000e+04 3.448324477744335326e+01
2.635000000000000000e+04 3.448716032411340393e+01
2.645000000000000000e+04 3.448460317038803424e+01
2.655000000000000000e+04 3.447417486875227866e+01
2.665000000000000000e+04 3.446521381760287284e+01
2.675000000000000000e+04 3.447858869634391965e+01
2.685000000000000000e+04 3.447137293705153382e+01
2.695000000000000000e+04 3.445544413506007686e+01
2.705000000000000000e+04 3.446160561517115895e+01
2.715000000000000000e+04 3.445688152735781529e+01
2.725000000000000000e+04 3.445671307895089086e+01
2.735000000000000000e+04 3.444087780142945832e+01
2.745000000000000000e+04 3.444481113223164925e+01
2.755000000000000000e+04 3.444496229539375776e+01
2.765000000000000000e+04 3.443612384305118468e+01
2.775000000000000000e+04 3.442624187376657119e+01
2.785000000000000000e+04 3.442798432247973039e+01
2.795000000000000000e+04 3.442761797419277059e+01
2.805000000000000000e+04 3.442185281856525592e+01
2.815000000000000000e+04 3.441272939131384589e+01
2.825000000000000000e+04 3.441113066417844379e+01
2.835000000000000000e+04 3.440971541215731122e+01
2.845000000000000000e+04 3.440382866421244046e+01
2.855000000000000000e+04 3.439820803229498125e+01
2.865000000000000000e+04 3.439382156682241032e+01
2.875000000000000000e+04 3.438976942093613332e+01
2.885000000000000000e+04 3.438506355637282041e+01
2.895000000000000000e+04 3.438029191019755615e+01
2.905000000000000000e+04 3.437500429976665828e+01
2.915000000000000000e+04 3.437156236364033646e+01
2.925000000000000000e+04 3.436260501582815152e+01
2.935000000000000000e+04 3.436287684798264053e+01
2.945000000000000000e+04 3.435530580216000374e+01
2.955000000000000000e+04 3.435087561021327929e+01
2.965000000000000000e+04 3.434798532142477256e+01
2.975000000000000000e+04 3.434294710391007754e+01
2.985000000000000000e+04 3.433693953487495776e+01
2.995000000000000000e+04 3.433210024934109583e+01
3.005000000000000000e+04 3.432683808042826712e+01
3.015000000000000000e+04 3.432306418844387963e+01
3.025000000000000000e+04 3.431668599303276324e+01
3.035000000000000000e+04 3.430989830942638008e+01
3.045000000000000000e+04 3.430751135990551859e+01
3.055000000000000000e+04 3.430131916006567394e+01
3.065000000000000000e+04 3.429604963312233679e+01
3.075000000000000000e+04 3.429224151929971498e+01
3.085000000000000000e+04 3.428523255435197115e+01
3.095000000000000000e+04 3.428054816634065816e+01
3.105000000000000000e+04 3.427722439503023821e+01
3.115000000000000000e+04 3.426886030239141689e+01
3.125000000000000000e+04 3.426623478920807031e+01
3.135000000000000000e+04 3.426142139010953969e+01
3.145000000000000000e+04 3.425599632383617177e+01
3.155000000000000000e+04 3.424997162686411656e+01
3.165000000000000000e+04 3.424461088260026997e+01
3.175000000000000000e+04 3.424083144516031041e+01
3.185000000000000000e+04 3.423554946894014250e+01
3.195000000000000000e+04 3.423110446730185430e+01
3.210000000000000000e+04 3.422285534001899521e+01
3.230000000000000000e+04 3.421230438990377820e+01
3.250000000000000000e+04 3.420224495698870726e+01
3.270000000000000000e+04 3.419204175538720136e+01
3.290000000000000000e+04 3.418132694982629971e+01
3.310000000000000000e+04 3.417154068602832240e+01
3.330000000000000000e+04 3.416105594436282900e+01
3.350000000000000000e+04 3.415282200061630391e+01
3.370000000000000000e+04 3.414240608244521269e+01
3.390000000000000000e+04 3.413184598402844472e+01
3.410000000000000000e+04 3.412165921720568207e+01
3.430000000000000000e+04 3.411412797419587406e+01
3.450000000000000000e+04 3.410491724843780048e+01
3.470000000000000000e+04 3.409526396291821726e+01
3.490000000000000000e+04 3.408603047580638190e+01
3.510000000000000000e+04 3.407732360902611646e+01
3.530000000000000000e+04 3.406659298787763390e+01
3.550000000000000000e+04 3.405845514161841692e+01
3.570000000000000000e+04 3.404882809853918246e+01
3.590000000000000000e+04 3.403952324648064831e+01
3.610000000000000000e+04 3.403136399763251063e+01
3.630000000000000000e+04 3.402257149015632365e+01
3.650000000000000000e+04 3.401167874069231800e+01
3.670000000000000000e+04 3.400273185056725822e+01
3.690000000000000000e+04 3.399176694373278451e+01
3.710000000000000000e+04 3.398208647088642920e+01
3.730000000000000000e+04 3.397579804284167437e+01
3.750000000000000000e+04 3.396392394125041392e+01
3.770000000000000000e+04 3.395833680748228289e+01
3.790000000000000000e+04 3.394946265052922740e+01
3.810000000000000000e+04 3.394191195044375320e+01
3.830000000000000000e+04 3.393428990355227626e+01
3.850000000000000000e+04 3.392612724976329730e+01
3.870000000000000000e+04 3.391545483516450332e+01
3.890000000000000000e+04 3.390812357622301931e+01
3.910000000000000000e+04 3.390046628582351218e+01
3.930000000000000000e+04 3.389221866556508189e+01
3.950000000000000000e+04 3.388191875237220074e+01
3.970000000000000000e+04 3.387440717069838314e+01
3.990000000000000000e+04 3.386267988482171631e+01
4.010000000000000000e+04 3.385697795796397713e+01
4.030000000000000000e+04 3.385047810362328136e+01
4.050000000000000000e+04 3.384127659949768940e+01
4.070000000000000000e+04 3.383372367957886695e+01
4.090000000000000000e+04 3.382592597093919551e+01
4.110000000000000000e+04 3.381813845629510240e+01
4.130000000000000000e+04 3.381088513170065823e+01
4.150000000000000000e+04 3.380227814172489786e+01
4.170000000000000000e+04 3.379372963065962665e+01
4.190000000000000000e+04 3.378548019130887781e+01
4.210000000000000000e+04 3.377661311199571514e+01
4.230000000000000000e+04 3.377166182684984364e+01
4.250000000000000000e+04 3.376209092296606684e+01
4.270000000000000000e+04 3.375577585250810841e+01
4.290000000000000000e+04 3.371781231119694411e+01
4.310000000000000000e+04 3.367986814071709745e+01
4.330000000000000000e+04 3.368923582797856398e+01
4.350000000000000000e+04 3.365301428656939464e+01
4.370000000000000000e+04 3.363681566398028622e+01
4.390000000000000000e+04 3.362137488343856973e+01
4.410000000000000000e+04 3.358533000785632083e+01
4.430000000000000000e+04 3.358290056762788822e+01
4.450000000000000000e+04 3.357034583446313292e+01
4.470000000000000000e+04 3.354088686581027190e+01
4.490000000000000000e+04 3.355260953814332225e+01
4.510000000000000000e+04 3.353411178466669895e+01
4.530000000000000000e+04 3.351453794942904096e+01
4.550000000000000000e+04 3.352087999081606995e+01
4.570000000000000000e+04 3.351420451931964806e+01
4.590000000000000000e+04 3.348874124617333337e+01
4.610000000000000000e+04 3.350256084823055147e+01
4.630000000000000000e+04 3.348880116190647982e+01
4.650000000000000000e+04 3.348653099565767377e+01
4.670000000000000000e+04 3.348768365332547603e+01
4.690000000000000000e+04 3.347638461092171269e+01
4.710000000000000000e+04 3.346505176314504126e+01
4.730000000000000000e+04 3.347443277968083919e+01
4.750000000000000000e+04 3.346213782668214520e+01
4.770000000000000000e+04 3.345661630146679499e+01
4.790000000000000000e+04 3.345274447504445448e+01
4.810000000000000000e+04 3.343811748095882308e+01
4.830000000000000000e+04 3.344922014394533960e+01
4.850000000000000000e+04 3.343852460549750560e+01
4.870000000000000000e+04 3.342707605143996830e+01
4.890000000000000000e+04 3.342356485566693181e+01
4.910000000000000000e+04 3.341748810288548555e+01
4.930000000000000000e+04 3.341135800119436539e+01
4.950000000000000000e+04 3.340186045170863594e+01
4.970000000000000000e+04 3.340520273096888815e+01
4.990000000000000000e+04 3.339750696859135815e+01
5.010000000000000000e+04 3.339419274840281560e+01
5.030000000000000000e+04 3.338890106717565942e+01
5.050000000000000000e+04 3.337571145211484236e+01
5.070000000000000000e+04 3.337539011328486538e+01
5.090000000000000000e+04 3.337021108735237362e+01
5.110000000000000000e+04 3.336126627968391034e+01
5.130000000000000000e+04 3.335994758936269022e+01
5.150000000000000000e+04 3.335072815920658940e+01
5.170000000000000000e+04 3.335491733002145054e+01
5.190000000000000000e+04 3.334477390609714575e+01
5.210000000000000000e+04 3.334074147342665384e+01
5.230000000000000000e+04 3.333266047586097613e+01
5.250000000000000000e+04 3.333178536610969189e+01
5.270000000000000000e+04 3.333622932402880679e+01
5.290000000000000000e+04 3.331963361402318924e+01
5.310000000000000000e+04 3.331232659406894925e+01
5.330000000000000000e+04 3.331328938061073330e+01
5.350000000000000000e+04 3.330757687077240803e+01
5.370000000000000000e+04 3.330386581860370399e+01
5.390000000000000000e+04 3.330009830157464989e+01
5.410000000000000000e+04 3.329587133625503270e+01
5.430000000000000000e+04 3.328604557084545235e+01
5.450000000000000000e+04 3.328872574506010551e+01
5.470000000000000000e+04 3.327751179849057195e+01
5.490000000000000000e+04 3.327690400256391001e+01
5.510000000000000000e+04 3.326776767785646172e+01
5.530000000000000000e+04 3.327867870903438785e+01
5.550000000000000000e+04 3.325989007941085873e+01
5.570000000000000000e+04 3.326412253112631845e+01
5.590000000000000000e+04 3.325468452243959661e+01
5.610000000000000000e+04 3.325604542089264015e+01
5.630000000000000000e+04 3.324353378931749603e+01
5.650000000000000000e+04 3.324576054992756724e+01
5.670000000000000000e+04 3.323995031856956928e+01
5.690000000000000000e+04 3.322922722178045518e+01
5.710000000000000000e+04 3.323209611730221980e+01
5.730000000000000000e+04 3.322736690222306066e+01
5.750000000000000000e+04 3.322203323043638079e+01
5.770000000000000000e+04 3.321635392626405547e+01
5.790000000000000000e+04 3.321587134697816168e+01
5.810000000000000000e+04 3.320856717584101148e+01
5.830000000000000000e+04 3.320458635285432791e+01
5.850000000000000000e+04 3.319983431728885392e+01
5.870000000000000000e+04 3.319151351833295394e+01
5.890000000000000000e+04 3.318858888518855110e+01
5.910000000000000000e+04 3.318424922418230949e+01
5.930000000000000000e+04 3.318107363163110080e+01
5.950000000000000000e+04 3.317374884197118945e+01
5.970000000000000000e+04 3.317245039047509891e+01
5.990000000000000000e+04 3.316764103586766765e+01
6.010000000000000000e+04 3.316305546285516925e+01
6.030000000000000000e+04 3.315799200872761077e+01
6.050000000000000000e+04 3.315023491146034473e+01
6.070000000000000000e+04 3.314638774389887743e+01
6.090000000000000000e+04 3.314098431216810070e+01
6.110000000000000000e+04 3.313527681598077379e+01
6.130000000000000000e+04 3.313236809365439939e+01
6.150000000000000000e+04 3.312874028986958308e+01
6.170000000000000000e+04 3.312650143916648915e+01
6.190000000000000000e+04 3.312056151057073805e+01
6.210000000000000000e+04 3.311729903979876610e+01
6.230000000000000000e+04 3.311025621839937116e+01
6.250000000000000000e+04 3.310337803633130704e+01
6.270000000000000000e+04 3.309900169246294865e+01
6.290000000000000000e+04 3.309475620506417215e+01
6.310000000000000000e+04 3.308996840818944207e+01
6.330000000000000000e+04 3.308751867382410694e+01
6.350000000000000000e+04 3.308129863975133844e+01
6.370000000000000000e+04 3.307943441512784943e+01
6.390000000000000000e+04 3.307080773179009014e+01
6.420000000000000000e+04 3.306565510679107689e+01
6.460000000000000000e+04 3.305510609710230341e+01
6.500000000000000000e+04 3.304606771601786619e+01
6.540000000000000000e+04 3.303611485424485750e+01
6.580000000000000000e+04 3.302764017549618103e+01
6.620000000000000000e+04 3.301728970873450209e+01
6.660000000000000000e+04 3.300801344060223386e+01
6.700000000000000000e+04 3.299914110595110373e+01
6.740000000000000000e+04 3.298880959162487159e+01
6.780000000000000000e+04 3.297954448270088790e+01
6.820000000000000000e+04 3.296999991961490650e+01
6.860000000000000000e+04 3.296122792002106650e+01
6.900000000000000000e+04 3.295116117283101431e+01
6.940000000000000000e+04 3.294200611019241620e+01
6.980000000000000000e+04 3.293259185730003225e+01
7.020000000000000000e+04 3.292292523852098896e+01
7.060000000000000000e+04 3.291417099571023641e+01
7.100000000000000000e+04 3.290471547472287739e+01
7.140000000000000000e+04 3.289574795754845127e+01
7.180000000000000000e+04 3.288619207508775588e+01
7.220000000000000000e+04 3.287720709953752873e+01
7.260000000000000000e+04 3.286785038081794852e+01
7.300000000000000000e+04 3.285879441392559386e+01
7.340000000000000000e+04 3.284955087212967584e+01
7.380000000000000000e+04 3.284076582446321879e+01
7.420000000000000000e+04 3.283129917240206197e+01
7.460000000000000000e+04 3.282199928705168190e+01
7.500000000000000000e+04 3.281322979728257394e+01
7.540000000000000000e+04 3.280428142438930195e+01
7.580000000000000000e+04 3.279590889324008884e+01
7.620000000000000000e+04 3.278713967270437024e+01
7.660000000000000000e+04 3.277823943233855175e+01
7.700000000000000000e+04 3.276935926053899095e+01
7.740000000000000000e+04 3.276070557054341492e+01
7.780000000000000000e+04 3.275226775685455749e+01
7.820000000000000000e+04 3.274345602225091056e+01
7.860000000000000000e+04 3.273493345487017336e+01
7.900000000000000000e+04 3.272643299210095336e+01
7.940000000000000000e+04 3.271780664195576094e+01
7.980000000000000000e+04 3.270943242175471255e+01
8.020000000000000000e+04 3.270069260472451589e+01
8.060000000000000000e+04 3.269223024306426595e+01
8.100000000000000000e+04 3.268408985322133731e+01
8.140000000000000000e+04 3.267559106514195122e+01
8.180000000000000000e+04 3.266760906035315060e+01
8.220000000000000000e+04 3.265952018167811843e+01
8.260000000000000000e+04 3.265128601485934468e+01
8.300000000000000000e+04 3.264294604533481703e+01
8.340000000000000000e+04 3.263466813762448027e+01
8.380000000000000000e+04 3.262651489833348251e+01
8.420000000000000000e+04 3.261881831416759070e+01
8.460000000000000000e+04 3.261061716564714885e+01
8.500000000000000000e+04 3.260263705164695125e+01
8.540000000000000000e+04 3.259472732644704251e+01
8.580000000000000000e+04 3.258702222713108654e+01
8.620000000000000000e+04 3.257918779432188927e+01
8.660000000000000000e+04 3.257148178321371290e+01
8.700000000000000000e+04 3.256368649023467299e+01
8.740000000000000000e+04 3.255607918440506410e+01
8.780000000000000000e+04 3.254806751811745613e+01
8.820000000000000000e+04 3.254048006712970675e+01
8.860000000000000000e+04 3.253281984821462913e+01
8.900000000000000000e+04 3.252507461016621448e+01
8.940000000000000000e+04 3.251774125703652629e+01
8.980000000000000000e+04 3.250972573017470069e+01
9.020000000000000000e+04 3.250261829447445194e+01
9.060000000000000000e+04 3.249528429748743008e+01
9.100000000000000000e+04 3.248724503226525684e+01
9.140000000000000000e+04 3.248016367895993994e+01
9.180000000000000000e+04 3.247290831042968051e+01
9.220000000000000000e+04 3.246592579099212372e+01
9.260000000000000000e+04 3.245848738689587520e+01
9.300000000000000000e+04 3.245096685372961787e+01
9.340000000000000000e+04 3.244381029684664242e+01
9.380000000000000000e+04 3.243665977047178473e+01
9.420000000000000000e+04 3.242949147065828441e+01
9.460000000000000000e+04 3.242217792819897682e+01
9.500000000000000000e+04 3.241520215456188225e+01
9.540000000000000000e+04 3.240815264274966268e+01
9.580000000000000000e+04 3.240106446188153200e+01
9.620000000000000000e+04 3.239415933711455864e+01
9.660000000000000000e+04 3.238711960563180270e+01
9.700000000000000000e+04 3.238006402812936813e+01
9.740000000000000000e+04 3.237266601695894508e+01
9.780000000000000000e+04 3.236616614336551834e+01
9.820000000000000000e+04 3.235940807687595822e+01
9.860000000000000000e+04 3.235252856703917246e+01
9.900000000000000000e+04 3.234579476635188655e+01
9.940000000000000000e+04 3.233894495455938056e+01
9.980000000000000000e+04 3.233212660590257315e+01
1.002000000000000000e+05 3.232534488377896054e+01
2.000000000000000000e+05 3.121353408907913973e+01
4.000000000000000000e+05 3.052199580592950312e+01
6.000000000000000000e+05 3.036758565795787845e+01
8.000000000000000000e+05 3.028035360875133364e+01
1.000000000000000000e+06 3.019497542939917167e+01
1.200000000000000000e+06 3.009206487757912640e+01
1.400000000000000000e+06 2.996712614097082650e+01
1.600000000000000000e+06 2.979103488191514515e+01
