9.100000000000000000e+01 -inf
9.400000000000000000e+01 -inf
9.600000000000000000e+01 -inf
9.800000000000000000e+01 -inf
1.000000000000000000e+02 -inf
1.020000000000000000e+02 -inf
1.040000000000000000e+02 -inf
1.060000000000000000e+02 -inf
1.080000000000000000e+02 -inf
1.100000000000000000e+02 -inf
1.140000000000000000e+02 -inf
1.180000000000000000e+02 -inf
1.210000000000000000e+02 -inf
1.250000000000000000e+02 -inf
1.270000000000000000e+02 -inf
1.280000000000000000e+02 -inf
1.310000000000000000e+02 -inf
1.320000000000000000e+02 -inf
1.340000000000000000e+02 -inf
1.370000000000000000e+02 -inf
1.400000000000000000e+02 -inf
1.430000000000000000e+02 -inf
1.470000000000000000e+02 -inf
1.510000000000000000e+02 -inf
1.550000000000000000e+02 -inf
1.590000000000000000e+02 -inf
1.620000000000000000e+02 -inf
1.660000000000000000e+02 -inf
1.700000000000000000e+02 -inf
1.730000000000000000e+02 -inf
1.770000000000000000e+02 -inf
1.800000000000000000e+02 -inf
1.820000000000000000e+02 -inf
1.860000000000000000e+02 -inf
1.910000000000000000e+02 -inf
1.940000000000000000e+02 -inf
1.980000000000000000e+02 -inf
2.020000000000000000e+02 -inf
2.050000000000000000e+02 -inf
2.100000000000000000e+02 -inf
2.160000000000000000e+02 -inf
2.200000000000000000e+02 -inf
2.230000000000000000e+02 -inf
2.270000000000000000e+02 -inf
2.300000000000000000e+02 2.314790138676631415e+01
2.340000000000000000e+02 2.351212186234868895e+01
2.400000000000000000e+02 2.389460736810072561e+01
2.460000000000000000e+02 2.428887520548021683e+01
2.520000000000000000e+02 2.463143035487766497e+01
2.570000000000000000e+02 2.484933937711119256e+01
2.600000000000000000e+02 2.505196252271420221e+01
2.640000000000000000e+02 2.525604334298387954e+01
2.690000000000000000e+02 2.547983518497480659e+01
2.740000000000000000e+02 2.571974205750990450e+01
2.790000000000000000e+02 2.595374700506668830e+01
2.840000000000000000e+02 2.621121658477564864e+01
2.900000000000000000e+02 2.646621450273919862e+01
2.960000000000000000e+02 2.671298276808970584e+01
3.010000000000000000e+02 2.690780533521508744e+01
3.080000000000000000e+02 2.716372987890084545e+01
3.180000000000000000e+02 2.754663899632160451e+01
3.280000000000000000e+02 2.787535244099665732e+01
3.380000000000000000e+02 2.820157362254489897e+01
3.480000000000000000e+02 2.849944717236306957e+01
3.570000000000000000e+02 2.883279695591497926e+01
3.660000000000000000e+02 2.908368335309548414e+01
3.750000000000000000e+02 2.929677815554978082e+01
3.850000000000000000e+02 2.953521775487030254e+01
3.950000000000000000e+02 2.976416299570302471e+01
4.050000000000000000e+02 2.997227159685512987e+01
4.140000000000000000e+02 3.015765537186734591e+01
4.220000000000000000e+02 3.030681972896580234e+01
4.300000000000000000e+02 3.045897540761168898e+01
4.410000000000000000e+02 3.065439394123366412e+01
4.510000000000000000e+02 3.082169237876581036e+01
4.600000000000000000e+02 3.096290053441607171e+01
4.700000000000000000e+02 3.111972464997646881e+01
4.800000000000000000e+02 3.126613117059133273e+01
4.900000000000000000e+02 3.140935275549834316e+01
5.000000000000000000e+02 3.154483358160488393e+01
5.060000000000000000e+02 3.252674475545055799e+01
5.120000000000000000e+02 3.320908093696035479e+01
5.200000000000000000e+02 3.328314612080232138e+01
5.300000000000000000e+02 3.338554421896459701e+01
5.400000000000000000e+02 3.341472037031015674e+01
5.500000000000000000e+02 3.358092216903483518e+01
5.600000000000000000e+02 3.364995911563137554e+01
5.700000000000000000e+02 3.374038784893234322e+01
5.800000000000000000e+02 3.373355286048460755e+01
5.900000000000000000e+02 3.385391459310288553e+01
6.000000000000000000e+02 3.392250783088560695e+01
6.100000000000000000e+02 3.399837251339489086e+01
6.200000000000000000e+02 3.404777148333037928e+01
6.300000000000000000e+02 3.410360572761056375e+01
6.400000000000000000e+02 3.412785029144245641e+01
6.500000000000000000e+02 3.419340870293700618e+01
6.580000000000000000e+02 3.424367082245785099e+01
6.650000000000000000e+02 3.427230104756623064e+01
6.750000000000000000e+02 3.429210322800779664e+01
6.850000000000000000e+02 3.432877865537794548e+01
6.950000000000000000e+02 3.440748654563714126e+01
7.050000000000000000e+02 3.443174435629632768e+01
7.160000000000000000e+02 3.448412521871386360e+01
7.260000000000000000e+02 3.451398558695071017e+01
7.350000000000000000e+02 3.453887239044746593e+01
7.450000000000000000e+02 3.459246157981190350e+01
7.550000000000000000e+02 3.462909758820762107e+01
7.650000000000000000e+02 3.466477326654209179e+01
7.750000000000000000e+02 3.470109933618265075e+01
7.850000000000000000e+02 3.473510599489726758e+01
7.950000000000000000e+02 3.475857449554617062e+01
8.050000000000000000e+02 3.478490068684288161e+01
8.150000000000000000e+02 3.480569232376699063e+01
8.250000000000000000e+02 3.484382839332349135e+01
8.350000000000000000e+02 3.482471833989265519e+01
8.450000000000000000e+02 3.488003088110579597e+01
8.550000000000000000e+02 3.490134596894719721e+01
8.650000000000000000e+02 3.493110641145297279e+01
8.750000000000000000e+02 3.496221674151961878e+01
8.850000000000000000e+02 3.499462130946735527e+01
8.950000000000000000e+02 3.501789308481629348e+01
9.050000000000000000e+02 3.502569072878984002e+01
9.150000000000000000e+02 3.520794890841303015e+01
9.250000000000000000e+02 3.605115593677642494e+01
9.350000000000000000e+02 3.650424202694301812e+01
9.450000000000000000e+02 3.687943472732207795e+01
9.550000000000000000e+02 3.701120212460604364e+01
9.650000000000000000e+02 3.709193903337803988e+01
9.750000000000000000e+02 3.632988434461130822e+01
9.850000000000000000e+02 3.705625348089645854e+01
9.950000000000000000e+02 3.703034650942274197e+01
1.005000000000000000e+03 3.712997290178752507e+01
1.015000000000000000e+03 3.710407078373545176e+01
1.025000000000000000e+03 3.670301915011366134e+01
1.035000000000000000e+03 3.698791135656831841e+01
1.045000000000000000e+03 3.718627734157500697e+01
1.055000000000000000e+03 3.715750348412312576e+01
1.065000000000000000e+03 3.708027946442496159e+01
1.075000000000000000e+03 3.713200582008420270e+01
1.085000000000000000e+03 3.705597145931979242e+01
1.095000000000000000e+03 3.713488751373282781e+01
1.105000000000000000e+03 3.709826344443393964e+01
1.115000000000000000e+03 3.708897003201791165e+01
1.125000000000000000e+03 3.702713784334331137e+01
1.135000000000000000e+03 3.709961811198628112e+01
1.145000000000000000e+03 3.705877150271644638e+01
1.155000000000000000e+03 3.707050527829576936e+01
1.165000000000000000e+03 3.707086384559593739e+01
1.175000000000000000e+03 3.691180579849913812e+01
1.185000000000000000e+03 3.705384447452745178e+01
1.195000000000000000e+03 3.699501795408798444e+01
1.205000000000000000e+03 3.687082256612157494e+01
1.215000000000000000e+03 3.662817918098207315e+01
1.225000000000000000e+03 3.694048561541606546e+01
1.235000000000000000e+03 3.702001667593289369e+01
1.245000000000000000e+03 3.702613254220779737e+01
1.255000000000000000e+03 3.700619863181226776e+01
1.265000000000000000e+03 3.699088644528389125e+01
1.275000000000000000e+03 3.701679267174556287e+01
1.285000000000000000e+03 3.700993962294120365e+01
1.295000000000000000e+03 3.693345072623715453e+01
1.305000000000000000e+03 3.694444308904444085e+01
1.315000000000000000e+03 3.699089693166473580e+01
1.325000000000000000e+03 3.696337727687365771e+01
1.335000000000000000e+03 3.693692312620768803e+01
1.345000000000000000e+03 3.695422635049356330e+01
1.355000000000000000e+03 3.694750841595062241e+01
1.365000000000000000e+03 3.691536786182178531e+01
1.375000000000000000e+03 3.690822598413922861e+01
1.385000000000000000e+03 3.690611154360174595e+01
1.395000000000000000e+03 3.681861391479290546e+01
1.405000000000000000e+03 3.683785597373166354e+01
1.415000000000000000e+03 3.686648134903563090e+01
1.425000000000000000e+03 3.685714519402102951e+01
1.435000000000000000e+03 3.686263424680220169e+01
1.442000000000000000e+03 3.686919836163258424e+01
1.447000000000000000e+03 3.686035560888197438e+01
1.455000000000000000e+03 3.685000146631539053e+01
1.465000000000000000e+03 3.682008881567023195e+01
1.475000000000000000e+03 3.681974901953625334e+01
1.485000000000000000e+03 3.681187685410746724e+01
1.495000000000000000e+03 3.680572448063625046e+01
1.505000000000000000e+03 3.677214198250969446e+01
1.512000000000000000e+03 3.672384280202345508e+01
1.517000000000000000e+03 3.673785872207438530e+01
1.525000000000000000e+03 3.674765980692605893e+01
1.535000000000000000e+03 3.668980095004842212e+01
1.545000000000000000e+03 3.668980313664686577e+01
1.555000000000000000e+03 3.667215716330554898e+01
1.565000000000000000e+03 3.669604317456131071e+01
1.575000000000000000e+03 3.671566561740745271e+01
1.585000000000000000e+03 3.671273393360937121e+01
1.595000000000000000e+03 3.671229712615664198e+01
1.605000000000000000e+03 3.670909271076876479e+01
1.615000000000000000e+03 3.670166335030984328e+01
1.625000000000000000e+03 3.669212499527593252e+01
1.635000000000000000e+03 3.670899752166116059e+01
1.645000000000000000e+03 3.670352822692233019e+01
1.655000000000000000e+03 3.669393218866603945e+01
1.665000000000000000e+03 3.670323614870518725e+01
1.672000000000000000e+03 3.668589744628742721e+01
1.677000000000000000e+03 3.670618256469272467e+01
1.685000000000000000e+03 3.669983348552457869e+01
1.695000000000000000e+03 3.667955009862369309e+01
1.705000000000000000e+03 3.666363021201763672e+01
1.715000000000000000e+03 3.664215512863919599e+01
1.725000000000000000e+03 3.663592384760325160e+01
1.735000000000000000e+03 3.664876708941070405e+01
1.745000000000000000e+03 3.663583954123271269e+01
1.755000000000000000e+03 3.664222231044046652e+01
1.765000000000000000e+03 3.662501719252574617e+01
1.775000000000000000e+03 3.661068090170461176e+01
1.785000000000000000e+03 3.661440196336896236e+01
1.795000000000000000e+03 3.662336716566521488e+01
1.805000000000000000e+03 3.662300677446597774e+01
1.815000000000000000e+03 3.658248756234574728e+01
1.825000000000000000e+03 3.659599569777154215e+01
1.835000000000000000e+03 3.658119175221214192e+01
1.845000000000000000e+03 3.654394159034016809e+01
1.855000000000000000e+03 3.654156639742457457e+01
1.865000000000000000e+03 3.654771293163162937e+01
1.875000000000000000e+03 3.656578934614570642e+01
1.885000000000000000e+03 3.651979436754834296e+01
1.895000000000000000e+03 3.648894924638599946e+01
1.905000000000000000e+03 3.652137169979368991e+01
1.915000000000000000e+03 3.649650191126264076e+01
1.925000000000000000e+03 3.647860201196481000e+01
1.935000000000000000e+03 3.649881679371597443e+01
1.945000000000000000e+03 3.650770946173589238e+01
1.955000000000000000e+03 3.646772712844335018e+01
1.967000000000000000e+03 3.649672315694989777e+01
1.976000000000000000e+03 3.651259453844123470e+01
1.984000000000000000e+03 3.648122624750059373e+01
1.995000000000000000e+03 3.647218420419315521e+01
2.005000000000000000e+03 3.648197242529617057e+01
2.015000000000000000e+03 3.647691650271991648e+01
2.025000000000000000e+03 3.648897956344534066e+01
2.035000000000000000e+03 3.645365419096930282e+01
2.045000000000000000e+03 3.645785189533938109e+01
2.055000000000000000e+03 3.644556050861332608e+01
2.065000000000000000e+03 3.644872026431727363e+01
2.074000000000000000e+03 3.646716211140650188e+01
2.078000000000000000e+03 3.643040433157066360e+01
2.085000000000000000e+03 3.644483722767039779e+01
2.095000000000000000e+03 3.642157863891917202e+01
2.105000000000000000e+03 3.643382935551932178e+01
2.115000000000000000e+03 3.643180265708860333e+01
2.125000000000000000e+03 3.643654358135165694e+01
2.135000000000000000e+03 3.642668176323270757e+01
2.145000000000000000e+03 3.640668363423754528e+01
2.155000000000000000e+03 3.642077291152689611e+01
2.165000000000000000e+03 3.641619630954701847e+01
2.175000000000000000e+03 3.640971244684718044e+01
2.185000000000000000e+03 3.639926766873527697e+01
2.195000000000000000e+03 3.640292939137221140e+01
2.205000000000000000e+03 3.639676128195090143e+01
2.215000000000000000e+03 3.638957934397151917e+01
2.225000000000000000e+03 3.637769769523819718e+01
2.235000000000000000e+03 3.637545465201837658e+01
2.245000000000000000e+03 3.637516219808439644e+01
2.255000000000000000e+03 3.636320618693156348e+01
2.265000000000000000e+03 3.636574742605495203e+01
2.275000000000000000e+03 3.636043100004290096e+01
2.285000000000000000e+03 3.635989379788726694e+01
2.295000000000000000e+03 3.633999573165148433e+01
2.305000000000000000e+03 3.634508472813797653e+01
2.315000000000000000e+03 3.633270390196651078e+01
2.325000000000000000e+03 3.627717214531009660e+01
2.335000000000000000e+03 3.631433260988782763e+01
2.345000000000000000e+03 3.631238201787627418e+01
2.355000000000000000e+03 3.631298484013414907e+01
2.365000000000000000e+03 3.630479790368109860e+01
2.375000000000000000e+03 3.629946389937805407e+01
2.385000000000000000e+03 3.629323299212042286e+01
2.395000000000000000e+03 3.629233166610025307e+01
2.405000000000000000e+03 3.628296758816627232e+01
2.415000000000000000e+03 3.627904473417337528e+01
2.425000000000000000e+03 3.627961187275168697e+01
2.435000000000000000e+03 3.626738868940897476e+01
2.445000000000000000e+03 3.626794569242795774e+01
2.455000000000000000e+03 3.626672518738195095e+01
2.465000000000000000e+03 3.625811017523326996e+01
2.475000000000000000e+03 3.625253160569450017e+01
2.485000000000000000e+03 3.624937765192779437e+01
2.495000000000000000e+03 3.622232366806852610e+01
2.505000000000000000e+03 3.623955881066251550e+01
2.513000000000000000e+03 3.622062213420102950e+01
2.518000000000000000e+03 3.623284980306559078e+01
2.525000000000000000e+03 3.622499896485304305e+01
2.535000000000000000e+03 3.621880074221007817e+01
2.545000000000000000e+03 3.621023853158140327e+01
2.555000000000000000e+03 3.621399630203757170e+01
2.565000000000000000e+03 3.620812186563974677e+01
2.575000000000000000e+03 3.620798893192797152e+01
2.585000000000000000e+03 3.620370028670501483e+01
2.595000000000000000e+03 3.619875620250512327e+01
2.605000000000000000e+03 3.619236150426265652e+01
2.615000000000000000e+03 3.618730815026373904e+01
2.625000000000000000e+03 3.618397271336125698e+01
2.635000000000000000e+03 3.618001941003542754e+01
2.645000000000000000e+03 3.618154341322342304e+01
2.655000000000000000e+03 3.617837775539275924e+01
2.665000000000000000e+03 3.616659383393084681e+01
2.675000000000000000e+03 3.616641660426166993e+01
2.685000000000000000e+03 3.616407921012915949e+01
2.695000000000000000e+03 3.615219304405403022e+01
2.705000000000000000e+03 3.614965388886349729e+01
2.715000000000000000e+03 3.614506277206877627e+01
2.725000000000000000e+03 3.613935319157906889e+01
2.735000000000000000e+03 3.613923364345096445e+01
2.745000000000000000e+03 3.612489305068478984e+01
2.755000000000000000e+03 3.612309892057262317e+01
2.765000000000000000e+03 3.612000413424769363e+01
2.775000000000000000e+03 3.612212953382496039e+01
2.785000000000000000e+03 3.611575068134830957e+01
2.795000000000000000e+03 3.609757735017481650e+01
2.805000000000000000e+03 3.610229830402708018e+01
2.815000000000000000e+03 3.610460055621346243e+01
2.825000000000000000e+03 3.609776517414085362e+01
2.835000000000000000e+03 3.608446660424268515e+01
2.845000000000000000e+03 3.608795337484541221e+01
2.855000000000000000e+03 3.608319372068979192e+01
2.865000000000000000e+03 3.608293393618567535e+01
2.875000000000000000e+03 3.607788131328538839e+01
2.885000000000000000e+03 3.607373110405856664e+01
2.895000000000000000e+03 3.606895509075360451e+01
2.910000000000000000e+03 3.606282564696469706e+01
2.930000000000000000e+03 3.605350343482477626e+01
2.950000000000000000e+03 3.604180628024056432e+01
2.970000000000000000e+03 3.603703598777943284e+01
2.990000000000000000e+03 3.602765749943914386e+01
3.010000000000000000e+03 3.601781826451070856e+01
3.030000000000000000e+03 3.601306933629163609e+01
3.050000000000000000e+03 3.600494704975162108e+01
3.070000000000000000e+03 3.599659289725445888e+01
3.090000000000000000e+03 3.598604513771252300e+01
3.110000000000000000e+03 3.598003261476127079e+01
3.130000000000000000e+03 3.597081558325898243e+01
3.150000000000000000e+03 3.596386407640306970e+01
3.170000000000000000e+03 3.595537625967400430e+01
3.190000000000000000e+03 3.594355703314912631e+01
3.210000000000000000e+03 3.594027149839320145e+01
3.230000000000000000e+03 3.593062292187536855e+01
3.250000000000000000e+03 3.592521949946893756e+01
3.270000000000000000e+03 3.591879267109665363e+01
3.290000000000000000e+03 3.591101820863234195e+01
3.310000000000000000e+03 3.590373471634167402e+01
3.330000000000000000e+03 3.589587065448669989e+01
3.350000000000000000e+03 3.588722632035017313e+01
3.370000000000000000e+03 3.587832753258424390e+01
3.390000000000000000e+03 3.587191021497392995e+01
3.410000000000000000e+03 3.586544057320068646e+01
3.430000000000000000e+03 3.585326631566056221e+01
3.450000000000000000e+03 3.584662473666249838e+01
3.470000000000000000e+03 3.584331813956022472e+01
3.490000000000000000e+03 3.583789002174881944e+01
3.510000000000000000e+03 3.583342590690565999e+01
3.530000000000000000e+03 3.582467816821966267e+01
3.550000000000000000e+03 3.582141266534571855e+01
3.570000000000000000e+03 3.580890370254689969e+01
3.590000000000000000e+03 3.579825191231019943e+01
3.610000000000000000e+03 3.579488626269541385e+01
3.630000000000000000e+03 3.579219069667328057e+01
3.640000000000000000e+03 3.579371802123016266e+01
3.650000000000000000e+03 3.579114882421345101e+01
3.670000000000000000e+03 3.578961233081241744e+01
3.690000000000000000e+03 3.576614135998263322e+01
3.710000000000000000e+03 3.575528188800883100e+01
3.730000000000000000e+03 3.573642140098924358e+01
3.750000000000000000e+03 3.577295572577943972e+01
3.770000000000000000e+03 3.577996359839922036e+01
3.790000000000000000e+03 3.580460445171410555e+01
3.810000000000000000e+03 3.582488682678714298e+01
3.830000000000000000e+03 3.576086767704117619e+01
3.850000000000000000e+03 3.582751728089559151e+01
3.870000000000000000e+03 3.583133356259475022e+01
3.890000000000000000e+03 3.574032456873518271e+01
3.910000000000000000e+03 3.583208101017329028e+01
3.930000000000000000e+03 3.580420207868368720e+01
3.950000000000000000e+03 3.580989098536393556e+01
3.970000000000000000e+03 3.569319973893881581e+01
3.990000000000000000e+03 3.581273794867190929e+01
4.010000000000000000e+03 3.582636421107336844e+01
4.030000000000000000e+03 3.581027684443845516e+01
4.050000000000000000e+03 3.581410609727869598e+01
4.070000000000000000e+03 3.579722428132088652e+01
4.090000000000000000e+03 3.578288300863793836e+01
4.110000000000000000e+03 3.572531518614427171e+01
4.130000000000000000e+03 3.578172441956343164e+01
4.150000000000000000e+03 3.577976115435208726e+01
4.170000000000000000e+03 3.577610053839049442e+01
4.190000000000000000e+03 3.577444118642522142e+01
4.210000000000000000e+03 3.577061354867606724e+01
4.230000000000000000e+03 3.576012225010257595e+01
4.250000000000000000e+03 3.576305928982412752e+01
4.270000000000000000e+03 3.574888059187060918e+01
4.290000000000000000e+03 3.574354831041529224e+01
4.310000000000000000e+03 3.572630078785375929e+01
4.330000000000000000e+03 3.571818534913778365e+01
4.350000000000000000e+03 3.569121391139735522e+01
4.370000000000000000e+03 3.574786064900199278e+01
4.390000000000000000e+03 3.572843654916195533e+01
4.410000000000000000e+03 3.573007111883709541e+01
4.430000000000000000e+03 3.573720811157539856e+01
4.450000000000000000e+03 3.573609033716380168e+01
4.470000000000000000e+03 3.572813472093551468e+01
4.490000000000000000e+03 3.574004863016612177e+01
4.510000000000000000e+03 3.575965871815414232e+01
4.530000000000000000e+03 3.573161955350380481e+01
4.550000000000000000e+03 3.573324455567151858e+01
4.570000000000000000e+03 3.574335655338103379e+01
4.590000000000000000e+03 3.573329256725504877e+01
4.610000000000000000e+03 3.573429082609183638e+01
4.630000000000000000e+03 3.572647420638813998e+01
4.650000000000000000e+03 3.572348444172298798e+01
4.670000000000000000e+03 3.573066232855812530e+01
4.690000000000000000e+03 3.572654799898356970e+01
4.710000000000000000e+03 3.571296980464739335e+01
4.730000000000000000e+03 3.571704603080805640e+01
4.750000000000000000e+03 3.572035863219880270e+01
4.770000000000000000e+03 3.571967912739191320e+01
4.790000000000000000e+03 3.571367885029071942e+01
4.810000000000000000e+03 3.571111585009202827e+01
4.830000000000000000e+03 3.571318525632855767e+01
4.850000000000000000e+03 3.568418911279507455e+01
4.870000000000000000e+03 3.564208934699235698e+01
4.890000000000000000e+03 3.570032105085481788e+01
4.910000000000000000e+03 3.569906693732807668e+01
4.930000000000000000e+03 3.568536809354704076e+01
4.950000000000000000e+03 3.570091172615256170e+01
4.970000000000000000e+03 3.569288863717828519e+01
4.990000000000000000e+03 3.567434443675826827e+01
5.010000000000000000e+03 3.565489960511360579e+01
5.030000000000000000e+03 3.566902540988215264e+01
5.050000000000000000e+03 3.566193063062585367e+01
5.070000000000000000e+03 3.567146487483327633e+01
5.090000000000000000e+03 3.565010472853383305e+01
5.110000000000000000e+03 3.565379622907451562e+01
5.130000000000000000e+03 3.563780994510042888e+01
5.150000000000000000e+03 3.562982492635468645e+01
5.170000000000000000e+03 3.561845822667758910e+01
5.190000000000000000e+03 3.562758068360136576e+01
5.210000000000000000e+03 3.563070466952223114e+01
5.230000000000000000e+03 3.565422326086567040e+01
5.250000000000000000e+03 3.566037894592083290e+01
5.270000000000000000e+03 3.562996421492956500e+01
5.290000000000000000e+03 3.566240315524417070e+01
5.310000000000000000e+03 3.567903580138474950e+01
5.330000000000000000e+03 3.564353582261561826e+01
5.350000000000000000e+03 3.566825674693266990e+01
5.370000000000000000e+03 3.566668260846731897e+01
5.390000000000000000e+03 3.565148242747280705e+01
5.410000000000000000e+03 3.565073268926559535e+01
5.430000000000000000e+03 3.564909871185128054e+01
5.450000000000000000e+03 3.566256433003463400e+01
5.470000000000000000e+03 3.565140115374239826e+01
5.490000000000000000e+03 3.564827012875616674e+01
5.510000000000000000e+03 3.564551821671850718e+01
5.530000000000000000e+03 3.565733982614837316e+01
5.550000000000000000e+03 3.566086208580507133e+01
5.570000000000000000e+03 3.565492531943092303e+01
5.590000000000000000e+03 3.564564749547886180e+01
5.610000000000000000e+03 3.565860527155991377e+01
5.630000000000000000e+03 3.565148241352969194e+01
5.650000000000000000e+03 3.565386243618900863e+01
5.670000000000000000e+03 3.564376366654581574e+01
5.690000000000000000e+03 3.565453529249757736e+01
5.710000000000000000e+03 3.563706113476481363e+01
5.730000000000000000e+03 3.566496929688545947e+01
5.750000000000000000e+03 3.565106816903628584e+01
5.770000000000000000e+03 3.565678711791612443e+01
5.790000000000000000e+03 3.563728101442957552e+01
5.810000000000000000e+03 3.565557592294556599e+01
5.830000000000000000e+03 3.566710356723955044e+01
5.850000000000000000e+03 3.565415602767025405e+01
5.870000000000000000e+03 3.565172184414151246e+01
5.890000000000000000e+03 3.560431503329299119e+01
5.910000000000000000e+03 3.564837135157664250e+01
5.930000000000000000e+03 3.565043446524448711e+01
5.950000000000000000e+03 3.564764556194562317e+01
5.970000000000000000e+03 3.565794662898951373e+01
5.990000000000000000e+03 3.564647477003580889e+01
6.010000000000000000e+03 3.564066499987527692e+01
6.030000000000000000e+03 3.565181808134266106e+01
6.050000000000000000e+03 3.565636657275383214e+01
6.070000000000000000e+03 3.565387412294791858e+01
6.090000000000000000e+03 3.563740132375712477e+01
6.110000000000000000e+03 3.564065511010189624e+01
6.130000000000000000e+03 3.561743565153001612e+01
6.150000000000000000e+03 3.563124265953508996e+01
6.170000000000000000e+03 3.561719615302264685e+01
6.190000000000000000e+03 3.563709314132212569e+01
6.210000000000000000e+03 3.563117357281076636e+01
6.230000000000000000e+03 3.561919681754568501e+01
6.250000000000000000e+03 3.560251835774506901e+01
6.270000000000000000e+03 3.561883014408908821e+01
6.290000000000000000e+03 3.562897867890707460e+01
6.310000000000000000e+03 3.561920457482224833e+01
6.330000000000000000e+03 3.562635996010008910e+01
6.350000000000000000e+03 3.562829758203438502e+01
6.370000000000000000e+03 3.562490080570491102e+01
6.390000000000000000e+03 3.562950674822171493e+01
6.410000000000000000e+03 3.562382442028246032e+01
6.430000000000000000e+03 3.562491811311997481e+01
6.450000000000000000e+03 3.562647370581521500e+01
6.470000000000000000e+03 3.562489873283925590e+01
6.490000000000000000e+03 3.561240729579859732e+01
6.510000000000000000e+03 3.562617153625059530e+01
6.530000000000000000e+03 3.562613987541335092e+01
6.550000000000000000e+03 3.561520165496138191e+01
6.570000000000000000e+03 3.559878612208726167e+01
6.590000000000000000e+03 3.562228001387273935e+01
6.610000000000000000e+03 3.562489350642781716e+01
6.630000000000000000e+03 3.562497402467166552e+01
6.650000000000000000e+03 3.562501491562233014e+01
6.670000000000000000e+03 3.561543505319009739e+01
6.690000000000000000e+03 3.562576330473068964e+01
6.710000000000000000e+03 3.560854872668049609e+01
6.730000000000000000e+03 3.562486134658173853e+01
6.750000000000000000e+03 3.561499196096056608e+01
6.770000000000000000e+03 3.561835762868430777e+01
6.790000000000000000e+03 3.561375503027410616e+01
6.810000000000000000e+03 3.561560861969182668e+01
6.830000000000000000e+03 3.562052007782280327e+01
6.850000000000000000e+03 3.560892582490018299e+01
6.870000000000000000e+03 3.561419059267979748e+01
6.890000000000000000e+03 3.562234081128080732e+01
6.910000000000000000e+03 3.561874422612822855e+01
6.930000000000000000e+03 3.561222313439234455e+01
6.950000000000000000e+03 3.560648812991362888e+01
6.970000000000000000e+03 3.561258910314994353e+01
6.990000000000000000e+03 3.560527697342911324e+01
7.010000000000000000e+03 3.559827748755216703e+01
7.030000000000000000e+03 3.560671553032411651e+01
7.050000000000000000e+03 3.561359401747935749e+01
7.070000000000000000e+03 3.560079377788277810e+01
7.090000000000000000e+03 3.559474010521365983e+01
7.110000000000000000e+03 3.558265237391303515e+01
7.130000000000000000e+03 3.557486921412383651e+01
7.150000000000000000e+03 3.557728466774496923e+01
7.170000000000000000e+03 3.558527026108970404e+01
7.190000000000000000e+03 3.557307766612663613e+01
7.210000000000000000e+03 3.558363191250189317e+01
7.230000000000000000e+03 3.559376340854714016e+01
7.250000000000000000e+03 3.559266392690641112e+01
7.270000000000000000e+03 3.559252004647090928e+01
7.290000000000000000e+03 3.558433990198653873e+01
7.310000000000000000e+03 3.559042316007781892e+01
7.330000000000000000e+03 3.559110203867474098e+01
7.350000000000000000e+03 3.558919770264864013e+01
7.370000000000000000e+03 3.560109018825676941e+01
7.390000000000000000e+03 3.559240217072088086e+01
7.410000000000000000e+03 3.558807750688885108e+01
7.430000000000000000e+03 3.559481300622396560e+01
7.450000000000000000e+03 3.559650689131660073e+01
7.470000000000000000e+03 3.559595698629585314e+01
7.490000000000000000e+03 3.559266024449138399e+01
7.510000000000000000e+03 3.560009691531256237e+01
7.530000000000000000e+03 3.560333113193473764e+01
7.550000000000000000e+03 3.560609017744042148e+01
7.570000000000000000e+03 3.560263224025931095e+01
7.590000000000000000e+03 3.559854876405633917e+01
7.610000000000000000e+03 3.559959386706662343e+01
7.630000000000000000e+03 3.560016928806275871e+01
7.650000000000000000e+03 3.560077166865917064e+01
7.670000000000000000e+03 3.558597623857160386e+01
7.690000000000000000e+03 3.559885965137928565e+01
7.710000000000000000e+03 3.558846756658009980e+01
7.730000000000000000e+03 3.558978553288010005e+01
7.750000000000000000e+03 3.558741528368949503e+01
7.770000000000000000e+03 3.559581350833796165e+01
7.790000000000000000e+03 3.559595104277893540e+01
7.810000000000000000e+03 3.559597841492406900e+01
7.830000000000000000e+03 3.559111717109549744e+01
7.850000000000000000e+03 3.558568216213416235e+01
7.870000000000000000e+03 3.559033173962911434e+01
7.890000000000000000e+03 3.557491389157114270e+01
7.910000000000000000e+03 3.556393713016159097e+01
7.930000000000000000e+03 3.556757247197332106e+01
7.950000000000000000e+03 3.555764081464493387e+01
7.970000000000000000e+03 3.557632676321236431e+01
7.990000000000000000e+03 3.557403773951135406e+01
8.010000000000000000e+03 3.558357406480354257e+01
8.030000000000000000e+03 3.558326977081008380e+01
8.050000000000000000e+03 3.558034686292064919e+01
8.070000000000000000e+03 3.557668040697292611e+01
8.090000000000000000e+03 3.556942834525077757e+01
8.110000000000000000e+03 3.556954365351955971e+01
8.130000000000000000e+03 3.557517714942341058e+01
8.150000000000000000e+03 3.557507915708581692e+01
8.170000000000000000e+03 3.557554926500674242e+01
8.190000000000000000e+03 3.556791144879088762e+01
8.210000000000000000e+03 3.556564802619741528e+01
8.230000000000000000e+03 3.557181347453365561e+01
8.250000000000000000e+03 3.557197882472017625e+01
8.270000000000000000e+03 3.557755927005266727e+01
8.290000000000000000e+03 3.557424157064307479e+01
8.310000000000000000e+03 3.556122488309217289e+01
8.330000000000000000e+03 3.556115461222761098e+01
8.350000000000000000e+03 3.556153818337848804e+01
8.370000000000000000e+03 3.556395594707845476e+01
8.390000000000000000e+03 3.554771554081543883e+01
8.410000000000000000e+03 3.556484676890700314e+01
8.430000000000000000e+03 3.555029547022567726e+01
8.450000000000000000e+03 3.555884147779937621e+01
8.470000000000000000e+03 3.555775979969611456e+01
8.490000000000000000e+03 3.555399585788742911e+01
8.510000000000000000e+03 3.553286952800858955e+01
8.530000000000000000e+03 3.555010874870976068e+01
8.550000000000000000e+03 3.548005889036019767e+01
8.570000000000000000e+03 3.556221508932793540e+01
8.590000000000000000e+03 3.555595783505943075e+01
8.610000000000000000e+03 3.555598439067999550e+01
8.630000000000000000e+03 3.556129605682178862e+01
8.650000000000000000e+03 3.555705056728306346e+01
8.670000000000000000e+03 3.548534784253341456e+01
8.690000000000000000e+03 3.554412084337756994e+01
8.710000000000000000e+03 3.555798579103952761e+01
8.730000000000000000e+03 3.555831523140325601e+01
8.750000000000000000e+03 3.555026047567803005e+01
8.770000000000000000e+03 3.555726523936377248e+01
8.790000000000000000e+03 3.555740894803995644e+01
8.810000000000000000e+03 3.554812351374121704e+01
8.830000000000000000e+03 3.555142263796990676e+01
8.850000000000000000e+03 3.555365909898236509e+01
8.870000000000000000e+03 3.554327601409590898e+01
8.890000000000000000e+03 3.555516320426160348e+01
8.910000000000000000e+03 3.555900221523549476e+01
8.930000000000000000e+03 3.554945478016598770e+01
8.950000000000000000e+03 3.554644385429177333e+01
8.970000000000000000e+03 3.554875128176300336e+01
8.990000000000000000e+03 3.554864580079886593e+01
9.010000000000000000e+03 3.552937761888546220e+01
9.030000000000000000e+03 3.554211351350256365e+01
9.050000000000000000e+03 3.555229097995680831e+01
9.070000000000000000e+03 3.554963141221530520e+01
9.090000000000000000e+03 3.553500764858173255e+01
9.110000000000000000e+03 3.554010502168692653e+01
9.130000000000000000e+03 3.554481667906045317e+01
9.150000000000000000e+03 3.554212126407001193e+01
9.170000000000000000e+03 3.554143683699685141e+01
9.190000000000000000e+03 3.554520205136211786e+01
9.210000000000000000e+03 3.553459419064043345e+01
9.230000000000000000e+03 3.553308520416766214e+01
9.250000000000000000e+03 3.553185167346725137e+01
9.270000000000000000e+03 3.553368688602355974e+01
9.290000000000000000e+03 3.553192096449414095e+01
9.310000000000000000e+03 3.553651291329668283e+01
9.330000000000000000e+03 3.553404527692430293e+01
9.350000000000000000e+03 3.553163731759042321e+01
9.370000000000000000e+03 3.552188619457854912e+01
9.390000000000000000e+03 3.552995474638041173e+01
9.410000000000000000e+03 3.552069396382164257e+01
9.430000000000000000e+03 3.552913354403210633e+01
9.450000000000000000e+03 3.551961926664366587e+01
9.470000000000000000e+03 3.552656386174002279e+01
9.490000000000000000e+03 3.552605545174668578e+01
9.510000000000000000e+03 3.552300944760441581e+01
9.530000000000000000e+03 3.552073718624350818e+01
9.550000000000000000e+03 3.550750233975771408e+01
9.570000000000000000e+03 3.551217948688751136e+01
9.590000000000000000e+03 3.552036098065394043e+01
9.610000000000000000e+03 3.551311085399588308e+01
9.630000000000000000e+03 3.551444831459186702e+01
9.650000000000000000e+03 3.550412312349432398e+01
9.670000000000000000e+03 3.550366503602240442e+01
9.690000000000000000e+03 3.550949451087912223e+01
9.710000000000000000e+03 3.550598037964584108e+01
9.730000000000000000e+03 3.550107517355758091e+01
9.750000000000000000e+03 3.550027241163658687e+01
9.770000000000000000e+03 3.550116164951779751e+01
9.790000000000000000e+03 3.549211072016588275e+01
9.810000000000000000e+03 3.550512080122165059e+01
9.830000000000000000e+03 3.550076827993675010e+01
9.850000000000000000e+03 3.550373111989763686e+01
9.870000000000000000e+03 3.549983570012044964e+01
9.890000000000000000e+03 3.549903442981616308e+01
9.910000000000000000e+03 3.549757746500112887e+01
9.930000000000000000e+03 3.549729815693291357e+01
9.950000000000000000e+03 3.549627639008778601e+01
9.970000000000000000e+03 3.549625936458170372e+01
9.990000000000000000e+03 3.549408393688560182e+01
1.002500000000000000e+04 3.548590527440040177e+01
1.007500000000000000e+04 3.547875945494003957e+01
1.012500000000000000e+04 3.548170833553765391e+01
1.017500000000000000e+04 3.547480169406716044e+01
1.022500000000000000e+04 3.547470763095063973e+01
1.027500000000000000e+04 3.547436689646194452e+01
1.032500000000000000e+04 3.546447042765056779e+01
1.037500000000000000e+04 3.546071113523543517e+01
1.042500000000000000e+04 3.546191870685365899e+01
1.047500000000000000e+04 3.545708752467877645e+01
1.052500000000000000e+04 3.545675274078726602e+01
1.057500000000000000e+04 3.545008195720869537e+01
1.062500000000000000e+04 3.544786445250561968e+01
1.067500000000000000e+04 3.543851602626854458e+01
1.072500000000000000e+04 3.543810714032987619e+01
1.077500000000000000e+04 3.543297485505677002e+01
1.082500000000000000e+04 3.542658885360363286e+01
1.087500000000000000e+04 3.542567198842720444e+01
1.092500000000000000e+04 3.542582846258150653e+01
1.097500000000000000e+04 3.542017705788338588e+01
1.102500000000000000e+04 3.542149676700350369e+01
1.107500000000000000e+04 3.541957516438161235e+01
1.112500000000000000e+04 3.541575478115033349e+01
1.117500000000000000e+04 3.540972528069620040e+01
1.122500000000000000e+04 3.540932378304067640e+01
1.127500000000000000e+04 3.540211101760351653e+01
1.132500000000000000e+04 3.539916193430093472e+01
1.137500000000000000e+04 3.539424185495828823e+01
1.142500000000000000e+04 3.538927412701009700e+01
1.147500000000000000e+04 3.539288492492342897e+01
1.152500000000000000e+04 3.539138824140885475e+01
1.157500000000000000e+04 3.538408035526340001e+01
1.162500000000000000e+04 3.537707853186558538e+01
1.167500000000000000e+04 3.537683818897951227e+01
1.172500000000000000e+04 3.537930976240899383e+01
1.177500000000000000e+04 3.537061394749461840e+01
1.182500000000000000e+04 3.536718937013205277e+01
1.187500000000000000e+04 3.535899614350334730e+01
1.192500000000000000e+04 3.536652418919037899e+01
1.197500000000000000e+04 3.534896043025928236e+01
1.202500000000000000e+04 3.535811499850475315e+01
1.207500000000000000e+04 3.535208471503490557e+01
1.212500000000000000e+04 3.535121378072699372e+01
1.217500000000000000e+04 3.535157092238949872e+01
1.222500000000000000e+04 3.534740109254826024e+01
1.227500000000000000e+04 3.534391026286512272e+01
1.232500000000000000e+04 3.534041729010678523e+01
1.237500000000000000e+04 3.533869380995977139e+01
1.242500000000000000e+04 3.533490366247927028e+01
1.247500000000000000e+04 3.533382960663931982e+01
1.252500000000000000e+04 3.532803986869937063e+01
1.257500000000000000e+04 3.532694449592074193e+01
1.262500000000000000e+04 3.532400157526178219e+01
1.267500000000000000e+04 3.531975118365613042e+01
1.272500000000000000e+04 3.531924677586142991e+01
1.277500000000000000e+04 3.531907323198083049e+01
1.282500000000000000e+04 3.530234645984194231e+01
1.287500000000000000e+04 3.530873233592176774e+01
1.292500000000000000e+04 3.530225891247383885e+01
1.297500000000000000e+04 3.530748924755704365e+01
1.302500000000000000e+04 3.530150332589349915e+01
1.307500000000000000e+04 3.530326799160084761e+01
1.312500000000000000e+04 3.529511184486337072e+01
1.317500000000000000e+04 3.529383376903442127e+01
1.322500000000000000e+04 3.529368146249968419e+01
1.327500000000000000e+04 3.528533257297881676e+01
1.332500000000000000e+04 3.528937933621645584e+01
1.337500000000000000e+04 3.528452593623387656e+01
1.342500000000000000e+04 3.528719908758319690e+01
1.347500000000000000e+04 3.528447977667035218e+01
1.352500000000000000e+04 3.528270039512460698e+01
1.357500000000000000e+04 3.527503378763222486e+01
1.362500000000000000e+04 3.527194582414955448e+01
1.367500000000000000e+04 3.527398216719704749e+01
1.372500000000000000e+04 3.527546203801966129e+01
1.377500000000000000e+04 3.527169597301258364e+01
1.382500000000000000e+04 3.527195474550541121e+01
1.387500000000000000e+04 3.526599989540064684e+01
1.392500000000000000e+04 3.526898771588015791e+01
1.397500000000000000e+04 3.526890601895489397e+01
1.402500000000000000e+04 3.526076027951174297e+01
1.407500000000000000e+04 3.526507993341918734e+01
1.412500000000000000e+04 3.525937476196989451e+01
1.417500000000000000e+04 3.526298940576442220e+01
1.422500000000000000e+04 3.525552996283076368e+01
1.427500000000000000e+04 3.524775671737622673e+01
1.432500000000000000e+04 3.525615170585643909e+01
1.437500000000000000e+04 3.525709333830737791e+01
1.442500000000000000e+04 3.524446535644290179e+01
1.447500000000000000e+04 3.525320116712705243e+01
1.452500000000000000e+04 3.524707275759666913e+01
1.457000000000000000e+04 3.524906366888925646e+01
1.462000000000000000e+04 3.524946175018646244e+01
1.467500000000000000e+04 3.524874885478881481e+01
1.472500000000000000e+04 3.523985677688066431e+01
1.477500000000000000e+04 3.524371117468579939e+01
1.482500000000000000e+04 3.524252980235617372e+01
1.487500000000000000e+04 3.523788733721059430e+01
1.492500000000000000e+04 3.524613084827525711e+01
1.497500000000000000e+04 3.523981854057316099e+01
1.502500000000000000e+04 3.523739259141387237e+01
1.507500000000000000e+04 3.523178119114641049e+01
1.512500000000000000e+04 3.523905621093373242e+01
1.517500000000000000e+04 3.523901965240607126e+01
1.522500000000000000e+04 3.523853181968524950e+01
1.527500000000000000e+04 3.524047490060273446e+01
1.532500000000000000e+04 3.523642674313500578e+01
1.537500000000000000e+04 3.524061913072472407e+01
1.542500000000000000e+04 3.523971965533748119e+01
1.547500000000000000e+04 3.523933470552323399e+01
1.552500000000000000e+04 3.523272618236296694e+01
1.557500000000000000e+04 3.521493622253080247e+01
1.562500000000000000e+04 3.522551437554452036e+01
1.567500000000000000e+04 3.522240618119909072e+01
1.572500000000000000e+04 3.522973301279832725e+01
1.577500000000000000e+04 3.519609806382759842e+01
1.582500000000000000e+04 3.520728216015517376e+01
1.587500000000000000e+04 3.520330901365748133e+01
1.592500000000000000e+04 3.521621510330684401e+01
1.597500000000000000e+04 3.520099007681737646e+01
1.605000000000000000e+04 3.520574175683110951e+01
1.615000000000000000e+04 3.520408328475151905e+01
1.625000000000000000e+04 3.519641904434290325e+01
1.635000000000000000e+04 3.520739494853404494e+01
1.645000000000000000e+04 3.517725653916211570e+01
1.655000000000000000e+04 3.519328952807659050e+01
1.665000000000000000e+04 3.516855258910551640e+01
1.675000000000000000e+04 3.517514802175729471e+01
1.685000000000000000e+04 3.515495099193950068e+01
1.695000000000000000e+04 3.516421641200920334e+01
1.705000000000000000e+04 3.514707853644204505e+01
1.715000000000000000e+04 3.514643195988053037e+01
1.725000000000000000e+04 3.513723933437348990e+01
1.735000000000000000e+04 3.512265994110317990e+01
1.745000000000000000e+04 3.512371972055102276e+01
1.755000000000000000e+04 3.511317319378643020e+01
1.765000000000000000e+04 3.511015906918095197e+01
1.775000000000000000e+04 3.509927004789226146e+01
1.785000000000000000e+04 3.509567156272920840e+01
1.795000000000000000e+04 3.508847882706226073e+01
1.805000000000000000e+04 3.507667663883341902e+01
1.815000000000000000e+04 3.507197662246088754e+01
1.825000000000000000e+04 3.506386672516939029e+01
1.835000000000000000e+04 3.505591190199805141e+01
1.845000000000000000e+04 3.504706075603749582e+01
1.855000000000000000e+04 3.504239181866566355e+01
1.865000000000000000e+04 3.503069241713776449e+01
1.875000000000000000e+04 3.502296443565560935e+01
1.885000000000000000e+04 3.501971873032894678e+01
1.895000000000000000e+04 3.500086872227549151e+01
1.905000000000000000e+04 3.500843967253776157e+01
1.915000000000000000e+04 3.499891443520146339e+01
1.925000000000000000e+04 3.499330478789923404e+01
1.935000000000000000e+04 3.498066452884734900e+01
1.945000000000000000e+04 3.497257970417506812e+01
1.955000000000000000e+04 3.497043555275075732e+01
1.965000000000000000e+04 3.496254460271785547e+01
1.975000000000000000e+04 3.495323917830455684e+01
1.985000000000000000e+04 3.494806522839748197e+01
1.995000000000000000e+04 3.494150977632327226e+01
2.005000000000000000e+04 3.494015076746552495e+01
2.015000000000000000e+04 3.493425053020009585e+01
2.025000000000000000e+04 3.492071994480396313e+01
2.035000000000000000e+04 3.491421032160217663e+01
2.045000000000000000e+04 3.491404240743244003e+01
2.055000000000000000e+04 3.490581598779999695e+01
2.065000000000000000e+04 3.489712332576807796e+01
2.075000000000000000e+04 3.489130269015292640e+01
2.085000000000000000e+04 3.488363941267866863e+01
2.095000000000000000e+04 3.487438135457760779e+01
2.105000000000000000e+04 3.487289231581061699e+01
2.115000000000000000e+04 3.486383277971656014e+01
2.125000000000000000e+04 3.485689743365330173e+01
2.135000000000000000e+04 3.485426937759258692e+01
2.145000000000000000e+04 3.484702605079453974e+01
2.155000000000000000e+04 3.484017253952745818e+01
2.165000000000000000e+04 3.483120887540145816e+01
2.175000000000000000e+04 3.482354519109193802e+01
2.185000000000000000e+04 3.481849336686385499e+01
2.195000000000000000e+04 3.481331162460025297e+01
2.205000000000000000e+04 3.480075166539887022e+01
2.215000000000000000e+04 3.480188346771119967e+01
2.225000000000000000e+04 3.478826761802632461e+01
2.235000000000000000e+04 3.478438997447483416e+01
2.245000000000000000e+04 3.477892425097804363e+01
2.255000000000000000e+04 3.477412897790348723e+01
2.265000000000000000e+04 3.476430066409774611e+01
2.275000000000000000e+04 3.476303088748903747e+01
2.285000000000000000e+04 3.475287557547210326e+01
2.295000000000000000e+04 3.467046311021494631e+01
2.305000000000000000e+04 3.470897325516871490e+01
2.315000000000000000e+04 3.470283047120086906e+01
2.325000000000000000e+04 3.462853204285925557e+01
2.335000000000000000e+04 3.466779324051957190e+01
2.345000000000000000e+04 3.465522986674342576e+01
2.355000000000000000e+04 3.458387409655922085e+01
2.365000000000000000e+04 3.463284458320909920e+01
2.375000000000000000e+04 3.461759449267238864e+01
2.385000000000000000e+04 3.456016849310095296e+01
2.395000000000000000e+04 3.460078702435738052e+01
2.405000000000000000e+04 3.459743840393230840e+01
2.415000000000000000e+04 3.454576284530359942e+01
2.425000000000000000e+04 3.457834535949805144e+01
2.435000000000000000e+04 3.457630881467262896e+01
2.445000000000000000e+04 3.454455918864935171e+01
2.455000000000000000e+04 3.454601859724874657e+01
2.465000000000000000e+04 3.456395339821059309e+01
2.475000000000000000e+04 3.454636081469637787e+01
2.485000000000000000e+04 3.451998344983655187e+01
2.495000000000000000e+04 3.453953811156157627e+01
2.505000000000000000e+04 3.455443729791782914e+01
2.515000000000000000e+04 3.450607796459890153e+01
2.525000000000000000e+04 3.452984682874884470e+01
2.535000000000000000e+04 3.453083529483605219e+01
2.545000000000000000e+04 3.451898814007373772e+01
2.555000000000000000e+04 3.450920575795872480e+01
2.565000000000000000e+04 3.451378130207199035e+01
2.575000000000000000e+04 3.451634223833716675e+01
2.585000000000000000e+04 3.448767283320603383e+01
2.595000000000000000e+04 3.449543565576608728e+01
2.605000000000000000e+04 3.450216425609441728e+01
2.615000000000000000e+04 3.448945210711340792e+01
2.625000000000000000e+04 3.448312277543068660e+01
2.635000000000000000e+04 3.448703998657228453e+01
2.645000000000000000e+04 3.448448269477215433e+01
2.655000000000000000e+04 3.447405205143225260e+01
2.665000000000000000e+04 3.446508903824872050e+01
2.675000000000000000e+04 3.447846828240653849e+01
2.685000000000000000e+04 3.447125109583691227e+01
2.695000000000000000e+04 3.445531835384466746e+01
2.705000000000000000e+04 3.446148220992560596e+01
2.715000000000000000e+04 3.445675738265732946e+01
2.725000000000000000e+04 3.445658949673951810e+01
2.735000000000000000e+04 3.444075026265870321e+01
2.745000000000000000e+04 3.444468537113678508e+01
2.755000000000000000e+04 3.444483720547812311e+01
2.765000000000000000e+04 3.443599682124493455e+01
2.775000000000000000e+04 3.442611258317540290e+01
2.785000000000000000e+04 3.442785620208262287e+01
2.795000000000000000e+04 3.442749039863318217e+01
2.805000000000000000e+04 3.442172419962851393e+01
2.815000000000000000e+04 3.441259871717878127e+01
2.825000000000000000e+04 3.441100018629086321e+01
2.835000000000000000e+04 3.440958518877721417e+01
2.845000000000000000e+04 3.440369735314763489e+01
2.855000000000000000e+04 3.439807570923083091e+01
2.865000000000000000e+04 3.439368860611553913e+01
2.875000000000000000e+04 3.438963592609738384e+01
2.885000000000000000e+04 3.438492932714627415e+01
2.895000000000000000e+04 3.438015692598009565e+01
2.905000000000000000e+04 3.437486839887395718e+01
2.915000000000000000e+04 3.437142612418745813e+01
2.925000000000000000e+04 3.436246669523460184e+01
2.935000000000000000e+04 3.436273937191505468e+01
2.945000000000000000e+04 3.435516667936827417e+01
2.955000000000000000e+04 3.435073583995450974e+01
2.965000000000000000e+04 3.434784540212963577e+01
2.975000000000000000e+04 3.434280634526529496e+01
2.985000000000000000e+04 3.433679761988997825e+01
2.995000000000000000e+04 3.433195755754492495e+01
3.005000000000000000e+04 3.432669447244240502e+01
3.015000000000000000e+04 3.432292015764296877e+01
3.025000000000000000e+04 3.431654067401527186e+01
3.035000000000000000e+04 3.430975155727410453e+01
3.045000000000000000e+04 3.430736465986063877e+01
3.055000000000000000e+04 3.430117122642319316e+01
3.065000000000000000e+04 3.429590077734581399e+01
3.075000000000000000e+04 3.429209224417036239e+01
3.085000000000000000e+04 3.428508175651043643e+01
3.095000000000000000e+04 3.428039664907245765e+01
3.105000000000000000e+04 3.427707263674605542e+01
3.115000000000000000e+04 3.426870653373428866e+01
3.125000000000000000e+04 3.426608103486977086e+01
3.135000000000000000e+04 3.426126687934534942e+01
3.145000000000000000e+04 3.425584084001441454e+01
3.155000000000000000e+04 3.424981495372942675e+01
3.165000000000000000e+04 3.424445325847302968e+01
3.175000000000000000e+04 3.424067344702796589e+01
3.185000000000000000e+04 3.423539055335432835e+01
3.195000000000000000e+04 3.423094494325803794e+01
3.210000000000000000e+04 3.422269432597497740e+01
3.230000000000000000e+04 3.421214155970707083e+01
3.250000000000000000e+04 3.420208050496108854e+01
3.270000000000000000e+04 3.419187563994980650e+01
3.290000000000000000e+04 3.418117703170510424e+01
3.310000000000000000e+04 3.417138834134053837e+01
3.330000000000000000e+04 3.416090089115269279e+01
3.350000000000000000e+04 3.415266501335005955e+01
3.370000000000000000e+04 3.414224634319852925e+01
3.390000000000000000e+04 3.413168339771961968e+01
3.410000000000000000e+04 3.412149388266983152e+01
3.430000000000000000e+04 3.411396087761539064e+01
3.450000000000000000e+04 3.410474772432375090e+01
3.470000000000000000e+04 3.409509180860140987e+01
3.490000000000000000e+04 3.408585582762849242e+01
3.510000000000000000e+04 3.407714665405061538e+01
3.530000000000000000e+04 3.406641286673878710e+01
3.550000000000000000e+04 3.405827289813806402e+01
3.570000000000000000e+04 3.404864308340943779e+01
3.590000000000000000e+04 3.403933556633040070e+01
3.610000000000000000e+04 3.403117412543166154e+01
3.630000000000000000e+04 3.402237912992281110e+01
3.650000000000000000e+04 3.401148292519196303e+01
3.670000000000000000e+04 3.400253341964202747e+01
3.690000000000000000e+04 3.399156493664809631e+01
3.710000000000000000e+04 3.398188144191216509e+01
3.730000000000000000e+04 3.397559157767734206e+01
3.750000000000000000e+04 3.396371334980172207e+01
3.770000000000000000e+04 3.395812510731216349e+01
3.790000000000000000e+04 3.394924823110179801e+01
3.810000000000000000e+04 3.394169545063858351e+01
3.830000000000000000e+04 3.393407128043444487e+01
3.850000000000000000e+04 3.392590622098573760e+01
3.870000000000000000e+04 3.391523009278736822e+01
3.890000000000000000e+04 3.390789682393620552e+01
3.910000000000000000e+04 3.390023734848835346e+01
3.930000000000000000e+04 3.389198722273457065e+01
3.950000000000000000e+04 3.388168368362017446e+01
3.970000000000000000e+04 3.387416996357370635e+01
3.990000000000000000e+04 3.386243820094607315e+01
4.010000000000000000e+04 3.385673512348510883e+01
4.030000000000000000e+04 3.385023368155990653e+01
4.050000000000000000e+04 3.384102906166291547e+01
4.070000000000000000e+04 3.383347395465165164e+01
4.090000000000000000e+04 3.382567391630610842e+01
4.110000000000000000e+04 3.381788407549197473e+01
4.130000000000000000e+04 3.381062873873210606e+01
4.150000000000000000e+04 3.380201893406514557e+01
4.170000000000000000e+04 3.379346763365630579e+01
4.190000000000000000e+04 3.378521557884748461e+01
4.210000000000000000e+04 3.377634549968954047e+01
4.230000000000000000e+04 3.377139363338709188e+01
4.250000000000000000e+04 3.376181929531461634e+01
4.270000000000000000e+04 3.375550282597489371e+01
4.290000000000000000e+04 3.371751715236693769e+01
4.310000000000000000e+04 3.367954909811414410e+01
4.330000000000000000e+04 3.368892660441787257e+01
4.350000000000000000e+04 3.365268142677207663e+01
4.370000000000000000e+04 3.363647354425745561e+01
4.390000000000000000e+04 3.362102389394884483e+01
4.410000000000000000e+04 3.358495245351940639e+01
4.430000000000000000e+04 3.358252473822011552e+01
4.450000000000000000e+04 3.356996293359109274e+01
4.470000000000000000e+04 3.354050905478428035e+01
4.490000000000000000e+04 3.355224183064999011e+01
4.510000000000000000e+04 3.353372810941443305e+01
4.530000000000000000e+04 3.351413661906858721e+01
4.550000000000000000e+04 3.352048452167065307e+01
4.570000000000000000e+04 3.351380296280378701e+01
4.590000000000000000e+04 3.348831547367164774e+01
4.610000000000000000e+04 3.350214845942789310e+01
4.630000000000000000e+04 3.348837553535496170e+01
4.650000000000000000e+04 3.348610318114646844e+01
4.670000000000000000e+04 3.348725701703035185e+01
4.690000000000000000e+04 3.347594676836223471e+01
4.710000000000000000e+04 3.346460238482747229e+01
4.730000000000000000e+04 3.347399305403773440e+01
4.750000000000000000e+04 3.346168551421924064e+01
4.770000000000000000e+04 3.345615824558677787e+01
4.790000000000000000e+04 3.345228236242963504e+01
4.810000000000000000e+04 3.343763957965681044e+01
4.830000000000000000e+04 3.344875435948915765e+01
4.850000000000000000e+04 3.343804725013265511e+01
4.870000000000000000e+04 3.342658598811350146e+01
4.890000000000000000e+04 3.342307086260625226e+01
4.910000000000000000e+04 3.341698719653600591e+01
4.930000000000000000e+04 3.341085002232239276e+01
4.950000000000000000e+04 3.340134128807813596e+01
4.970000000000000000e+04 3.340468760264436554e+01
4.990000000000000000e+04 3.339698267900217132e+01
5.010000000000000000e+04 3.339366449428266037e+01
5.030000000000000000e+04 3.338836638803849155e+01
5.050000000000000000e+04 3.337516033167242568e+01
5.070000000000000000e+04 3.337483864127037236e+01
5.090000000000000000e+04 3.336965305262897630e+01
5.110000000000000000e+04 3.336069668327196780e+01
5.130000000000000000e+04 3.335937631833139960e+01
5.150000000000000000e+04 3.335014468298994217e+01
5.170000000000000000e+04 3.335433951799571162e+01
5.190000000000000000e+04 3.334418249125960187e+01
5.210000000000000000e+04 3.334014459925122509e+01
5.230000000000000000e+04 3.333205244619432506e+01
5.250000000000000000e+04 3.333117617176405645e+01
5.270000000000000000e+04 3.333562639781004577e+01
5.290000000000000000e+04 3.331900724973435501e+01
5.310000000000000000e+04 3.331168965970415030e+01
5.330000000000000000e+04 3.331265392306632123e+01
5.350000000000000000e+04 3.330693305945754190e+01
5.370000000000000000e+04 3.330321654497703321e+01
5.390000000000000000e+04 3.329944343406268814e+01
5.410000000000000000e+04 3.329521012696562110e+01
5.430000000000000000e+04 3.328536928919030657e+01
5.450000000000000000e+04 3.328805369647215429e+01
5.470000000000000000e+04 3.327682222790185307e+01
5.490000000000000000e+04 3.327621353652799741e+01
5.510000000000000000e+04 3.326706259314961756e+01
5.530000000000000000e+04 3.327799120252421972e+01
5.550000000000000000e+04 3.325917222570394216e+01
5.570000000000000000e+04 3.326341171821972154e+01
5.590000000000000000e+04 3.325395815492517215e+01
5.610000000000000000e+04 3.325532140239872092e+01
5.630000000000000000e+04 3.324278866771471996e+01
5.650000000000000000e+04 3.324501931861071569e+01
5.670000000000000000e+04 3.323919917275311775e+01
5.690000000000000000e+04 3.322845736133750449e+01
5.710000000000000000e+04 3.323133140895473758e+01
5.730000000000000000e+04 3.322659389333591662e+01
5.750000000000000000e+04 3.322125074153808555e+01
5.770000000000000000e+04 3.321556120978992510e+01
5.790000000000000000e+04 3.321507783015024273e+01
5.810000000000000000e+04 3.320776027108048822e+01
5.830000000000000000e+04 3.320377209483390857e+01
5.850000000000000000e+04 3.319901117714088912e+01
5.870000000000000000e+04 3.319067452643578520e+01
5.890000000000000000e+04 3.318774430586029922e+01
5.910000000000000000e+04 3.318339624278716116e+01
5.930000000000000000e+04 3.318021447274803393e+01
5.950000000000000000e+04 3.317287514509649782e+01
5.970000000000000000e+04 3.317157416528556269e+01
5.990000000000000000e+04 3.316675513493918004e+01
6.010000000000000000e+04 3.316216024112385696e+01
6.030000000000000000e+04 3.315708637101501921e+01
6.050000000000000000e+04 3.314931303031355014e+01
6.070000000000000000e+04 3.314545774727752558e+01
6.090000000000000000e+04 3.314004275696288460e+01
6.110000000000000000e+04 3.313432289001099207e+01
6.130000000000000000e+04 3.313140784932264182e+01
6.150000000000000000e+04 3.312777208172526144e+01
6.170000000000000000e+04 3.312552832179290618e+01
6.190000000000000000e+04 3.311957507892746833e+01
6.210000000000000000e+04 3.311630526422516851e+01
6.230000000000000000e+04 3.310924628114300816e+01
6.250000000000000000e+04 3.310235206373238270e+01
6.270000000000000000e+04 3.309796542367092798e+01
6.290000000000000000e+04 3.309370985234014739e+01
6.310000000000000000e+04 3.308891055155575600e+01
6.330000000000000000e+04 3.308645493590454123e+01
6.350000000000000000e+04 3.308021964968399686e+01
6.370000000000000000e+04 3.307835088976338511e+01
6.390000000000000000e+04 3.306970255507495438e+01
6.420000000000000000e+04 3.306453689629124426e+01
6.460000000000000000e+04 3.305396059347849302e+01
6.500000000000000000e+04 3.304489833237191476e+01
6.540000000000000000e+04 3.303491857233682083e+01
6.580000000000000000e+04 3.302642053993017157e+01
6.620000000000000000e+04 3.301604087299988066e+01
6.660000000000000000e+04 3.300673786822592604e+01
6.700000000000000000e+04 3.299783943677127240e+01
6.740000000000000000e+04 3.298747681365938433e+01
6.780000000000000000e+04 3.297818320334355491e+01
6.820000000000000000e+04 3.296860863205455416e+01
6.860000000000000000e+04 3.295980849312870475e+01
6.900000000000000000e+04 3.294970870563030019e+01
6.940000000000000000e+04 3.294052295444045342e+01
6.980000000000000000e+04 3.293107645781512360e+01
7.020000000000000000e+04 3.292137599153952010e+01
7.060000000000000000e+04 3.291259047386940750e+01
7.100000000000000000e+04 3.290310043494080361e+01
7.140000000000000000e+04 3.289409950149348560e+01
7.180000000000000000e+04 3.288450722463795017e+01
7.220000000000000000e+04 3.287548731640112010e+01
7.260000000000000000e+04 3.286609343303850039e+01
7.300000000000000000e+04 3.285700074192028808e+01
7.340000000000000000e+04 3.284771891400269794e+01
7.380000000000000000e+04 3.283889673984651836e+01
7.420000000000000000e+04 3.282938920548271966e+01
7.460000000000000000e+04 3.282004829268995394e+01
7.500000000000000000e+04 3.281123933023647510e+01
7.540000000000000000e+04 3.280224984568232571e+01
7.580000000000000000e+04 3.279383810590003634e+01
7.620000000000000000e+04 3.278502698470528287e+01
7.660000000000000000e+04 3.277608334186601979e+01
7.700000000000000000e+04 3.276715897571392588e+01
7.740000000000000000e+04 3.275846135692768257e+01
7.780000000000000000e+04 3.274997987572467650e+01
7.820000000000000000e+04 3.274112160731452548e+01
7.860000000000000000e+04 3.273255314693854956e+01
7.900000000000000000e+04 3.272400601040813228e+01
7.940000000000000000e+04 3.271533134935902609e+01
7.980000000000000000e+04 3.270690932337954848e+01
8.020000000000000000e+04 3.269811860230940681e+01
8.060000000000000000e+04 3.268960598877499280e+01
8.100000000000000000e+04 3.268141635199118156e+01
8.140000000000000000e+04 3.267286513432522810e+01
8.180000000000000000e+04 3.266483298451164785e+01
8.220000000000000000e+04 3.265669233740594279e+01
8.260000000000000000e+04 3.264840446666559615e+01
8.300000000000000000e+04 3.264000905215215198e+01
8.340000000000000000e+04 3.263167505829095205e+01
8.380000000000000000e+04 3.262346553672605864e+01
8.420000000000000000e+04 3.261571488493072479e+01
8.460000000000000000e+04 3.260745502172948562e+01
8.500000000000000000e+04 3.259941672372545440e+01
8.540000000000000000e+04 3.259144827353324558e+01
8.580000000000000000e+04 3.258368495320710423e+01
8.620000000000000000e+04 3.257579024613933427e+01
8.660000000000000000e+04 3.256802389471295101e+01
8.700000000000000000e+04 3.256016645907029528e+01
8.740000000000000000e+04 3.255249744646655330e+01
8.780000000000000000e+04 3.254441957808118957e+01
8.820000000000000000e+04 3.253676833920542322e+01
8.860000000000000000e+04 3.252904257671134758e+01
8.900000000000000000e+04 3.252122987679487665e+01
8.940000000000000000e+04 3.251383157812994540e+01
8.980000000000000000e+04 3.250574372524236821e+01
9.020000000000000000e+04 3.249857113044044610e+01
9.060000000000000000e+04 3.249116874662778542e+01
9.100000000000000000e+04 3.248305309881963865e+01
9.140000000000000000e+04 3.247590339208156252e+01
9.180000000000000000e+04 3.246857680627790899e+01
9.220000000000000000e+04 3.246152465319929092e+01
9.260000000000000000e+04 3.245401076948650854e+01
9.300000000000000000e+04 3.244641258992758281e+01
9.340000000000000000e+04 3.243918093510180967e+01
9.380000000000000000e+04 3.243195413163385155e+01
9.420000000000000000e+04 3.242470809436515822e+01
9.460000000000000000e+04 3.241731388767003352e+01
9.500000000000000000e+04 3.241025994921050568e+01
9.540000000000000000e+04 3.240313015178118405e+01
9.580000000000000000e+04 3.239595991644778650e+01
9.620000000000000000e+04 3.238897358824138450e+01
9.660000000000000000e+04 3.238184971085058095e+01
9.700000000000000000e+04 3.237470841724329773e+01
9.740000000000000000e+04 3.236721896703548396e+01
9.780000000000000000e+04 3.236063760186262783e+01
9.820000000000000000e+04 3.235379345836857112e+01
9.860000000000000000e+04 3.234682491755756217e+01
9.900000000000000000e+04 3.234000262161001871e+01
9.940000000000000000e+04 3.233306135030650807e+01
9.980000000000000000e+04 3.232615052422971758e+01
1.002000000000000000e+05 3.231927537672326878e+01
2.000000000000000000e+05 3.113255801039842297e+01
4.000000000000000000e+05 2.993161002313938468e+01
6.000000000000000000e+05 2.922531375102553852e+01
8.000000000000000000e+05 2.872275466923308684e+01
1.000000000000000000e+06 2.833238455232976349e+01
1.200000000000000000e+06 -inf
1.400000000000000000e+06 -inf
1.600000000000000000e+06 -inf
