5.310875988930900604e+01
5.316980436253511755e+01
5.324302984608682721e+01
5.305517399435034065e+01
5.256951822549918774e+01
5.215413197772254250e+01
5.179722641092484992e+01
5.149047018267950193e+01
5.113798265292351886e+01
5.064673613023722964e+01
5.029263554827592486e+01
4.988865755600198781e+01
4.925296049125081055e+01
4.895777427457481679e+01
4.861720600743882414e+01
4.831271071358081315e+01
4.805048168719341106e+01
4.774423697548819945e+01
4.772122819291580242e+01
4.732249413854339082e+01
4.714162445204303964e+01
4.698473641074717477e+01
4.677365233043258286e+01
4.653057729440203616e+01
4.644850464615348784e+01
4.618866417171639682e+01
4.605697455119350536e+01
4.591517470096864884e+01
4.570954723137683118e+01
4.562638519538039361e+01
4.556587543527309947e+01
4.544086102158226481e+01
4.521261660652439218e+01
4.517532546182209074e+01
4.513373656259421551e+01
4.494450408785557727e+01
4.468729869065668936e+01
4.475287604319559875e+01
4.433721603237027864e+01
4.434184762185958562e+01
4.436178392272496751e+01
4.439913810638428515e+01
4.433928917567001804e+01
4.431949717361875685e+01
4.432852416946241192e+01
4.404775365498814210e+01
4.394516986760118016e+01
4.395352737165242729e+01
4.396232015312243391e+01
4.397029020378984399e+01
4.368200367804766415e+01
4.368895055686014928e+01
4.370006201130520651e+01
4.439000274635533572e+01
4.327455676070748325e+01
4.328189061558120443e+01
4.329152934715817480e+01
4.331012222827336444e+01
4.337594846641549395e+01
4.304601670204938557e+01
4.309233220362565220e+01
4.310177857947370228e+01
4.293099293697754604e+01
4.293648519804359154e+01
4.294440157878844389e+01
4.294939150875305955e+01
4.295734643802676089e+01
4.260947602677086365e+01
4.297846826814004118e+01
4.275358694793709446e+01
4.210689774178725031e+01
4.211153326836277699e+01
4.211839037162297927e+01
4.212779062017672516e+01
4.213149106390267207e+01
4.217019097820444529e+01
4.218390739320390281e+01
4.218832649844752325e+01
4.228606348142105276e+01
4.230234571479141437e+01
4.219214401630921429e+01
4.169993602524498044e+01
4.170062830486013183e+01
4.170362010311382051e+01
4.170683442754655346e+01
4.170980223951623600e+01
4.170709473232760445e+01
4.171302840741824980e+01
4.171595182876748709e+01
4.171888333359751755e+01
4.172174326891264684e+01
4.172737256802327011e+01
4.173023077637374456e+01
4.173572899966735150e+01
4.173842231721268803e+01
4.174368634442402026e+01
4.174642682247156245e+01
4.175154163861553513e+01
4.130763568043931855e+01
4.131244096124834186e+01
4.131754762577090645e+01
4.132246908851161749e+01
4.132758363518561850e+01
4.133350587867958836e+01
4.179079035284179611e+01
4.184117163865023770e+01
4.138347110362886383e+01
4.054190073356907931e+01
4.035170783552270279e+01
4.035961774885196007e+01
4.037465778384864734e+01
4.037859483811496375e+01
4.041756738605201349e+01
4.041911115367714302e+01
4.041394914874360467e+01
4.051164776271008350e+01
4.059800788276561434e+01
4.060181414446434900e+01
4.060735983439258234e+01
4.061195159828122314e+01
4.061733823568435042e+01
4.062145991826013613e+01
4.086273845087838197e+01
4.086531494955769972e+01
4.063668234705039595e+01
4.055236764939613181e+01
4.056167676959275070e+01
4.056212989305031158e+01
4.037171021213012523e+01
4.037194269070637631e+01
4.037492521065694717e+01
4.037780274936196889e+01
4.037780274936196889e+01
4.038106792818557267e+01
4.038106792818557267e+01
4.038393710326340624e+01
4.038415269933835816e+01
4.038691156877197841e+01
4.038691485019647587e+01
4.039009216647980338e+01
4.039286605553678555e+01
4.039286605553678555e+01
4.039558079742428731e+01
4.039579112414811846e+01
4.039856586038280994e+01
4.006120424849868300e+01
4.006165770851571040e+01
4.006422297711257841e+01
4.006422297711257841e+01
4.006715823150381084e+01
4.006963301120556764e+01
4.006963301120556764e+01
4.007201286345059543e+01
4.007495794742734319e+01
4.007495794742734319e+01
4.007731568148786749e+01
4.008020574699347094e+01
4.008020574699347094e+01
4.008249218871323194e+01
4.008534564443708348e+01
4.008768588465689930e+01
4.008768588465689930e+01
4.009046743420213943e+01
4.009275469010340487e+01
4.009507203853568313e+01
4.009507203853568313e+01
4.009771656511179572e+01
4.009999871018840167e+01
4.010231676039744286e+01
4.010494802956731775e+01
4.010494802956731775e+01
4.010720763081327789e+01
4.010979623657972581e+01
4.011206485714843950e+01
4.011429293442905220e+01
4.011693947412489081e+01
4.011923903225106613e+01
4.012155786201174124e+01
4.012420876000802394e+01
4.012661692461142593e+01
4.012910452486444512e+01
4.013169252005270948e+01
4.013477403418960421e+01
4.013821864017396024e+01
4.014272615134595412e+01
4.014855925367744760e+01
4.016106133001686374e+01
4.019832160178939517e+01
4.021435236169019589e+01
4.022320226787081765e+01
4.023228997113731964e+01
3.990278946506359148e+01
3.991244944381380577e+01
3.977521623693413488e+01
3.935099271926454634e+01
3.926421138680555600e+01
3.922273135560600110e+01
3.922273135560600110e+01
3.922575712679953597e+01
3.922575712679953597e+01
3.923257064703263097e+01
3.923554996871160938e+01
3.923565942268312767e+01
3.923867006448060124e+01
3.923876120842574267e+01
3.923888057583384636e+01
3.924176291458464050e+01
3.924189378454511257e+01
3.924201472306745586e+01
3.927023853285471944e+01
3.927058156091959518e+01
3.927399006620305499e+01
3.927441044017166405e+01
3.927481018173905625e+01
3.927766113049889896e+01
3.927817188308330287e+01
3.928128832155628913e+01
3.928166959958728910e+01
3.928241285857725273e+01
3.928519809385986861e+01
3.928574709875120163e+01
3.928857625243868057e+01
3.928911697711302509e+01
3.928961028172668790e+01
3.929255991233829803e+01
3.929344148331249187e+01
3.929605841602975147e+01
3.929662702508903749e+01
3.929946040829202047e+01
3.929992411917231721e+01
3.930032098852283440e+01
3.930333842351872420e+01
3.930392585401931171e+01
3.930677236838164390e+01
3.930705671473177176e+01
3.931006139986121894e+01
3.931039079829104566e+01
3.931332483852673931e+01
3.931561352133988407e+01
3.931662047653320968e+01
3.931745259617481736e+01
3.931819092642665225e+01
3.928551488127881441e+01
3.927432626688813855e+01
3.886276180212024656e+01
3.886276180212024656e+01
3.886510560405436365e+01
3.886510560405436365e+01
3.886746425190316501e+01
3.886746425190316501e+01
3.886987921035706961e+01
3.886987921035706961e+01
3.887210468374173900e+01
3.887220120685412894e+01
3.887455792070723959e+01
3.887455792070723959e+01
3.887681177467652560e+01
3.887915650807505585e+01
3.887915650807505585e+01
3.888155438615014958e+01
3.888155438615014958e+01
3.888390707410128044e+01
3.888390707410128044e+01
3.888629809043808194e+01
3.888871807733070796e+01
3.888871807733070796e+01
3.889122421124736206e+01
3.889122421124736206e+01
3.889371027098631828e+01
3.889635511449478145e+01
3.889635511449478145e+01
3.889906162681209878e+01
3.890074148576827895e+01
3.890257257019381854e+01
3.890448821330981843e+01
3.890655421070748332e+01
3.890860097025525022e+01
3.891227894307948532e+01
3.891520866139555324e+01
3.891859188233063804e+01
3.934025820229463477e+01
3.934763751717558478e+01
3.936198440819983091e+01
3.938656605826262336e+01
3.939800375910878927e+01
3.940329461715265325e+01
3.940766654878602537e+01
3.941170257503722496e+01
3.941563666622617035e+01
3.941949844773499478e+01
3.942335752935907323e+01
3.942723771981529524e+01
3.901531016193585799e+01
3.901923088099772485e+01
3.902322092814728194e+01
3.902729013696695404e+01
3.903147089647934820e+01
3.903584645787777418e+01
3.904030378477590801e+01
3.904494934933185135e+01
3.904735636447719571e+01
3.905246776585279633e+01
3.905786483587009172e+01
3.859442107434597347e+01
3.844357502842437668e+01
3.844990525605574305e+01
3.845696100813411533e+01
3.798471161552451747e+01
3.799089998979648897e+01
3.758442561665975745e+01
3.733784360868907015e+01
3.733784360868907015e+01
3.733784360868907015e+01
3.733784360868907015e+01
3.734099560868907020e+01
3.734099560868907020e+01
3.734099560868907020e+01
3.734099560868907020e+01
3.734410060868907522e+01
3.734410060868907522e+01
3.734410060868907522e+01
3.734410060868907522e+01
3.734718760868906884e+01
3.734718760868906884e+01
3.734718760868906884e+01
3.734718760868906884e+01
3.734718760868906884e+01
3.735024360868906967e+01
3.735024360868906967e+01
3.735024360868906967e+01
3.735024360868906967e+01
3.735329360868907145e+01
3.735329360868907145e+01
3.735329360868907145e+01
3.735329360868907145e+01
3.735637860868907012e+01
3.735637860868907012e+01
3.735637860868907012e+01
3.735637860868907012e+01
3.735948360868907514e+01
3.735948360868907514e+01
3.735948360868907514e+01
3.735948360868907514e+01
3.736254260868907551e+01
3.736254260868907551e+01
3.736254260868907551e+01
3.736254260868907551e+01
3.736577360868907505e+01
3.736577360868907505e+01
3.736577360868907505e+01
3.736577360868907505e+01
3.736882260868907224e+01
3.736882260868907224e+01
3.736882260868907224e+01
3.736882260868907224e+01
3.737188260868907719e+01
3.737188260868907719e+01
3.737188260868907719e+01
3.737188260868907719e+01
3.737505060868907236e+01
3.737505060868907236e+01
3.737505060868907236e+01
3.737505060868907236e+01
3.737823960868907136e+01
3.737823960868907136e+01
3.737823960868907136e+01
3.737823960868907136e+01
3.737823960868907136e+01
3.738126360868907483e+01
3.738126360868907483e+01
3.738126360868907483e+01
3.738126360868907483e+01
3.738456560868907275e+01
3.738456560868907275e+01
3.738456560868907275e+01
3.738456560868907275e+01
3.738763060868907218e+01
3.738763060868907218e+01
3.738763060868907218e+01
3.738763060868907218e+01
3.739098460868907381e+01
3.739098460868907381e+01
3.739098460868907381e+01
3.739098460868907381e+01
3.739098460868907381e+01
3.796491426163878202e+01
3.796491426163878202e+01
3.796491426163878202e+01
3.796491426163878202e+01
3.796842026163878359e+01
3.796842026163878359e+01
3.796842026163878359e+01
3.796842026163878359e+01
3.796842026163878359e+01
3.797249326163878891e+01
3.797249326163878891e+01
3.797249326163878891e+01
3.797249326163878891e+01
3.797249326163878891e+01
3.797249326163878891e+01
3.797631326163877930e+01
3.797631326163877930e+01
3.797631326163877930e+01
3.797631326163877930e+01
3.797631326163877930e+01
3.798067826163878635e+01
3.798067826163878635e+01
3.798067826163878635e+01
3.798067826163878635e+01
3.798067826163878635e+01
3.798067826163878635e+01
3.798526526163878714e+01
3.798526526163878714e+01
3.798526526163878714e+01
3.798526526163878714e+01
3.798526526163878714e+01
3.798526526163878714e+01
3.798526526163878714e+01
3.798983026163878662e+01
3.798983026163878662e+01
3.798983026163878662e+01
3.798983026163878662e+01
3.798983026163878662e+01
3.798983026163878662e+01
3.799425326163878225e+01
3.799425326163878225e+01
3.799425326163878225e+01
3.799425326163878225e+01
3.799425326163878225e+01
3.799425326163878225e+01
3.799818026163877960e+01
3.799818026163877960e+01
3.799818026163877960e+01
3.799818026163877960e+01
3.799818026163877960e+01
3.800216026163877814e+01
3.800216026163877814e+01
3.800216026163877814e+01
3.800216026163877814e+01
3.800216026163877814e+01
3.800216026163877814e+01
3.800573626163878771e+01
3.800573626163878771e+01
3.800573626163878771e+01
3.800573626163878771e+01
3.800573626163878771e+01
3.800949326163878084e+01
3.800949326163878084e+01
3.800949326163878084e+01
3.800949326163878084e+01
3.800949326163878084e+01
3.801270126163878160e+01
3.801270126163878160e+01
3.801270126163878160e+01
3.801270126163878160e+01
3.744553060868906869e+01
3.744553060868906869e+01
3.744553060868906869e+01
3.744553060868906869e+01
3.744553060868906869e+01
3.744889460868907349e+01
3.744889460868907349e+01
3.744889460868907349e+01
3.744889460868907349e+01
3.745187560868907184e+01
3.745187560868907184e+01
3.745187560868907184e+01
3.745187560868907184e+01
3.745478460868907433e+01
3.745478460868907433e+01
3.745478460868907433e+01
3.745478460868907433e+01
3.745772360868907214e+01
3.745772360868907214e+01
3.745772360868907214e+01
3.745772360868907214e+01
3.746059660868907315e+01
3.746059660868907315e+01
3.746059660868907315e+01
3.746059660868907315e+01
3.746305260868907538e+01
3.746305260868907538e+01
3.746305260868907538e+01
3.746549160868907791e+01
3.746549160868907791e+01
3.746549160868907791e+01
3.746797260868907387e+01
3.746797260868907387e+01
3.746797260868907387e+01
3.746797260868907387e+01
3.747045760868907394e+01
3.747045760868907394e+01
3.747045760868907394e+01
3.747298960868907614e+01
3.747298960868907614e+01
3.747298960868907614e+01
3.747565260868907444e+01
3.747565260868907444e+01
3.747565260868907444e+01
3.747828960868907444e+01
3.747828960868907444e+01
3.747944560868907615e+01
3.748054360868907509e+01
3.748155160868907387e+01
3.748268760868907634e+01
3.748376960868907304e+01
3.748487960868907010e+01
3.748614560868907120e+01
3.748731860868907262e+01
3.748731860868907262e+01
3.748853360868907458e+01
3.748994160868907244e+01
3.749124360868907502e+01
3.749267660868907370e+01
3.749422960868907495e+01
3.749583960868907440e+01
3.749761960868907806e+01
3.749958360868907192e+01
3.750169760868907076e+01
3.750405060868907015e+01
3.750671360868907556e+01
3.808022926163878452e+01
3.808393026163878403e+01
3.808835426163878424e+01
3.809404426163878554e+01
3.810158026163878731e+01
3.811084826163877892e+01
3.811084826163877892e+01
3.811823326163877823e+01
3.812137926163877921e+01
3.812137926163877921e+01
3.812396226163878055e+01
3.812637526163878476e+01
3.812637526163878476e+01
3.812871126163878444e+01
3.812871126163878444e+01
3.813100626163878815e+01
3.813327926163878345e+01
3.813327926163878345e+01
3.813554226163878269e+01
3.813780326163877987e+01
3.813780326163877987e+01
3.814007026163878322e+01
3.814007026163878322e+01
3.814235626163878123e+01
3.814465926163877896e+01
3.814465926163877896e+01
3.814698226163878303e+01
3.814933126163877830e+01
3.814933126163877830e+01
3.815170826163878814e+01
3.815170826163878814e+01
3.815412326163878731e+01
3.815658126163878450e+01
3.815658126163878450e+01
3.815907826163878269e+01
3.816162626163878713e+01
3.816162626163878713e+01
3.816421826163877995e+01
3.816421826163877995e+01
3.816687226163878677e+01
3.816957826163878309e+01
3.816957826163878309e+01
3.817235226163878536e+01
3.817518526163878789e+01
3.817518526163878789e+01
3.817809026163878627e+01
3.817809026163878627e+01
3.818107426163878415e+01
3.818413526163878657e+01
3.818413526163878657e+01
3.818727426163878391e+01
3.819049826163877981e+01
3.819049826163877981e+01
3.762329360868907457e+01
3.762329360868907457e+01
3.762667960868907358e+01
3.763016760868907795e+01
3.763016760868907795e+01
3.763375260868907191e+01
3.763742660868906853e+01
3.763742660868906853e+01
3.764121160868907623e+01
3.764121160868907623e+01
3.764508960868907650e+01
3.764908360868907522e+01
3.764908360868907522e+01
3.765318760868907333e+01
3.765741460868907353e+01
3.765741460868907353e+01
3.765741460868907353e+01
3.766627960868907365e+01
3.766627960868907365e+01
3.767093160868907376e+01
3.767093160868907376e+01
3.767575260868907350e+01
3.768076860868907829e+01
3.768076860868907829e+01
3.768600260868907270e+01
3.769150760868907213e+01
3.769150760868907213e+01
3.754405098017879538e+01
3.754405098017879538e+01
3.755019098017879031e+01
3.689169944630048548e+01
3.689169944630048548e+01
3.689169944630048548e+01
3.690611844630048211e+01
3.690611844630048211e+01
3.691417944630048709e+01
3.691417944630048709e+01
-1.000000000000000000e+01
-1.000000000000000000e+01
-1.000000000000000000e+01
-1.000000000000000000e+01
-1.000000000000000000e+01
-1.000000000000000000e+01
-1.000000000000000000e+01
-1.000000000000000000e+01
-1.000000000000000000e+01
-1.000000000000000000e+01
-1.000000000000000000e+01
-1.000000000000000000e+01
-1.000000000000000000e+01
-1.000000000000000000e+01
-1.000000000000000000e+01
-1.000000000000000000e+01
-1.000000000000000000e+01
-1.000000000000000000e+01
-1.000000000000000000e+01
-1.000000000000000000e+01
-1.000000000000000000e+01
-1.000000000000000000e+01
-1.000000000000000000e+01
-1.000000000000000000e+01
-1.000000000000000000e+01
-1.000000000000000000e+01
-1.000000000000000000e+01
-1.000000000000000000e+01
-1.000000000000000000e+01
-1.000000000000000000e+01
-1.000000000000000000e+01
-1.000000000000000000e+01
-1.000000000000000000e+01
-1.000000000000000000e+01
-1.000000000000000000e+01
-1.000000000000000000e+01
-1.000000000000000000e+01
-1.000000000000000000e+01
-1.000000000000000000e+01
-1.000000000000000000e+01
-1.000000000000000000e+01
-1.000000000000000000e+01
-1.000000000000000000e+01
-1.000000000000000000e+01
-1.000000000000000000e+01
-1.000000000000000000e+01
-1.000000000000000000e+01
-1.000000000000000000e+01
-1.000000000000000000e+01
-1.000000000000000000e+01
-1.000000000000000000e+01
-1.000000000000000000e+01
-1.000000000000000000e+01
-1.000000000000000000e+01
-1.000000000000000000e+01
-1.000000000000000000e+01
-1.000000000000000000e+01
-1.000000000000000000e+01
-1.000000000000000000e+01
-1.000000000000000000e+01
-1.000000000000000000e+01
-1.000000000000000000e+01
-1.000000000000000000e+01
-1.000000000000000000e+01
-1.000000000000000000e+01
-1.000000000000000000e+01
-1.000000000000000000e+01
-1.000000000000000000e+01
-1.000000000000000000e+01
-1.000000000000000000e+01
3.611218485883571816e+01
3.611218485883571816e+01
3.611218485883571816e+01
3.611218485883571816e+01
3.611218485883571816e+01
3.611218485883571816e+01
3.611564785883572171e+01
3.611564785883572171e+01
3.611564785883572171e+01
3.611564785883572171e+01
3.611564785883572171e+01
3.611906385883571602e+01
3.611906385883571602e+01
3.611906385883571602e+01
3.611906385883571602e+01
3.611906385883571602e+01
3.611906385883571602e+01
3.612242085883572429e+01
3.612242085883572429e+01
3.612242085883572429e+01
3.612242085883572429e+01
3.612242085883572429e+01
3.612571185883572156e+01
3.612571185883572156e+01
3.612571185883572156e+01
3.612571185883572156e+01
3.612571185883572156e+01
3.612571185883572156e+01
3.612894285883572110e+01
3.612894285883572110e+01
3.612894285883572110e+01
3.612894285883572110e+01
3.612894285883572110e+01
3.613215185883572644e+01
3.613215185883572644e+01
3.613215185883572644e+01
3.613215185883572644e+01
3.613215185883572644e+01
3.613534185883571581e+01
3.613534185883571581e+01
3.613534185883571581e+01
3.613534185883571581e+01
3.613534185883571581e+01
3.613534185883571581e+01
3.613851485883571968e+01
3.613851485883571968e+01
3.613851485883571968e+01
3.613851485883571968e+01
3.613851485883571968e+01
3.614167485883572084e+01
3.614167485883572084e+01
3.614167485883572084e+01
3.614167485883572084e+01
3.614167485883572084e+01
3.614481085883572575e+01
3.614481085883572575e+01
3.614481085883572575e+01
3.614481085883572575e+01
3.614481085883572575e+01
3.614792685883571721e+01
3.614792685883571721e+01
3.614792685883571721e+01
3.614792685883571721e+01
3.614792685883571721e+01
3.615102685883572065e+01
3.615102685883572065e+01
3.615102685883572065e+01
3.615102685883572065e+01
3.615102685883572065e+01
3.615411585883572343e+01
3.615411585883572343e+01
3.615411585883572343e+01
3.615411585883572343e+01
3.615411585883572343e+01
3.615718785883572650e+01
3.615718785883572650e+01
3.615718785883572650e+01
3.615718785883572650e+01
3.615718785883572650e+01
3.616024985883572640e+01
3.616024985883572640e+01
3.616024985883572640e+01
3.616024985883572640e+01
3.616024985883572640e+01
3.616330785883572219e+01
3.616330785883572219e+01
3.616330785883572219e+01
3.616330785883572219e+01
3.616492485883571817e+01
3.616492485883571817e+01
3.616654585883571826e+01
3.616654585883571826e+01
3.616654585883571826e+01
3.616817585883572406e+01
3.616817585883572406e+01
3.616817585883572406e+01
3.616981885883572545e+01
3.616981885883572545e+01
3.617147585883571992e+01
3.617147585883571992e+01
3.617147585883571992e+01
3.617314785883571915e+01
3.617314785883571915e+01
3.617314785883571915e+01
3.617484385883572173e+01
3.617484385883572173e+01
3.617656785883572468e+01
3.617656785883572468e+01
3.617656785883572468e+01
3.617832685883571742e+01
3.617832685883571742e+01
3.617832685883571742e+01
3.618013085883572444e+01
3.618013085883572444e+01
3.618013085883572444e+01
3.618198885883572302e+01
3.618198885883572302e+01
3.618391685883572251e+01
3.618391685883572251e+01
3.618391685883572251e+01
3.618591985883571738e+01
3.618591985883571738e+01
3.618591985883571738e+01
3.618802185883572520e+01
3.618802185883572520e+01
3.618802185883572520e+01
3.618802185883572520e+01
3.619024485883572595e+01
3.619024485883572595e+01
3.619024485883572595e+01
3.619262385883571653e+01
3.619262385883571653e+01
3.619262385883571653e+01
3.619262385883571653e+01
3.619519385883572227e+01
3.619519385883572227e+01
3.619519385883572227e+01
3.619799785883571985e+01
3.619799785883571985e+01
3.619799785883571985e+01
3.619799785883571985e+01
3.620113885883571925e+01
3.620113885883571925e+01
3.620113885883571925e+01
3.620113885883571925e+01
3.620113885883571925e+01
3.620473285883572601e+01
3.620473285883572601e+01
3.620473285883572601e+01
3.620473285883572601e+01
3.620473285883572601e+01
3.620898885883572405e+01
3.620898885883572405e+01
3.620898885883572405e+01
3.620898885883572405e+01
3.620898885883572405e+01
3.620898885883572405e+01
3.621429885883571842e+01
3.621429885883571842e+01
3.621429885883571842e+01
3.621429885883571842e+01
3.621429885883571842e+01
3.621429885883571842e+01
3.621429885883571842e+01
3.621429885883571842e+01
3.622144785883571672e+01
3.622144785883571672e+01
3.622144785883571672e+01
3.622144785883571672e+01
3.622144785883571672e+01
3.622144785883571672e+01
3.622144785883571672e+01
3.622144785883571672e+01
3.622144785883571672e+01
3.622144785883571672e+01
3.622144785883571672e+01
3.623291885883571695e+01
3.623291885883571695e+01
3.623291885883571695e+01
3.623291885883571695e+01
3.623291885883571695e+01
3.623291885883571695e+01
3.623291885883571695e+01
3.623291885883571695e+01
3.623291885883571695e+01
3.623291885883571695e+01
3.623291885883571695e+01
3.623291885883571695e+01
3.623291885883571695e+01
3.623291885883571695e+01
3.623291885883571695e+01
3.623291885883571695e+01
3.623291885883571695e+01
3.623291885883571695e+01
3.623291885883571695e+01
3.623291885883571695e+01
3.623291885883571695e+01
3.623291885883571695e+01
3.623291885883571695e+01
3.623291885883571695e+01
3.623291885883571695e+01
3.623291885883571695e+01
3.623291885883571695e+01
3.623291885883571695e+01
3.623291885883571695e+01
3.623291885883571695e+01
3.623291885883571695e+01
3.623291885883571695e+01
3.623291885883571695e+01
3.628455285883572401e+01
3.628455285883572401e+01
3.628455285883572401e+01
3.628455285883572401e+01
3.628455285883572401e+01
3.628455285883572401e+01
3.628455285883572401e+01
3.628455285883572401e+01
3.628455285883572401e+01
3.628455285883572401e+01
3.628455285883572401e+01
3.628455285883572401e+01
3.628455285883572401e+01
3.628455285883572401e+01
3.628455285883572401e+01
3.628455285883572401e+01
3.628455285883572401e+01
3.628455285883572401e+01
3.628455285883572401e+01
3.628455285883572401e+01
3.628455285883572401e+01
3.628455285883572401e+01
3.628455285883572401e+01
3.628455285883572401e+01
3.628455285883572401e+01
3.628455285883572401e+01
3.628455285883572401e+01
3.628455285883572401e+01
3.628704185883572109e+01
3.628704185883572109e+01
3.628951085883572603e+01
3.628951085883572603e+01
3.629202785883572346e+01
3.629202785883572346e+01
3.629454485883572090e+01
3.629454485883572090e+01
3.629454485883572090e+01
3.629708285883572216e+01
3.629708285883572216e+01
3.629964685883572173e+01
3.629964685883572173e+01
3.630224285883572577e+01
3.630224285883572577e+01
3.630487485883571708e+01
3.630487485883571708e+01
3.630753385883572548e+01
3.630753385883572548e+01
3.630753385883572548e+01
3.631022685883571910e+01
3.631022685883571910e+01
3.631295285883572177e+01
3.631295285883572177e+01
3.631571685883572087e+01
3.631571685883572087e+01
3.631851985883572098e+01
3.631851985883572098e+01
3.632135385883572098e+01
3.632135385883572098e+01
3.632135385883572098e+01
3.632423085883571900e+01
3.632423085883571900e+01
3.632714985883572467e+01
3.632714985883572467e+01
3.633010685883571966e+01
3.633010685883571966e+01
3.633310585883572230e+01
3.633310585883572230e+01
3.633615085883572249e+01
3.633615085883572249e+01
3.633615085883572249e+01
3.633924085883572275e+01
3.633924085883572275e+01
3.634237785883571803e+01
3.634237785883571803e+01
3.634556685883572413e+01
3.634556685883572413e+01
3.634880885883572432e+01
3.634880885883572432e+01
3.635210285883572112e+01
3.635210285883572112e+01
3.635210285883572112e+01
3.635545085883572369e+01
3.635545085883572369e+01
3.635886185883572352e+01
3.635886185883572352e+01
3.636232885883572408e+01
3.636232885883572408e+01
3.636585485883571778e+01
3.636585485883571778e+01
3.636945885883572060e+01
3.636945885883572060e+01
3.636945885883572060e+01
3.637313985883572087e+01
3.637313985883572087e+01
3.637688285883572092e+01
3.637688285883572092e+01
3.638070885883571748e+01
3.638070885883571748e+01
3.638459985883572045e+01
3.638459985883572045e+01
3.638858585883572516e+01
3.638858585883572516e+01
3.638858585883572516e+01
3.639266585883571992e+01
3.639266585883571992e+01
3.639684985883572210e+01
3.639684985883572210e+01
3.640113285883572303e+01
3.640113285883572303e+01
-1.000000000000000000e+01
