2.920120134376220200e+00
2.920729885860440689e+00
2.921050223160370773e+00
2.437359103060765531e+00
2.652226313439756122e+00
2.681767535426049509e+00
2.616654437938184863e+00
2.556379291108929586e+00
2.465542487368946212e+00
2.365284797319711529e+00
2.258657581219726929e+00
2.134823338055332975e+00
1.947660984639416615e+00
1.917268398467783408e+00
1.732502373517387007e+00
1.618937337090094131e+00
1.530935762588485849e+00
1.416763245703252183e+00
1.398141403664932669e+00
1.258855505577711309e+00
1.183045839053325166e+00
1.091114628609498149e+00
1.008387302339734504e+00
9.043158033605530610e-01
7.502644726947319542e-01
7.125208173195021200e-01
7.172886480487712380e-01
6.569596798719550268e-01
6.019397350397570623e-01
5.660421982459605816e-01
5.300122278913534934e-01
4.751852608914043374e-01
3.843999172665791275e-01
2.714241076438613787e-01
2.456376503545783241e-01
2.164472164291321443e-01
1.178540256682772125e-01
1.339394525550149651e-01
-1.596763623837471613e-01
-7.039162054054295958e-02
-1.053398737482385550e-01
-1.759504538546615218e-02
-6.694457054192877454e-02
2.210295815301084599e-01
2.221429165542921080e-01
9.742094401062240117e-02
3.733110306507751719e-02
3.909186265794110937e-02
4.059957441550243046e-02
4.276241978236562657e-02
-7.936113930861823929e-02
-7.854912181108392177e-02
-7.633638108047034743e-02
2.066776837353821727e-01
-7.542473897739692124e-01
-6.894215569496817686e-01
-6.067179151223582867e-01
-5.035161871351661045e-01
-3.829439794580212775e-01
-4.887579412024994907e-01
-4.509902621702656100e-01
-4.516222013399043833e-01
-1.426381553713329975e+00
-3.356706810804995222e-01
-3.339230929337276277e-01
-3.332259536967709379e-01
-3.315091366634129733e-01
-4.816884810334084444e-01
-3.271386703977483545e-01
-4.289862670361153096e-01
-1.355795927189386019e+00
-1.281833431115298350e+00
-1.179089839682354146e+00
-1.047257167737128736e+00
-1.050929163842503566e+00
-8.934514459433764433e-01
-9.254084115482392736e-01
-9.274006465798926291e-01
-7.627549358271665803e-01
-7.189845730081032560e-01
-9.021941102250458089e-01
-1.625668903417011535e+00
-7.956430201224884424e-01
-7.951584044502042481e-01
-7.946890565817661400e-01
-7.938173707402617074e-01
-7.934221643581361727e-01
-7.920955559355487008e-01
-7.912663494194395186e-01
-7.908868049769048891e-01
-7.903355884973197742e-01
-7.895733922096275226e-01
-7.888419925325578230e-01
-7.877477138595945227e-01
-7.869996474583000889e-01
-7.859024890740445857e-01
-7.855724977965944378e-01
-7.841693852761254524e-01
-9.837451514925017459e-01
-9.830252941019494983e-01
-9.824307498264509553e-01
-9.813987595051931745e-01
-9.803348274716753297e-01
-9.796629830741403477e-01
-7.758314658430104371e-01
-7.634835978761386199e-01
-9.152166119784004295e-01
-1.598917018219035091e+00
-2.278114620050916805e+00
-2.190756986280586016e+00
-2.051175184636746973e+00
-2.057425058245053950e+00
-1.840816838571992076e+00
-1.844498842152150431e+00
-1.845423421390155916e+00
-1.585701072968545233e+00
-1.617973609301900595e+00
-1.619227744454096785e+00
-1.619872894412195619e+00
-1.621424038208620466e+00
-1.621971687324385458e+00
-1.623233102556725704e+00
-1.366853857790247595e+00
-1.366902658694925554e+00
-1.625672649972838446e+00
-1.593695558963805770e+00
-1.595501429611958732e+00
-1.595655408893081439e+00
-2.477564277774603418e+00
-3.317979639716472473e+00
-1.329855137638273233e+00
-1.328846374481968962e+00
-1.328846374481968962e+00
-1.328353801272154966e+00
-1.328353801272154966e+00
-1.327353559025629792e+00
-1.327925447148188720e+00
-1.326965265917977810e+00
-1.327599220684056336e+00
-1.327138764622951328e+00
-1.326176115356012986e+00
-1.326176115356012986e+00
-1.325237255540155701e+00
-1.325800051502026067e+00
-1.325003479825423325e+00
-1.550917365341848209e+00
-1.551199979060410294e+00
-1.551054912062571844e+00
-1.551054912062571844e+00
-1.550665669850588735e+00
-1.550002744203192284e+00
-1.550002744203192284e+00
-1.549367516023960389e+00
-1.548980845740905554e+00
-1.548980845740905554e+00
-1.548937005014725088e+00
-1.548562991771865738e+00
-1.548562991771865738e+00
-1.547957610186236677e+00
-1.547593002494082048e+00
-1.547121447882793044e+00
-1.547121447882793044e+00
-1.546777460930600423e+00
-1.546178091030233182e+00
-1.546112625763053305e+00
-1.546112625763053305e+00
-1.545812491896899177e+00
-1.545217731924001914e+00
-1.544615684125787869e+00
-1.544302041192286090e+00
-1.544302041192286090e+00
-1.543718338270116064e+00
-1.543954817294834525e+00
-1.543369960040878119e+00
-1.542797490185554121e+00
-1.542483909903177075e+00
-1.542040065739612498e+00
-1.541449020832724059e+00
-1.541130718562893742e+00
-1.540520348113195714e+00
-1.540346518080031535e+00
-1.540042680304761324e+00
-1.539267120740960060e+00
-1.538404471521888306e+00
-1.537626786215721797e+00
-1.536183425014813864e+00
-1.533133206921734937e+00
-1.524700380579992354e+00
-1.521544259220601436e+00
-1.519582492264385465e+00
-1.517907506966532871e+00
-1.770790817368403935e+00
-1.769869155475342515e+00
-1.749132112735492850e+00
-2.292621788981815012e+00
-2.497942544883979821e+00
-2.794583404221237632e+00
-2.766109029090995541e+00
-2.730283639497625536e+00
-2.736784557040457866e+00
-2.692557553621167887e+00
-2.695420355072418950e+00
-2.700521061637375819e+00
-2.704307448423384663e+00
-2.708449470030882100e+00
-2.713797500377197025e+00
-2.714821378571179000e+00
-2.720570439815205077e+00
-2.725840890443495645e+00
-2.571485234233882089e+00
-2.573794647542654079e+00
-2.577263140277656017e+00
-2.580257496358757230e+00
-2.583066149419019020e+00
-2.584212826699110011e+00
-2.587728556341917230e+00
-2.590181222211997980e+00
-2.592551935753530934e+00
-2.597450382169532723e+00
-2.597874003608467319e+00
-2.601411196639455525e+00
-2.602333708186761907e+00
-2.605742938377563878e+00
-2.608675775639540451e+00
-2.609724756158606329e+00
-2.615056645944855873e+00
-2.614920617472449749e+00
-2.618287348414793492e+00
-2.619362318130787681e+00
-2.622051193504987054e+00
-2.624180879016279722e+00
-2.626818759809769421e+00
-2.630091822803089840e+00
-2.631824913677160982e+00
-2.633375362611594550e+00
-2.635559508051851019e+00
-2.637188058873013663e+00
-2.639434102815281680e+00
-2.651133960896879138e+00
-2.643732866327901831e+00
-2.647961745371877562e+00
-2.651634671566780010e+00
-2.852328223957551145e+00
-3.226032961034266844e+00
-3.631710550439226637e+00
-2.237475783092321535e+00
-2.236789522609015091e+00
-2.236789522609015091e+00
-2.237008295946614211e+00
-2.237008295946614211e+00
-2.236302962016863294e+00
-2.236302962016863294e+00
-2.235655229233385555e+00
-2.236759190977795075e+00
-2.236071708130923597e+00
-2.236071708130923597e+00
-2.235416502271593941e+00
-2.234737230773774286e+00
-2.234737230773774286e+00
-2.234845157124207393e+00
-2.234845157124207393e+00
-2.234165637238201718e+00
-2.234165637238201718e+00
-2.233477515412858772e+00
-2.233579756732668287e+00
-2.233579756732668287e+00
-2.232860815179842806e+00
-2.233138552695256074e+00
-2.232426981966352919e+00
-2.232431957118183874e+00
-2.232431957118183874e+00
-2.231660344932583140e+00
-2.231183020540568496e+00
-2.230664115235244882e+00
-2.230860201104501783e+00
-2.230275867910273657e+00
-2.229698790536458919e+00
-2.228666328663363227e+00
-2.228576024215319418e+00
-2.227631937977029519e+00
-1.894828561217668739e+00
-1.892737749912437817e+00
-1.888181563316538858e+00
-1.881406309656517006e+00
-1.877961433568333227e+00
-1.876388401187186972e+00
-1.875098308186725848e+00
-1.873915125637482859e+00
-1.873531854418122533e+00
-1.872409067053036003e+00
-1.871293852830489657e+00
-1.870179358449603813e+00
-2.204750235805716052e+00
-2.203804861655803027e+00
-2.203087192993900434e+00
-2.202117228742554556e+00
-2.201127462840016147e+00
-2.200689600141131574e+00
-2.199645173151470789e+00
-2.198564874838517369e+00
-2.198008431250524808e+00
-2.197407202316019159e+00
-2.196173130860392675e+00
-2.567505230527983962e+00
-2.578217113244357428e+00
-2.577233932635095037e+00
-2.576510409719617201e+00
-2.990784544984797400e+00
-2.990810290788100456e+00
-3.379041254830651653e+00
-3.672419691339312120e+00
-3.860998331173373099e+00
-4.007576370236136221e+00
-4.088025274802092213e+00
-4.001222048667774978e+00
-4.017042362309099168e+00
-4.016086681229825928e+00
-4.016086681229825928e+00
-4.022899005365411895e+00
-4.022899005365411895e+00
-3.978212511826721975e+00
-3.978209025368712570e+00
-3.983922901807391614e+00
-3.983922901807391614e+00
-3.992993688495976023e+00
-3.992993688495976023e+00
-3.922670293069720593e+00
-3.927065609012429626e+00
-3.927065609012429626e+00
-3.932555631658083861e+00
-3.938071816617681797e+00
-3.935801693375302168e+00
-3.942687615224662157e+00
-3.945879806679670310e+00
-3.782748236994474933e+00
-3.784971859334313571e+00
-3.784971859334313571e+00
-3.789026161833978446e+00
-3.790926614518840942e+00
-3.792058969998954421e+00
-3.794086333441356373e+00
-3.797407970859549842e+00
-3.800527796078527309e+00
-3.800265952639870548e+00
-3.803184694091712448e+00
-3.807697143319819233e+00
-3.808997979687476221e+00
-3.809685234295304479e+00
-3.811983039734846646e+00
-3.813336021146950916e+00
-3.816344281439079555e+00
-3.816066473860844521e+00
-3.818914337240833401e+00
-3.821799129981530818e+00
-3.823490628238692235e+00
-3.823893252688709943e+00
-3.823893252688709943e+00
-3.661262680155984661e+00
-3.662604080551927321e+00
-3.661981925126304382e+00
-3.664420255381579228e+00
-3.665357341941288816e+00
-3.666239623411203130e+00
-3.668196940362062897e+00
-3.668534763332497395e+00
-3.668870591845356799e+00
-3.671164448393634760e+00
-3.672123847891058723e+00
-3.671817522759450725e+00
-3.673965161483107700e+00
-3.675195236150068379e+00
-3.676899602939203593e+00
-3.676455455775571313e+00
-3.678517456218815873e+00
-3.678940469374921918e+00
-3.679779519791786413e+00
-3.682486951705437495e+00
-3.681957957056571917e+00
-3.681957957056571917e+00
-3.692557811126520484e+00
-3.683482714450876827e+00
-3.683482714450876827e+00
-3.898822068000198371e+00
-3.898822068000198371e+00
-3.689315629183032019e+00
-3.625738988633425919e+00
-3.764245975589184390e+00
-4.036129575172265227e+00
-4.003406314996725612e+00
-4.621383151048454430e+00
-2.585193323125476894e+00
-2.585193323125476894e+00
-2.585193323125476894e+00
-2.586033134505926867e+00
-2.585221128060121831e+00
-2.585221128060121831e+00
-2.585221128060121831e+00
-2.585221128060121831e+00
-2.585221128060121831e+00
-2.585221128060121831e+00
-2.584464966375407347e+00
-2.584464966375407347e+00
-2.584464966375407347e+00
-2.584464966375407347e+00
-2.585325657983994496e+00
-2.584461218394760618e+00
-2.584461218394760618e+00
-2.584461218394760618e+00
-2.584461218394760618e+00
-2.584461218394760618e+00
-2.584461218394760618e+00
-2.583560138219433533e+00
-2.583560138219433533e+00
-2.583560138219433533e+00
-2.583560138219433533e+00
-2.584425126016726360e+00
-2.584425126016726360e+00
-2.584425126016726360e+00
-2.583528646836601439e+00
-2.583528646836601439e+00
-2.583528646836601439e+00
-2.583528646836601439e+00
-2.583528646836601439e+00
-2.583528646836601439e+00
-2.582667101537598597e+00
-2.583487389435510373e+00
-2.583487389435510373e+00
-2.583487389435510373e+00
-2.583487389435510373e+00
-2.583487389435510373e+00
-2.582722407705780210e+00
-2.582722407705780210e+00
-2.582722407705780210e+00
-2.582722407705780210e+00
-2.582722407705780210e+00
-2.582733084122635248e+00
-2.582733084122635248e+00
-2.582733084122635248e+00
-2.582733084122635248e+00
-2.582733084122635248e+00
-2.582733084122635248e+00
-2.582041139469785307e+00
-2.582041139469785307e+00
-2.582041139469785307e+00
-2.582830191397084363e+00
-2.582830191397084363e+00
-2.582102682311341546e+00
-2.582102682311341546e+00
-2.582102682311341546e+00
-2.582102682311341546e+00
-2.582102682311341546e+00
-2.581485405843796155e+00
-2.581485405843796155e+00
-2.581485405843796155e+00
-2.582260271151390896e+00
-3.018173654862699173e+00
-3.018173654862699173e+00
-3.018173654862699173e+00
-3.018173654862699173e+00
-3.018173654862699173e+00
-3.017640394264269776e+00
-3.017640394264269776e+00
-3.017640394264269776e+00
-3.018271343328418510e+00
-3.017798093742026566e+00
-3.017798093742026566e+00
-3.017798093742026566e+00
-3.017798093742026566e+00
-3.017338776186856641e+00
-3.017338776186856641e+00
-3.017338776186856641e+00
-3.017338776186856641e+00
-3.005718832478814662e+00
-3.005718832478814662e+00
-3.005718832478814662e+00
-3.005718832478814662e+00
-3.005337399356195149e+00
-3.005337399356195149e+00
-3.005337399356195149e+00
-3.005337399356195149e+00
-3.005522487697852796e+00
-3.005522487697852796e+00
-3.005522487697852796e+00
-3.005199422877449233e+00
-3.005199422877449233e+00
-3.005199422877449233e+00
-3.004872277299091454e+00
-3.004872277299091454e+00
-3.005371305537705595e+00
-3.005371305537705595e+00
-3.005042850250016162e+00
-3.005042850250016162e+00
-3.005042850250016162e+00
-3.004709723050882797e+00
-3.004709723050882797e+00
-3.004709723050882797e+00
-3.004839000438113583e+00
-3.004839000438113583e+00
-3.004839000438113583e+00
-3.004493079412893231e+00
-3.004493079412893231e+00
-3.004341964660269149e+00
-3.004198729747670438e+00
-3.004067490600372814e+00
-3.004372266364744082e+00
-3.004231056175462822e+00
-3.004086484329188345e+00
-3.003921955424392554e+00
-3.003769855704497616e+00
-3.003769855704497616e+00
-3.003612657172942235e+00
-3.003836853070102730e+00
-3.003668250862286726e+00
-3.003483153336572897e+00
-3.003283108916448896e+00
-3.003076328515327909e+00
-3.002848430941862379e+00
-3.002938859807143590e+00
-3.002668820917350434e+00
-3.002369495611813210e+00
-3.002032309729695925e+00
-2.567024528598494282e+00
-2.566866649324233141e+00
-2.566145736796376919e+00
-2.565227238849743241e+00
-2.564025722446013233e+00
-2.562571199967220270e+00
-2.562571199967220270e+00
-2.561854336776034469e+00
-2.561370597417196304e+00
-2.561370597417196304e+00
-2.560975573860076349e+00
-2.560608290905395990e+00
-2.561034330250987701e+00
-2.560678482000530387e+00
-2.560678482000530387e+00
-2.560330410760175646e+00
-2.559987167136938080e+00
-2.559987167136938080e+00
-2.560074460823137166e+00
-2.559734122186310135e+00
-2.559734122186310135e+00
-2.559394345772997070e+00
-2.559394345772997070e+00
-2.559053202450684683e+00
-2.559139914395155646e+00
-2.559139914395155646e+00
-2.558794384678096723e+00
-2.558446539645848006e+00
-2.558446539645848006e+00
-2.558096131374555604e+00
-2.558527993110422560e+00
-2.558171621408598551e+00
-2.557810587561213378e+00
-2.557810587561213378e+00
-2.557445557593184482e+00
-2.557506834451894751e+00
-2.557506834451894751e+00
-2.557129453258348395e+00
-2.557129453258348395e+00
-2.556744980747768459e+00
-2.556354983499188105e+00
-2.556787330352116250e+00
-2.556387334117136145e+00
-2.555981021491636085e+00
-2.555981021491636085e+00
-2.555566671872463225e+00
-2.555566671872463225e+00
-2.555577340300144051e+00
-2.555143174149030472e+00
-2.555143174149030472e+00
-2.554700593517280627e+00
-2.554248807044795733e+00
-2.554248807044795733e+00
-2.991843041005638693e+00
-2.991843041005638693e+00
-2.991481950721360583e+00
-2.991112447130903629e+00
-2.991112447130903629e+00
-2.990735259793138923e+00
-2.990679614415820531e+00
-2.990679614415820531e+00
-2.990284627347395752e+00
-2.990284627347395752e+00
-2.989882935779334616e+00
-2.989472384056267362e+00
-2.989800034148582863e+00
-2.989378880194635713e+00
-2.988948610905523218e+00
-2.988948610905523218e+00
-2.988948610905523218e+00
-2.988057690195214722e+00
-2.988380413761664300e+00
-2.987916114299926207e+00
-2.987916114299926207e+00
-2.987439391875085004e+00
-2.986948151706320775e+00
-2.987268437086322503e+00
-2.986757705961106790e+00
-2.986226175512277425e+00
-2.986226175512277425e+00
-3.023975470437514357e+00
-3.023975470437514357e+00
-3.023726037949279188e+00
-3.519006656980931957e+00
-3.519006656980931957e+00
-3.519006656980931957e+00
-3.518562824538930656e+00
-3.518562824538930656e+00
-3.518420445518553485e+00
-3.518420445518553485e+00
-3.764770651484417474e+00
-4.014138487336923689e+00
-4.014138487336923689e+00
-4.036620996763790714e+00
-4.707281107736790204e+00
-4.707281107736790204e+00
-4.914474387607380201e+00
-4.914474387607380201e+00
-5.007541026737530210e+00
-5.062364681436173797e+00
-4.960897753008007172e+00
-4.906804800969717384e+00
-4.904435348290332897e+00
-4.941926240320388075e+00
-4.981185933441732772e+00
-5.020985227226873349e+00
-5.035850710065234104e+00
-5.004866712993615963e+00
-4.955861964602988223e+00
-4.955861964602988223e+00
-5.053068125778339414e+00
-5.053068125778339414e+00
-5.049734348884162394e+00
-5.086804370349980786e+00
-5.086804370349980786e+00
-5.107140810295271116e+00
-5.107140810295271116e+00
-5.107140810295271116e+00
-5.129187265886264058e+00
-5.129187265886264058e+00
-5.140046406212787744e+00
-5.140046406212787744e+00
-5.140046406212787744e+00
-5.156444023702852597e+00
-5.153042693390658791e+00
-5.153042693390658791e+00
-5.162348608945816153e+00
-5.162348608945816153e+00
-5.162348608945816153e+00
-5.159313362383680435e+00
-5.155894823326744536e+00
-5.161052945152558635e+00
-5.155386165319005620e+00
-5.160172721454519440e+00
-5.160172721454519440e+00
-5.164506824060601353e+00
-5.153429052786679065e+00
-5.157336511551005920e+00
-5.161667084387475235e+00
-5.161667084387475235e+00
-5.155604233729624397e+00
-5.160148445960886399e+00
-5.156733160961626261e+00
-5.164025268844935290e+00
-5.167040360409159483e+00
-5.161114697843674826e+00
-5.164105468606326355e+00
-5.164105468606326355e+00
-5.166941351412473793e+00
-5.169549331795574076e+00
-5.159836595607247389e+00
-5.162395791753113805e+00
-5.165035850369582349e+00
-5.168073677050210257e+00
-5.169906765569099782e+00
-5.153539482000052629e+00
-5.157752985487504382e+00
-5.125404926576264231e+00
-5.125404926576264231e+00
-5.111388022287558286e+00
-4.899743223225092592e+00
-4.903081058051586893e+00
-4.904620310947519712e+00
-4.907855073347793251e+00
-4.911162024140501181e+00
-4.911162024140501181e+00
-4.892077339232836053e+00
-4.892077339232836053e+00
-4.894634213503145759e+00
-4.895807758161272005e+00
-4.900288109502683120e+00
-4.898654406812966933e+00
-4.853302661833923892e+00
-4.854439974526124857e+00
-4.855420007637034630e+00
-4.861148545397127485e+00
-4.861148545397127485e+00
-4.860281721235566010e+00
-4.861217175953579606e+00
-4.866648060360218686e+00
-4.866648060360218686e+00
-4.868294138559902784e+00
-4.865674053858387360e+00
-4.870521869271277282e+00
-4.871992891298045691e+00
-4.872770550799564226e+00
-4.717056822489784196e+00
-4.717104354082287898e+00
-4.716300595926993466e+00
-4.720576883839450844e+00
-4.720576883839450844e+00
-4.720769573209760317e+00
-4.890621089704576541e+00
-4.888090888105431908e+00
-4.722756504495166929e+00
-4.722756504495166929e+00
-4.722756504495166929e+00
-4.722756504495166929e+00
-4.734172668307564891e+00
-4.734172668307564891e+00
-4.734172668307564891e+00
-4.734172668307564891e+00
-4.734269450894684539e+00
-4.905029268814254273e+00
-5.000683400919786692e+00
-5.029820827585802512e+00
-5.068805630417992703e+00
-5.127329874686446409e+00
-5.054574082227081711e+00
-5.042127575254081506e+00
-5.193033809573101678e+00
-5.449365309603190433e+00
-5.795595402956370990e+00
-3.431939287461621912e+00
-3.431939287461625465e+00
-3.431939287461625465e+00
-3.431939287461625465e+00
-3.431939287461625465e+00
-3.431939287461625465e+00
-3.431939287461625465e+00
-3.431939287461625465e+00
-3.431939287461625465e+00
-3.431939287461625465e+00
-3.431939287461625465e+00
-3.431939287461628574e+00
-3.431939287461628574e+00
-3.431939287461628574e+00
-3.431939287461628574e+00
-3.431939287461628574e+00
-3.431939287461625021e+00
-3.431939287461625021e+00
-3.431939287461625021e+00
-3.431939287461625021e+00
-3.431939287461625021e+00
-3.431939287461625465e+00
-3.431939287461625465e+00
-3.431939287461625465e+00
-3.431939287461625465e+00
-3.431939287461625465e+00
-3.431939287461625021e+00
-3.431939287461625021e+00
-3.431939287461625021e+00
-3.431939287461625021e+00
-3.431939287461625021e+00
-3.431939287461628574e+00
-3.431939287461628574e+00
-3.431939287461628574e+00
-3.431939287461628574e+00
-3.431939287461625021e+00
-3.431939287461625021e+00
-3.431939287461625021e+00
-3.431939287461625021e+00
-3.431939287461625021e+00
-3.431939287461625465e+00
-3.431939287461625465e+00
-3.431939287461625465e+00
-3.431939287461625465e+00
-3.431939287461625465e+00
-3.431939287461629018e+00
-3.431939287461629018e+00
-3.431939287461629018e+00
-3.431939287461625021e+00
-3.431939287461625021e+00
-3.431939287461625021e+00
-3.431939287461621468e+00
-3.431939287461621468e+00
-3.431939287461625021e+00
-3.431939287461625021e+00
-3.431939287461625021e+00
-3.431939287461625465e+00
-3.431939287461625465e+00
-3.431939287461625465e+00
-3.431939287461625465e+00
-3.431939287461625465e+00
-3.431939287461625465e+00
-3.431939287461625465e+00
-3.431939287461625465e+00
-3.431939287461621468e+00
-3.431939287461621468e+00
-3.431939287461621468e+00
-3.431939287461625465e+00
-3.431939287461625465e+00
-3.431939287461625465e+00
-3.431939287461625465e+00
-3.431939287461625465e+00
-3.431939287461625465e+00
-3.431939287461625465e+00
-3.431939287461625465e+00
-3.431939287461625465e+00
-3.431939287461625465e+00
-3.431939287461625021e+00
-3.431939287461625021e+00
-3.431939287461625021e+00
-3.431939287461625021e+00
-3.431939287461628574e+00
-3.431939287461628574e+00
-3.431939287461628574e+00
-3.431939287461628574e+00
-3.431939287461628574e+00
-3.431939287461628574e+00
-3.431939287461628574e+00
-3.431939287461625465e+00
-3.431939287461625465e+00
-3.431939287461625465e+00
-3.431939287461625465e+00
-3.431939287461625465e+00
-3.431939287461625465e+00
-3.431939287461625465e+00
-3.431939287461625465e+00
-3.431939287461625465e+00
-3.431939287461625465e+00
-3.431939287461625465e+00
-3.431939287461625465e+00
-3.431939287461625465e+00
-3.431939287461625465e+00
-3.431939287461625465e+00
-3.431939287461625465e+00
-3.431939287461625465e+00
-3.431939287461625465e+00
-3.431939287461625465e+00
-3.431939287461625465e+00
-3.431939287461625465e+00
-3.431939287461625465e+00
-3.431939287461625465e+00
-3.431939287461625465e+00
-3.431939287461625021e+00
-3.431939287461625021e+00
-3.431939287461625021e+00
-3.431939287461625021e+00
-3.431939287461625021e+00
-3.431939287461625021e+00
-3.431939287461625021e+00
-3.431939287461625021e+00
-3.431939287461625021e+00
-3.431939287461625021e+00
-3.431939287461625021e+00
-3.431939287461625021e+00
-3.431939287461625021e+00
-3.431939287461625021e+00
-3.431939287461625021e+00
-3.431939287461625021e+00
-3.431939287461625021e+00
-3.431939287461625021e+00
-3.431939287461625021e+00
-3.431939287461625021e+00
-3.431939287461625021e+00
-3.431939287461625021e+00
-3.431939287461625021e+00
-3.431939287461625021e+00
-3.431939287461625021e+00
-3.431939287461625021e+00
-3.431939287461625021e+00
-3.431939287461625021e+00
-3.431939287461625021e+00
-3.431939287461625021e+00
-3.431939287461625021e+00
-3.431939287461625021e+00
-3.431939287461625021e+00
-3.431939287461625021e+00
-3.431939287461625021e+00
-3.431939287461625021e+00
-3.431939287461625021e+00
-3.431939287461625021e+00
-3.431939287461625021e+00
-3.431939287461625021e+00
-3.431939287461625021e+00
-3.431939287461625021e+00
-3.431939287461625021e+00
-3.431939287461625021e+00
-3.431939287461625465e+00
-3.431939287461625465e+00
-3.431939287461625465e+00
-3.431939287461625465e+00
-3.431939287461625465e+00
-3.431939287461625465e+00
-3.431939287461625465e+00
-3.431939287461625465e+00
-3.431939287461625465e+00
-3.431939287461625465e+00
-3.431939287461625465e+00
-3.431939287461625465e+00
-3.431939287461625465e+00
-3.431939287461625465e+00
-3.431939287461625465e+00
-3.431939287461625465e+00
-3.431939287461625465e+00
-3.431939287461625465e+00
-3.431939287461625465e+00
-3.431939287461625465e+00
-3.431939287461625465e+00
-3.431939287461625465e+00
-3.431939287461625465e+00
-3.431939287461625465e+00
-3.431939287461625465e+00
-3.431939287461625465e+00
-3.431939287461625465e+00
-3.431939287461625465e+00
-3.431939287461628574e+00
-3.431939287461628574e+00
-3.431939287461625465e+00
-3.431939287461625465e+00
-3.431939287461625465e+00
-3.431939287461625465e+00
-3.431939287461628574e+00
-3.431939287461628574e+00
-3.431939287461628574e+00
-3.431939287461628574e+00
-3.431939287461628574e+00
-3.431939287461621912e+00
-3.431939287461621912e+00
-3.431939287461625465e+00
-3.431939287461625465e+00
-3.431939287461625465e+00
-3.431939287461625465e+00
-3.431939287461625465e+00
-3.431939287461625465e+00
-3.431939287461625465e+00
-3.431939287461625465e+00
-3.431939287461625465e+00
-3.431939287461621468e+00
-3.431939287461621468e+00
-3.431939287461621912e+00
-3.431939287461621912e+00
-3.431939287461621468e+00
-3.431939287461621468e+00
-3.431939287461628574e+00
-3.431939287461628574e+00
-3.431939287461628574e+00
-3.431939287461625021e+00
-3.431939287461625021e+00
-3.431939287461625465e+00
-3.431939287461625465e+00
-3.431939287461628574e+00
-3.431939287461628574e+00
-3.431939287461628574e+00
-3.431939287461628574e+00
-3.431939287461628574e+00
-3.431939287461628574e+00
-3.431939287461628574e+00
-3.431939287461628574e+00
-3.431939287461628574e+00
-3.431939287461625465e+00
-3.431939287461625465e+00
-3.431939287461625021e+00
-3.431939287461625021e+00
-3.431939287461625021e+00
-3.431939287461625021e+00
-3.431939287461628574e+00
-3.431939287461628574e+00
-3.431939287461628574e+00
-3.431939287461625021e+00
-3.431939287461625021e+00
-3.431939287461625021e+00
-3.431939287461625021e+00
-3.431939287461625465e+00
-3.431939287461625465e+00
-3.431939287461625465e+00
-3.431939287461625465e+00
-3.431939287461621468e+00
-3.431939287461621468e+00
-3.431939287461621468e+00
-3.431939287461621468e+00
-3.431939287461621468e+00
-3.431939287461621912e+00
-3.431939287461621912e+00
-3.431939287461625465e+00
-3.431939287461625465e+00
-3.431939287461621468e+00
-3.431939287461621468e+00
-3.431939287461625021e+00
-3.431939287461625021e+00
-3.431939287461625021e+00
-3.431939287461621912e+00
-3.431939287461621912e+00
-3.431939287461629018e+00
-3.431939287461629018e+00
-3.431939287461625465e+00
-3.431939287461625465e+00
-3.686058665265254053e+00
