5.320946138445292917e+01
5.327050585767904067e+01
5.334373134123075033e+01
5.315587548949425667e+01
5.267021972064310376e+01
5.225483347286645852e+01
5.189792790606876594e+01
5.159117167782342506e+01
5.123868414806743488e+01
5.074743762538115277e+01
5.039333704341984799e+01
4.998935905114591094e+01
4.935366198639472657e+01
4.905847576971873991e+01
4.871790750258274727e+01
4.841341220872473627e+01
4.815118318233733419e+01
4.784493847063211547e+01
4.782192968805971844e+01
4.742319563368731394e+01
4.724232594718695566e+01
4.708543790589109790e+01
4.687435382557649888e+01
4.663127878954595928e+01
4.654920614129740386e+01
4.628936566686031995e+01
4.615767604633742849e+01
4.601587619611257196e+01
4.581024872652075430e+01
4.572708669052430963e+01
4.566657693041701549e+01
4.554156251672618794e+01
4.531331810166831531e+01
4.527602695696600676e+01
4.523443805773813153e+01
4.504520558299950039e+01
4.478800018580061248e+01
4.485357753833952188e+01
4.443791752751420177e+01
4.444254911700350164e+01
4.446248541786889064e+01
4.449983960152820117e+01
4.443999067081394116e+01
4.442019866876267997e+01
4.442922566460633504e+01
4.414845515013205812e+01
4.404587136274510328e+01
4.405422886679635042e+01
4.406302164826635703e+01
4.407099169893376711e+01
4.378270517319158728e+01
4.378965205200407240e+01
4.380076350644912253e+01
4.449070424149925884e+01
4.337525825585140637e+01
4.338259211072512755e+01
4.339223084230209793e+01
4.341082372341728046e+01
4.347664996155941708e+01
4.314671819719330870e+01
4.319303369876957532e+01
4.320248007461761830e+01
4.303169443212146916e+01
4.303718669318750756e+01
4.304510307393235991e+01
4.305009300389697557e+01
4.305804793317067691e+01
4.271017752191477967e+01
4.307916976328395720e+01
4.285428844308101759e+01
4.220759923693117344e+01
4.221223476350670012e+01
4.221909186676690240e+01
4.222849211532064828e+01
4.223219255904659519e+01
4.227089247334836841e+01
4.228460888834781883e+01
4.228902799359144637e+01
4.238676497656497588e+01
4.240304720993533749e+01
4.229284551145313742e+01
4.180063752038890357e+01
4.180132980000405496e+01
4.180432159825774363e+01
4.180753592269047658e+01
4.181050373466015913e+01
4.180779622747152757e+01
4.181372990256217292e+01
4.181665332391141021e+01
4.181958482874144067e+01
4.182244476405656997e+01
4.182807406316719323e+01
4.183093227151766769e+01
4.183643049481127463e+01
4.183912381235660405e+01
4.184438783956794339e+01
4.184712831761547847e+01
4.185224313375945826e+01
4.140833717558324167e+01
4.141314245639226499e+01
4.141824912091482958e+01
4.142317058365553351e+01
4.142828513032954163e+01
4.143420737382350438e+01
4.189149184798571923e+01
4.194187313379416082e+01
4.148417259877278696e+01
4.064260222871300243e+01
4.045240933066661881e+01
4.046031924399587609e+01
4.047535927899257047e+01
4.047929633325888688e+01
4.051826888119593661e+01
4.051981264882105904e+01
4.051465064388752069e+01
4.061234925785400662e+01
4.069870937790953036e+01
4.070251563960827212e+01
4.070806132953650547e+01
4.071265309342514627e+01
4.071803973082826644e+01
4.072216141340405926e+01
4.096343994602230509e+01
4.096601644470162285e+01
4.073738384219431907e+01
4.065306914454004783e+01
4.066237826473667383e+01
4.066283138819423471e+01
4.047241170727404835e+01
4.047264418585029944e+01
4.047562670580086319e+01
4.047850424450588491e+01
4.047850424450588491e+01
4.048176942332949579e+01
4.048176942332949579e+01
4.048463859840732937e+01
4.048485419448228129e+01
4.048761306391590153e+01
4.048761634534039899e+01
4.049079366162372651e+01
4.049356755068070868e+01
4.049356755068070868e+01
4.049628229256821044e+01
4.049649261929204158e+01
4.049926735552672596e+01
4.016190574364260613e+01
4.016235920365963352e+01
4.016492447225649443e+01
4.016492447225649443e+01
4.016785972664773396e+01
4.017033450634949077e+01
4.017033450634949077e+01
4.017271435859451856e+01
4.017565944257125921e+01
4.017565944257125921e+01
4.017801717663178351e+01
4.018090724213739406e+01
4.018090724213739406e+01
4.018319368385715507e+01
4.018604713958100660e+01
4.018838737980081532e+01
4.018838737980081532e+01
4.019116892934606255e+01
4.019345618524732799e+01
4.019577353367959915e+01
4.019577353367959915e+01
4.019841806025571884e+01
4.020070020533232480e+01
4.020301825554135888e+01
4.020564952471123377e+01
4.020564952471123377e+01
4.020790912595720101e+01
4.021049773172364183e+01
4.021276635229235552e+01
4.021499442957297532e+01
4.021764096926881393e+01
4.021994052739498215e+01
4.022225935715565726e+01
4.022491025515193996e+01
4.022731841975534905e+01
4.022980602000836825e+01
4.023239401519662550e+01
4.023547552933352733e+01
4.023892013531788336e+01
4.024342764648987725e+01
4.024926074882137073e+01
4.026176282516078686e+01
4.029902309693331119e+01
4.031505385683411902e+01
4.032390376301474078e+01
4.033299146628124277e+01
4.000349096020751460e+01
4.001315093895772890e+01
3.987591773207805090e+01
3.945169421440846236e+01
3.936491288194947913e+01
3.932343285074991712e+01
3.932343285074991712e+01
3.932645862194345909e+01
3.932645862194345909e+01
3.933327214217655410e+01
3.933625146385553251e+01
3.933636091782705080e+01
3.933937155962452437e+01
3.933946270356966579e+01
3.933958207097776949e+01
3.934246440972855652e+01
3.934259527968903569e+01
3.934271621821137899e+01
3.937094002799863546e+01
3.937128305606351830e+01
3.937469156134697812e+01
3.937511193531558717e+01
3.937551167688297937e+01
3.937836262564281498e+01
3.937887337822721889e+01
3.938198981670021226e+01
3.938237109473120512e+01
3.938311435372116875e+01
3.938589958900378463e+01
3.938644859389512476e+01
3.938927774758259659e+01
3.938981847225694821e+01
3.939031177687060392e+01
3.939326140748222116e+01
3.939414297845641499e+01
3.939675991117367460e+01
3.939732852023295351e+01
3.940016190343594360e+01
3.940062561431623323e+01
3.940102248366675042e+01
3.940403991866264732e+01
3.940462734916323484e+01
3.940747386352556703e+01
3.940775820987569489e+01
3.941076289500513496e+01
3.941109229343496878e+01
3.941402633367066244e+01
3.941631501648380720e+01
3.941732197167713281e+01
3.941815409131873338e+01
3.941889242157057538e+01
3.938621637642273754e+01
3.937502776203206167e+01
3.896346329726416968e+01
3.896346329726416968e+01
3.896580709919828678e+01
3.896580709919828678e+01
3.896816574704708103e+01
3.896816574704708103e+01
3.897058070550099274e+01
3.897058070550099274e+01
3.897280617888565502e+01
3.897290270199805207e+01
3.897525941585116271e+01
3.897525941585116271e+01
3.897751326982044162e+01
3.897985800321897898e+01
3.897985800321897898e+01
3.898225588129406560e+01
3.898225588129406560e+01
3.898460856924519646e+01
3.898460856924519646e+01
3.898699958558200507e+01
3.898941957247463108e+01
3.898941957247463108e+01
3.899192570639127808e+01
3.899192570639127808e+01
3.899441176613024140e+01
3.899705660963870457e+01
3.899705660963870457e+01
3.899976312195602191e+01
3.900144298091220207e+01
3.900327406533773456e+01
3.900518970845373445e+01
3.900725570585140645e+01
3.900930246539917334e+01
3.901298043822340844e+01
3.901591015653947636e+01
3.901929337747456117e+01
3.944095969743855790e+01
3.944833901231950790e+01
3.946268590334375403e+01
3.948726755340653938e+01
3.949870525425271239e+01
3.950399611229657637e+01
3.950836804392994139e+01
3.951240407018114809e+01
3.951633816137008637e+01
3.952019994287891080e+01
3.952405902450298925e+01
3.952793921495921836e+01
3.911601165707977401e+01
3.911993237614164798e+01
3.912392242329120506e+01
3.912799163211087716e+01
3.913217239162327132e+01
3.913654795302169020e+01
3.914100527991983114e+01
3.914565084447577448e+01
3.914805785962111884e+01
3.915316926099671235e+01
3.915856633101401485e+01
3.869512256948989659e+01
3.854427652356829270e+01
3.855060675119966618e+01
3.855766250327803135e+01
3.808541311066843349e+01
3.809160148494041209e+01
3.768512711180368058e+01
3.743854510383299328e+01
3.743854510383299328e+01
3.743854510383299328e+01
3.743854510383299328e+01
3.744169710383299332e+01
3.744169710383299332e+01
3.744169710383299332e+01
3.744169710383299332e+01
3.744480210383299834e+01
3.744480210383299834e+01
3.744480210383299834e+01
3.744480210383299834e+01
3.744788910383299196e+01
3.744788910383299196e+01
3.744788910383299196e+01
3.744788910383299196e+01
3.744788910383299196e+01
3.745094510383299280e+01
3.745094510383299280e+01
3.745094510383299280e+01
3.745094510383299280e+01
3.745399510383299457e+01
3.745399510383299457e+01
3.745399510383299457e+01
3.745399510383299457e+01
3.745708010383299325e+01
3.745708010383299325e+01
3.745708010383299325e+01
3.745708010383299325e+01
3.746018510383299827e+01
3.746018510383299827e+01
3.746018510383299827e+01
3.746018510383299827e+01
3.746324410383299153e+01
3.746324410383299153e+01
3.746324410383299153e+01
3.746324410383299153e+01
3.746647510383299107e+01
3.746647510383299107e+01
3.746647510383299107e+01
3.746647510383299107e+01
3.746952410383299537e+01
3.746952410383299537e+01
3.746952410383299537e+01
3.746952410383299537e+01
3.747258410383299321e+01
3.747258410383299321e+01
3.747258410383299321e+01
3.747258410383299321e+01
3.747575210383298838e+01
3.747575210383298838e+01
3.747575210383298838e+01
3.747575210383298838e+01
3.747894110383299449e+01
3.747894110383299449e+01
3.747894110383299449e+01
3.747894110383299449e+01
3.747894110383299449e+01
3.748196510383299085e+01
3.748196510383299085e+01
3.748196510383299085e+01
3.748196510383299085e+01
3.748526710383299587e+01
3.748526710383299587e+01
3.748526710383299587e+01
3.748526710383299587e+01
3.748833210383298820e+01
3.748833210383298820e+01
3.748833210383298820e+01
3.748833210383298820e+01
3.749168610383298983e+01
3.749168610383298983e+01
3.749168610383298983e+01
3.749168610383298983e+01
3.749168610383298983e+01
3.806561575678270515e+01
3.806561575678270515e+01
3.806561575678270515e+01
3.806561575678270515e+01
3.806912175678270671e+01
3.806912175678270671e+01
3.806912175678270671e+01
3.806912175678270671e+01
3.806912175678270671e+01
3.807319475678270493e+01
3.807319475678270493e+01
3.807319475678270493e+01
3.807319475678270493e+01
3.807319475678270493e+01
3.807319475678270493e+01
3.807701475678270242e+01
3.807701475678270242e+01
3.807701475678270242e+01
3.807701475678270242e+01
3.807701475678270242e+01
3.808137975678270948e+01
3.808137975678270948e+01
3.808137975678270948e+01
3.808137975678270948e+01
3.808137975678270948e+01
3.808137975678270948e+01
3.808596675678271026e+01
3.808596675678271026e+01
3.808596675678271026e+01
3.808596675678271026e+01
3.808596675678271026e+01
3.808596675678271026e+01
3.808596675678271026e+01
3.809053175678270975e+01
3.809053175678270975e+01
3.809053175678270975e+01
3.809053175678270975e+01
3.809053175678270975e+01
3.809053175678270975e+01
3.809495475678270537e+01
3.809495475678270537e+01
3.809495475678270537e+01
3.809495475678270537e+01
3.809495475678270537e+01
3.809495475678270537e+01
3.809888175678270272e+01
3.809888175678270272e+01
3.809888175678270272e+01
3.809888175678270272e+01
3.809888175678270272e+01
3.810286175678270126e+01
3.810286175678270126e+01
3.810286175678270126e+01
3.810286175678270126e+01
3.810286175678270126e+01
3.810286175678270126e+01
3.810643775678271084e+01
3.810643775678271084e+01
3.810643775678271084e+01
3.810643775678271084e+01
3.810643775678271084e+01
3.811019475678270396e+01
3.811019475678270396e+01
3.811019475678270396e+01
3.811019475678270396e+01
3.811019475678270396e+01
3.811340275678270473e+01
3.811340275678270473e+01
3.811340275678270473e+01
3.811340275678270473e+01
3.754623210383299181e+01
3.754623210383299181e+01
3.754623210383299181e+01
3.754623210383299181e+01
3.754623210383299181e+01
3.754959610383299662e+01
3.754959610383299662e+01
3.754959610383299662e+01
3.754959610383299662e+01
3.755257710383298786e+01
3.755257710383298786e+01
3.755257710383298786e+01
3.755257710383298786e+01
3.755548610383299035e+01
3.755548610383299035e+01
3.755548610383299035e+01
3.755548610383299035e+01
3.755842510383298816e+01
3.755842510383298816e+01
3.755842510383298816e+01
3.755842510383298816e+01
3.756129810383299628e+01
3.756129810383299628e+01
3.756129810383299628e+01
3.756129810383299628e+01
3.756375410383299140e+01
3.756375410383299140e+01
3.756375410383299140e+01
3.756619310383299393e+01
3.756619310383299393e+01
3.756619310383299393e+01
3.756867410383298989e+01
3.756867410383298989e+01
3.756867410383298989e+01
3.756867410383298989e+01
3.757115910383299706e+01
3.757115910383299706e+01
3.757115910383299706e+01
3.757369110383299216e+01
3.757369110383299216e+01
3.757369110383299216e+01
3.757635410383299757e+01
3.757635410383299757e+01
3.757635410383299757e+01
3.757899110383299046e+01
3.757899110383299046e+01
3.758014710383299217e+01
3.758124510383299821e+01
3.758225310383299700e+01
3.758338910383299236e+01
3.758447110383299616e+01
3.758558110383299322e+01
3.758684710383299432e+01
3.758802010383298864e+01
3.758802010383298864e+01
3.758923510383299060e+01
3.759064310383298846e+01
3.759194510383299814e+01
3.759337810383298972e+01
3.759493110383299097e+01
3.759654110383299042e+01
3.759832110383299408e+01
3.760028510383298794e+01
3.760239910383299389e+01
3.760475210383299327e+01
3.760741510383299158e+01
3.818093075678270765e+01
3.818463175678270716e+01
3.818905575678270736e+01
3.819474575678270867e+01
3.820228175678271043e+01
3.821154975678270205e+01
3.821154975678270205e+01
3.821893475678270136e+01
3.822208075678270234e+01
3.822208075678270234e+01
3.822466375678270367e+01
3.822707675678270789e+01
3.822707675678270789e+01
3.822941275678270756e+01
3.822941275678270756e+01
3.823170775678271127e+01
3.823398075678270658e+01
3.823398075678270658e+01
3.823624375678270582e+01
3.823850475678270300e+01
3.823850475678270300e+01
3.824077175678270635e+01
3.824077175678270635e+01
3.824305775678270436e+01
3.824536075678270208e+01
3.824536075678270208e+01
3.824768375678270615e+01
3.825003275678270143e+01
3.825003275678270143e+01
3.825240975678271127e+01
3.825240975678271127e+01
3.825482475678271044e+01
3.825728275678270762e+01
3.825728275678270762e+01
3.825977975678270582e+01
3.826232775678271025e+01
3.826232775678271025e+01
3.826491975678270308e+01
3.826491975678270308e+01
3.826757375678270989e+01
3.827027975678270622e+01
3.827027975678270622e+01
3.827305375678270138e+01
3.827588675678271102e+01
3.827588675678271102e+01
3.827879175678270940e+01
3.827879175678270940e+01
3.828177575678270728e+01
3.828483675678270970e+01
3.828483675678270970e+01
3.828797575678270704e+01
3.829119975678270293e+01
3.829119975678270293e+01
3.772399510383299059e+01
3.772399510383299059e+01
3.772738110383299670e+01
3.773086910383299397e+01
3.773086910383299397e+01
3.773445410383298793e+01
3.773812810383299166e+01
3.773812810383299166e+01
3.774191310383299225e+01
3.774191310383299225e+01
3.774579110383299252e+01
3.774978510383299124e+01
3.774978510383299124e+01
3.775388910383298935e+01
3.775811610383298955e+01
3.775811610383298955e+01
3.775811610383298955e+01
3.776698110383298967e+01
3.776698110383298967e+01
3.777163310383299688e+01
3.777163310383299688e+01
3.777645410383298952e+01
3.778147010383299431e+01
3.778147010383299431e+01
3.778670410383298872e+01
3.779220910383298815e+01
3.779220910383298815e+01
3.764475247532271140e+01
3.764475247532271140e+01
3.765089247532270633e+01
3.699240094144440860e+01
3.699240094144440860e+01
3.699240094144440860e+01
3.700681994144440523e+01
3.700681994144440523e+01
3.701488094144441021e+01
3.701488094144441021e+01
-1.000000000000000000e+01
-1.000000000000000000e+01
-1.000000000000000000e+01
-1.000000000000000000e+01
-1.000000000000000000e+01
-1.000000000000000000e+01
-1.000000000000000000e+01
-1.000000000000000000e+01
-1.000000000000000000e+01
-1.000000000000000000e+01
-1.000000000000000000e+01
-1.000000000000000000e+01
-1.000000000000000000e+01
-1.000000000000000000e+01
-1.000000000000000000e+01
-1.000000000000000000e+01
-1.000000000000000000e+01
-1.000000000000000000e+01
-1.000000000000000000e+01
-1.000000000000000000e+01
-1.000000000000000000e+01
-1.000000000000000000e+01
-1.000000000000000000e+01
-1.000000000000000000e+01
-1.000000000000000000e+01
-1.000000000000000000e+01
-1.000000000000000000e+01
-1.000000000000000000e+01
-1.000000000000000000e+01
-1.000000000000000000e+01
-1.000000000000000000e+01
-1.000000000000000000e+01
-1.000000000000000000e+01
-1.000000000000000000e+01
-1.000000000000000000e+01
-1.000000000000000000e+01
-1.000000000000000000e+01
-1.000000000000000000e+01
-1.000000000000000000e+01
-1.000000000000000000e+01
-1.000000000000000000e+01
-1.000000000000000000e+01
-1.000000000000000000e+01
-1.000000000000000000e+01
-1.000000000000000000e+01
-1.000000000000000000e+01
-1.000000000000000000e+01
-1.000000000000000000e+01
-1.000000000000000000e+01
-1.000000000000000000e+01
-1.000000000000000000e+01
-1.000000000000000000e+01
-1.000000000000000000e+01
-1.000000000000000000e+01
-1.000000000000000000e+01
-1.000000000000000000e+01
-1.000000000000000000e+01
-1.000000000000000000e+01
-1.000000000000000000e+01
-1.000000000000000000e+01
-1.000000000000000000e+01
-1.000000000000000000e+01
-1.000000000000000000e+01
-1.000000000000000000e+01
-1.000000000000000000e+01
-1.000000000000000000e+01
-1.000000000000000000e+01
-1.000000000000000000e+01
-1.000000000000000000e+01
-1.000000000000000000e+01
3.621288635397964129e+01
3.621288635397964129e+01
3.621288635397964129e+01
3.621288635397964129e+01
3.621288635397964129e+01
3.621288635397964129e+01
3.621634935397963773e+01
3.621634935397963773e+01
3.621634935397963773e+01
3.621634935397963773e+01
3.621634935397963773e+01
3.621976535397963914e+01
3.621976535397963914e+01
3.621976535397963914e+01
3.621976535397963914e+01
3.621976535397963914e+01
3.621976535397963914e+01
3.622312235397964031e+01
3.622312235397964031e+01
3.622312235397964031e+01
3.622312235397964031e+01
3.622312235397964031e+01
3.622641335397963758e+01
3.622641335397963758e+01
3.622641335397963758e+01
3.622641335397963758e+01
3.622641335397963758e+01
3.622641335397963758e+01
3.622964435397963712e+01
3.622964435397963712e+01
3.622964435397963712e+01
3.622964435397963712e+01
3.622964435397963712e+01
3.623285335397964246e+01
3.623285335397964246e+01
3.623285335397964246e+01
3.623285335397964246e+01
3.623285335397964246e+01
3.623604335397963894e+01
3.623604335397963894e+01
3.623604335397963894e+01
3.623604335397963894e+01
3.623604335397963894e+01
3.623604335397963894e+01
3.623921635397964280e+01
3.623921635397964280e+01
3.623921635397964280e+01
3.623921635397964280e+01
3.623921635397964280e+01
3.624237635397963686e+01
3.624237635397963686e+01
3.624237635397963686e+01
3.624237635397963686e+01
3.624237635397963686e+01
3.624551235397964177e+01
3.624551235397964177e+01
3.624551235397964177e+01
3.624551235397964177e+01
3.624551235397964177e+01
3.624862835397964034e+01
3.624862835397964034e+01
3.624862835397964034e+01
3.624862835397964034e+01
3.624862835397964034e+01
3.625172835397964377e+01
3.625172835397964377e+01
3.625172835397964377e+01
3.625172835397964377e+01
3.625172835397964377e+01
3.625481735397963945e+01
3.625481735397963945e+01
3.625481735397963945e+01
3.625481735397963945e+01
3.625481735397963945e+01
3.625788935397964252e+01
3.625788935397964252e+01
3.625788935397964252e+01
3.625788935397964252e+01
3.625788935397964252e+01
3.626095135397964242e+01
3.626095135397964242e+01
3.626095135397964242e+01
3.626095135397964242e+01
3.626095135397964242e+01
3.626400935397964531e+01
3.626400935397964531e+01
3.626400935397964531e+01
3.626400935397964531e+01
3.626562635397964129e+01
3.626562635397964129e+01
3.626724735397964139e+01
3.626724735397964139e+01
3.626724735397964139e+01
3.626887735397964008e+01
3.626887735397964008e+01
3.626887735397964008e+01
3.627052035397964147e+01
3.627052035397964147e+01
3.627217735397964304e+01
3.627217735397964304e+01
3.627217735397964304e+01
3.627384935397964227e+01
3.627384935397964227e+01
3.627384935397964227e+01
3.627554535397963775e+01
3.627554535397963775e+01
3.627726935397964070e+01
3.627726935397964070e+01
3.627726935397964070e+01
3.627902835397964054e+01
3.627902835397964054e+01
3.627902835397964054e+01
3.628083235397964046e+01
3.628083235397964046e+01
3.628083235397964046e+01
3.628269035397963904e+01
3.628269035397963904e+01
3.628461835397963853e+01
3.628461835397963853e+01
3.628461835397963853e+01
3.628662135397964050e+01
3.628662135397964050e+01
3.628662135397964050e+01
3.628872335397964122e+01
3.628872335397964122e+01
3.628872335397964122e+01
3.628872335397964122e+01
3.629094635397964197e+01
3.629094635397964197e+01
3.629094635397964197e+01
3.629332535397963966e+01
3.629332535397963966e+01
3.629332535397963966e+01
3.629332535397963966e+01
3.629589535397964539e+01
3.629589535397964539e+01
3.629589535397964539e+01
3.629869935397964298e+01
3.629869935397964298e+01
3.629869935397964298e+01
3.629869935397964298e+01
3.630184035397964237e+01
3.630184035397964237e+01
3.630184035397964237e+01
3.630184035397964237e+01
3.630184035397964237e+01
3.630543435397964203e+01
3.630543435397964203e+01
3.630543435397964203e+01
3.630543435397964203e+01
3.630543435397964203e+01
3.630969035397964007e+01
3.630969035397964007e+01
3.630969035397964007e+01
3.630969035397964007e+01
3.630969035397964007e+01
3.630969035397964007e+01
3.631500035397964155e+01
3.631500035397964155e+01
3.631500035397964155e+01
3.631500035397964155e+01
3.631500035397964155e+01
3.631500035397964155e+01
3.631500035397964155e+01
3.631500035397964155e+01
3.632214935397963984e+01
3.632214935397963984e+01
3.632214935397963984e+01
3.632214935397963984e+01
3.632214935397963984e+01
3.632214935397963984e+01
3.632214935397963984e+01
3.632214935397963984e+01
3.632214935397963984e+01
3.632214935397963984e+01
3.632214935397963984e+01
3.633362035397964007e+01
3.633362035397964007e+01
3.633362035397964007e+01
3.633362035397964007e+01
3.633362035397964007e+01
3.633362035397964007e+01
3.633362035397964007e+01
3.633362035397964007e+01
3.633362035397964007e+01
3.633362035397964007e+01
3.633362035397964007e+01
3.633362035397964007e+01
3.633362035397964007e+01
3.633362035397964007e+01
3.633362035397964007e+01
3.633362035397964007e+01
3.633362035397964007e+01
3.633362035397964007e+01
3.633362035397964007e+01
3.633362035397964007e+01
3.633362035397964007e+01
3.633362035397964007e+01
3.633362035397964007e+01
3.633362035397964007e+01
3.633362035397964007e+01
3.633362035397964007e+01
3.633362035397964007e+01
3.633362035397964007e+01
3.633362035397964007e+01
3.633362035397964007e+01
3.633362035397964007e+01
3.633362035397964007e+01
3.633362035397964007e+01
3.638525435397964003e+01
3.638525435397964003e+01
3.638525435397964003e+01
3.638525435397964003e+01
3.638525435397964003e+01
3.638525435397964003e+01
3.638525435397964003e+01
3.638525435397964003e+01
3.638525435397964003e+01
3.638525435397964003e+01
3.638525435397964003e+01
3.638525435397964003e+01
3.638525435397964003e+01
3.638525435397964003e+01
3.638525435397964003e+01
3.638525435397964003e+01
3.638525435397964003e+01
3.638525435397964003e+01
3.638525435397964003e+01
3.638525435397964003e+01
3.638525435397964003e+01
3.638525435397964003e+01
3.638525435397964003e+01
3.638525435397964003e+01
3.638525435397964003e+01
3.638525435397964003e+01
3.638525435397964003e+01
3.638525435397964003e+01
3.638774335397964421e+01
3.638774335397964421e+01
3.639021235397964205e+01
3.639021235397964205e+01
3.639272935397963948e+01
3.639272935397963948e+01
3.639524635397964403e+01
3.639524635397964403e+01
3.639524635397964403e+01
3.639778435397964529e+01
3.639778435397964529e+01
3.640034835397963775e+01
3.640034835397963775e+01
3.640294435397964179e+01
3.640294435397964179e+01
3.640557635397964020e+01
3.640557635397964020e+01
3.640823535397964150e+01
3.640823535397964150e+01
3.640823535397964150e+01
3.641092835397964222e+01
3.641092835397964222e+01
3.641365435397963779e+01
3.641365435397963779e+01
3.641641835397963689e+01
3.641641835397963689e+01
3.641922135397963700e+01
3.641922135397963700e+01
3.642205535397964411e+01
3.642205535397964411e+01
3.642205535397964411e+01
3.642493235397964213e+01
3.642493235397964213e+01
3.642785135397964069e+01
3.642785135397964069e+01
3.643080835397964279e+01
3.643080835397964279e+01
3.643380735397964543e+01
3.643380735397964543e+01
3.643685235397964561e+01
3.643685235397964561e+01
3.643685235397964561e+01
3.643994235397964587e+01
3.643994235397964587e+01
3.644307935397964116e+01
3.644307935397964116e+01
3.644626835397964015e+01
3.644626835397964015e+01
3.644951035397964034e+01
3.644951035397964034e+01
3.645280435397964425e+01
3.645280435397964425e+01
3.645280435397964425e+01
3.645615235397963971e+01
3.645615235397963971e+01
3.645956335397963954e+01
3.645956335397963954e+01
3.646303035397964010e+01
3.646303035397964010e+01
3.646655635397964090e+01
3.646655635397964090e+01
3.647016035397963662e+01
3.647016035397963662e+01
3.647016035397963662e+01
3.647384135397963689e+01
3.647384135397963689e+01
3.647758435397963694e+01
3.647758435397963694e+01
3.648141035397964060e+01
3.648141035397964060e+01
3.648530135397963647e+01
3.648530135397963647e+01
3.648928735397964118e+01
3.648928735397964118e+01
3.648928735397964118e+01
3.649336735397963594e+01
3.649336735397963594e+01
3.649755135397964523e+01
3.649755135397964523e+01
3.650183435397963905e+01
3.650183435397963905e+01
-1.000000000000000000e+01
