9.100000000000000000e+01 8.330807491784041119e+00
9.400000000000000000e+01 9.157433252470131180e+00
9.600000000000000000e+01 9.950434816834961893e+00
9.800000000000000000e+01 1.041158868967995765e+01
1.000000000000000000e+02 1.094430069452649334e+01
1.020000000000000000e+02 1.159445185861310890e+01
1.040000000000000000e+02 1.206014226260465882e+01
1.060000000000000000e+02 1.251032166714604088e+01
1.080000000000000000e+02 1.301999180060343342e+01
1.100000000000000000e+02 1.365159159857019411e+01
1.140000000000000000e+02 1.444074902704084096e+01
1.180000000000000000e+02 1.522718179558582285e+01
1.210000000000000000e+02 1.591471018904510260e+01
1.250000000000000000e+02 1.655821585635898785e+01
1.270000000000000000e+02 1.696700459968722541e+01
1.280000000000000000e+02 1.719253485129185322e+01
1.310000000000000000e+02 1.753885741454201508e+01
1.320000000000000000e+02 1.785428901681494551e+01
1.340000000000000000e+02 1.808942518369386221e+01
1.370000000000000000e+02 1.850472198570161453e+01
1.400000000000000000e+02 1.898043723507574398e+01
1.430000000000000000e+02 1.947922806858726830e+01
1.470000000000000000e+02 2.000448862019842267e+01
1.510000000000000000e+02 2.049075910619708907e+01
1.550000000000000000e+02 2.100377128206741517e+01
1.590000000000000000e+02 2.142000128963933037e+01
1.620000000000000000e+02 2.177853237848171375e+01
1.660000000000000000e+02 2.220686536974378100e+01
1.700000000000000000e+02 2.264716148436531640e+01
1.730000000000000000e+02 2.295124574449751620e+01
1.770000000000000000e+02 2.326942445153095917e+01
1.800000000000000000e+02 2.358097343934763401e+01
1.820000000000000000e+02 2.371178298279656005e+01
1.860000000000000000e+02 2.409250741753984926e+01
1.910000000000000000e+02 2.449422000471989236e+01
1.940000000000000000e+02 2.472269963833641171e+01
1.980000000000000000e+02 2.506718869087792712e+01
2.020000000000000000e+02 2.531335071092946976e+01
2.050000000000000000e+02 2.554105828652189558e+01
2.100000000000000000e+02 2.591795221005839522e+01
2.160000000000000000e+02 2.628533646649894351e+01
2.200000000000000000e+02 2.650695473055085216e+01
2.230000000000000000e+02 2.670028441686914178e+01
2.270000000000000000e+02 2.692116807817609114e+01
2.300000000000000000e+02 2.968041552828133689e+01
2.340000000000000000e+02 3.016324750649650355e+01
2.400000000000000000e+02 3.040364506694639601e+01
2.460000000000000000e+02 3.066989308617742438e+01
2.520000000000000000e+02 3.089433374612788441e+01
2.570000000000000000e+02 3.095495715630681133e+01
2.600000000000000000e+02 3.117838277043679795e+01
2.640000000000000000e+02 3.131097746627103362e+01
2.690000000000000000e+02 3.146487821194336476e+01
2.740000000000000000e+02 3.161789048448269313e+01
2.790000000000000000e+02 3.175391435694695730e+01
2.840000000000000000e+02 3.195608808654467481e+01
2.900000000000000000e+02 3.211647470799267268e+01
2.960000000000000000e+02 3.226140254157548526e+01
3.010000000000000000e+02 3.233909184482200772e+01
3.080000000000000000e+02 3.248944368675644512e+01
3.180000000000000000e+02 3.281437506062427900e+01
3.280000000000000000e+02 3.301009175402140983e+01
3.380000000000000000e+02 3.322085345800384459e+01
3.480000000000000000e+02 3.340787779420631409e+01
3.570000000000000000e+02 3.358454413866105170e+01
3.660000000000000000e+02 3.374991908257648987e+01
3.750000000000000000e+02 3.387384869348954908e+01
3.850000000000000000e+02 3.402880880475970571e+01
3.950000000000000000e+02 3.416867386536637952e+01
4.050000000000000000e+02 3.429296995525431413e+01
4.140000000000000000e+02 3.440691314967104120e+01
4.220000000000000000e+02 3.449007849965306605e+01
4.300000000000000000e+02 3.457704304839882781e+01
4.410000000000000000e+02 3.469316837598670134e+01
4.510000000000000000e+02 3.479300307210181842e+01
4.600000000000000000e+02 3.487165672199165556e+01
4.700000000000000000e+02 3.496528882270020233e+01
4.800000000000000000e+02 3.504978274863658072e+01
4.900000000000000000e+02 3.512922901838449974e+01
5.000000000000000000e+02 3.521178696394638052e+01
5.060000000000000000e+02 3.593610592014907468e+01
5.120000000000000000e+02 3.648953169155143428e+01
5.200000000000000000e+02 3.648557818488077942e+01
5.300000000000000000e+02 3.649882264077502469e+01
5.400000000000000000e+02 3.646187985324711889e+01
5.500000000000000000e+02 3.653472687028052945e+01
5.600000000000000000e+02 3.657507534254662573e+01
5.700000000000000000e+02 3.660107286759104994e+01
5.800000000000000000e+02 3.657485008936384929e+01
5.900000000000000000e+02 3.662250483261087197e+01
6.000000000000000000e+02 3.662710679736186137e+01
6.100000000000000000e+02 3.665515679181712727e+01
6.200000000000000000e+02 3.668612813857821209e+01
6.300000000000000000e+02 3.670057355705164071e+01
6.400000000000000000e+02 3.670114769258022847e+01
6.500000000000000000e+02 3.672457375827390536e+01
6.580000000000000000e+02 3.673733719792144825e+01
6.650000000000000000e+02 3.675002442798776769e+01
6.750000000000000000e+02 3.675517736438352756e+01
6.850000000000000000e+02 3.675369523163361407e+01
6.950000000000000000e+02 3.679697399817708003e+01
7.050000000000000000e+02 3.678790952104715473e+01
7.160000000000000000e+02 3.682532480670653285e+01
7.260000000000000000e+02 3.683194543320611558e+01
7.350000000000000000e+02 3.684464109290979650e+01
7.450000000000000000e+02 3.686228260918014143e+01
7.550000000000000000e+02 3.687263731167253411e+01
7.650000000000000000e+02 3.688319987085262142e+01
7.750000000000000000e+02 3.689656220307251999e+01
7.850000000000000000e+02 3.691466959379432922e+01
7.950000000000000000e+02 3.692095212635812373e+01
8.050000000000000000e+02 3.693010978775019737e+01
8.150000000000000000e+02 3.693662136171445098e+01
8.250000000000000000e+02 3.695277407019179350e+01
8.350000000000000000e+02 3.692809571355310538e+01
8.450000000000000000e+02 3.696503201935237826e+01
8.550000000000000000e+02 3.697285301264663815e+01
8.650000000000000000e+02 3.698530633380445209e+01
8.750000000000000000e+02 3.699643266395732155e+01
8.850000000000000000e+02 3.700763520554080799e+01
8.950000000000000000e+02 3.701673113351495203e+01
9.050000000000000000e+02 3.701952223742647163e+01
9.150000000000000000e+02 3.711708969032665095e+01
9.250000000000000000e+02 3.784358169189910370e+01
9.350000000000000000e+02 3.812555339572954693e+01
9.450000000000000000e+02 3.836153705504433020e+01
9.550000000000000000e+02 3.841309088768666413e+01
9.650000000000000000e+02 3.848396411257199645e+01
9.750000000000000000e+02 3.813486539991498603e+01
9.850000000000000000e+02 3.846091272791393578e+01
9.950000000000000000e+02 3.842841703219419713e+01
1.005000000000000000e+03 3.845886323632073100e+01
1.015000000000000000e+03 3.844077732815033244e+01
1.025000000000000000e+03 3.820452459300375381e+01
1.035000000000000000e+03 3.840338286714892035e+01
1.045000000000000000e+03 3.846452365716064747e+01
1.055000000000000000e+03 3.844994339335417521e+01
1.065000000000000000e+03 3.840693659711084251e+01
1.075000000000000000e+03 3.842022995033723021e+01
1.085000000000000000e+03 3.838200234878634376e+01
1.095000000000000000e+03 3.841248927389979428e+01
1.105000000000000000e+03 3.839389982512368249e+01
1.115000000000000000e+03 3.838676356820708691e+01
1.125000000000000000e+03 3.835019996663136510e+01
1.135000000000000000e+03 3.837065895455877040e+01
1.145000000000000000e+03 3.834540908832902062e+01
1.155000000000000000e+03 3.834698192161031471e+01
1.165000000000000000e+03 3.833939506773933203e+01
1.175000000000000000e+03 3.824764367817002153e+01
1.185000000000000000e+03 3.831111051247454924e+01
1.195000000000000000e+03 3.829282717734992048e+01
1.205000000000000000e+03 3.825470354397655370e+01
1.215000000000000000e+03 3.805412613071411698e+01
1.225000000000000000e+03 3.825171635790623270e+01
1.235000000000000000e+03 3.827329254255749902e+01
1.245000000000000000e+03 3.826509861239843246e+01
1.255000000000000000e+03 3.825780067163543663e+01
1.265000000000000000e+03 3.825150573404893350e+01
1.275000000000000000e+03 3.824904293652863885e+01
1.285000000000000000e+03 3.824094341366553351e+01
1.295000000000000000e+03 3.821154709294972918e+01
1.305000000000000000e+03 3.821027328885115537e+01
1.315000000000000000e+03 3.821529041789897008e+01
1.325000000000000000e+03 3.819904309001871923e+01
1.335000000000000000e+03 3.818479510511161124e+01
1.345000000000000000e+03 3.818388191402254961e+01
1.355000000000000000e+03 3.817916388072492850e+01
1.365000000000000000e+03 3.816400278245336608e+01
1.375000000000000000e+03 3.815642210123969846e+01
1.385000000000000000e+03 3.814822629917014751e+01
1.395000000000000000e+03 3.809502351633317829e+01
1.405000000000000000e+03 3.808980992233934160e+01
1.415000000000000000e+03 3.811995908648228237e+01
1.425000000000000000e+03 3.810274581957909845e+01
1.435000000000000000e+03 3.810341843385927518e+01
1.442000000000000000e+03 3.810179542581056467e+01
1.447000000000000000e+03 3.809578658121560579e+01
1.455000000000000000e+03 3.808642311499804123e+01
1.465000000000000000e+03 3.807522607356428068e+01
1.475000000000000000e+03 3.806776504386687066e+01
1.485000000000000000e+03 3.806120811117096281e+01
1.495000000000000000e+03 3.805113107439656517e+01
1.505000000000000000e+03 3.803600701154597630e+01
1.512000000000000000e+03 3.802249668586428299e+01
1.517000000000000000e+03 3.802265527856159366e+01
1.525000000000000000e+03 3.801657807412972545e+01
1.535000000000000000e+03 3.798450338050215436e+01
1.545000000000000000e+03 3.796868580412733252e+01
1.555000000000000000e+03 3.795751840196427906e+01
1.565000000000000000e+03 3.796938407835018836e+01
1.575000000000000000e+03 3.797268705814403233e+01
1.585000000000000000e+03 3.796873323020965785e+01
1.595000000000000000e+03 3.796253747907451270e+01
1.605000000000000000e+03 3.794373875848737043e+01
1.615000000000000000e+03 3.793378467389705122e+01
1.625000000000000000e+03 3.793175807602316496e+01
1.635000000000000000e+03 3.793029995313430902e+01
1.645000000000000000e+03 3.791553366793733204e+01
1.655000000000000000e+03 3.792011583559030896e+01
1.665000000000000000e+03 3.791379508378676633e+01
1.672000000000000000e+03 3.790182011190412936e+01
1.677000000000000000e+03 3.791505899083627895e+01
1.685000000000000000e+03 3.790569268229263855e+01
1.695000000000000000e+03 3.789503791186554338e+01
1.705000000000000000e+03 3.788440605609266498e+01
1.715000000000000000e+03 3.787110749675547083e+01
1.725000000000000000e+03 3.786349169521913183e+01
1.735000000000000000e+03 3.786475147073403491e+01
1.745000000000000000e+03 3.785578624182355156e+01
1.755000000000000000e+03 3.785078056383540002e+01
1.765000000000000000e+03 3.783954983859688070e+01
1.775000000000000000e+03 3.783177419785240403e+01
1.785000000000000000e+03 3.782924228313986248e+01
1.795000000000000000e+03 3.782400962196538785e+01
1.805000000000000000e+03 3.782020531700140964e+01
1.815000000000000000e+03 3.780559661787248160e+01
1.825000000000000000e+03 3.780192462872314252e+01
1.835000000000000000e+03 3.779515333160171053e+01
1.845000000000000000e+03 3.777235297651483847e+01
1.855000000000000000e+03 3.776550699967526725e+01
1.865000000000000000e+03 3.776562568660817476e+01
1.875000000000000000e+03 3.776474284907197898e+01
1.885000000000000000e+03 3.774069263227433879e+01
1.895000000000000000e+03 3.772376046635355351e+01
1.905000000000000000e+03 3.773465739776874273e+01
1.915000000000000000e+03 3.771894978367582496e+01
1.925000000000000000e+03 3.770571847578926850e+01
1.935000000000000000e+03 3.771322203388057659e+01
1.945000000000000000e+03 3.771439178336564169e+01
1.955000000000000000e+03 3.768871656480314414e+01
1.967000000000000000e+03 3.769721770801236715e+01
1.976000000000000000e+03 3.770180854846127261e+01
1.984000000000000000e+03 3.768492421873369125e+01
1.995000000000000000e+03 3.767180172685860384e+01
2.005000000000000000e+03 3.767501188102446008e+01
2.015000000000000000e+03 3.767328563209491676e+01
2.025000000000000000e+03 3.767195098848183221e+01
2.035000000000000000e+03 3.765581615865793452e+01
2.045000000000000000e+03 3.765017595849645460e+01
2.055000000000000000e+03 3.761754104555857481e+01
2.065000000000000000e+03 3.762115830163214980e+01
2.074000000000000000e+03 3.764319402859933206e+01
2.078000000000000000e+03 3.762963846926837164e+01
2.085000000000000000e+03 3.762809935852263266e+01
2.095000000000000000e+03 3.761456159325209114e+01
2.105000000000000000e+03 3.761706502790731577e+01
2.115000000000000000e+03 3.761441568255465029e+01
2.125000000000000000e+03 3.761160972433260241e+01
2.135000000000000000e+03 3.760393868704901621e+01
2.145000000000000000e+03 3.759412568529682375e+01
2.155000000000000000e+03 3.759272241854078089e+01
2.165000000000000000e+03 3.758586868483983778e+01
2.175000000000000000e+03 3.758003599627996749e+01
2.185000000000000000e+03 3.757400426672110427e+01
2.195000000000000000e+03 3.757020933016569586e+01
2.205000000000000000e+03 3.756376172470505992e+01
2.215000000000000000e+03 3.755687954102538129e+01
2.225000000000000000e+03 3.755057244668780214e+01
2.235000000000000000e+03 3.754403153729401765e+01
2.245000000000000000e+03 3.753962116592623488e+01
2.255000000000000000e+03 3.753168901501046406e+01
2.265000000000000000e+03 3.752781116935825878e+01
2.275000000000000000e+03 3.752198408039456012e+01
2.285000000000000000e+03 3.751612509041953558e+01
2.295000000000000000e+03 3.750300038992332929e+01
2.305000000000000000e+03 3.750280788563735257e+01
2.315000000000000000e+03 3.749713846417174068e+01
2.325000000000000000e+03 3.746648143444576817e+01
2.335000000000000000e+03 3.748410656071196456e+01
2.345000000000000000e+03 3.747987889088365421e+01
2.355000000000000000e+03 3.747466386689488616e+01
2.365000000000000000e+03 3.746868580403109661e+01
2.375000000000000000e+03 3.746243871344807275e+01
2.385000000000000000e+03 3.745512095512103201e+01
2.395000000000000000e+03 3.745074444178366946e+01
2.405000000000000000e+03 3.744537793798657788e+01
2.415000000000000000e+03 3.743947213921003225e+01
2.425000000000000000e+03 3.743472907381908499e+01
2.435000000000000000e+03 3.742808343816565753e+01
2.445000000000000000e+03 3.742303484920178391e+01
2.455000000000000000e+03 3.741799842285719535e+01
2.465000000000000000e+03 3.741219708988847970e+01
2.475000000000000000e+03 3.740658071576635280e+01
2.485000000000000000e+03 3.740087105756995811e+01
2.495000000000000000e+03 3.737453393856036854e+01
2.505000000000000000e+03 3.738900031274393854e+01
2.513000000000000000e+03 3.737700136028540499e+01
2.518000000000000000e+03 3.738128378047326095e+01
2.525000000000000000e+03 3.737870851220250756e+01
2.535000000000000000e+03 3.737317306633173075e+01
2.545000000000000000e+03 3.736526794681412156e+01
2.555000000000000000e+03 3.736175918515243666e+01
2.565000000000000000e+03 3.735713235352405093e+01
2.575000000000000000e+03 3.735210766136624727e+01
2.585000000000000000e+03 3.734681556570538419e+01
2.595000000000000000e+03 3.734138043726564860e+01
2.605000000000000000e+03 3.733624898940703929e+01
2.615000000000000000e+03 3.733076579670724016e+01
2.625000000000000000e+03 3.732596725536240001e+01
2.635000000000000000e+03 3.732046520433321746e+01
2.645000000000000000e+03 3.731657217084972444e+01
2.655000000000000000e+03 3.731130380584782813e+01
2.665000000000000000e+03 3.730492316708546241e+01
2.675000000000000000e+03 3.729976521167498049e+01
2.685000000000000000e+03 3.729691521957726508e+01
2.695000000000000000e+03 3.728790921339502518e+01
2.705000000000000000e+03 3.728551652374309811e+01
2.715000000000000000e+03 3.728061701219330359e+01
2.725000000000000000e+03 3.727298748937489137e+01
2.735000000000000000e+03 3.726923039850609598e+01
2.745000000000000000e+03 3.726458652394778426e+01
2.755000000000000000e+03 3.725998304124471616e+01
2.765000000000000000e+03 3.725208712302753611e+01
2.775000000000000000e+03 3.725080256239635190e+01
2.785000000000000000e+03 3.724546911077351297e+01
2.795000000000000000e+03 3.723584083929321054e+01
2.805000000000000000e+03 3.723359502919862507e+01
2.815000000000000000e+03 3.723075634912125054e+01
2.825000000000000000e+03 3.722265805370972203e+01
2.835000000000000000e+03 3.721685566048401483e+01
2.845000000000000000e+03 3.721572491052511111e+01
2.855000000000000000e+03 3.721042138002648869e+01
2.865000000000000000e+03 3.720580751565978517e+01
2.875000000000000000e+03 3.720091657371820304e+01
2.885000000000000000e+03 3.719608807190005706e+01
2.895000000000000000e+03 3.719116658833030442e+01
2.910000000000000000e+03 3.718361834943144828e+01
2.930000000000000000e+03 3.717412528634739033e+01
2.950000000000000000e+03 3.716173848211214192e+01
2.970000000000000000e+03 3.715498233057202526e+01
2.990000000000000000e+03 3.714525087094408207e+01
3.010000000000000000e+03 3.713520274536388399e+01
3.030000000000000000e+03 3.712660441120092969e+01
3.050000000000000000e+03 3.711742341853910432e+01
3.070000000000000000e+03 3.710830912325903341e+01
3.090000000000000000e+03 3.709792965629115002e+01
3.110000000000000000e+03 3.708982509870308775e+01
3.130000000000000000e+03 3.708013451311059328e+01
3.150000000000000000e+03 3.707124924484004680e+01
3.170000000000000000e+03 3.706233195288604776e+01
3.190000000000000000e+03 3.705040505655156124e+01
3.210000000000000000e+03 3.704413671618500814e+01
3.230000000000000000e+03 3.703572021041332363e+01
3.250000000000000000e+03 3.702695077575204152e+01
3.270000000000000000e+03 3.701842992967515045e+01
3.290000000000000000e+03 3.700913723699088109e+01
3.310000000000000000e+03 3.700110026382090922e+01
3.330000000000000000e+03 3.699243904398514360e+01
3.350000000000000000e+03 3.698301311967757243e+01
3.370000000000000000e+03 3.697533221076858467e+01
3.390000000000000000e+03 3.696691525666319222e+01
3.410000000000000000e+03 3.695842706664439703e+01
3.430000000000000000e+03 3.694466165630904442e+01
3.450000000000000000e+03 3.693661551086391626e+01
3.470000000000000000e+03 3.693225759635977568e+01
3.490000000000000000e+03 3.692427167001160626e+01
3.510000000000000000e+03 3.691724819186433137e+01
3.530000000000000000e+03 3.690909393481257439e+01
3.550000000000000000e+03 3.690103774707678497e+01
3.570000000000000000e+03 3.689454555576332950e+01
3.590000000000000000e+03 3.688401624505702614e+01
3.610000000000000000e+03 3.687639108790413189e+01
3.630000000000000000e+03 3.686790269874666137e+01
3.640000000000000000e+03 3.686659531945204549e+01
3.650000000000000000e+03 3.686216321877558499e+01
3.670000000000000000e+03 3.685457500098803507e+01
3.690000000000000000e+03 3.683622692838459045e+01
3.710000000000000000e+03 3.682360669491080785e+01
3.730000000000000000e+03 3.681212176637655631e+01
3.750000000000000000e+03 3.683245287030644022e+01
3.770000000000000000e+03 3.682780476463176456e+01
3.790000000000000000e+03 3.684135654501438495e+01
3.810000000000000000e+03 3.685746415079474048e+01
3.830000000000000000e+03 3.680889989371856075e+01
3.850000000000000000e+03 3.686007717834475272e+01
3.870000000000000000e+03 3.685980147385702566e+01
3.890000000000000000e+03 3.678030649319882173e+01
3.910000000000000000e+03 3.685081770172517679e+01
3.930000000000000000e+03 3.684389834787255324e+01
3.950000000000000000e+03 3.683565521922037789e+01
3.970000000000000000e+03 3.674746139472817674e+01
3.990000000000000000e+03 3.681838502893329945e+01
4.010000000000000000e+03 3.681522713845714634e+01
4.030000000000000000e+03 3.679873586043640898e+01
4.050000000000000000e+03 3.680364209921564367e+01
4.070000000000000000e+03 3.679225743344471766e+01
4.090000000000000000e+03 3.676277768599905471e+01
4.110000000000000000e+03 3.671301112976771464e+01
4.130000000000000000e+03 3.676638572176707243e+01
4.150000000000000000e+03 3.676207370777611061e+01
4.170000000000000000e+03 3.675800099176410640e+01
4.190000000000000000e+03 3.675139824373539454e+01
4.210000000000000000e+03 3.674442537364675587e+01
4.230000000000000000e+03 3.673718606037751044e+01
4.250000000000000000e+03 3.672923492407925039e+01
4.270000000000000000e+03 3.671996095940218652e+01
4.290000000000000000e+03 3.671420294778751270e+01
4.310000000000000000e+03 3.670440809500945534e+01
4.330000000000000000e+03 3.666923405113726631e+01
4.350000000000000000e+03 3.663263346856578551e+01
4.370000000000000000e+03 3.668248870035716891e+01
4.390000000000000000e+03 3.667245300431765997e+01
4.410000000000000000e+03 3.667111024580080425e+01
4.430000000000000000e+03 3.666375076299550528e+01
4.450000000000000000e+03 3.665805328204898927e+01
4.470000000000000000e+03 3.663669991241255275e+01
4.490000000000000000e+03 3.664383912192985804e+01
4.510000000000000000e+03 3.663754167165737385e+01
4.530000000000000000e+03 3.663063785351639723e+01
4.550000000000000000e+03 3.662313836021175462e+01
4.570000000000000000e+03 3.661654803681676640e+01
4.590000000000000000e+03 3.660947913485938443e+01
4.610000000000000000e+03 3.660279356064663858e+01
4.630000000000000000e+03 3.659605424058239720e+01
4.650000000000000000e+03 3.658628355949815614e+01
4.670000000000000000e+03 3.658231054821354178e+01
4.690000000000000000e+03 3.657470375666484586e+01
4.710000000000000000e+03 3.656386051236874835e+01
4.730000000000000000e+03 3.656270634136635778e+01
4.750000000000000000e+03 3.655583890174379036e+01
4.770000000000000000e+03 3.655010346269556010e+01
4.790000000000000000e+03 3.654335939224412755e+01
4.810000000000000000e+03 3.653628277102832556e+01
4.830000000000000000e+03 3.652763394288732002e+01
4.850000000000000000e+03 3.649885371462180217e+01
4.870000000000000000e+03 3.645529769595255232e+01
4.890000000000000000e+03 3.650720991022481599e+01
4.910000000000000000e+03 3.650353884075121869e+01
4.930000000000000000e+03 3.648993123233917402e+01
4.950000000000000000e+03 3.649142503329113651e+01
4.970000000000000000e+03 3.648563624465585065e+01
4.990000000000000000e+03 3.647923480070856783e+01
5.010000000000000000e+03 3.646747177517052307e+01
5.030000000000000000e+03 3.646661774682814183e+01
5.050000000000000000e+03 3.645792674394046173e+01
5.070000000000000000e+03 3.645423955981155473e+01
5.090000000000000000e+03 3.644801235463778255e+01
5.110000000000000000e+03 3.644179647475218076e+01
5.130000000000000000e+03 3.643543311078664715e+01
5.150000000000000000e+03 3.642927221186531028e+01
5.170000000000000000e+03 3.642334612740368982e+01
5.190000000000000000e+03 3.641727539795099489e+01
5.210000000000000000e+03 3.641118091508575816e+01
5.230000000000000000e+03 3.640522751598710016e+01
5.250000000000000000e+03 3.639916806781640446e+01
5.270000000000000000e+03 3.639309016259491614e+01
5.290000000000000000e+03 3.638714819284170687e+01
5.310000000000000000e+03 3.638113749360412896e+01
5.330000000000000000e+03 3.637518747048184764e+01
5.350000000000000000e+03 3.636922460567805615e+01
5.370000000000000000e+03 3.636342712996918181e+01
5.390000000000000000e+03 3.635751791930339749e+01
5.410000000000000000e+03 3.635132754472603978e+01
5.430000000000000000e+03 3.634580845114176384e+01
5.450000000000000000e+03 3.633998339945867428e+01
5.470000000000000000e+03 3.633413664296453760e+01
5.490000000000000000e+03 3.632833391260153633e+01
5.510000000000000000e+03 3.632258784514737471e+01
5.530000000000000000e+03 3.631685080858672166e+01
5.550000000000000000e+03 3.631111956908124938e+01
5.570000000000000000e+03 3.630538828231036064e+01
5.590000000000000000e+03 3.629971489885417668e+01
5.610000000000000000e+03 3.629404326840163719e+01
5.630000000000000000e+03 3.628836741744872540e+01
5.650000000000000000e+03 3.628263007939619200e+01
5.670000000000000000e+03 3.627681433116515564e+01
5.690000000000000000e+03 3.627084909363479426e+01
5.710000000000000000e+03 3.626555113866024271e+01
5.730000000000000000e+03 3.626005449013615589e+01
5.750000000000000000e+03 3.625421650832095821e+01
5.770000000000000000e+03 3.624902768158996480e+01
5.790000000000000000e+03 3.624356319200969523e+01
5.810000000000000000e+03 3.623829218619759729e+01
5.830000000000000000e+03 3.623277387183223652e+01
5.850000000000000000e+03 3.622744147663608771e+01
5.870000000000000000e+03 3.621023954507344200e+01
5.890000000000000000e+03 3.621571915363257688e+01
5.910000000000000000e+03 3.621106968305776519e+01
5.930000000000000000e+03 3.620560325512374078e+01
5.950000000000000000e+03 3.620023217405351090e+01
5.970000000000000000e+03 3.619506690882398914e+01
5.990000000000000000e+03 3.618959216684222469e+01
6.010000000000000000e+03 3.618433258361797300e+01
6.030000000000000000e+03 3.617896664083944813e+01
6.050000000000000000e+03 3.617374968129391277e+01
6.070000000000000000e+03 3.616849111372175685e+01
6.090000000000000000e+03 3.616323493355465502e+01
6.110000000000000000e+03 3.615803031326632322e+01
6.130000000000000000e+03 3.615284453342749771e+01
6.150000000000000000e+03 3.614747119939892883e+01
6.170000000000000000e+03 3.614233299982006997e+01
6.190000000000000000e+03 3.613716859854486074e+01
6.210000000000000000e+03 3.613209651143646539e+01
6.230000000000000000e+03 3.612686922951347412e+01
6.250000000000000000e+03 3.612175400213864407e+01
6.270000000000000000e+03 3.611667569407981659e+01
6.290000000000000000e+03 3.611162112854654538e+01
6.310000000000000000e+03 3.610644172847330680e+01
6.330000000000000000e+03 3.610141004528340858e+01
6.350000000000000000e+03 3.609620147703488158e+01
6.370000000000000000e+03 3.609124019087431634e+01
6.390000000000000000e+03 3.608625824245997649e+01
6.410000000000000000e+03 3.608121573346407018e+01
6.430000000000000000e+03 3.607627330382545949e+01
6.450000000000000000e+03 3.607125491427011355e+01
6.470000000000000000e+03 3.606617817683680016e+01
6.490000000000000000e+03 3.606110446418414028e+01
6.510000000000000000e+03 3.605608403882932578e+01
6.530000000000000000e+03 3.604970180203135044e+01
6.550000000000000000e+03 3.603286977748967956e+01
6.570000000000000000e+03 3.598636066074288919e+01
6.590000000000000000e+03 3.603244272885638111e+01
6.610000000000000000e+03 3.603125810102203275e+01
6.630000000000000000e+03 3.602697079387214529e+01
6.650000000000000000e+03 3.602242214194289716e+01
6.670000000000000000e+03 3.601394638440663698e+01
6.690000000000000000e+03 3.600911045995609072e+01
6.710000000000000000e+03 3.600809736035431285e+01
6.730000000000000000e+03 3.600318058244057795e+01
6.750000000000000000e+03 3.599856393767006324e+01
6.770000000000000000e+03 3.599373669892574412e+01
6.790000000000000000e+03 3.598872006514765332e+01
6.810000000000000000e+03 3.598427252700354018e+01
6.830000000000000000e+03 3.597955460601529154e+01
6.850000000000000000e+03 3.597483776305622172e+01
6.870000000000000000e+03 3.597013435832523243e+01
6.890000000000000000e+03 3.596532212963278141e+01
6.910000000000000000e+03 3.596071465272545709e+01
6.930000000000000000e+03 3.595603110865508256e+01
6.950000000000000000e+03 3.595149997191364832e+01
6.970000000000000000e+03 3.594686553355988679e+01
6.990000000000000000e+03 3.594220368594756110e+01
7.010000000000000000e+03 3.593769631723226610e+01
7.030000000000000000e+03 3.593308091804500037e+01
7.050000000000000000e+03 3.592848288943287116e+01
7.070000000000000000e+03 3.591755542930434331e+01
7.090000000000000000e+03 3.591941042471514578e+01
7.110000000000000000e+03 3.591463900853563729e+01
7.130000000000000000e+03 3.591013784963024591e+01
7.150000000000000000e+03 3.590568967394529665e+01
7.170000000000000000e+03 3.590109529763775953e+01
7.190000000000000000e+03 3.589667438208596195e+01
7.210000000000000000e+03 3.589220543250226569e+01
7.230000000000000000e+03 3.588652767477158534e+01
7.250000000000000000e+03 3.588320378718837844e+01
7.270000000000000000e+03 3.587886263679535404e+01
7.290000000000000000e+03 3.587087949460517677e+01
7.310000000000000000e+03 3.586983014863818653e+01
7.330000000000000000e+03 3.586549947192835219e+01
7.350000000000000000e+03 3.586113712981767776e+01
7.370000000000000000e+03 3.585683825916298417e+01
7.390000000000000000e+03 3.585234879877621239e+01
7.410000000000000000e+03 3.584809771925843336e+01
7.430000000000000000e+03 3.584353054163615582e+01
7.450000000000000000e+03 3.583934965752037982e+01
7.470000000000000000e+03 3.583485757585068399e+01
7.490000000000000000e+03 3.583059888742823773e+01
7.510000000000000000e+03 3.582612916373625467e+01
7.530000000000000000e+03 3.582189590683724134e+01
7.550000000000000000e+03 3.581760960152026030e+01
7.570000000000000000e+03 3.581341904478108518e+01
7.590000000000000000e+03 3.580905048214723507e+01
7.610000000000000000e+03 3.580481233395990159e+01
7.630000000000000000e+03 3.580058113052664481e+01
7.650000000000000000e+03 3.579631048563587115e+01
7.670000000000000000e+03 3.579214978323737029e+01
7.690000000000000000e+03 3.578782935723728542e+01
7.710000000000000000e+03 3.578372153030369418e+01
7.730000000000000000e+03 3.577954363811551275e+01
7.750000000000000000e+03 3.577521483414614778e+01
7.770000000000000000e+03 3.577084833411658593e+01
7.790000000000000000e+03 3.576696493379429853e+01
7.810000000000000000e+03 3.576244628068621267e+01
7.830000000000000000e+03 3.575866320243375895e+01
7.850000000000000000e+03 3.575455174743407838e+01
7.870000000000000000e+03 3.574938203167825890e+01
7.890000000000000000e+03 3.574533088820170690e+01
7.910000000000000000e+03 3.574159284403799575e+01
7.930000000000000000e+03 3.573739844070519212e+01
7.950000000000000000e+03 3.573354706046649198e+01
7.970000000000000000e+03 3.572924261773359689e+01
7.990000000000000000e+03 3.572573223235082196e+01
8.010000000000000000e+03 3.572117870593521616e+01
8.030000000000000000e+03 3.571741124749321017e+01
8.050000000000000000e+03 3.571348581275132261e+01
8.070000000000000000e+03 3.570978201752403436e+01
8.090000000000000000e+03 3.570497739049863384e+01
8.110000000000000000e+03 3.570096866692536963e+01
8.130000000000000000e+03 3.569777543475725423e+01
8.150000000000000000e+03 3.569294903179964962e+01
8.170000000000000000e+03 3.568979879687704226e+01
8.190000000000000000e+03 3.568548893779989584e+01
8.210000000000000000e+03 3.567932484350885858e+01
8.230000000000000000e+03 3.567642979885628307e+01
8.250000000000000000e+03 3.567297956229243283e+01
8.270000000000000000e+03 3.566740294257714794e+01
8.290000000000000000e+03 3.566502367383642991e+01
8.310000000000000000e+03 3.566130142382961310e+01
8.330000000000000000e+03 3.565700296560298455e+01
8.350000000000000000e+03 3.565172091982100255e+01
8.370000000000000000e+03 3.564713371181628077e+01
8.390000000000000000e+03 3.564412650150835304e+01
8.410000000000000000e+03 3.563958984326615109e+01
8.430000000000000000e+03 3.563432720203259407e+01
8.450000000000000000e+03 3.562911395236285728e+01
8.470000000000000000e+03 3.562445910534838589e+01
8.490000000000000000e+03 3.562360334288995034e+01
8.510000000000000000e+03 3.561502190039060878e+01
8.530000000000000000e+03 3.561786643354447790e+01
8.550000000000000000e+03 3.560195043394578818e+01
8.570000000000000000e+03 3.561643347918383995e+01
8.590000000000000000e+03 3.559583656774665883e+01
8.610000000000000000e+03 3.559336437891782623e+01
8.630000000000000000e+03 3.560888317803522796e+01
8.650000000000000000e+03 3.559531924803222580e+01
8.670000000000000000e+03 3.556764617166626863e+01
8.690000000000000000e+03 3.559616250509942859e+01
8.710000000000000000e+03 3.559800994969275933e+01
8.730000000000000000e+03 3.558467621929849400e+01
8.750000000000000000e+03 3.554654681199063759e+01
8.770000000000000000e+03 3.557174237178777787e+01
8.790000000000000000e+03 3.558364235084096805e+01
8.810000000000000000e+03 3.558091857995078300e+01
8.830000000000000000e+03 3.557551389232847328e+01
8.850000000000000000e+03 3.555060200359329770e+01
8.870000000000000000e+03 3.552138103465333785e+01
8.890000000000000000e+03 3.555999150288004529e+01
8.910000000000000000e+03 3.556253820511287245e+01
8.930000000000000000e+03 3.556003709475137242e+01
8.950000000000000000e+03 3.555737414056237355e+01
8.970000000000000000e+03 3.555249179910859425e+01
8.990000000000000000e+03 3.554055387009909595e+01
9.010000000000000000e+03 3.549592417516315379e+01
9.030000000000000000e+03 3.551394445543713374e+01
9.050000000000000000e+03 3.553467487552281057e+01
9.070000000000000000e+03 3.553137951982934339e+01
9.090000000000000000e+03 3.553094998319772913e+01
9.110000000000000000e+03 3.552900917345554888e+01
9.130000000000000000e+03 3.552571558372780913e+01
9.150000000000000000e+03 3.552177367390728335e+01
9.170000000000000000e+03 3.551644488201709748e+01
9.190000000000000000e+03 3.551166031821873048e+01
9.210000000000000000e+03 3.549348022469331454e+01
9.230000000000000000e+03 3.544540000619218745e+01
9.250000000000000000e+03 3.548674965213785981e+01
9.270000000000000000e+03 3.549657748524961676e+01
9.290000000000000000e+03 3.549597378982593909e+01
9.310000000000000000e+03 3.549147709355152358e+01
9.330000000000000000e+03 3.548980632450822270e+01
9.350000000000000000e+03 3.548606281605986368e+01
9.370000000000000000e+03 3.548300565658107786e+01
9.390000000000000000e+03 3.547951636939242093e+01
9.410000000000000000e+03 3.547592725687977122e+01
9.430000000000000000e+03 3.547244415853192834e+01
9.450000000000000000e+03 3.546887014188976650e+01
9.470000000000000000e+03 3.546261228182892467e+01
9.490000000000000000e+03 3.546069350406035880e+01
9.510000000000000000e+03 3.545098516181835180e+01
9.530000000000000000e+03 3.543282761643689582e+01
9.550000000000000000e+03 3.538845068899041735e+01
9.570000000000000000e+03 3.543459318260192248e+01
9.590000000000000000e+03 3.544130254510344713e+01
9.610000000000000000e+03 3.543902463154854132e+01
9.630000000000000000e+03 3.543526848545789676e+01
9.650000000000000000e+03 3.543420839641868980e+01
9.670000000000000000e+03 3.543088099113841594e+01
9.690000000000000000e+03 3.542714841609378595e+01
9.710000000000000000e+03 3.542275832113934086e+01
9.730000000000000000e+03 3.542067862854345606e+01
9.750000000000000000e+03 3.541732339977883015e+01
9.770000000000000000e+03 3.541392092506330869e+01
9.790000000000000000e+03 3.541053489489657835e+01
9.810000000000000000e+03 3.540708438356953280e+01
9.830000000000000000e+03 3.540370361384840692e+01
9.850000000000000000e+03 3.540031837561645744e+01
9.870000000000000000e+03 3.539700200046441125e+01
9.890000000000000000e+03 3.539358390976701685e+01
9.910000000000000000e+03 3.538976402451669401e+01
9.930000000000000000e+03 3.538685702722467852e+01
9.950000000000000000e+03 3.538339102291853777e+01
9.970000000000000000e+03 3.537979969826461968e+01
9.990000000000000000e+03 3.537573339767514824e+01
1.002500000000000000e+04 3.535332526421782973e+01
1.007500000000000000e+04 3.533943537387086309e+01
1.012500000000000000e+04 3.535271530880797286e+01
1.017500000000000000e+04 3.534649885783685619e+01
1.022500000000000000e+04 3.533823331279582192e+01
1.027500000000000000e+04 3.533035490914259213e+01
1.032500000000000000e+04 3.532063363321302063e+01
1.037500000000000000e+04 3.531421199177084702e+01
1.042500000000000000e+04 3.530627643820314177e+01
1.047500000000000000e+04 3.529829713813973058e+01
1.052500000000000000e+04 3.529039158253211639e+01
1.057500000000000000e+04 3.528252153287721171e+01
1.062500000000000000e+04 3.527466503249556951e+01
1.067500000000000000e+04 3.526606709539185402e+01
1.072500000000000000e+04 3.525903246002940961e+01
1.077500000000000000e+04 3.525128560254119492e+01
1.082500000000000000e+04 3.523904554461845606e+01
1.087500000000000000e+04 3.523433567367700903e+01
1.092500000000000000e+04 3.519477173658783187e+01
1.097500000000000000e+04 3.521127099688068540e+01
1.102500000000000000e+04 3.521063502542517654e+01
1.107500000000000000e+04 3.520552126745687360e+01
1.112500000000000000e+04 3.519806726674757869e+01
1.117500000000000000e+04 3.519065513366238918e+01
1.122500000000000000e+04 3.518290248378751528e+01
1.127500000000000000e+04 3.517575394262289734e+01
1.132500000000000000e+04 3.516835631296471831e+01
1.137500000000000000e+04 3.516100646985911737e+01
1.142500000000000000e+04 3.515371686249898175e+01
1.147500000000000000e+04 3.514648267700516726e+01
1.152500000000000000e+04 3.513921781877521511e+01
1.157500000000000000e+04 3.513190023032149156e+01
1.162500000000000000e+04 3.512471243012429056e+01
1.167500000000000000e+04 3.511760041997137449e+01
1.172500000000000000e+04 3.511049907699187855e+01
1.177500000000000000e+04 3.510334090674071206e+01
1.182500000000000000e+04 3.509634321902986898e+01
1.187500000000000000e+04 3.508925255094013096e+01
1.192500000000000000e+04 3.508218316831188588e+01
1.197500000000000000e+04 3.507247292417397944e+01
1.202500000000000000e+04 3.506825870164688297e+01
1.207500000000000000e+04 3.506131063785492330e+01
1.212500000000000000e+04 3.505439277353777072e+01
1.217500000000000000e+04 3.504755999913325581e+01
1.222500000000000000e+04 3.504073576188184802e+01
1.227500000000000000e+04 3.503385943882017273e+01
1.232500000000000000e+04 3.502706586628775653e+01
1.237500000000000000e+04 3.502035995003069502e+01
1.242500000000000000e+04 3.501353674134192318e+01
1.247500000000000000e+04 3.500680205122444022e+01
1.252500000000000000e+04 3.499926978623459917e+01
1.257500000000000000e+04 3.499350817610580577e+01
1.262500000000000000e+04 3.498686681496457140e+01
1.267500000000000000e+04 3.498019492073341752e+01
1.272500000000000000e+04 3.497311754969995690e+01
1.277500000000000000e+04 3.495926373706463153e+01
1.282500000000000000e+04 3.492752539170476922e+01
1.287500000000000000e+04 3.495103890855632756e+01
1.292500000000000000e+04 3.494721819849631572e+01
1.297500000000000000e+04 3.493881643663784331e+01
1.302500000000000000e+04 3.493457093507483080e+01
1.307500000000000000e+04 3.492817994546023641e+01
1.312500000000000000e+04 3.492176493059255193e+01
1.317500000000000000e+04 3.491543218553004380e+01
1.322500000000000000e+04 3.490906903607195488e+01
1.327500000000000000e+04 3.490271537493643450e+01
1.332500000000000000e+04 3.489636534051790306e+01
1.337500000000000000e+04 3.489016233688207080e+01
1.342500000000000000e+04 3.488343611019980983e+01
1.347500000000000000e+04 3.487768172686631374e+01
1.352500000000000000e+04 3.487140972428724695e+01
1.357500000000000000e+04 3.486523197867316526e+01
1.362500000000000000e+04 3.485901454017940182e+01
1.367500000000000000e+04 3.485294774499747916e+01
1.372500000000000000e+04 3.484673138155294936e+01
1.377500000000000000e+04 3.484063828016370934e+01
1.382500000000000000e+04 3.483455516619798686e+01
1.387500000000000000e+04 3.482858588369737873e+01
1.392500000000000000e+04 3.482242527247414898e+01
1.397500000000000000e+04 3.481640517392423817e+01
1.402500000000000000e+04 3.481044202528315878e+01
1.407500000000000000e+04 3.480452833121617573e+01
1.412500000000000000e+04 3.479860765420135493e+01
1.417500000000000000e+04 3.479261393204567554e+01
1.422500000000000000e+04 3.478666052101534234e+01
1.427500000000000000e+04 3.478079302378638715e+01
1.432500000000000000e+04 3.477489462452128777e+01
1.437500000000000000e+04 3.476901311403065620e+01
1.442500000000000000e+04 3.476320696364058449e+01
1.447500000000000000e+04 3.475739691841514656e+01
1.452500000000000000e+04 3.475157199134020658e+01
1.457000000000000000e+04 3.474642454106965062e+01
1.462000000000000000e+04 3.474074365427136257e+01
1.467500000000000000e+04 3.473440275435109470e+01
1.472500000000000000e+04 3.472879650244244232e+01
1.477500000000000000e+04 3.472308523612959164e+01
1.482500000000000000e+04 3.471736494658728134e+01
1.487500000000000000e+04 3.471170664596603217e+01
1.492500000000000000e+04 3.470604267484386440e+01
1.497500000000000000e+04 3.470024806144199658e+01
1.502500000000000000e+04 3.469453441452293418e+01
1.507500000000000000e+04 3.468789038948310122e+01
1.512500000000000000e+04 3.468277110231632321e+01
1.517500000000000000e+04 3.467703631456539881e+01
1.522500000000000000e+04 3.467150205220413284e+01
1.527500000000000000e+04 3.466525195542219251e+01
1.532500000000000000e+04 3.465943921818561080e+01
1.537500000000000000e+04 3.465487601364254289e+01
1.542500000000000000e+04 3.464736917048765008e+01
1.547500000000000000e+04 3.464397963094728539e+01
1.552500000000000000e+04 3.463835659988780691e+01
1.557500000000000000e+04 3.462937609707365283e+01
1.562500000000000000e+04 3.463013680131391681e+01
1.567500000000000000e+04 3.462043521492758913e+01
1.572500000000000000e+04 3.461244040373955499e+01
1.577500000000000000e+04 3.461478296653437070e+01
1.582500000000000000e+04 3.460867364195369333e+01
1.587500000000000000e+04 3.459181307520533721e+01
1.592500000000000000e+04 3.459579748621128203e+01
1.597500000000000000e+04 3.459512254112891583e+01
1.605000000000000000e+04 3.458420940331008353e+01
1.615000000000000000e+04 3.456747023284346199e+01
1.625000000000000000e+04 3.456667472582371659e+01
1.635000000000000000e+04 3.455201556109292937e+01
1.645000000000000000e+04 3.453495728246628005e+01
1.655000000000000000e+04 3.453599487856784833e+01
1.665000000000000000e+04 3.452594734741872884e+01
1.675000000000000000e+04 3.451055630028039900e+01
1.685000000000000000e+04 3.449286792746781316e+01
1.695000000000000000e+04 3.449555469704906585e+01
1.705000000000000000e+04 3.448391488216449829e+01
1.715000000000000000e+04 3.447605985484410951e+01
1.725000000000000000e+04 3.446547763419096810e+01
1.735000000000000000e+04 3.443875838144903412e+01
1.745000000000000000e+04 3.444439318037233022e+01
1.755000000000000000e+04 3.443697162601150552e+01
1.765000000000000000e+04 3.442743088242004035e+01
1.775000000000000000e+04 3.441782998041296082e+01
1.785000000000000000e+04 3.440828376428318336e+01
1.795000000000000000e+04 3.439879226150367231e+01
1.805000000000000000e+04 3.438885936010849065e+01
1.815000000000000000e+04 3.436261168480402972e+01
1.825000000000000000e+04 3.436680948202902641e+01
1.835000000000000000e+04 3.436132106853839474e+01
1.845000000000000000e+04 3.435225979065144486e+01
1.855000000000000000e+04 3.434281217864128877e+01
1.865000000000000000e+04 3.433051005646354525e+01
1.875000000000000000e+04 3.430677090158341969e+01
1.885000000000000000e+04 3.431502445088161579e+01
1.895000000000000000e+04 3.430682652522640552e+01
1.905000000000000000e+04 3.429646588094689719e+01
1.915000000000000000e+04 3.428900294224460765e+01
1.925000000000000000e+04 3.428007462642584358e+01
1.935000000000000000e+04 3.426995347142575810e+01
1.945000000000000000e+04 3.424212126760664177e+01
1.955000000000000000e+04 3.425193112905183312e+01
1.965000000000000000e+04 3.424516185674137603e+01
1.975000000000000000e+04 3.423658605111321407e+01
1.985000000000000000e+04 3.422794315436568979e+01
1.995000000000000000e+04 3.421947996899920241e+01
2.005000000000000000e+04 3.421095561448299804e+01
2.015000000000000000e+04 3.420247459112934507e+01
2.025000000000000000e+04 3.419408605005067159e+01
2.035000000000000000e+04 3.418572136962568209e+01
2.045000000000000000e+04 3.417715087493662196e+01
2.055000000000000000e+04 3.416817793468635500e+01
2.065000000000000000e+04 3.416077964882200746e+01
2.075000000000000000e+04 3.415252893613272533e+01
2.085000000000000000e+04 3.414435380142695919e+01
2.095000000000000000e+04 3.413621247771186518e+01
2.105000000000000000e+04 3.412808289027522335e+01
2.115000000000000000e+04 3.411838561405477321e+01
2.125000000000000000e+04 3.411197332015123607e+01
2.135000000000000000e+04 3.410404950407348679e+01
2.145000000000000000e+04 3.409585694295077474e+01
2.155000000000000000e+04 3.408691365641200832e+01
2.165000000000000000e+04 3.405950560158645146e+01
2.175000000000000000e+04 3.407007764555494589e+01
2.185000000000000000e+04 3.406421254744286387e+01
2.195000000000000000e+04 3.405676821057981840e+01
2.205000000000000000e+04 3.404905478783425110e+01
2.215000000000000000e+04 3.404132179728210872e+01
2.225000000000000000e+04 3.403353708722324455e+01
2.235000000000000000e+04 3.402600801133198161e+01
2.245000000000000000e+04 3.401834290041404785e+01
2.255000000000000000e+04 3.401080517326759889e+01
2.265000000000000000e+04 3.400327678207636239e+01
2.275000000000000000e+04 3.399572912678478787e+01
2.285000000000000000e+04 3.398818786805795611e+01
2.295000000000000000e+04 3.398081685945135177e+01
2.305000000000000000e+04 3.397330443482486118e+01
2.315000000000000000e+04 3.396611078958920871e+01
2.325000000000000000e+04 3.395871919262340555e+01
2.335000000000000000e+04 3.395139315136477620e+01
2.345000000000000000e+04 3.394409791582503999e+01
2.355000000000000000e+04 3.393677058714075656e+01
2.365000000000000000e+04 3.392955346329825517e+01
2.375000000000000000e+04 3.392227179141072213e+01
2.385000000000000000e+04 3.391495573619757664e+01
2.395000000000000000e+04 3.390777908618560588e+01
2.405000000000000000e+04 3.390048982010779355e+01
2.415000000000000000e+04 3.389326621559985142e+01
2.425000000000000000e+04 3.388632171476773891e+01
2.435000000000000000e+04 3.387902318959032755e+01
2.445000000000000000e+04 3.387175686441760547e+01
2.455000000000000000e+04 3.386524931679920769e+01
2.465000000000000000e+04 3.385774661785562500e+01
2.475000000000000000e+04 3.385032938284237503e+01
2.485000000000000000e+04 3.384507460072676110e+01
2.495000000000000000e+04 3.383568478384015776e+01
2.505000000000000000e+04 3.383303193712295354e+01
2.515000000000000000e+04 3.382518552735849227e+01
2.525000000000000000e+04 3.381423990986794337e+01
2.535000000000000000e+04 3.381089065512183822e+01
2.545000000000000000e+04 3.380534835608595046e+01
2.555000000000000000e+04 3.379724924100481331e+01
2.565000000000000000e+04 3.378582889061609507e+01
2.575000000000000000e+04 3.378443506111264583e+01
2.585000000000000000e+04 3.377897688240233975e+01
2.595000000000000000e+04 3.377207593524308749e+01
2.605000000000000000e+04 3.376279295349674925e+01
2.615000000000000000e+04 3.374945084561025510e+01
2.625000000000000000e+04 3.373176810830013039e+01
2.635000000000000000e+04 3.374363586416188809e+01
2.645000000000000000e+04 3.373951188894685771e+01
2.655000000000000000e+04 3.373273749158780532e+01
2.665000000000000000e+04 3.372488297016173675e+01
2.675000000000000000e+04 3.371006805481255242e+01
2.685000000000000000e+04 3.371183976892952927e+01
2.695000000000000000e+04 3.370768435753247161e+01
2.705000000000000000e+04 3.370151890664421757e+01
2.715000000000000000e+04 3.369518167684745436e+01
2.725000000000000000e+04 3.368890901935601079e+01
2.735000000000000000e+04 3.368254829658037863e+01
2.745000000000000000e+04 3.367526787083308903e+01
2.755000000000000000e+04 3.365894179228347127e+01
2.765000000000000000e+04 3.365899874323006458e+01
2.775000000000000000e+04 3.365724557539661532e+01
2.785000000000000000e+04 3.365154552723335257e+01
2.795000000000000000e+04 3.364541007400008255e+01
2.805000000000000000e+04 3.363919944432029752e+01
2.815000000000000000e+04 3.363319590395845893e+01
2.825000000000000000e+04 3.362711649148930348e+01
2.835000000000000000e+04 3.362105893468936557e+01
2.845000000000000000e+04 3.361491636716208831e+01
2.855000000000000000e+04 3.360835869056098346e+01
2.865000000000000000e+04 3.359900392931196222e+01
2.875000000000000000e+04 3.358244072424081139e+01
2.885000000000000000e+04 3.358948671221129700e+01
2.895000000000000000e+04 3.358500874769944744e+01
2.905000000000000000e+04 3.357921296685633905e+01
2.915000000000000000e+04 3.357332141917054003e+01
2.925000000000000000e+04 3.356742420681487005e+01
2.935000000000000000e+04 3.356159307080297793e+01
2.945000000000000000e+04 3.355573940801623678e+01
2.955000000000000000e+04 3.354989129034487405e+01
2.965000000000000000e+04 3.354413906142422519e+01
2.975000000000000000e+04 3.353838074215205012e+01
2.985000000000000000e+04 3.353262241404502220e+01
2.995000000000000000e+04 3.352682707416809649e+01
3.005000000000000000e+04 3.352108410393156390e+01
3.015000000000000000e+04 3.351527696551452351e+01
3.025000000000000000e+04 3.350865014653712137e+01
3.035000000000000000e+04 3.349086923192567866e+01
3.045000000000000000e+04 3.349033904040182108e+01
3.055000000000000000e+04 3.349205494354269774e+01
3.065000000000000000e+04 3.348712492937003304e+01
3.075000000000000000e+04 3.348151959971836078e+01
3.085000000000000000e+04 3.347597448543292131e+01
3.095000000000000000e+04 3.347038950707820959e+01
3.105000000000000000e+04 3.346488192573622200e+01
3.115000000000000000e+04 3.345932003796287546e+01
3.125000000000000000e+04 3.345380476765918587e+01
3.135000000000000000e+04 3.344839573891912465e+01
3.145000000000000000e+04 3.344280835780927674e+01
3.155000000000000000e+04 3.343740950070863960e+01
3.165000000000000000e+04 3.343199537379192066e+01
3.175000000000000000e+04 3.342649884984350450e+01
3.185000000000000000e+04 3.342111978162518682e+01
3.195000000000000000e+04 3.341572266114152967e+01
3.210000000000000000e+04 3.340772714893960682e+01
3.230000000000000000e+04 3.339710507650691085e+01
3.250000000000000000e+04 3.338642809671372902e+01
3.270000000000000000e+04 3.337570841833954205e+01
3.290000000000000000e+04 3.335418942961138811e+01
3.310000000000000000e+04 3.335207968584386151e+01
3.330000000000000000e+04 3.334409063704936216e+01
3.350000000000000000e+04 3.333401503389729470e+01
3.370000000000000000e+04 3.332390975710252690e+01
3.390000000000000000e+04 3.331396087435136621e+01
3.410000000000000000e+04 3.330388198774137010e+01
3.430000000000000000e+04 3.329381959202711272e+01
3.450000000000000000e+04 3.328380807964293808e+01
3.470000000000000000e+04 3.327388114170508970e+01
3.490000000000000000e+04 3.326390485774021499e+01
3.510000000000000000e+04 3.325408955486008011e+01
3.530000000000000000e+04 3.324431678613685648e+01
3.550000000000000000e+04 3.323442717784585199e+01
3.570000000000000000e+04 3.322459458942297772e+01
3.590000000000000000e+04 3.321537195095940831e+01
3.610000000000000000e+04 3.320526770168190467e+01
3.630000000000000000e+04 3.319640449903430124e+01
3.650000000000000000e+04 3.318595939333003031e+01
3.670000000000000000e+04 3.317775826930406424e+01
3.690000000000000000e+04 3.316672014530023915e+01
3.710000000000000000e+04 3.315806229277645656e+01
3.730000000000000000e+04 3.314381270875613694e+01
3.750000000000000000e+04 3.313116803198089144e+01
3.770000000000000000e+04 3.313103977916121323e+01
3.790000000000000000e+04 3.312246289477967309e+01
3.810000000000000000e+04 3.311142407994945103e+01
3.830000000000000000e+04 3.310279121248714773e+01
3.850000000000000000e+04 3.309550639136548966e+01
3.870000000000000000e+04 3.308665371764941199e+01
3.890000000000000000e+04 3.307695025896030216e+01
3.910000000000000000e+04 3.306504355253260030e+01
3.930000000000000000e+04 3.305977914508780202e+01
3.950000000000000000e+04 3.305132915033186691e+01
3.970000000000000000e+04 3.304264094022519771e+01
3.990000000000000000e+04 3.303397695638355458e+01
4.010000000000000000e+04 3.302260964924038689e+01
4.030000000000000000e+04 3.301228989916845791e+01
4.050000000000000000e+04 3.299755702062630291e+01
4.070000000000000000e+04 3.299920350123948509e+01
4.090000000000000000e+04 3.299130464484893110e+01
4.110000000000000000e+04 3.298286698422638352e+01
4.130000000000000000e+04 3.297410252750306370e+01
4.150000000000000000e+04 3.296543557960542614e+01
4.170000000000000000e+04 3.295147454217243421e+01
4.190000000000000000e+04 3.294875379194603937e+01
4.210000000000000000e+04 3.294137580267885568e+01
4.230000000000000000e+04 3.293323495038150384e+01
4.250000000000000000e+04 3.292485775098762701e+01
4.270000000000000000e+04 3.291690094466220984e+01
4.290000000000000000e+04 3.290820469056630060e+01
4.310000000000000000e+04 3.290078913944556405e+01
4.330000000000000000e+04 3.289280397726537331e+01
4.350000000000000000e+04 3.288454736505927656e+01
4.370000000000000000e+04 3.286997940625016668e+01
4.390000000000000000e+04 3.286670060061090481e+01
4.410000000000000000e+04 3.286118374618317972e+01
4.430000000000000000e+04 3.285344456128834167e+01
4.450000000000000000e+04 3.284563102725809358e+01
4.470000000000000000e+04 3.283829352117935940e+01
4.490000000000000000e+04 3.283058572028153321e+01
4.510000000000000000e+04 3.282299357492011893e+01
4.530000000000000000e+04 3.281524687830957987e+01
4.550000000000000000e+04 3.280774384820152534e+01
4.570000000000000000e+04 3.280014473221598337e+01
4.590000000000000000e+04 3.279257447585850116e+01
4.610000000000000000e+04 3.278487904638386397e+01
4.630000000000000000e+04 3.277699860674896115e+01
4.650000000000000000e+04 3.275668656435276915e+01
4.670000000000000000e+04 3.275208807084538876e+01
4.690000000000000000e+04 3.275324532342277450e+01
4.710000000000000000e+04 3.274781680039836118e+01
4.730000000000000000e+04 3.274053469670162286e+01
4.750000000000000000e+04 3.273326319778858107e+01
4.770000000000000000e+04 3.272609730033184405e+01
4.790000000000000000e+04 3.271885403283245353e+01
4.810000000000000000e+04 3.271163509374352429e+01
4.830000000000000000e+04 3.270447807282122454e+01
4.850000000000000000e+04 3.269732493452138300e+01
4.870000000000000000e+04 3.269020260270379907e+01
4.890000000000000000e+04 3.268310870572192783e+01
4.910000000000000000e+04 3.267604907322554197e+01
4.930000000000000000e+04 3.266902194136730486e+01
4.950000000000000000e+04 3.266203633310382770e+01
4.970000000000000000e+04 3.265505229331295567e+01
4.990000000000000000e+04 3.264809740539250527e+01
5.010000000000000000e+04 3.264120091584364047e+01
5.030000000000000000e+04 3.263428247533982329e+01
5.050000000000000000e+04 3.262742715464293042e+01
5.070000000000000000e+04 3.262059616657635530e+01
5.090000000000000000e+04 3.261369461191867458e+01
5.110000000000000000e+04 3.260549834570891647e+01
5.130000000000000000e+04 3.258891984946985332e+01
5.150000000000000000e+04 3.259249957095119044e+01
5.170000000000000000e+04 3.258674177800135396e+01
5.190000000000000000e+04 3.258007598656332249e+01
5.210000000000000000e+04 3.257343780495465069e+01
5.230000000000000000e+04 3.256681739792448127e+01
5.250000000000000000e+04 3.256020778644156621e+01
5.270000000000000000e+04 3.255367708232853374e+01
5.290000000000000000e+04 3.254709049441912327e+01
5.310000000000000000e+04 3.254054880952345030e+01
5.330000000000000000e+04 3.253407193117462981e+01
5.350000000000000000e+04 3.252757036230063648e+01
5.370000000000000000e+04 3.252108862012731549e+01
5.390000000000000000e+04 3.251467122351767358e+01
5.410000000000000000e+04 3.250824107187462175e+01
5.430000000000000000e+04 3.250185102512890012e+01
5.450000000000000000e+04 3.249551347464266371e+01
5.470000000000000000e+04 3.248915892059572030e+01
5.490000000000000000e+04 3.248285233132303063e+01
5.510000000000000000e+04 3.247656199488073980e+01
5.530000000000000000e+04 3.247026107525686456e+01
5.550000000000000000e+04 3.246398989797546619e+01
5.570000000000000000e+04 3.245778123754930533e+01
5.590000000000000000e+04 3.245159547237956588e+01
5.610000000000000000e+04 3.244536396749816021e+01
5.630000000000000000e+04 3.243921501789483841e+01
5.650000000000000000e+04 3.243308496856073475e+01
5.670000000000000000e+04 3.242698461754745409e+01
5.690000000000000000e+04 3.242084142054575580e+01
5.710000000000000000e+04 3.241480879781740043e+01
5.730000000000000000e+04 3.240873099392529610e+01
5.750000000000000000e+04 3.240271349603997919e+01
5.770000000000000000e+04 3.239667790208896747e+01
5.790000000000000000e+04 3.239071723590582508e+01
5.810000000000000000e+04 3.238470800323190701e+01
5.830000000000000000e+04 3.237876163346426495e+01
5.850000000000000000e+04 3.237307173609413269e+01
5.870000000000000000e+04 3.236709459037064107e+01
5.890000000000000000e+04 3.235941138056431043e+01
5.910000000000000000e+04 3.234275476286956774e+01
5.930000000000000000e+04 3.234843933878064348e+01
5.950000000000000000e+04 3.234365352038964403e+01
5.970000000000000000e+04 3.233792396054985119e+01
5.990000000000000000e+04 3.233211607354984096e+01
6.010000000000000000e+04 3.232633090446771007e+01
6.030000000000000000e+04 3.232056232594452894e+01
6.050000000000000000e+04 3.231481628760062108e+01
6.070000000000000000e+04 3.230908702321899284e+01
6.090000000000000000e+04 3.230342975773863401e+01
6.110000000000000000e+04 3.229776477305136950e+01
6.130000000000000000e+04 3.229208110915131158e+01
6.150000000000000000e+04 3.228646283261360850e+01
6.170000000000000000e+04 3.228083583407730828e+01
6.190000000000000000e+04 3.227520500017177341e+01
6.210000000000000000e+04 3.226960882834603694e+01
6.230000000000000000e+04 3.226400813053301420e+01
6.250000000000000000e+04 3.225846266969765708e+01
6.270000000000000000e+04 3.225290117747261576e+01
6.290000000000000000e+04 3.224737994180718914e+01
6.310000000000000000e+04 3.224192521838481440e+01
6.330000000000000000e+04 3.223639727062344207e+01
6.350000000000000000e+04 3.223096924948595188e+01
6.370000000000000000e+04 3.222550054984137091e+01
6.390000000000000000e+04 3.222005074807576364e+01
6.420000000000000000e+04 3.221195836482019104e+01
6.460000000000000000e+04 3.220117457826970053e+01
6.500000000000000000e+04 3.219051024240501846e+01
6.540000000000000000e+04 3.217985413936004591e+01
6.580000000000000000e+04 3.216916019645373126e+01
6.620000000000000000e+04 3.215874097820244515e+01
6.660000000000000000e+04 3.214826525248184907e+01
6.700000000000000000e+04 3.213788463884405644e+01
6.740000000000000000e+04 3.212759523185953014e+01
6.780000000000000000e+04 3.211729889507612512e+01
6.820000000000000000e+04 3.210709230516832235e+01
6.860000000000000000e+04 3.209694834616523451e+01
6.900000000000000000e+04 3.208693207319836915e+01
6.940000000000000000e+04 3.207685086329088620e+01
6.980000000000000000e+04 3.206688547698100678e+01
7.020000000000000000e+04 3.205693469708074161e+01
7.060000000000000000e+04 3.204705216507826293e+01
7.100000000000000000e+04 3.203732877492154074e+01
7.140000000000000000e+04 3.202757400049194558e+01
7.180000000000000000e+04 3.201783556781582973e+01
7.220000000000000000e+04 3.200814899366034894e+01
7.260000000000000000e+04 3.199863430705217837e+01
7.300000000000000000e+04 3.198907862916744449e+01
7.340000000000000000e+04 3.197959217060115122e+01
7.380000000000000000e+04 3.197006137400281744e+01
7.420000000000000000e+04 3.195998815322453623e+01
7.460000000000000000e+04 3.194314200446686414e+01
7.500000000000000000e+04 3.193358213956573621e+01
7.540000000000000000e+04 3.193254630215656675e+01
7.580000000000000000e+04 3.192371224614639402e+01
7.620000000000000000e+04 3.191459240404301312e+01
7.660000000000000000e+04 3.190545435587450385e+01
7.700000000000000000e+04 3.189651716195775322e+01
7.740000000000000000e+04 3.188745440116437635e+01
7.780000000000000000e+04 3.187848185802267409e+01
7.820000000000000000e+04 3.186962330026634760e+01
7.860000000000000000e+04 3.186082607447297121e+01
7.900000000000000000e+04 3.185196112073282748e+01
7.940000000000000000e+04 3.184320096870634842e+01
7.980000000000000000e+04 3.183446975369817977e+01
8.020000000000000000e+04 3.182583969693230586e+01
8.060000000000000000e+04 3.181721653955987961e+01
8.100000000000000000e+04 3.180859070200985883e+01
8.140000000000000000e+04 3.179999713549079843e+01
8.180000000000000000e+04 3.179148517321831235e+01
8.220000000000000000e+04 3.178306037850655841e+01
8.260000000000000000e+04 3.177460713495902667e+01
8.300000000000000000e+04 3.176624443296995537e+01
8.340000000000000000e+04 3.175777752625405270e+01
8.380000000000000000e+04 3.174951235995611043e+01
8.420000000000000000e+04 3.174129615983834540e+01
8.460000000000000000e+04 3.173298333498959067e+01
8.500000000000000000e+04 3.172482001675220431e+01
8.540000000000000000e+04 3.171666431812648668e+01
8.580000000000000000e+04 3.170854778290512854e+01
8.620000000000000000e+04 3.170043458826816973e+01
8.660000000000000000e+04 3.169242112570856307e+01
8.700000000000000000e+04 3.168443020037066304e+01
8.740000000000000000e+04 3.167651267186733932e+01
8.780000000000000000e+04 3.166850337177356423e+01
8.820000000000000000e+04 3.166060868100167625e+01
8.860000000000000000e+04 3.165277913481970984e+01
8.900000000000000000e+04 3.164497243610342281e+01
8.940000000000000000e+04 3.163716074597460093e+01
8.980000000000000000e+04 3.162937992048140146e+01
9.020000000000000000e+04 3.162167268029095624e+01
9.060000000000000000e+04 3.161392345049075914e+01
9.100000000000000000e+04 3.160627571604938169e+01
9.140000000000000000e+04 3.159867840161675190e+01
9.180000000000000000e+04 3.159107062628594775e+01
9.220000000000000000e+04 3.158355541480339923e+01
9.260000000000000000e+04 3.157599099337063819e+01
9.300000000000000000e+04 3.156857749979909755e+01
9.340000000000000000e+04 3.156109802293408961e+01
9.380000000000000000e+04 3.155362962528975501e+01
9.420000000000000000e+04 3.154628602460637410e+01
9.460000000000000000e+04 3.153891900769681911e+01
9.500000000000000000e+04 3.153154588438791706e+01
9.540000000000000000e+04 3.152424411308172125e+01
9.580000000000000000e+04 3.151696804369959182e+01
9.620000000000000000e+04 3.150978436266965588e+01
9.660000000000000000e+04 3.150253000011748838e+01
9.700000000000000000e+04 3.149535620682019754e+01
9.740000000000000000e+04 3.148815306242588008e+01
9.780000000000000000e+04 3.148103345067593750e+01
9.820000000000000000e+04 3.147395184515452371e+01
9.860000000000000000e+04 3.146683559656460716e+01
9.900000000000000000e+04 3.145978531111106236e+01
9.940000000000000000e+04 3.145283081722571339e+01
9.980000000000000000e+04 3.144577075221846485e+01
1.002000000000000000e+05 3.143884655033187414e+01
2.000000000000000000e+05 3.023508175872824921e+01
4.000000000000000000e+05 2.902475974236882905e+01
6.000000000000000000e+05 2.831579827235975699e+01
8.000000000000000000e+05 2.781240621439407334e+01
1.000000000000000000e+06 2.742179346161831432e+01
1.200000000000000000e+06 -inf
1.400000000000000000e+06 -inf
1.600000000000000000e+06 -inf
