3.668887744605837042e+01
3.681433786580098655e+01
3.699396758130753682e+01
3.704095557325067034e+01
3.681085678874386957e+01
3.643988919583340902e+01
3.591789233372927015e+01
3.568414993500781662e+01
3.568350121527539898e+01
3.564961780319815432e+01
3.565850503358358026e+01
3.565732993970718212e+01
3.558740065317207524e+01
3.533928497100097843e+01
3.528766133204980093e+01
3.499932888900769257e+01
3.480102968289778431e+01
3.458696284448420499e+01
3.446387289781409891e+01
3.439367115675909758e+01
3.431897134939747218e+01
3.424697021571821409e+01
3.417008529874315315e+01
3.409250734205792099e+01
3.406107295225855580e+01
3.394311016751191090e+01
3.383624257118293599e+01
3.370106981501285759e+01
3.362905173792260882e+01
3.360180886222642727e+01
3.357468972702974241e+01
3.354566663538668791e+01
3.351586812193421139e+01
3.356438057228894678e+01
3.351244242793990935e+01
3.346025304445393544e+01
3.343841899234839588e+01
3.341020950294964109e+01
3.343208719870744261e+01
3.342052591223915670e+01
3.346637872991170326e+01
3.340529085350275551e+01
3.331676379128180798e+01
2.336430981120961548e+01
2.338030975899453523e+01
2.339003024402540021e+01
2.340469041156063312e+01
2.341863243184852905e+01
2.343183285263834392e+01
2.344477917182962301e+01
2.346159630138648922e+01
2.347426838919988512e+01
2.349607703918914936e+01
2.359115696222446701e+01
2.363881323339694873e+01
2.368896225689547563e+01
2.372705013264101837e+01
2.375632123403265794e+01
2.378356188917195624e+01
2.380629660271596748e+01
2.382103653644422536e+01
2.383516861451645141e+01
3.341400855408365800e+01
1.453769011922153354e+01
1.453966718389265012e+01
1.454094344686177465e+01
1.454265605697083075e+01
1.454410216200487582e+01
1.454490037058938512e+01
1.455117268645340545e+01
1.454122416580966970e+01
1.454693652522494673e+01
1.455010014610553526e+01
1.455188270956752206e+01
1.455362596841896305e+01
1.455493233004170506e+01
1.455637966093014057e+01
1.455717929381860998e+01
1.455797571732658113e+01
1.455876868048263262e+01
1.455857014797390647e+01
1.436113570151445629e+01
1.436218829894927751e+01
1.436347437981867259e+01
1.436518483169389881e+01
1.436621032641414430e+01
1.436791047111325170e+01
1.437012219066325969e+01
1.437109951228229221e+01
1.437273336366488508e+01
1.437387136476832694e+01
1.437663808106389141e+01
1.437763123303185608e+01
1.438007752268350359e+01
1.438093364546831410e+01
1.438284715355381493e+01
1.438434353996157355e+01
1.438587734039732524e+01
1.438730907590458941e+01
1.438893455454828896e+01
1.439104801789341792e+01
1.439211752720411752e+01
1.439290630559683137e+01
1.439415762962204681e+01
1.439300629171490087e+01
1.439473323795089499e+01
1.440801165162935149e+01
1.441800711376593114e+01
1.440713175547239189e+01
1.441204402783750993e+01
1.441397568431847986e+01
1.441644490175390203e+01
1.441708024234743135e+01
1.441767804690217147e+01
1.441892272392454188e+01
1.441921310929599187e+01
1.442010488651644451e+01
1.442020226377540126e+01
1.442121163700033293e+01
1.442138007621253237e+01
1.442207491944726172e+01
1.442200374590124667e+01
1.442282610250733299e+01
1.442273944549294740e+01
1.442323182794392977e+01
1.442301185736038605e+01
1.442269102992661800e+01
1.442181456163702080e+01
1.411161870563167398e+01
3.416654687607240959e+01
1.411366027746694485e+01
1.411518576083620147e+01
1.411518576083620147e+01
1.411726359361309591e+01
1.411726359361309591e+01
1.411876939701405220e+01
1.411933670273574393e+01
1.412084485594279926e+01
1.412111886804666128e+01
1.412321232132318016e+01
1.412471220570481378e+01
1.412471220570481378e+01
1.412621540762642525e+01
1.412680194369016107e+01
1.412845130627596291e+01
1.412995005091889666e+01
1.413054490478179304e+01
1.413230967679229977e+01
1.413230967679229977e+01
1.413440946756803029e+01
1.413587198280497148e+01
1.413587198280497148e+01
1.413733136812263780e+01
1.413939256595525862e+01
1.413939256595525862e+01
1.414105019912873829e+01
1.414312503649965080e+01
1.414312503649965080e+01
1.414452062009645417e+01
1.414655139290116992e+01
1.414806472326217701e+01
1.414806472326217701e+01
1.415004152731740206e+01
1.415138257855586090e+01
1.415295469300653153e+01
1.415295469300653153e+01
1.415490061112700459e+01
1.415616930197971968e+01
1.415742546784609956e+01
1.415927186567611784e+01
1.415927186567611784e+01
1.416045826549529707e+01
1.416249099024583202e+01
1.416361414018392750e+01
1.416467608691138480e+01
1.416634377359768848e+01
1.416741390183745608e+01
1.416831015160873974e+01
1.416979967582876299e+01
1.417051295935777944e+01
1.417142332394465853e+01
1.417247393065578720e+01
1.417274170280825984e+01
1.417264781403675045e+01
1.417261847736792291e+01
1.417077273324462183e+01
1.416589273295326024e+01
1.417320160343524904e+01
1.418109156667853910e+01
1.418544979280675733e+01
1.419063783472018514e+01
1.419661516312792315e+01
1.420366360351553681e+01
1.421137864831696263e+01
1.422212488590922419e+01
1.423077824078275455e+01
1.422286780150688301e+01
1.422927028832598495e+01
1.423063000493495522e+01
1.423104876643296635e+01
1.423126796180961051e+01
1.423203937660844431e+01
1.423210552182423427e+01
1.423307614130516541e+01
1.423309424081153907e+01
1.423310396015654078e+01
1.423379819619373166e+01
1.423379314788606465e+01
1.423389117472521903e+01
1.423456846165369427e+01
1.423478133581528837e+01
1.423546760841085401e+01
1.423545216016091075e+01
1.423543043539715924e+01
1.423613334591643564e+01
1.423610780602259496e+01
1.423677978531907939e+01
1.423698771119740769e+01
1.423695407645652367e+01
1.423767399069551942e+01
1.423765297699808485e+01
1.423837322345606893e+01
1.423835216617637300e+01
1.423863375735628267e+01
1.423935866128674732e+01
1.423930520344671535e+01
1.424003501135232241e+01
1.424000376320475780e+01
1.424072038977299925e+01
1.424068763985128427e+01
1.424087944164064012e+01
1.424155664993700654e+01
1.424149289797919593e+01
1.424216982785448593e+01
1.424210472885645018e+01
1.424277485410110700e+01
1.424286863091045063e+01
1.424347155931521414e+01
1.424272171141906540e+01
1.424400537298684455e+01
1.424313522373593699e+01
1.424226220807051035e+01
1.423834278553084687e+01
1.388571023655131498e+01
3.280774537239400956e+01
1.388744969734174717e+01
1.388917511795547455e+01
1.388917511795547455e+01
1.389128241018158505e+01
1.389128241018158505e+01
1.389296698521017248e+01
1.389296698521017248e+01
1.389466023672711614e+01
1.389520860913839684e+01
1.389687045284065547e+01
1.389687045284065547e+01
1.389849496502388959e+01
1.390008478070617315e+01
1.390008478070617315e+01
1.390201002745871506e+01
1.390201002745871506e+01
1.390350497981120270e+01
1.390350497981120270e+01
1.390493006568508250e+01
1.390665045140177369e+01
1.390665045140177369e+01
1.390789851186833204e+01
1.390809043436198422e+01
1.390924972979887642e+01
1.391065537324487877e+01
1.391065537324487877e+01
1.391155609939998072e+01
1.391200217395122607e+01
1.391239671995294103e+01
1.391301248695253889e+01
1.391316497622425530e+01
1.391316643809135201e+01
1.391282804223707004e+01
1.391264363105219815e+01
1.391174129320467756e+01
1.390933951321457229e+01
1.390674071978109083e+01
1.390228844443804945e+01
1.390845342165433962e+01
1.391492674791071948e+01
1.391815237110465375e+01
1.392069552432990065e+01
1.392297838106517460e+01
1.392551809774374050e+01
1.392766281572117038e+01
1.392981609800227005e+01
1.393199330035954375e+01
1.393455911571141570e+01
1.393685396052914527e+01
1.393943815596699309e+01
1.394190976650981639e+01
1.394450278821123135e+01
1.394758515496674889e+01
1.395049321478188986e+01
1.395361535918739548e+01
1.395527532643021118e+01
1.395915773278935745e+01
1.396307816060264884e+01
1.396743605187533532e+01
1.397231313308992284e+01
1.397778547702859697e+01
1.398423343272698105e+01
1.399098432267862080e+01
1.399829864470105178e+01
1.400525347546788169e+01
1.401076348364313517e+01
1.401118809533640786e+01
1.400122806773323703e+01
1.352668334663563243e+01
1.400602754966018537e+01
1.400448675003205423e+01
1.400606340753559920e+01
1.400606340753559920e+01
1.400772740161896124e+01
1.400772740161896124e+01
1.400851186114230629e+01
1.400869107598857255e+01
1.400955869639384588e+01
1.400955869639384588e+01
1.400998908082895511e+01
1.400998908082895511e+01
1.401022658369151230e+01
1.401075534667436173e+01
1.401075534667436173e+01
1.401087419286628233e+01
1.401096731494044079e+01
1.401129554082692508e+01
1.401136230482972422e+01
1.401140242154474080e+01
1.401156664068596669e+01
1.401196248806626699e+01
1.401196248806626699e+01
1.401202247258899902e+01
1.401205000062751438e+01
1.401243459605051456e+01
1.401246651574338742e+01
1.401251337673433639e+01
1.401254725081476593e+01
1.401292309600266250e+01
1.401296394904259301e+01
1.401301568266495678e+01
1.401317350595843436e+01
1.401358450550122825e+01
1.401361897504286702e+01
1.401363535197201315e+01
1.401367096555516767e+01
1.401404997841373756e+01
1.401408425350318510e+01
1.401411574268419002e+01
1.401413998524706628e+01
1.401452945717965903e+01
1.401452945717965903e+01
1.401455249249690027e+01
1.401474546072819294e+01
1.401515280917318407e+01
1.401518070394640247e+01
1.401517837186056070e+01
1.401518660872685373e+01
1.401558692831974184e+01
1.401558959824202333e+01
1.401558863320723347e+01
1.401557473223457961e+01
1.401555349258563865e+01
1.401594509884100503e+01
1.401590356954655547e+01
1.401598229515879979e+01
1.401593071415573277e+01
1.401632129456115194e+01
1.401622533051648389e+01
1.401614392565869949e+01
1.401598968865707562e+01
1.401586034616765986e+01
1.401620475450533121e+01
1.401620475450533121e+01
1.401365572273609672e+01
1.401648951687597489e+01
1.401648951687597489e+01
1.400741112155214552e+01
1.400741112155214552e+01
1.401504094146993040e+01
1.401281098852741636e+01
1.400502122868144994e+01
1.354975722020512663e+01
3.222201629142888635e+01
3.349201629142888947e+01
1.355039365385728090e+01
1.355039365385728090e+01
1.355039365385728090e+01
1.355084623950861200e+01
1.355282158787603564e+01
1.355282158787603564e+01
1.355282158787603564e+01
1.355282158787603564e+01
1.355282158787603564e+01
1.355282158787603564e+01
1.355475936542588400e+01
1.355475936542588400e+01
1.355475936542588400e+01
1.355475936542588400e+01
1.355514584610133966e+01
1.355747986273771133e+01
1.355747986273771133e+01
1.355747986273771133e+01
1.355747986273771133e+01
1.355747986273771133e+01
1.355747986273771133e+01
1.356006391624730512e+01
1.356006391624730512e+01
1.356006391624730512e+01
1.356006391624730512e+01
1.356037229382205211e+01
1.356037229382205211e+01
1.356037229382205211e+01
1.356307881108341817e+01
1.356307881108341817e+01
1.356307881108341817e+01
1.356307881108341817e+01
1.356307881108341817e+01
1.356307881108341817e+01
1.356580689531525508e+01
1.356617923887301558e+01
1.356617923887301558e+01
1.356617923887301558e+01
1.356617923887301558e+01
1.356617923887301558e+01
1.356874242107969408e+01
1.356874242107969408e+01
1.356874242107969408e+01
1.356874242107969408e+01
1.356874242107969408e+01
1.357170554051134204e+01
1.357170554051134204e+01
1.357170554051134204e+01
1.357170554051134204e+01
1.357170554051134204e+01
1.357170554051134204e+01
1.357421076919116487e+01
1.357421076919116487e+01
1.357421076919116487e+01
1.357456225585243104e+01
1.357456225585243104e+01
1.357728924163183848e+01
1.357728924163183848e+01
1.357728924163183848e+01
1.357728924163183848e+01
1.357728924163183848e+01
1.357960764999096881e+01
1.357960764999096881e+01
1.357960764999096881e+01
1.357992298606817627e+01
1.358252257506809713e+01
1.358252257506809713e+01
1.358252257506809713e+01
1.358252257506809713e+01
1.358252257506809713e+01
1.358513437643178889e+01
1.358513437643178889e+01
1.358513437643178889e+01
1.358545988518639547e+01
1.358790823904907796e+01
1.358790823904907796e+01
1.358790823904907796e+01
1.358790823904907796e+01
1.359025459950261450e+01
1.359025459950261450e+01
1.359025459950261450e+01
1.359025459950261450e+01
1.359297014829406436e+01
1.359297014829406436e+01
1.359297014829406436e+01
1.359297014829406436e+01
1.359534588457173143e+01
1.359534588457173143e+01
1.359534588457173143e+01
1.359534588457173143e+01
1.359768063212651867e+01
1.359768063212651867e+01
1.359768063212651867e+01
1.359970309069435146e+01
1.359970309069435146e+01
1.359970309069435146e+01
1.360166521535565209e+01
1.360166521535565209e+01
1.360198770406907087e+01
1.360198770406907087e+01
1.360393350179286998e+01
1.360393350179286998e+01
1.360393350179286998e+01
1.360583538822999117e+01
1.360583538822999117e+01
1.360583538822999117e+01
1.360794089545666807e+01
1.360794089545666807e+01
1.360794089545666807e+01
1.360970548116628720e+01
1.360970548116628720e+01
1.361035415263054915e+01
1.361096811800711848e+01
1.361157362404124171e+01
1.361240735518808975e+01
1.361297080466065879e+01
1.361350517568465790e+01
1.361401056863567405e+01
1.361448485070026138e+01
1.361448485070026138e+01
1.361493353364815562e+01
1.361558552671665367e+01
1.361593951108335077e+01
1.361626493282480510e+01
1.361650361276171495e+01
1.361669550789824612e+01
1.361679808234463707e+01
1.361703513806497412e+01
1.361697794938144668e+01
1.361679871613811343e+01
1.361649662838539498e+01
1.361605451113492293e+01
1.361568066997310567e+01
1.361498393177736688e+01
1.361430308694472657e+01
1.361400859587881840e+01
1.361592390714232081e+01
1.361592390714232081e+01
1.362075332084943469e+01
1.362280886581539718e+01
1.362280886581539718e+01
1.362450630067715096e+01
1.362608138862728779e+01
1.362628205098361889e+01
1.362779670179009983e+01
1.362779670179009983e+01
1.362927866767707741e+01
1.363074089780586107e+01
1.363074089780586107e+01
1.363238663057711619e+01
1.363382036854522639e+01
1.363382036854522639e+01
1.363525306573619034e+01
1.363525306573619034e+01
1.363668505486701932e+01
1.363832443132401551e+01
1.363832443132401551e+01
1.363976947633476300e+01
1.364122339488715241e+01
1.364122339488715241e+01
1.364268499085926223e+01
1.364288732495889533e+01
1.364436516137156019e+01
1.364585466765977984e+01
1.364585466765977984e+01
1.364736571836622403e+01
1.364908833425709034e+01
1.364908833425709034e+01
1.365063527503054885e+01
1.365063527503054885e+01
1.365220314229844689e+01
1.365380703934134488e+01
1.365401861215799073e+01
1.365565007425331601e+01
1.365732488374193920e+01
1.365732488374193920e+01
1.365904370322511951e+01
1.365904370322511951e+01
1.366101469545554892e+01
1.366283059304435454e+01
1.366283059304435454e+01
1.366470546357820126e+01
1.366664923051146729e+01
1.366664923051146729e+01
1.366886290565948414e+01
1.366886290565948414e+01
1.367094180951670168e+01
1.367310590396764169e+01
1.367310590396764169e+01
1.367536150132443495e+01
1.367791282318895085e+01
1.367791282318895085e+01
1.368038139734383307e+01
1.368038139734383307e+01
1.368295402477328437e+01
1.368565649886868485e+01
1.368586005746745471e+01
1.368868807256094300e+01
1.369165775482597525e+01
1.369165775482597525e+01
1.369165775482597525e+01
1.369809583813255216e+01
1.369829868320397992e+01
1.370179009563813821e+01
1.370179009563813821e+01
1.370550969810234321e+01
1.370948406381786810e+01
1.370968848929134509e+01
1.371393636953135342e+01
1.371858941773515639e+01
1.371858941773515639e+01
1.372366441959852779e+01
1.372366441959852779e+01
1.372943665117337630e+01
1.373556998054002420e+01
1.373556998054002420e+01
1.373556998054002420e+01
1.374987896137078636e+01
1.374987896137078636e+01
1.375856855303187487e+01
1.375856855303187487e+01
1.376809933547643539e+01
1.377815450303441125e+01
1.377815450303441125e+01
1.378849511899482394e+01
1.379740145661010686e+01
1.379740145661010686e+01
1.380109595119008858e+01
1.380109595119008858e+01
1.379305337680542820e+01
1.296306228006742245e+01
3.096530815534914183e+01
3.094230815534914569e+01
3.100330815534914564e+01
3.107230815534914115e+01
3.113930815534914487e+01
3.120730815534914271e+01
3.106330815534914080e+01
3.100530815534914097e+01
3.101130815534914476e+01
3.101130815534914476e+01
3.104430815534914245e+01
3.104430815534914245e+01
3.104430815534914245e+01
3.102130815534914277e+01
3.102130815534914277e+01
3.099730815534914541e+01
3.099730815534914541e+01
3.099730815534914541e+01
3.098030815534914240e+01
3.098030815534914240e+01
3.096730815534914427e+01
3.096730815534914427e+01
3.096730815534914427e+01
3.095730815534914271e+01
3.095730815534914271e+01
3.095730815534914271e+01
3.095030815534914126e+01
3.095030815534914126e+01
3.095030815534914126e+01
3.094430815534914103e+01
3.094430815534914103e+01
3.094330815534914336e+01
3.094130815534914092e+01
3.375216671910874311e+01
3.375216671910874311e+01
3.375226410784111408e+01
3.375248680181316985e+01
3.375341454218543902e+01
3.375338654601225841e+01
3.375338654601225841e+01
3.375439315537043683e+01
3.375529246639997893e+01
3.375529246639997893e+01
3.375669547787197189e+01
3.375632247889900839e+01
3.375693983229883344e+01
3.375749935211875652e+01
3.375749935211875652e+01
3.375852030536893977e+01
3.375900422290785485e+01
3.375945598362253008e+01
3.375989483321863815e+01
3.376033263320703526e+01
3.376078905287810983e+01
3.376156839802581544e+01
3.376187836350303684e+01
3.376344323405830750e+01
3.376372663858136747e+01
3.376372663858136747e+01
3.376584714449030145e+01
3.376584714449030145e+01
3.376715905213316660e+01
3.376737844388656384e+01
3.376878516211221637e+01
3.376917971663648643e+01
3.376917971663648643e+01
3.377182443997041617e+01
3.377182443997041617e+01
3.377310526231484289e+01
3.377323438213610274e+01
3.377469279040408878e+01
3.377573850487618046e+01
3.377712917011977822e+01
3.377818760238582740e+01
3.377828989932955750e+01
3.378265031265810592e+01
3.378265031265810592e+01
3.378375907974156434e+01
3.378382495401242380e+01
3.378903228238687717e+01
3.378903228238687717e+01
3.379007551593954872e+01
3.379007551593954872e+01
3.379420037893948603e+01
3.379617822531619709e+01
3.379716438429788639e+01
3.380410712018700536e+01
3.380314359023564919e+01
3.380602204049063175e+01
3.381477505119654126e+01
3.381477505119654126e+01
3.381572042453031912e+01
3.383360884145805159e+01
3.383360884145805159e+01
3.382337689730898944e+01
3.382337689730898944e+01
3.382337689730898944e+01
3.382337689730898944e+01
3.385122808831841468e+01
3.385122808831841468e+01
3.385122808831841468e+01
3.385122808831841468e+01
3.386111402974107421e+01
3.387986670279162382e+01
3.391065121733467436e+01
3.394371629784420463e+01
3.398078800206562988e+01
3.408472405028846453e+01
3.168230815534914058e+01
3.175030815534914552e+01
3.200330815534914564e+01
3.251430815534914132e+01
3.323630815534914262e+01
1.299089865582113390e+01
1.299245637637620376e+01
1.299245637637620376e+01
1.299245637637620376e+01
1.299245637637620376e+01
1.299245637637620376e+01
1.299403321372336251e+01
1.299403321372336251e+01
1.299403321372336251e+01
1.299403321372336251e+01
1.299403321372336251e+01
1.299563865329363921e+01
1.299563865329363921e+01
1.299563865329363921e+01
1.299563865329363921e+01
1.299563865329363921e+01
1.299725349911568273e+01
1.299725349911568273e+01
1.299725349911568273e+01
1.299725349911568273e+01
1.299725349911568273e+01
1.299890185133228115e+01
1.299890185133228115e+01
1.299890185133228115e+01
1.299890185133228115e+01
1.299890185133228115e+01
1.300055654713948528e+01
1.300055654713948528e+01
1.300055654713948528e+01
1.300055654713948528e+01
1.300055654713948528e+01
1.300226071371906400e+01
1.300226071371906400e+01
1.300226071371906400e+01
1.300226071371906400e+01
1.300317022052388793e+01
1.300317022052388793e+01
1.300409315482592376e+01
1.300409315482592376e+01
1.300409315482592376e+01
1.300501746293826599e+01
1.300501746293826599e+01
1.300501746293826599e+01
1.300595580246005767e+01
1.300595580246005767e+01
1.300691199085060390e+01
1.300691199085060390e+01
1.300691199085060390e+01
1.300786773031254029e+01
1.300786773031254029e+01
1.300786773031254029e+01
1.300885836436309617e+01
1.300885836436309617e+01
1.300984595894184181e+01
1.300984595894184181e+01
1.300984595894184181e+01
1.301087347004487782e+01
1.301087347004487782e+01
1.301087347004487782e+01
1.301192025919430506e+01
1.301192025919430506e+01
1.301192025919430506e+01
1.301301481479520561e+01
1.301301481479520561e+01
1.301414116117499375e+01
1.301414116117499375e+01
1.301414116117499375e+01
1.301531510887484799e+01
1.301531510887484799e+01
1.301531510887484799e+01
1.301653609399208378e+01
1.301653609399208378e+01
1.301653609399208378e+01
1.301653609399208378e+01
1.301782645550578010e+01
1.301782645550578010e+01
1.301782645550578010e+01
1.301921496253149257e+01
1.301921496253149257e+01
1.301921496253149257e+01
1.301921496253149257e+01
1.302068436270647567e+01
1.302068436270647567e+01
1.302068436270647567e+01
1.302227789866215701e+01
1.302227789866215701e+01
1.302227789866215701e+01
1.302227789866215701e+01
1.302406772357105424e+01
1.302406772357105424e+01
1.302406772357105424e+01
1.302406772357105424e+01
1.302406772357105424e+01
1.302611580917258394e+01
1.302611580917258394e+01
1.302611580917258394e+01
1.302611580917258394e+01
1.302611580917258394e+01
1.302850027112477704e+01
1.302850027112477704e+01
1.302850027112477704e+01
1.302850027112477704e+01
1.302850027112477704e+01
1.302850027112477704e+01
1.303144997677769368e+01
1.303144997677769368e+01
1.303144997677769368e+01
1.303144997677769368e+01
1.303144997677769368e+01
1.303144997677769368e+01
1.303144997677769368e+01
1.303144997677769368e+01
1.303538211684118409e+01
1.303538211684118409e+01
1.303538211684118409e+01
1.303538211684118409e+01
1.303538211684118409e+01
1.303538211684118409e+01
1.303538211684118409e+01
1.303538211684118409e+01
1.303538211684118409e+01
1.303538211684118409e+01
1.303538211684118409e+01
1.304163651372300947e+01
1.304163651372300947e+01
1.304163651372300947e+01
1.304163651372300947e+01
1.304163651372300947e+01
1.304163651372300947e+01
1.304163651372300947e+01
1.304163651372300947e+01
1.304163651372300947e+01
1.304163651372300947e+01
1.304163651372300947e+01
1.304163651372300947e+01
1.304163651372300947e+01
1.304163651372300947e+01
1.304163651372300947e+01
1.304163651372300947e+01
1.304163651372300947e+01
1.304163651372300947e+01
1.304163651372300947e+01
1.304163651372300947e+01
1.304163651372300947e+01
1.304163651372300947e+01
1.304163651372300947e+01
1.304163651372300947e+01
1.304163651372300947e+01
1.304163651372300947e+01
1.304163651372300947e+01
1.304163651372300947e+01
1.304163651372300947e+01
1.304163651372300947e+01
1.304163651372300947e+01
1.304163651372300947e+01
1.304163651372300947e+01
1.307172198134329477e+01
1.307172198134329477e+01
1.307172198134329477e+01
1.307172198134329477e+01
1.307172198134329477e+01
1.307172198134329477e+01
1.307172198134329477e+01
1.307172198134329477e+01
1.307172198134329477e+01
1.307172198134329477e+01
1.307172198134329477e+01
1.307172198134329477e+01
1.307172198134329477e+01
1.307172198134329477e+01
1.307172198134329477e+01
1.307172198134329477e+01
1.307172198134329477e+01
1.307172198134329477e+01
1.307172198134329477e+01
1.307172198134329477e+01
1.307172198134329477e+01
1.307172198134329477e+01
1.307172198134329477e+01
1.307172198134329477e+01
1.307172198134329477e+01
1.307172198134329477e+01
1.307172198134329477e+01
1.307172198134329477e+01
1.307332705868364897e+01
1.307332705868364897e+01
1.307485727161872546e+01
1.307485727161872546e+01
1.307645131376423819e+01
1.307645131376423819e+01
1.307802099027535192e+01
1.307802099027535192e+01
1.307802099027535192e+01
1.307961418363804285e+01
1.307961418363804285e+01
1.308123343293272711e+01
1.308123343293272711e+01
1.308288424592272392e+01
1.308288424592272392e+01
1.308456833188536095e+01
1.308456833188536095e+01
1.308628432471272873e+01
1.308628432471272873e+01
1.308628432471272873e+01
1.308803563828121241e+01
1.308803563828121241e+01
1.308982319037914621e+01
1.308982319037914621e+01
1.309164665218801815e+01
1.309164665218801815e+01
1.309349864195122493e+01
1.309349864195122493e+01
1.309540392549669718e+01
1.309540392549669718e+01
1.309540392549669718e+01
1.309734955623110153e+01
1.309734955623110153e+01
1.309933151620256808e+01
1.309933151620256808e+01
1.310136004976936519e+01
1.310136004976936519e+01
1.310343600071863435e+01
1.310343600071863435e+01
1.310555788221818219e+01
1.310555788221818219e+01
1.310555788221818219e+01
1.310773026667000352e+01
1.310773026667000352e+01
1.310996130957789774e+01
1.310996130957789774e+01
1.311224954289051681e+01
1.311224954289051681e+01
1.311460203089176346e+01
1.311460203089176346e+01
1.311701799187050455e+01
1.311701799187050455e+01
1.311701799187050455e+01
1.311949600387280057e+01
1.311949600387280057e+01
1.312204857695163085e+01
1.312204857695163085e+01
1.312466695573957409e+01
1.312466695573957409e+01
1.312737200976553353e+01
1.312737200976553353e+01
1.313017533455316155e+01
1.313017533455316155e+01
1.313017533455316155e+01
1.313307774943979922e+01
1.313307774943979922e+01
1.313604946404802831e+01
1.313604946404802831e+01
1.313912152582224380e+01
1.313912152582224380e+01
1.314228549232712950e+01
1.314228549232712950e+01
1.314557761331577979e+01
1.314557761331577979e+01
1.314557761331577979e+01
1.314900426802869404e+01
1.314900426802869404e+01
1.315256656678390712e+01
1.315256656678390712e+01
1.315626862351317783e+01
1.315626862351317783e+01
1.316013996621463988e+01
