2.812926067019073884e+00
2.780755634000537047e+00
2.675904324942310453e+00
2.089033871895370265e+00
1.984936810938141560e+00
1.610305625905915194e+00
1.031008654081938092e+00
6.690791589460384214e-01
6.269443803136196536e-01
4.587541779923365870e-01
3.031976695384794307e-01
1.074111420199171940e-01
4.003778289448076122e-02
1.122584776175859361e-01
2.482260061708652793e-02
-7.961831122662421656e-02
-2.027260625745675726e-01
-2.793458538530612656e-01
-4.661872322553562986e-01
-5.784026059312750156e-01
-6.993830446401133605e-01
-7.392100378249685244e-01
-7.774127563467201352e-01
-8.874308597844077218e-01
-8.466841314275067587e-01
-8.676068111454855458e-01
-9.781232746451772320e-01
-1.043625751976902105e+00
-1.112561200468481726e+00
-1.131985709354216496e+00
-1.213710149021268281e+00
-1.312968016727236842e+00
-1.373126220626973648e+00
-1.409196730606492531e+00
-1.451889071239953921e+00
-1.504830581548893598e+00
-1.590209472757351694e+00
-1.687789487490561013e+00
-1.675197059193222593e+00
-1.680875070264886251e+00
-1.868971379575642411e+00
-1.884836776925210566e+00
-1.741384502854594896e+00
-2.080977961368515761e+00
-2.034502352261037927e+00
-2.018723970080639418e+00
-2.075322747277339452e+00
-2.068911753277633103e+00
-2.578425991852664634e+00
-2.544491291555222912e+00
-1.958121519951805833e+00
-1.956274174247420117e+00
-1.954720633692527576e+00
-1.953437599010368952e+00
-1.952828367230973194e+00
-1.951617782232160314e+00
-1.949084717178310555e+00
-2.290805183138935330e+00
-2.290386454688202900e+00
-2.289483779511126027e+00
-2.288603946237867337e+00
-2.287438219816960050e+00
-2.254564832239939420e+00
-2.275647845329732633e+00
-2.273957807044194368e+00
-2.271188420133960939e+00
-2.919309474271821081e+00
-2.802626382883818046e+00
-2.783566027695026701e+00
-3.272400933236578435e+00
-3.312976208781367227e+00
-3.283760706777796301e+00
-3.266916455773632322e+00
-3.260159686900220066e+00
-3.438216051874395163e+00
-3.630590944072054960e+00
-3.685451375003529595e+00
-3.690548805749073846e+00
-3.682444747577704014e+00
-3.581200494769590570e+00
-3.292884054348769407e+00
-2.979701889499410505e+00
-3.512368569797235551e+00
-3.511894312073183144e+00
-3.496552816063815072e+00
-3.496031891732795938e+00
-3.495060656470671212e+00
-3.494769824457604201e+00
-3.493427309316895712e+00
-2.948274835104948810e+00
-4.300503859389025685e+00
-4.130498297992957646e+00
-4.111352994449839926e+00
-4.095542666072303106e+00
-4.065211749281993470e+00
-4.041656238712304727e+00
-4.014364491428365156e+00
-3.989828151815557167e+00
-4.019248775985214905e+00
-4.011498786555553586e+00
-4.013740907021178472e+00
-4.101559118018375472e+00
-4.236233498228078709e+00
-4.377627412072155444e+00
-4.425705151680875638e+00
-4.413684739936458712e+00
-4.394872704251533868e+00
-4.371916054803864249e+00
-4.239601650607000671e+00
-4.184417233331879871e+00
-4.055686056699800979e+00
-3.639668225934471923e+00
-3.639668225934471923e+00
-3.639282280784103651e+00
-4.361485702090546646e+00
-4.361485702090546646e+00
-4.360688725349290529e+00
-4.359903067435890733e+00
-4.360699022008387438e+00
-4.359949462929290753e+00
-4.359211493794041381e+00
-4.358571502870965730e+00
-4.357879671750024997e+00
-4.358348152386176011e+00
-4.357598388523868493e+00
-4.356906730388893756e+00
-4.356250535916077027e+00
-4.355781316694486094e+00
-4.356273979422121023e+00
-4.356085886415309361e+00
-4.355475422001941155e+00
-4.354807129060766613e+00
-4.354208331336306692e+00
-4.354178031680069338e+00
-4.749223259567512123e+00
-4.748824178901362103e+00
-4.748401542404344866e+00
-4.752841556314590044e+00
-4.752709525652492495e+00
-4.752271288672631044e+00
-4.751943132761078381e+00
-4.751535107903550603e+00
-4.751402158241071483e+00
-5.117846667765483026e+00
-5.117655571301800599e+00
-5.163362674521829732e+00
-5.163214573773749372e+00
-5.163123141711450259e+00
-5.162953565212802687e+00
-5.162581717697325878e+00
-5.162294011504090285e+00
-5.161915864165762535e+00
-5.161136574919292563e+00
-4.758019521127108575e+00
-5.155119660201114229e+00
-5.900176580403133642e+00
-5.943354157354779232e+00
-5.913700780069368612e+00
-5.878217476287318277e+00
-5.857449350162420743e+00
-6.033684823248880669e+00
-6.007195916492628740e+00
-6.024392579653783386e+00
-5.995732987897967270e+00
-5.964499253039255322e+00
-5.923101187060109574e+00
-5.905751057722196329e+00
-5.893498322593204719e+00
-5.939101813082383607e+00
-5.933125565215754627e+00
-5.935943724124407517e+00
-5.946724542992502194e+00
-5.968337506401143244e+00
-6.046420930270764771e+00
-6.113425981224380301e+00
-6.123909587842196522e+00
-6.122972150650662471e+00
-6.122165417126126385e+00
-6.128677020274131415e+00
-6.132042010279680433e+00
-6.137241424808052237e+00
-6.136905899965007016e+00
-6.139893375983652035e+00
-6.148003932702980734e+00
-6.149459688979850291e+00
-6.118885926472978021e+00
-6.118535007429279027e+00
-6.118355732893618892e+00
-6.114619889817479503e+00
-6.104023608875220219e+00
-6.045030748948705401e+00
-6.045030748948705401e+00
-6.040643418787727370e+00
-6.025203166266360988e+00
-6.010827183648718375e+00
-6.033789101994107895e+00
-5.480156599546190499e+00
-5.479016715918633373e+00
-5.479016715918633373e+00
-5.479016715918633373e+00
-5.479717730594710901e+00
-5.478444374169424869e+00
-5.478444374169424869e+00
-5.478444374169424869e+00
-5.477372977791277187e+00
-5.477372977791277187e+00
-5.477372977791277187e+00
-5.477372977791277187e+00
-5.476355536522180323e+00
-5.477036372473881087e+00
-5.477036372473881087e+00
-5.475939457583596237e+00
-5.475939457583596237e+00
-5.475951582506482396e+00
-5.476222252045014116e+00
-5.475202954629604157e+00
-5.475202954629604157e+00
-5.475855573468617621e+00
-6.020184550348062658e+00
-6.020184550348062658e+00
-6.020184550348062658e+00
-6.020312777666548598e+00
-6.019511375770995265e+00
-6.019511375770995265e+00
-6.019511375770995265e+00
-6.019130730748273095e+00
-6.019130730748273095e+00
-6.019130730748273095e+00
-6.018432588003185479e+00
-6.018432588003185479e+00
-6.018432588003185479e+00
-6.017906744216737991e+00
-6.018142283751793720e+00
-6.018548735653933335e+00
-6.018548735653933335e+00
-6.017779125412088703e+00
-6.017779125412088703e+00
-6.017779125412088703e+00
-6.017144860663111494e+00
-6.017144860663111494e+00
-6.017519549489750652e+00
-6.016818346346628488e+00
-6.016848604945677081e+00
-6.016848604945677081e+00
-6.016218002984643931e+00
-6.016218002984643931e+00
-6.016218002984643931e+00
-6.015571469904283042e+00
-6.015930973070751087e+00
-6.016182578659202917e+00
-6.015518812007282889e+00
-6.015639913738344724e+00
-6.015081118699615814e+00
-6.015081118699615814e+00
-6.015081118699615814e+00
-6.014928544129348076e+00
-6.014928544129348076e+00
-6.014928544129348076e+00
-6.436165617916823400e+00
-6.436165617916823400e+00
-6.436165617916823400e+00
-6.435945625438013629e+00
-6.435945625438013629e+00
-6.435587551852944621e+00
-6.435587551852944621e+00
-6.435587551852944621e+00
-6.435367200843112201e+00
-6.437545193947181943e+00
-6.437603068820088481e+00
-6.437399250484622470e+00
-6.437280189065303304e+00
-6.437087523995475458e+00
-6.437087523995475458e+00
-6.436906442528906425e+00
-6.436906442528906425e+00
-6.436906442528906425e+00
-6.436720360686618569e+00
-6.436612694962659198e+00
-6.436405211538780868e+00
-6.436405211538780868e+00
-6.436522013510943552e+00
-6.436342400859081714e+00
-6.436342400859081714e+00
-6.436180436732652055e+00
-6.436318537238269855e+00
-6.802733798448013403e+00
-6.802733798448013403e+00
-6.802992058045239432e+00
-6.803002427626235971e+00
-6.803002427626235971e+00
-6.803272764118319493e+00
-6.802215480401232917e+00
-6.802495449975352493e+00
-6.802495449975352493e+00
-6.802736418062313994e+00
-6.802736418062313994e+00
-6.802969751020307321e+00
-7.038024264526306695e+00
-7.037880186233042679e+00
-7.037880186233042679e+00
-7.037771199245569598e+00
-7.037978829435627581e+00
-7.037845432068169593e+00
-7.037845432068169593e+00
-7.269560591684415485e+00
-7.269560591684415485e+00
-7.341349824816056469e+00
-7.341548808691624295e+00
-7.341548808691624295e+00
-7.341741821173928706e+00
-7.341835217286316606e+00
-7.341389826981063571e+00
-7.341389826981063571e+00
-7.341645974913336481e+00
-7.341965583620654101e+00
-7.341965583620654101e+00
-7.342343147018130622e+00
-7.342084468451372636e+00
-7.342461631323598859e+00
-7.343073220978350690e+00
-7.343744839130867064e+00
-7.344992986376425392e+00
-7.129613870209863258e+00
-6.507098778127520688e+00
-7.126437137612459338e+00
-7.356062566644706813e+00
-7.519441267317279021e+00
-7.641443505872643982e+00
-7.673292872249676044e+00
-7.777945984765994858e+00
-7.702683782580743710e+00
-7.472393131324126081e+00
-7.598039052820920958e+00
-7.705862010942524876e+00
-7.743591511172505548e+00
-7.739494309720372556e+00
-7.694907396482958184e+00
-7.649261986694279258e+00
-7.621977386158275358e+00
-7.570394955533747527e+00
-7.596480814177328789e+00
-7.550269249602786559e+00
-7.526496895853915348e+00
-7.503166545664003984e+00
-7.493097215094803865e+00
-7.484210220285239856e+00
-7.506110536491229723e+00
-7.506110536491229723e+00
-7.501726915776199434e+00
-7.501235735680828576e+00
-7.502394813463626022e+00
-7.503367415838625654e+00
-7.503660833877033198e+00
-7.504487009425425903e+00
-7.503465038778235119e+00
-7.504114895870944046e+00
-7.505187936031783025e+00
-7.506220383447967492e+00
-7.507195313953602955e+00
-7.506497150161679066e+00
-7.507484477484583252e+00
-7.507215609669934508e+00
-7.508476467535956544e+00
-7.508964599240230520e+00
-7.510027256001335694e+00
-7.513405238499466066e+00
-7.514404789813023733e+00
-7.515581570163039515e+00
-7.516645964413383396e+00
-7.517708525346139758e+00
-7.518615447013271336e+00
-7.851261009725834406e+00
-7.852310543416902711e+00
-7.853121348721819217e+00
-7.854079965904507965e+00
-7.855131160448149075e+00
-7.855877581126417653e+00
-7.855877581126417653e+00
-7.856827190999361221e+00
-7.857781304189857430e+00
-7.858823799055484116e+00
-7.860052753854497531e+00
-7.859811223124257396e+00
-7.860924194893652128e+00
-7.861685371617626927e+00
-7.862535997878096872e+00
-7.864410406071509207e+00
-7.863012446465795335e+00
-7.865249156939121633e+00
-7.865604305769635651e+00
-7.866555644602351016e+00
-7.866555644602351016e+00
-7.865181450066018876e+00
-7.865181450066018876e+00
-7.872900819122176763e+00
-7.873010565263657945e+00
-7.873225440532080732e+00
-7.872761730005144010e+00
-7.870984483685572464e+00
-7.874728915764061199e+00
-7.874728915764061199e+00
-7.874728915764061199e+00
-7.874728915764061199e+00
-7.878589172748621472e+00
-7.878589667746831893e+00
-7.878589667746831893e+00
-7.878589667746831893e+00
-7.880587103537770588e+00
-8.190172711864290633e+00
-8.191939439472395890e+00
-8.191939439472395890e+00
-8.192069194479261185e+00
-8.196260126628709841e+00
-8.194929019407625859e+00
-8.194929019407625859e+00
-8.196401289531690892e+00
-8.197865696003445279e+00
-8.196640603258723345e+00
-8.196659861078002152e+00
-8.200153703336505728e+00
-8.200153703336505728e+00
-8.200153703336505728e+00
-8.200026679787917772e+00
-8.200026679787917772e+00
-8.201896636529204088e+00
-8.202022925749940185e+00
-8.202022925749940185e+00
-8.203447488499545415e+00
-8.203447488499545415e+00
-8.203447488499545415e+00
-8.204514561569402176e+00
-8.204525329989037274e+00
-8.203397401588432558e+00
-8.205513662622674786e+00
-8.205543780002690468e+00
-8.205529509809970534e+00
-8.205165009274669075e+00
-8.205165009274669075e+00
-8.205165009274669075e+00
-8.205165009274669075e+00
-8.205294413270694420e+00
-8.562374119302393893e+00
-8.562374119302393893e+00
-8.562374119302393893e+00
-8.562374119302393893e+00
-8.561583055386828178e+00
-8.530865840675854628e+00
-8.530865840675854628e+00
-8.533778522424961821e+00
-8.540930940029472396e+00
-8.540930940029472396e+00
-8.564475586916197258e+00
-8.192646502718337942e+00
-8.192646502718337942e+00
-8.192516906895315643e+00
-8.192516906895315643e+00
-8.192516906895315643e+00
-8.192516906895315643e+00
-8.192146777373856992e+00
-8.192146777373856992e+00
-8.192146777373856992e+00
-8.192146777373856992e+00
-8.191798688598087352e+00
-8.191798688598087352e+00
-8.191798688598087352e+00
-8.191798688598087352e+00
-8.605350712043508210e+00
-8.605350712043508210e+00
-8.702426502440125944e+00
-8.702426502440125944e+00
-8.701978403888409375e+00
-8.701978403888409375e+00
-8.701978403888409375e+00
-8.701978403888409375e+00
-8.701739034685848750e+00
-8.701739034685848750e+00
-8.701993203602009785e+00
-8.701993203602009785e+00
-8.701661965817129030e+00
-8.701773129277974306e+00
-8.701773129277974306e+00
-8.701462635426594261e+00
-8.701845625256991568e+00
-8.701845625256991568e+00
-8.701845625256991568e+00
-8.701539834851383048e+00
-8.701539834851383048e+00
-8.701539834851383048e+00
-8.701539834851383048e+00
-9.297670596453963654e+00
-9.297670596453963654e+00
-9.297670596453963654e+00
-9.297552533523306906e+00
-9.297552533523306906e+00
-9.297552533523306906e+00
-9.297447738800963535e+00
-9.297302309383487895e+00
-9.297302309383487895e+00
-9.297302309383487895e+00
-9.297172831737460896e+00
-9.297172831737460896e+00
-9.297172831737460896e+00
-9.297111178668085785e+00
-9.297365685762626342e+00
-9.297365685762626342e+00
-9.297365685762626342e+00
-9.297255063467162017e+00
-9.297255063467162017e+00
-9.297157004144448678e+00
-9.716524176553146930e+00
-9.716524176553146930e+00
-9.716524176553146930e+00
-9.717043467268561940e+00
-9.717043467268561940e+00
-9.717043467268561940e+00
-9.747585529188114606e+00
-9.747585529188114606e+00
-9.747595850366870707e+00
-9.747998160651892618e+00
-9.747998160651892618e+00
-9.748047663289865383e+00
-9.747442324910684519e+00
-9.747442324910684519e+00
-9.747442324910684519e+00
-9.747999665969867777e+00
-9.747999665969867777e+00
-9.747999665969867777e+00
-9.748661601164506862e+00
-9.748661601164506862e+00
-9.748840107149126410e+00
-9.749742702734859989e+00
-9.749957826964132934e+00
-9.750401289485782996e+00
-9.750949762331185156e+00
-9.750275926397092618e+00
-9.750968718337915675e+00
-9.751796653932311543e+00
-9.752831741047927494e+00
-9.754125922639973467e+00
-9.755743969316526432e+00
-8.442153953969329550e+00
-8.682263722530780825e+00
-8.196151207381801029e+00
-8.192202090376332180e+00
-8.769953026460125756e+00
-8.418731380481325743e+00
-9.783704470807835563e+00
-9.782916055925836574e+00
-9.782969825567533917e+00
-9.950310241710827341e+00
-1.001079640793922820e+01
-1.002805161316678628e+01
-1.003610675807927777e+01
-1.003136435800442250e+01
-1.000203508019082399e+01
-9.930502790862584916e+00
-9.815718379063239851e+00
-9.740574357454830690e+00
-9.769554916452445781e+00
-9.795554707116716386e+00
-9.884813082913185056e+00
-9.892342422190971263e+00
-9.953994967237775882e+00
-1.001510346679560826e+01
-1.006186880323957666e+01
-1.009794299354317637e+01
-1.012302117599029039e+01
-9.958311017279616095e+00
-9.932539392053223892e+00
-9.944664171850593704e+00
-9.909391964377480377e+00
-9.860902895322137596e+00
-9.839878175130579052e+00
-9.811442752641767129e+00
-9.800521480811775987e+00
-9.778731005801992282e+00
-9.802207484846693575e+00
-9.789990008161673529e+00
-9.785234670366390830e+00
-9.778006302023200647e+00
-9.778279135885057372e+00
-9.776760147612050034e+00
-9.776797989705782399e+00
-9.776797989705782399e+00
-9.775172500003574072e+00
-9.775172500003574072e+00
-9.775172500003574072e+00
-9.775172500003574072e+00
-9.775172500003574072e+00
-9.775172500003574072e+00
-9.784079822702638651e+00
-9.784079822702638651e+00
-9.784079822702638651e+00
-9.784079822702638651e+00
-9.784079822702638651e+00
-9.784079822702638651e+00
-9.782198225084707488e+00
-9.782198225084707488e+00
-9.782198225084707488e+00
-9.782198225084707488e+00
-9.782198225084707488e+00
-9.784655761772242499e+00
-9.784655761772242499e+00
-9.784655761772242499e+00
-9.786791573841719938e+00
-9.786791573841719938e+00
-9.786791573841719938e+00
-9.786791573841719938e+00
-1.050973323806397808e+01
-1.050973323806397808e+01
-1.050980028140155653e+01
-1.050980028140155653e+01
-1.050980028140155653e+01
-1.050980028140155653e+01
-1.050980028140155653e+01
-1.050980028140155653e+01
-1.051279096611377462e+01
-1.051279096611377462e+01
-1.051279096611377462e+01
-1.051109456085543314e+01
-1.051109456085543314e+01
-1.051110971062266941e+01
-1.051110971062266941e+01
-1.051427041370714299e+01
-1.051427041370714299e+01
-1.051427041370714299e+01
-1.051427041370714299e+01
-1.051427041370714299e+01
-1.051427041370714299e+01
-1.051447091252592791e+01
-1.051698600399978645e+01
-1.051553371518298796e+01
-1.051553371518298796e+01
-1.051553371518298796e+01
-1.051553371518298796e+01
-1.051553371518298796e+01
-1.051553371518298796e+01
-1.051905700565236756e+01
-1.051905700565236756e+01
-1.051905700565236756e+01
-1.051905700565236756e+01
-1.051905700565236756e+01
-1.051770481323794471e+01
-1.051770481323794471e+01
-1.051772756285707366e+01
-1.051772756285707366e+01
-1.051777686760302544e+01
-1.051777686760302544e+01
-1.051777686760302544e+01
-1.052584349365220007e+01
-1.052584349365220007e+01
-1.052584349365220007e+01
-1.052598772806171645e+01
-1.052481602256788840e+01
-1.052481602256788840e+01
-1.052481602256788840e+01
-1.052481602256788840e+01
-1.052481602256788840e+01
-1.052481602256788840e+01
-1.052481602256788840e+01
-1.052481602256788840e+01
-1.052831802964259644e+01
-1.052831802964259644e+01
-1.052831802964259644e+01
-1.052667130829399156e+01
-1.052667130829399156e+01
-1.052667130829399156e+01
-1.052667130829399156e+01
-1.052667130829399156e+01
-1.052667130829399156e+01
-1.052667130829399156e+01
-1.053309620384171019e+01
-1.053309620384171019e+01
-1.053309620384171019e+01
-1.053309620384171019e+01
-1.053163954315779094e+01
-1.053163954315779094e+01
-1.053181615758827938e+01
-1.053181615758827938e+01
-1.053181615758827938e+01
-1.053181615758827938e+01
-1.053181615758827938e+01
-1.053181615758827938e+01
-1.053181615758827938e+01
-1.053181615758827938e+01
-1.053045591038192264e+01
-1.054021999520406183e+01
-1.054021999520406183e+01
-1.054021999520406183e+01
-1.054021999520406183e+01
-1.054021999520406183e+01
-1.054021999520406183e+01
-1.054021999520406183e+01
-1.054021999520406183e+01
-1.054021999520406183e+01
-1.053892329986443421e+01
-1.053892329986443421e+01
-1.053898723439028018e+01
-1.053898723439028018e+01
-1.054318178318244925e+01
-1.054336448375195090e+01
-1.054340806050663382e+01
-1.054340806050663382e+01
-1.054340806050663382e+01
-1.054340806050663382e+01
-1.054340806050663382e+01
-1.054212316277694406e+01
-1.054212316277694406e+01
-1.054212316277694406e+01
-1.054973132067371466e+01
-1.054973132067371466e+01
-1.054973132067371466e+01
-1.054973132067371466e+01
-1.054973132067371466e+01
-1.054973132067371466e+01
-1.054973132067371466e+01
-1.108397010542474348e+01
-1.108397010542474348e+01
-1.108408230315763277e+01
-1.108408230315763277e+01
-1.109017189345415133e+01
-1.109017189345415133e+01
-1.109017189345415133e+01
-1.111818353642924251e+01
-1.111818353642924251e+01
-1.111818353642924251e+01
-1.111698037104585168e+01
-1.111698037104585168e+01
-1.111698037104585168e+01
-1.111698037104585168e+01
-1.112235473532222230e+01
-1.112235473532222230e+01
-1.112235473532222230e+01
-1.112236094964723776e+01
-1.112236094964723776e+01
-1.112236094964723776e+01
-1.112119617748047595e+01
-1.112124839656554620e+01
-1.112124839656554620e+01
-1.112124839656554620e+01
-1.112728531065159743e+01
-1.112728531065159743e+01
-1.112728531065159743e+01
-1.112728531065159743e+01
-1.112728531065159743e+01
-1.112616705253428506e+01
-1.112633484417166230e+01
-1.112633484417166230e+01
-1.112633484417166230e+01
-1.112633484417166230e+01
-1.113377752643771323e+01
-1.113377752643771323e+01
-1.113377752643771323e+01
-1.113377752643771323e+01
-1.113377752643771323e+01
-1.113218370614999841e+01
-1.113222507729935096e+01
-1.113222507729935096e+01
-1.113237227934089368e+01
-1.113237227934089368e+01
-1.113237227934089368e+01
-1.114185458494321601e+01
-1.114185458494321601e+01
-1.114185458494321601e+01
-1.114106955223642892e+01
-1.114106955223642892e+01
-1.114106955223642892e+01
-1.114106955223642892e+01
-1.114106955223642892e+01
-1.114122426622417805e+01
-1.114122426622417805e+01
-1.114122426622417805e+01
-1.114122426622417805e+01
-1.114013908621774540e+01
-1.112376263944893395e+01
-1.112376263944893395e+01
-1.112376263944893395e+01
-1.112382111018875719e+01
-1.112382111018875719e+01
-1.112382111018875719e+01
-1.112382111018875719e+01
-1.112382111018875719e+01
-1.112382111018875719e+01
-1.112286706495107325e+01
-1.112286706495107325e+01
-1.112286706495107325e+01
-1.112286706495107325e+01
-1.112288707714845160e+01
-1.112288707714845160e+01
-1.112288707714845160e+01
-1.112288707714845160e+01
-1.112305573107114398e+01
-1.174227197216606911e+01
-1.174227197216606911e+01
-1.174227197216606911e+01
-1.174227197216606911e+01
-1.174227197216606911e+01
-1.174233625393015679e+01
-1.174233625393015679e+01
-1.174233625393015679e+01
-1.174233625393015679e+01
-1.174119506344308661e+01
-1.174119506344308661e+01
-1.130430425020736429e+01
-1.130430425020736429e+01
-1.130430425020736429e+01
-1.130430425020736429e+01
-1.130430425020736429e+01
-1.130430425020736429e+01
-1.130393343240838533e+01
-1.130393343240838533e+01
-1.130402427146399447e+01
-1.130427498286000798e+01
-1.130427498286000798e+01
-1.130427498286000798e+01
-1.130427498286000798e+01
-1.130427498286000798e+01
-1.130427498286000798e+01
-1.130392514306776874e+01
-1.130392514306776874e+01
-1.130405617663999429e+01
-1.130405617663999429e+01
-1.130405617663999429e+01
-1.130405617663999429e+01
-1.130405617663999429e+01
-1.130405617663999429e+01
-1.130378779205473450e+01
-1.130378779205473450e+01
-1.130578278802069292e+01
-1.130578278802069292e+01
-1.130578278802069292e+01
-1.130580885815150260e+01
-1.130580885815150260e+01
-1.130607816614792860e+01
-1.130567955022991988e+01
-1.130567955022991988e+01
-1.130567955022991988e+01
-1.130567955022991988e+01
-1.130567955022991988e+01
-1.130567955022991988e+01
-1.130567955022991988e+01
-1.130567955022991988e+01
-1.130530505234732530e+01
-1.130530505234732530e+01
-1.130530505234732530e+01
-1.130530505234732530e+01
-1.130530789517595380e+01
-1.130530789517595380e+01
-1.130530789517595380e+01
-1.130530789517595380e+01
-1.130503487824940123e+01
-1.130503487824940123e+01
-1.130503487824940123e+01
-1.130503487824940123e+01
-1.130526504496037177e+01
-1.130526504496037177e+01
-1.130526504496037177e+01
-1.130526504496037177e+01
-1.174504209356834750e+01
-1.174522521023643939e+01
-1.174522521023643939e+01
-1.174533646867199010e+01
-1.174533646867199010e+01
-1.174533646867199010e+01
-1.174542922872494621e+01
-1.174542922872494621e+01
-1.174527939338061877e+01
-1.174527939338061877e+01
-1.174527939338061877e+01
-1.174527939338061877e+01
-1.174527939338061877e+01
-1.174527939338061877e+01
-1.174527939338061877e+01
-1.174517576682813669e+01
-1.174517576682813669e+01
-1.174506825113296316e+01
-1.174506825113296316e+01
-1.174506825113296316e+01
-1.174506825113296316e+01
-1.174506825113296316e+01
-1.174506825113296316e+01
-1.174497589024161570e+01
-1.174497589024161570e+01
-1.174498916480078137e+01
-1.174498916480078137e+01
-1.174498916480078137e+01
-1.174498916480078137e+01
-1.174498916480078137e+01
-1.174490540948852058e+01
-1.174490540948852058e+01
-1.174509393913002064e+01
-1.174509393913002064e+01
-1.174509393913002064e+01
-1.174509393913002064e+01
-1.174509393913002064e+01
-1.174487135652308822e+01
-1.174487135652308822e+01
-1.174487135652308822e+01
-1.174498107222840915e+01
-1.174498107222840915e+01
-1.174498107222840915e+01
-1.174498107222840915e+01
-1.174490087739523503e+01
-1.174490087739523503e+01
-1.174490087739523503e+01
-1.174490087739523503e+01
-1.174490087739523503e+01
-1.174490087739523503e+01
-1.174490087739523503e+01
-1.207232488570057072e+01
-1.207232488570057072e+01
-1.207232488570057072e+01
-1.207232488570057072e+01
-1.207232488570057072e+01
-1.207232488570057072e+01
-1.207165716440046666e+01
-1.207172710503704138e+01
-1.207172710503704138e+01
-1.207181104869378885e+01
-1.207181104869378885e+01
-1.207181104869378885e+01
-1.207181104869378885e+01
-1.207196585851116311e+01
-1.207207065365954790e+01
-1.207207065365954790e+01
-1.207207065365954790e+01
-1.207207065365954790e+01
-1.207207065365954790e+01
-1.207207065365954790e+01
-1.207207065365954790e+01
-1.207218930927345291e+01
-1.207218930927345291e+01
-1.207218930927345291e+01
-1.207218930927345291e+01
-1.207218930927345291e+01
-1.207149630606116553e+01
-1.207156823075320951e+01
-1.207156823075320951e+01
-1.207169356962728735e+01
-1.207169356962728735e+01
-1.207169356962728735e+01
-1.207169356962728735e+01
-1.207169356962728735e+01
-1.207176718036071783e+01
-1.207176718036071783e+01
-1.207176718036071783e+01
-1.207176718036071783e+01
-1.207176718036071783e+01
-1.207176718036071783e+01
-1.207188550750108291e+01
-1.207188550750108291e+01
-1.207188550750108291e+01
-1.207188550750108291e+01
-1.207188550750108291e+01
-1.207135562407811591e+01
-1.221609932513493391e+01
-1.221609932513493391e+01
-1.221609932513493391e+01
-1.221609932513493391e+01
-1.221609932513493391e+01
-1.221609932513493391e+01
-1.221637207620161902e+01
-1.221637207620161902e+01
-1.221637207620161902e+01
-1.221637207620161902e+01
-1.221637207620161902e+01
-1.221637207620161902e+01
-1.221675166222827613e+01
-1.221675166222827613e+01
-1.221683213974162463e+01
-1.221683213974162463e+01
-1.221683213974162463e+01
-1.221683213974162463e+01
-1.221615290605646997e+01
-1.221615290605646997e+01
-1.221615290605646997e+01
-1.221615290605646997e+01
-1.221615290605646997e+01
-1.221615290605646997e+01
-1.221674177252897486e+01
-1.221685205968259957e+01
-1.221685205968259957e+01
-1.221685205968259957e+01
-1.221685205968259957e+01
-1.221685205968259957e+01
-1.221760047847267217e+01
-1.221772400295884964e+01
-1.221772400295884964e+01
-1.221772400295884964e+01
-1.221772400295884964e+01
-1.221872373371768106e+01
-1.221872373371768106e+01
-1.221762991723437608e+01
-1.221793310105550034e+01
-1.221821394349012380e+01
-1.221848763743791721e+01
-1.221876608142176224e+01
-1.221876608142176224e+01
-1.221912793538521846e+01
-1.221944838792151877e+01
