3.972550660153373769e+01
3.978279312864504647e+01
3.976903383395179503e+01
4.035249384463335787e+01
3.965185942336660219e+01
3.870225423218697358e+01
3.801676631870706302e+01
3.786862822210078861e+01
3.763547095455719926e+01
3.746594969539259523e+01
3.716311564284718827e+01
3.672397258837535361e+01
3.621947884821534558e+01
3.604742196771808693e+01
3.588059459007968144e+01
3.571027209679022008e+01
3.552283353230809837e+01
3.538147374860391636e+01
3.535998799233087198e+01
3.547265970473358010e+01
3.542993866208853859e+01
3.526667383228724617e+01
3.523817836607448584e+01
3.516650096199791165e+01
3.496070968793588918e+01
3.482598121474452313e+01
3.484177273588181123e+01
3.470354006255035983e+01
3.464096767757183670e+01
3.465685446061026198e+01
3.454388933648025528e+01
3.443096593122792370e+01
3.453159404549256806e+01
3.451400927887549130e+01
3.439379090759968705e+01
3.452194194248856007e+01
3.452083545230424022e+01
3.452863884896377300e+01
3.425112334786557255e+01
3.439001567438526052e+01
3.420582743150585259e+01
3.435662675359252205e+01
3.433934182904361876e+01
3.430980821131092284e+01
3.427884267342538038e+01
3.426073677157314989e+01
3.425156436622634004e+01
3.423067055915884538e+01
3.497146268384641132e+01
3.493077343245006006e+01
5.000000000000000000e+00
5.000000000000000000e+00
5.000000000000000000e+00
5.000000000000000000e+00
5.000000000000000000e+00
5.000000000000000000e+00
5.000000000000000000e+00
5.000000000000000000e+00
5.000000000000000000e+00
5.000000000000000000e+00
5.000000000000000000e+00
5.000000000000000000e+00
5.000000000000000000e+00
5.000000000000000000e+00
5.000000000000000000e+00
5.000000000000000000e+00
5.000000000000000000e+00
3.238632673097020387e+01
3.231582673097020120e+01
3.226082673097020148e+01
3.215982673097020239e+01
3.206332673097020347e+01
3.201132673097020387e+01
3.198032673097020506e+01
3.200882673097020614e+01
3.193582673097020574e+01
3.490973163530465939e+01
3.189282673097020293e+01
3.196582673097020333e+01
3.206332673097020347e+01
3.242232673097020523e+01
5.000000000000000000e+00
5.000000000000000000e+00
5.000000000000000000e+00
5.000000000000000000e+00
5.000000000000000000e+00
5.000000000000000000e+00
5.000000000000000000e+00
5.000000000000000000e+00
5.000000000000000000e+00
5.000000000000000000e+00
3.208903360512017144e+01
3.204803360512017463e+01
3.200803360512017548e+01
3.193503360512017508e+01
3.187703360512017525e+01
3.179503360512017451e+01
3.172403360512017301e+01
3.166203360512017539e+01
3.163903360512017571e+01
3.163703360512017326e+01
3.169003360512017409e+01
3.174003360512017480e+01
3.168003360512017252e+01
3.165303360512017505e+01
3.169203360512017298e+01
3.173403360512017457e+01
3.177703360512017383e+01
3.184603360512017289e+01
3.186003360512017579e+01
3.195503360512017466e+01
5.000000000000000000e+00
5.000000000000000000e+00
5.000000000000000000e+00
5.000000000000000000e+00
5.000000000000000000e+00
5.000000000000000000e+00
5.000000000000000000e+00
5.000000000000000000e+00
5.000000000000000000e+00
5.000000000000000000e+00
5.000000000000000000e+00
5.000000000000000000e+00
5.000000000000000000e+00
5.000000000000000000e+00
5.000000000000000000e+00
5.000000000000000000e+00
5.000000000000000000e+00
5.000000000000000000e+00
5.000000000000000000e+00
5.000000000000000000e+00
5.000000000000000000e+00
5.000000000000000000e+00
5.000000000000000000e+00
5.000000000000000000e+00
5.000000000000000000e+00
5.000000000000000000e+00
5.000000000000000000e+00
5.000000000000000000e+00
5.000000000000000000e+00
5.000000000000000000e+00
5.000000000000000000e+00
5.000000000000000000e+00
5.000000000000000000e+00
5.000000000000000000e+00
5.000000000000000000e+00
5.000000000000000000e+00
5.000000000000000000e+00
5.000000000000000000e+00
5.000000000000000000e+00
5.000000000000000000e+00
5.000000000000000000e+00
5.000000000000000000e+00
5.000000000000000000e+00
5.000000000000000000e+00
5.000000000000000000e+00
5.000000000000000000e+00
3.186386541648676030e+01
3.178186541648676311e+01
3.173286541648676007e+01
3.168586541648676302e+01
3.162286541648676064e+01
3.153486541648676322e+01
3.146686541648676183e+01
3.138986541648676010e+01
3.128686541648676211e+01
3.123886541648676030e+01
3.120386541648676015e+01
3.116986541648676123e+01
3.115386541648676300e+01
3.115186541648676055e+01
3.116786541648676234e+01
3.120286541648676248e+01
3.125886541648676342e+01
3.130586541648676047e+01
3.131786541648676092e+01
3.132286541648676348e+01
3.132886541648676015e+01
3.134086541648676061e+01
3.134686541648676084e+01
3.135986541648676251e+01
3.136286541648676263e+01
3.137086541648676175e+01
3.137686541648676197e+01
3.138286541648676220e+01
3.138786541648676121e+01
3.139286541648676021e+01
3.139786541648676277e+01
3.139686541648676155e+01
3.139186541648676254e+01
3.137586541648676075e+01
3.137586541648676075e+01
3.137686541648676197e+01
3.135886541648676129e+01
3.135286541648676106e+01
3.157986541648676138e+01
5.000000000000000000e+00
5.000000000000000000e+00
5.000000000000000000e+00
5.000000000000000000e+00
5.000000000000000000e+00
5.000000000000000000e+00
5.000000000000000000e+00
5.000000000000000000e+00
5.000000000000000000e+00
5.000000000000000000e+00
5.000000000000000000e+00
5.000000000000000000e+00
5.000000000000000000e+00
5.000000000000000000e+00
5.000000000000000000e+00
5.000000000000000000e+00
5.000000000000000000e+00
5.000000000000000000e+00
5.000000000000000000e+00
5.000000000000000000e+00
5.000000000000000000e+00
5.000000000000000000e+00
5.000000000000000000e+00
5.000000000000000000e+00
5.000000000000000000e+00
5.000000000000000000e+00
5.000000000000000000e+00
5.000000000000000000e+00
5.000000000000000000e+00
5.000000000000000000e+00
5.000000000000000000e+00
5.000000000000000000e+00
5.000000000000000000e+00
5.000000000000000000e+00
5.000000000000000000e+00
5.000000000000000000e+00
5.000000000000000000e+00
5.000000000000000000e+00
5.000000000000000000e+00
5.000000000000000000e+00
5.000000000000000000e+00
5.000000000000000000e+00
5.000000000000000000e+00
5.000000000000000000e+00
5.000000000000000000e+00
5.000000000000000000e+00
5.000000000000000000e+00
5.000000000000000000e+00
5.000000000000000000e+00
5.000000000000000000e+00
5.000000000000000000e+00
5.000000000000000000e+00
5.000000000000000000e+00
5.000000000000000000e+00
5.000000000000000000e+00
5.000000000000000000e+00
5.000000000000000000e+00
5.000000000000000000e+00
5.000000000000000000e+00
5.000000000000000000e+00
5.000000000000000000e+00
5.000000000000000000e+00
5.000000000000000000e+00
5.000000000000000000e+00
5.000000000000000000e+00
5.000000000000000000e+00
5.000000000000000000e+00
5.000000000000000000e+00
5.000000000000000000e+00
5.000000000000000000e+00
5.000000000000000000e+00
5.000000000000000000e+00
5.000000000000000000e+00
5.000000000000000000e+00
5.000000000000000000e+00
5.000000000000000000e+00
5.000000000000000000e+00
5.000000000000000000e+00
5.000000000000000000e+00
5.000000000000000000e+00
5.000000000000000000e+00
5.000000000000000000e+00
5.000000000000000000e+00
5.000000000000000000e+00
5.000000000000000000e+00
5.000000000000000000e+00
5.000000000000000000e+00
5.000000000000000000e+00
5.000000000000000000e+00
5.000000000000000000e+00
5.000000000000000000e+00
5.000000000000000000e+00
5.000000000000000000e+00
5.000000000000000000e+00
5.000000000000000000e+00
5.000000000000000000e+00
5.000000000000000000e+00
5.000000000000000000e+00
5.000000000000000000e+00
5.000000000000000000e+00
5.000000000000000000e+00
5.000000000000000000e+00
5.000000000000000000e+00
5.000000000000000000e+00
5.000000000000000000e+00
5.000000000000000000e+00
5.000000000000000000e+00
5.000000000000000000e+00
5.000000000000000000e+00
5.000000000000000000e+00
5.000000000000000000e+00
5.000000000000000000e+00
5.000000000000000000e+00
5.000000000000000000e+00
5.000000000000000000e+00
5.000000000000000000e+00
5.000000000000000000e+00
5.000000000000000000e+00
5.000000000000000000e+00
5.000000000000000000e+00
5.000000000000000000e+00
5.000000000000000000e+00
5.000000000000000000e+00
5.000000000000000000e+00
5.000000000000000000e+00
5.000000000000000000e+00
5.000000000000000000e+00
5.000000000000000000e+00
5.000000000000000000e+00
5.000000000000000000e+00
5.000000000000000000e+00
5.000000000000000000e+00
5.000000000000000000e+00
5.000000000000000000e+00
5.000000000000000000e+00
3.025906391280836516e+01
3.076406391280836772e+01
3.119206391280836499e+01
3.140806391280836607e+01
3.127006391280836795e+01
3.117006391280836652e+01
3.105506391280836809e+01
3.098306391280836536e+01
3.083306391280836678e+01
3.076306391280836650e+01
3.063006391280836738e+01
3.056106391280836476e+01
3.048706391280836669e+01
3.045206391280836655e+01
3.042106391280836775e+01
3.039206391280836783e+01
3.039206391280836783e+01
3.037506391280836482e+01
3.036906391280836459e+01
3.036806391280836692e+01
3.037006391280836581e+01
3.037106391280836704e+01
3.037306391280836593e+01
3.037606391280836604e+01
3.037906391280836615e+01
3.038106391280836505e+01
3.038406391280836516e+01
3.038706391280836527e+01
3.039006391280836539e+01
3.039306391280836550e+01
3.039506391280836795e+01
3.039806391280836806e+01
3.040006391280836695e+01
3.040306391280836706e+01
3.040606391280836718e+01
3.040806391280836607e+01
3.041106391280836618e+01
3.041406391280836630e+01
3.041706391280836641e+01
3.042006391280836652e+01
3.042306391280836664e+01
3.042606391280836675e+01
3.042806391280836564e+01
3.043106391280836576e+01
3.043406391280836587e+01
3.044006391280836610e+01
3.044006391280836610e+01
3.044206391280836499e+01
3.044506391280836510e+01
3.044806391280836522e+01
3.045106391280836533e+01
3.045506391280836667e+01
3.045806391280836678e+01
3.046006391280836567e+01
3.046206391280836456e+01
3.046706391280836712e+01
3.046706391280836712e+01
3.047406391280836502e+01
3.047506391280836624e+01
3.047806391280836635e+01
3.047806391280836635e+01
3.047806391280836635e+01
3.047806391280836635e+01
3.049706391280836471e+01
3.049706391280836471e+01
3.049706391280836471e+01
3.049906391280836715e+01
3.049906391280836715e+01
3.050806391280836749e+01
3.050806391280836749e+01
3.050806391280836749e+01
3.050806391280836749e+01
3.052306391280836806e+01
3.052306391280836806e+01
3.052306391280836806e+01
3.052306391280836806e+01
3.052906391280836473e+01
3.052906391280836473e+01
3.053406391280836729e+01
3.053406391280836729e+01
3.053406391280836729e+01
3.054606391280836775e+01
3.054606391280836775e+01
3.054606391280836775e+01
3.055006391280836553e+01
3.055506391280836809e+01
3.055506391280836809e+01
3.055506391280836809e+01
3.056506391280836610e+01
3.056506391280836610e+01
3.056506391280836610e+01
3.056906391280836743e+01
3.056906391280836743e+01
3.057506391280836766e+01
3.057506391280836766e+01
3.057506391280836766e+01
3.058306391280836678e+01
3.058306391280836678e+01
3.058306391280836678e+01
3.058706391280836456e+01
3.058706391280836456e+01
3.058706391280836456e+01
3.059506391280836723e+01
3.059506391280836723e+01
3.059606391280836490e+01
3.060006391280836624e+01
3.060006391280836624e+01
3.060006391280836624e+01
3.060006391280836624e+01
3.060006391280836624e+01
3.061806391280836692e+01
3.061806391280836692e+01
3.061806391280836692e+01
3.061806391280836692e+01
3.061806391280836692e+01
3.062706391280836726e+01
3.062706391280836726e+01
3.064006391280836539e+01
3.066906391280836530e+01
3.066906391280836530e+01
3.089306391280836550e+01
5.000000000000000000e+00
5.000000000000000000e+00
5.000000000000000000e+00
5.000000000000000000e+00
5.000000000000000000e+00
5.000000000000000000e+00
5.000000000000000000e+00
5.000000000000000000e+00
5.000000000000000000e+00
5.000000000000000000e+00
5.000000000000000000e+00
5.000000000000000000e+00
5.000000000000000000e+00
5.000000000000000000e+00
5.000000000000000000e+00
5.000000000000000000e+00
5.000000000000000000e+00
5.000000000000000000e+00
5.000000000000000000e+00
5.000000000000000000e+00
5.000000000000000000e+00
5.000000000000000000e+00
5.000000000000000000e+00
5.000000000000000000e+00
5.000000000000000000e+00
5.000000000000000000e+00
5.000000000000000000e+00
5.000000000000000000e+00
5.000000000000000000e+00
5.000000000000000000e+00
5.000000000000000000e+00
5.000000000000000000e+00
5.000000000000000000e+00
5.000000000000000000e+00
5.000000000000000000e+00
5.000000000000000000e+00
5.000000000000000000e+00
5.000000000000000000e+00
5.000000000000000000e+00
5.000000000000000000e+00
5.000000000000000000e+00
5.000000000000000000e+00
5.000000000000000000e+00
5.000000000000000000e+00
5.000000000000000000e+00
5.000000000000000000e+00
5.000000000000000000e+00
5.000000000000000000e+00
5.000000000000000000e+00
5.000000000000000000e+00
5.000000000000000000e+00
5.000000000000000000e+00
5.000000000000000000e+00
5.000000000000000000e+00
5.000000000000000000e+00
5.000000000000000000e+00
5.000000000000000000e+00
5.000000000000000000e+00
5.000000000000000000e+00
5.000000000000000000e+00
5.000000000000000000e+00
5.000000000000000000e+00
5.000000000000000000e+00
5.000000000000000000e+00
5.000000000000000000e+00
5.000000000000000000e+00
5.000000000000000000e+00
5.000000000000000000e+00
5.000000000000000000e+00
5.000000000000000000e+00
5.000000000000000000e+00
5.000000000000000000e+00
5.000000000000000000e+00
5.000000000000000000e+00
5.000000000000000000e+00
5.000000000000000000e+00
5.000000000000000000e+00
5.000000000000000000e+00
5.000000000000000000e+00
5.000000000000000000e+00
5.000000000000000000e+00
5.000000000000000000e+00
5.000000000000000000e+00
5.000000000000000000e+00
5.000000000000000000e+00
5.000000000000000000e+00
5.000000000000000000e+00
5.000000000000000000e+00
5.000000000000000000e+00
5.000000000000000000e+00
5.000000000000000000e+00
5.000000000000000000e+00
5.000000000000000000e+00
5.000000000000000000e+00
5.000000000000000000e+00
5.000000000000000000e+00
5.000000000000000000e+00
5.000000000000000000e+00
5.000000000000000000e+00
5.000000000000000000e+00
5.000000000000000000e+00
5.000000000000000000e+00
5.000000000000000000e+00
5.000000000000000000e+00
5.000000000000000000e+00
5.000000000000000000e+00
2.993633483184324007e+01
3.011833483184324223e+01
3.038133483184324035e+01
3.054533483184324183e+01
3.070233483184323831e+01
3.085833483184324066e+01
3.109233483184323887e+01
3.117033483184324183e+01
3.122533483184324155e+01
3.071133483184323865e+01
3.064833483184323981e+01
3.053533483184324027e+01
3.044633483184323808e+01
3.031333483184324251e+01
3.025933483184324047e+01
3.017033483184324183e+01
3.013633483184324291e+01
3.006633483184324263e+01
3.004533483184324183e+01
3.000633483184324035e+01
2.998933483184324089e+01
2.996433483184323876e+01
2.996433483184323876e+01
2.995833483184323853e+01
2.995833483184323853e+01
2.995833483184323853e+01
2.995833483184323853e+01
2.995833483184323853e+01
2.995833483184323853e+01
2.995833483184323853e+01
2.995833483184323853e+01
2.995833483184323853e+01
2.998633483184324078e+01
2.998633483184324078e+01
2.998633483184324078e+01
2.998633483184324078e+01
2.998633483184324078e+01
2.998633483184324078e+01
2.998633483184324078e+01
2.998633483184324078e+01
2.998633483184324078e+01
2.998633483184324078e+01
2.998633483184324078e+01
2.999333483184324223e+01
2.999333483184324223e+01
2.999333483184324223e+01
2.999333483184324223e+01
2.999333483184324223e+01
2.999333483184324223e+01
2.999333483184324223e+01
3.000133483184324135e+01
3.000133483184324135e+01
3.000133483184324135e+01
3.000133483184324135e+01
3.000133483184324135e+01
3.000133483184324135e+01
3.000133483184324135e+01
3.000133483184324135e+01
3.000933483184324047e+01
3.000933483184324047e+01
3.000933483184324047e+01
3.000933483184324047e+01
3.000933483184324047e+01
3.000933483184324047e+01
3.000933483184324047e+01
3.001833483184324081e+01
3.001833483184324081e+01
3.001833483184324081e+01
3.001833483184324081e+01
3.001833483184324081e+01
3.001833483184324081e+01
3.001833483184324081e+01
3.002633483184323993e+01
3.002633483184323993e+01
3.002633483184323993e+01
3.002633483184323993e+01
3.002633483184323993e+01
3.002633483184323993e+01
3.002633483184323993e+01
3.003633483184324149e+01
3.003633483184324149e+01
3.003633483184324149e+01
3.003633483184324149e+01
3.003633483184324149e+01
3.003633483184324149e+01
3.003633483184324149e+01
3.003633483184324149e+01
3.003633483184324149e+01
3.003633483184324149e+01
3.003633483184324149e+01
3.003633483184324149e+01
3.005833483184323995e+01
3.005833483184323995e+01
3.005833483184323995e+01
3.005833483184323995e+01
3.005833483184323995e+01
3.005833483184323995e+01
3.005833483184323995e+01
3.005833483184323995e+01
3.005833483184323995e+01
3.005833483184323995e+01
3.005833483184323995e+01
3.005833483184323995e+01
3.006833483184324152e+01
3.006833483184324152e+01
3.006833483184324152e+01
3.006833483184324152e+01
3.006833483184324152e+01
3.006833483184324152e+01
3.006833483184324152e+01
3.006833483184324152e+01
3.006833483184324152e+01
3.006833483184324152e+01
3.008633483184323865e+01
3.008633483184323865e+01
3.008633483184323865e+01
3.008633483184323865e+01
3.008633483184323865e+01
3.008633483184323865e+01
3.008633483184323865e+01
3.008633483184323865e+01
3.008633483184323865e+01
3.008633483184323865e+01
3.008633483184323865e+01
3.008633483184323865e+01
3.008633483184323865e+01
3.008633483184323865e+01
3.008633483184323865e+01
3.011333483184323967e+01
3.011333483184323967e+01
3.011333483184323967e+01
3.011333483184323967e+01
3.011333483184323967e+01
3.011333483184323967e+01
3.011333483184323967e+01
3.011333483184323967e+01
3.011333483184323967e+01
3.011333483184323967e+01
3.011333483184323967e+01
3.011333483184323967e+01
3.011333483184323967e+01
3.012433483184324245e+01
3.012433483184324245e+01
3.012433483184324245e+01
3.012433483184324245e+01
3.012433483184324245e+01
3.012433483184324245e+01
3.012433483184324245e+01
3.012433483184324245e+01
3.012433483184324245e+01
3.012433483184324245e+01
3.014733483184323859e+01
3.014733483184323859e+01
3.014733483184323859e+01
3.014733483184323859e+01
3.014733483184323859e+01
3.014733483184323859e+01
3.014733483184323859e+01
3.014733483184323859e+01
3.014733483184323859e+01
3.014733483184323859e+01
3.014733483184323859e+01
3.016233483184323916e+01
3.016233483184323916e+01
3.016233483184323916e+01
3.016233483184323916e+01
3.016233483184323916e+01
3.016233483184323916e+01
3.016233483184323916e+01
3.016233483184323916e+01
3.016233483184323916e+01
3.016233483184323916e+01
3.017833483184324095e+01
3.017833483184324095e+01
3.017833483184324095e+01
3.017833483184324095e+01
3.017833483184324095e+01
3.017833483184324095e+01
3.017833483184324095e+01
3.017833483184324095e+01
3.017833483184324095e+01
3.017833483184324095e+01
3.019633483184323808e+01
3.019633483184323808e+01
3.019633483184323808e+01
3.019633483184323808e+01
3.019633483184323808e+01
3.019633483184323808e+01
3.019633483184323808e+01
3.019633483184323808e+01
3.019633483184323808e+01
3.019633483184323808e+01
3.021833483184324010e+01
3.021833483184324010e+01
3.021833483184324010e+01
3.021833483184324010e+01
3.021833483184324010e+01
3.021833483184324010e+01
3.021833483184324010e+01
3.021833483184324010e+01
3.021833483184324010e+01
3.021833483184324010e+01
3.021833483184324010e+01
3.025033483184324012e+01
3.025033483184324012e+01
3.025033483184324012e+01
3.025033483184324012e+01
3.025033483184324012e+01
3.025033483184324012e+01
3.025033483184324012e+01
3.025033483184324012e+01
3.025033483184324012e+01
3.025033483184324012e+01
3.025033483184324012e+01
3.025033483184324012e+01
3.025033483184324012e+01
3.030533483184323984e+01
3.030533483184323984e+01
3.030533483184323984e+01
3.030533483184323984e+01
3.030533483184323984e+01
3.030533483184323984e+01
3.030533483184323984e+01
3.030533483184323984e+01
3.030533483184323984e+01
3.030533483184323984e+01
3.030533483184323984e+01
3.030533483184323984e+01
3.030533483184323984e+01
3.030533483184323984e+01
3.030533483184323984e+01
3.030533483184323984e+01
3.030533483184323984e+01
3.030533483184323984e+01
3.069233483184324029e+01
3.069233483184324029e+01
3.069233483184324029e+01
3.069233483184324029e+01
3.069233483184324029e+01
3.069233483184324029e+01
3.069233483184324029e+01
3.069233483184324029e+01
3.069233483184324029e+01
3.069233483184324029e+01
3.069233483184324029e+01
5.000000000000000000e+00
5.000000000000000000e+00
5.000000000000000000e+00
5.000000000000000000e+00
5.000000000000000000e+00
5.000000000000000000e+00
5.000000000000000000e+00
5.000000000000000000e+00
5.000000000000000000e+00
5.000000000000000000e+00
5.000000000000000000e+00
5.000000000000000000e+00
5.000000000000000000e+00
5.000000000000000000e+00
5.000000000000000000e+00
5.000000000000000000e+00
5.000000000000000000e+00
5.000000000000000000e+00
5.000000000000000000e+00
5.000000000000000000e+00
5.000000000000000000e+00
5.000000000000000000e+00
5.000000000000000000e+00
5.000000000000000000e+00
5.000000000000000000e+00
5.000000000000000000e+00
5.000000000000000000e+00
5.000000000000000000e+00
5.000000000000000000e+00
5.000000000000000000e+00
5.000000000000000000e+00
5.000000000000000000e+00
5.000000000000000000e+00
5.000000000000000000e+00
5.000000000000000000e+00
5.000000000000000000e+00
5.000000000000000000e+00
5.000000000000000000e+00
5.000000000000000000e+00
5.000000000000000000e+00
5.000000000000000000e+00
5.000000000000000000e+00
5.000000000000000000e+00
5.000000000000000000e+00
5.000000000000000000e+00
5.000000000000000000e+00
5.000000000000000000e+00
5.000000000000000000e+00
5.000000000000000000e+00
5.000000000000000000e+00
5.000000000000000000e+00
5.000000000000000000e+00
5.000000000000000000e+00
5.000000000000000000e+00
5.000000000000000000e+00
5.000000000000000000e+00
5.000000000000000000e+00
5.000000000000000000e+00
5.000000000000000000e+00
5.000000000000000000e+00
5.000000000000000000e+00
5.000000000000000000e+00
5.000000000000000000e+00
5.000000000000000000e+00
5.000000000000000000e+00
5.000000000000000000e+00
5.000000000000000000e+00
5.000000000000000000e+00
5.000000000000000000e+00
5.000000000000000000e+00
5.000000000000000000e+00
5.000000000000000000e+00
5.000000000000000000e+00
5.000000000000000000e+00
5.000000000000000000e+00
5.000000000000000000e+00
5.000000000000000000e+00
5.000000000000000000e+00
5.000000000000000000e+00
5.000000000000000000e+00
5.000000000000000000e+00
5.000000000000000000e+00
5.000000000000000000e+00
5.000000000000000000e+00
5.000000000000000000e+00
5.000000000000000000e+00
5.000000000000000000e+00
5.000000000000000000e+00
5.000000000000000000e+00
5.000000000000000000e+00
5.000000000000000000e+00
5.000000000000000000e+00
5.000000000000000000e+00
5.000000000000000000e+00
5.000000000000000000e+00
5.000000000000000000e+00
5.000000000000000000e+00
5.000000000000000000e+00
5.000000000000000000e+00
5.000000000000000000e+00
5.000000000000000000e+00
5.000000000000000000e+00
5.000000000000000000e+00
5.000000000000000000e+00
5.000000000000000000e+00
5.000000000000000000e+00
5.000000000000000000e+00
5.000000000000000000e+00
5.000000000000000000e+00
5.000000000000000000e+00
5.000000000000000000e+00
5.000000000000000000e+00
5.000000000000000000e+00
5.000000000000000000e+00
5.000000000000000000e+00
5.000000000000000000e+00
5.000000000000000000e+00
5.000000000000000000e+00
5.000000000000000000e+00
5.000000000000000000e+00
5.000000000000000000e+00
5.000000000000000000e+00
5.000000000000000000e+00
5.000000000000000000e+00
5.000000000000000000e+00
5.000000000000000000e+00
5.000000000000000000e+00
5.000000000000000000e+00
5.000000000000000000e+00
5.000000000000000000e+00
5.000000000000000000e+00
5.000000000000000000e+00
5.000000000000000000e+00
5.000000000000000000e+00
5.000000000000000000e+00
5.000000000000000000e+00
5.000000000000000000e+00
5.000000000000000000e+00
5.000000000000000000e+00
5.000000000000000000e+00
5.000000000000000000e+00
5.000000000000000000e+00
5.000000000000000000e+00
5.000000000000000000e+00
5.000000000000000000e+00
5.000000000000000000e+00
5.000000000000000000e+00
5.000000000000000000e+00
5.000000000000000000e+00
5.000000000000000000e+00
5.000000000000000000e+00
5.000000000000000000e+00
5.000000000000000000e+00
5.000000000000000000e+00
5.000000000000000000e+00
5.000000000000000000e+00
5.000000000000000000e+00
5.000000000000000000e+00
5.000000000000000000e+00
5.000000000000000000e+00
5.000000000000000000e+00
5.000000000000000000e+00
5.000000000000000000e+00
5.000000000000000000e+00
5.000000000000000000e+00
5.000000000000000000e+00
5.000000000000000000e+00
5.000000000000000000e+00
5.000000000000000000e+00
5.000000000000000000e+00
5.000000000000000000e+00
5.000000000000000000e+00
5.000000000000000000e+00
5.000000000000000000e+00
5.000000000000000000e+00
5.000000000000000000e+00
5.000000000000000000e+00
5.000000000000000000e+00
5.000000000000000000e+00
5.000000000000000000e+00
5.000000000000000000e+00
5.000000000000000000e+00
5.000000000000000000e+00
5.000000000000000000e+00
5.000000000000000000e+00
5.000000000000000000e+00
5.000000000000000000e+00
5.000000000000000000e+00
5.000000000000000000e+00
5.000000000000000000e+00
5.000000000000000000e+00
5.000000000000000000e+00
5.000000000000000000e+00
5.000000000000000000e+00
5.000000000000000000e+00
5.000000000000000000e+00
5.000000000000000000e+00
