5.328332611047579093e+01
5.332548495046358283e+01
5.334778497601188718e+01
5.310454897027292986e+01
5.259844233211155995e+01
5.201955603618236523e+01
5.150592955497405967e+01
5.105632263234962664e+01
5.060609120901720104e+01
5.029719214232663660e+01
5.003874520961534245e+01
4.975612461616724147e+01
4.955756619816318675e+01
4.939082080112049766e+01
4.920072846267380839e+01
4.903818046014269783e+01
4.887361779757040381e+01
4.880437342289231140e+01
4.870525292532181538e+01
4.858241450140050688e+01
4.852553732016566812e+01
4.840354671356455185e+01
4.830206325074995277e+01
4.822123729191393693e+01
4.815361430339007143e+01
4.804284730416754456e+01
4.794048107567570582e+01
4.786360383490402626e+01
4.783896903125668132e+01
4.776699385899405570e+01
4.766926091047992031e+01
4.763243905787551569e+01
4.758255918000750739e+01
4.754600542163449006e+01
4.749670718322404639e+01
4.738615158802785743e+01
4.734583950176468647e+01
4.728823030504575087e+01
4.723833847447612300e+01
4.713228585755882705e+01
4.710857507886682782e+01
4.707780741733897401e+01
4.667318546324898421e+01
4.668478844131018946e+01
4.669108214057568773e+01
4.669463754139493972e+01
4.670076603839169138e+01
4.670591946589422605e+01
4.671199898978393605e+01
4.671536488727887360e+01
4.672115798707737611e+01
4.672693524644907370e+01
4.673252546783125183e+01
4.656054662129675137e+01
4.656555685480698514e+01
4.657180036041118854e+01
4.657850741436175213e+01
4.658318588472531019e+01
4.658973929627342159e+01
4.641954416727610067e+01
4.642507427102026440e+01
4.629848466663215589e+01
4.630680688145817925e+01
4.640624107760529427e+01
4.589135526247746100e+01
4.589400807208224364e+01
4.589732432512238347e+01
4.590275931419077438e+01
4.590579571721854535e+01
4.591103354750595855e+01
4.591398420188772178e+01
4.591908557197975682e+01
4.592448312910794073e+01
4.560117285061048165e+01
4.561813010232878440e+01
4.562292998213349904e+01
4.562653520059829759e+01
4.563106225559725715e+01
4.563462121755186729e+01
4.564093526393725142e+01
4.564449256631788643e+01
4.565092790756089158e+01
4.565598954275175458e+01
4.566377629127937610e+01
4.601729170541990044e+01
4.512621774668583896e+01
4.512966809449265781e+01
4.513314059357680463e+01
4.513314059357680463e+01
4.513642047600499296e+01
4.513980444126640634e+01
4.513980444126640634e+01
4.466473237649798023e+01
4.466775425294365931e+01
4.466775425294365931e+01
4.467115873276668481e+01
4.467408719791905014e+01
4.467408719792196337e+01
4.467717997096256966e+01
4.468034470994867036e+01
4.468317078872640735e+01
4.468317696768184533e+01
4.468626307124981878e+01
4.468900328815638545e+01
4.467004509062724082e+01
4.467004509062724082e+01
4.467306450778053062e+01
4.467582753350304614e+01
4.467884384151049915e+01
4.468172366544663987e+01
4.468446575496173523e+01
4.468726800393103105e+01
4.468726800393103105e+01
4.469004310409140146e+01
4.469281225983831973e+01
4.469535324732796511e+01
4.469793686676375444e+01
4.470073704410494742e+01
4.470323927950118303e+01
4.415796460075969776e+01
4.416033887499813915e+01
4.416284495965528833e+01
4.416523209592784127e+01
4.416961762442264217e+01
4.417195784663013569e+01
4.417414819690909411e+01
4.417660404933109675e+01
4.417871535312924891e+01
4.418294009215007634e+01
4.418494493086687669e+01
4.418729161565019581e+01
4.419143466681526888e+01
4.419366001445386871e+01
4.419582328558259832e+01
4.420055783255999415e+01
4.420295413908695537e+01
4.366133535233727514e+01
4.421456452865962206e+01
4.422391969345703444e+01
4.482520622143096034e+01
4.373696176163888794e+01
4.300559504001959255e+01
4.300399266951737332e+01
4.300399266951737332e+01
4.300399266951737332e+01
4.300741531054083566e+01
4.300741531054083566e+01
4.300742350105615230e+01
4.300774495022261590e+01
4.301072314556702736e+01
4.301072314556702736e+01
4.301072314556702736e+01
4.301371421271225870e+01
4.301371421271225870e+01
4.301371421271225870e+01
4.301371421271225870e+01
4.297721072585900970e+01
4.297721084625955967e+01
4.297721084625955967e+01
4.298011585216867303e+01
4.298011585216867303e+01
4.298011585216867303e+01
4.298323480136792085e+01
4.298355277617606873e+01
4.298355277617606873e+01
4.298355277617606873e+01
4.298657977084442905e+01
4.298657977084442905e+01
4.298657977084501880e+01
4.298936485099591209e+01
4.298968131533865744e+01
4.298968131533865744e+01
4.299259358192096414e+01
4.299259358192096414e+01
4.299259358192096414e+01
4.299259358192096414e+01
4.299562255758878848e+01
4.299595537617391017e+01
4.299596568657105422e+01
4.299866824755271466e+01
4.299866824755271466e+01
4.299866836447453977e+01
4.300167425466858617e+01
4.300167425466858617e+01
4.300195574328521531e+01
4.300470285987344710e+01
4.300470285987344710e+01
4.300470285987344710e+01
4.300736138008095111e+01
4.300736138008095111e+01
4.300767914177693285e+01
4.301046130678705026e+01
4.301046130678705026e+01
4.301315158975541664e+01
4.301315158988442988e+01
4.301315158988442988e+01
4.272752625363983725e+01
4.272808728671449785e+01
4.272808728671449785e+01
4.273054083107211909e+01
4.273054083107211909e+01
4.273054083107211909e+01
4.273279842632452130e+01
4.273334802113404862e+01
4.273568496770893432e+01
4.273568517957484403e+01
4.273568517957484403e+01
4.273797986204105115e+01
4.273797986204105115e+01
4.274016009345778855e+01
4.274069373505594172e+01
4.274069373505594172e+01
4.274303759789411572e+01
4.274303759789411572e+01
4.274512881377025764e+01
4.274512881377025764e+01
4.274572480822737930e+01
4.274785601235849697e+01
4.274785601235849697e+01
4.275006440202270142e+01
4.275006440202270142e+01
4.275206023759159990e+01
4.275257466345958335e+01
4.275257466345958335e+01
4.275454328555815664e+01
4.275454328578904040e+01
4.248980654101139010e+01
4.248980654101139010e+01
4.249233607981351213e+01
4.249233607981351213e+01
4.249384005611571524e+01
4.249384005611571524e+01
4.249552114072125875e+01
4.249552114072125875e+01
4.246372046384369270e+01
4.246375294761619301e+01
4.246544912303642860e+01
4.246544912303642860e+01
4.246704303214484355e+01
4.246778535597059090e+01
4.246928466673594471e+01
4.246928466673594471e+01
4.247086437537430470e+01
4.247086437537430470e+01
4.247232997817623357e+01
4.247305113424209821e+01
4.247443788030145129e+01
4.247443788030145129e+01
4.237369430468879727e+01
4.237373522374640089e+01
4.237497674658420266e+01
4.237720248305760151e+01
4.237720248305760151e+01
4.237838948040896980e+01
4.237838993543395816e+01
4.237953730541346431e+01
4.235379580364376295e+01
4.235379580364376295e+01
4.235497817380685603e+01
4.235497817380685603e+01
4.235617503440305143e+01
4.235823559791371906e+01
4.235823559791371906e+01
4.235952182447994119e+01
4.236090321465263742e+01
4.236090321465263742e+01
4.205220495982634787e+01
4.205472779814833473e+01
4.205574631730154067e+01
4.205574631730154067e+01
4.205678425522012276e+01
4.205804894662959725e+01
4.206087611526751857e+01
4.206166821612792006e+01
4.206323864820369351e+01
4.206521337580826270e+01
4.206805850842287953e+01
4.239053835326448194e+01
4.240345032113097545e+01
4.243692643251108620e+01
4.245127505706778948e+01
4.205725598663448750e+01
4.190092271252058254e+01
4.180243016942195311e+01
4.178096649716403022e+01
4.178092551664262544e+01
4.178092551879797867e+01
4.178383992632700483e+01
4.178383992632700483e+01
4.178383992632700483e+01
4.178400049236735470e+01
4.178400049237639280e+01
4.178684428203202117e+01
4.178684428203202117e+01
4.178684428203202117e+01
4.178684428203202117e+01
4.178684428203202117e+01
4.178927723970965502e+01
4.178927723970965502e+01
4.178927911569275722e+01
4.178927911569275722e+01
4.179209980999911522e+01
4.179209980999911522e+01
4.179225174064274739e+01
4.179225174064274739e+01
4.179225174064274739e+01
4.179481589089792237e+01
4.179481589089792237e+01
4.179481589089792237e+01
4.179481589089792237e+01
4.179734549792959797e+01
4.179734549792959797e+01
4.179734549792959797e+01
4.179734549792959797e+01
4.179734549792959797e+01
4.129692616790873672e+01
4.129692617440208835e+01
4.129692617440208835e+01
4.129692617440208835e+01
4.129955174937887818e+01
4.129955174937887818e+01
4.129955174937887818e+01
4.129955738540539301e+01
4.130155955316931937e+01
4.130155955316931937e+01
4.130155955316931937e+01
4.130155955316931937e+01
4.130170843815536585e+01
4.130451522878198745e+01
4.130451522878198745e+01
4.130451522878198745e+01
4.130451522880924387e+01
4.130682979205035110e+01
4.130682979205035110e+01
4.130682979205035110e+01
4.130682979205035110e+01
4.130917554721508367e+01
4.130917554721508367e+01
4.130917554721508367e+01
4.130917554721508367e+01
4.131160551970334893e+01
4.131160551970334893e+01
4.131160551970334893e+01
4.131160551970334893e+01
4.131409989138772687e+01
4.131409989138772687e+01
4.131409989757241874e+01
4.131409989757241874e+01
4.131626266547166182e+01
4.131626266547166182e+01
4.131626266547166182e+01
4.131839812051640592e+01
4.131852565065122462e+01
4.131852565065122462e+01
4.131852565065122462e+01
4.132068010024892146e+01
4.132068010024892146e+01
4.132068010024892146e+01
4.132068010024892146e+01
4.132273344160692119e+01
4.132273344160692119e+01
4.132273344160692119e+01
4.132480733354806546e+01
4.132493652413924679e+01
4.132493652413924679e+01
4.132493652413924679e+01
4.132669985538810664e+01
4.132669985538810664e+01
4.132669985538810664e+01
4.091141269684541726e+01
4.091141269691381410e+01
4.091141269691381410e+01
4.091141269691381410e+01
4.091319014270700904e+01
4.091319014270700904e+01
4.091352305914379883e+01
4.091517208987607290e+01
4.091517208987607290e+01
4.091517208987607290e+01
4.091684154684602959e+01
4.091684154684602959e+01
4.091684154684602959e+01
4.091914925020991234e+01
4.091914925020991234e+01
4.091914925020991234e+01
4.091914925020991234e+01
4.092069512829809952e+01
4.092069512829809952e+01
4.092070014380058041e+01
4.092219973804814970e+01
4.092219973804814970e+01
4.092219973804814970e+01
4.092388448079452701e+01
4.092388448079452701e+01
4.092388448079452701e+01
4.092537370580171796e+01
4.092537370580171796e+01
4.092717060252256545e+01
4.092717060252256545e+01
4.092717060252256545e+01
4.092869027083416711e+01
4.092869027083416711e+01
4.092869027083416711e+01
4.093005634740706711e+01
4.093005636224293653e+01
4.093005636224293653e+01
4.049861010440753262e+01
4.049861010440753262e+01
4.050057478130025146e+01
4.050057478147169832e+01
4.050058887147953612e+01
4.050166346389809746e+01
4.050166346389809746e+01
4.050166346389809746e+01
4.050275639903837543e+01
4.050275639903837543e+01
4.050387999983536957e+01
4.050387999983536957e+01
4.050387999983536957e+01
4.050576822947836320e+01
4.050576822947836320e+01
4.050695752960923812e+01
4.050695752960923812e+01
4.050809387576591547e+01
4.050809387576591547e+01
4.050809387576591547e+01
4.050932831601232920e+01
4.050932831601232920e+01
4.031481749089301303e+01
4.031605895484456425e+01
4.031717344711734086e+01
4.031719431595054459e+01
4.031859271621826935e+01
4.031859277594443114e+01
4.031859277594443114e+01
4.032012164517556130e+01
4.032093695895812857e+01
4.032234394169795166e+01
4.032342362665324487e+01
4.032524575558235114e+01
4.052605170663713352e+01
4.052847192016179179e+01
4.053294949404084946e+01
4.054040957785896637e+01
4.099881565714299114e+01
4.100974556343622623e+01
4.104315712806547367e+01
4.059561501240774817e+01
4.059861853423703337e+01
4.033501466431733462e+01
4.033758649949231767e+01
4.019758713382761783e+01
4.008685858415924486e+01
4.000237832558617868e+01
3.996022195805780797e+01
3.995996003864536306e+01
3.995995581325098556e+01
3.995995581325098556e+01
3.995995581325098556e+01
3.995995581325098556e+01
3.996276808934544533e+01
3.996276808934544533e+01
3.996276822590212419e+01
3.996276822590212419e+01
3.996276822590212419e+01
3.996276822590212419e+01
3.996276822590212419e+01
3.996276822590212419e+01
3.996276822590212419e+01
3.996547142214413384e+01
3.996547142214413384e+01
3.996547142214413384e+01
3.996552036774531302e+01
3.996552036774531302e+01
3.996552036774531302e+01
3.996552036774531302e+01
3.996552036774531302e+01
3.996552036774531302e+01
3.996552036774531302e+01
3.996817622593665931e+01
3.996817622593665931e+01
3.996817622593665931e+01
3.996817622593665931e+01
3.996817622593665931e+01
3.996817622593665931e+01
3.996817622652096702e+01
3.996817622652096702e+01
3.996817622652096702e+01
3.996817622652096702e+01
3.989256606878933553e+01
3.989256606878933553e+01
3.989256623053761075e+01
3.989256623053761075e+01
3.989262903716172559e+01
3.989262903716172559e+01
3.989262903716172559e+01
3.989262903716172559e+01
3.989262903716172559e+01
3.989555516173717820e+01
3.989555516173717820e+01
3.989555516173717820e+01
3.989555516173717820e+01
3.989555516173717820e+01
3.989555516173717820e+01
3.989555516173717820e+01
3.989555516173717820e+01
3.989555516173717820e+01
3.989817119576891002e+01
3.989817119576891002e+01
3.989817119576891002e+01
3.989817119576891002e+01
3.989817119576891002e+01
3.989822683376920054e+01
3.989822683376920054e+01
3.989822683376920054e+01
3.989822683376920054e+01
3.960645080048451661e+01
3.960645080048451661e+01
3.960645080048451661e+01
3.960645080048451661e+01
3.960645080048451661e+01
3.960645114768303188e+01
3.960645142483156178e+01
3.960645142483156178e+01
3.960645142483156178e+01
3.960891325824204046e+01
3.960891325824204046e+01
3.960891325824204046e+01
3.960891325824204046e+01
3.960891325824204046e+01
3.960891325824204046e+01
3.960891325824204046e+01
3.960903224766163078e+01
3.960903224766163078e+01
3.961160107278871578e+01
3.961160107278871578e+01
3.961160107278871578e+01
3.961160107278871578e+01
3.961160107278871578e+01
3.961160107278871578e+01
3.961160107278871578e+01
3.961160107278871578e+01
3.961427859674243734e+01
3.961427859674243734e+01
3.961427859674243734e+01
3.961427859674243734e+01
3.961427859674243734e+01
3.961427859674243734e+01
3.961427859674243734e+01
3.961427859674243734e+01
3.961427889006699843e+01
3.961671656785280504e+01
3.961671656785280504e+01
3.961671656785280504e+01
3.961671656785280504e+01
3.961671656785280504e+01
3.961671656785280504e+01
3.961671656785280504e+01
3.961671656785280504e+01
3.961893097903686822e+01
3.961893097903686822e+01
3.961893097903686822e+01
3.961893097903686822e+01
3.961893097903686822e+01
3.961893097903686822e+01
3.961893097903686822e+01
3.961893097903686822e+01
3.962112646682656703e+01
3.962112646682656703e+01
3.962112646682656703e+01
3.962123545868303154e+01
3.962123545868303154e+01
3.962123545868303154e+01
3.962123545868303154e+01
3.962123545868303154e+01
3.962372829321210332e+01
3.962372829321210332e+01
3.962372858192345859e+01
3.962372858192345859e+01
3.962372858192345859e+01
3.962372858192345859e+01
3.962372858192345859e+01
3.962372858192345859e+01
3.962603352498950926e+01
3.962603352498950926e+01
3.962603352498950926e+01
3.962603352498950926e+01
3.962603352498950926e+01
3.962613617041620273e+01
3.962613617041620273e+01
3.962613617041620273e+01
3.935311645639399103e+01
3.935311645639399103e+01
3.935311645639399103e+01
3.935311645639399103e+01
3.935311646260736040e+01
3.935311646260736040e+01
3.935311646260736040e+01
3.935311646260736040e+01
3.935508713341152998e+01
3.935508713341152998e+01
3.935508713341152998e+01
3.935508713341152998e+01
3.935508713341152998e+01
3.935508766383884449e+01
3.935508766383884449e+01
3.935688197010829015e+01
3.935688197010829015e+01
3.935688197010829015e+01
3.935688197010829015e+01
3.935688197010829015e+01
3.935688197010829015e+01
3.935688197010829015e+01
3.935930141716127650e+01
3.935930141716127650e+01
3.935930141716127650e+01
3.935930141716127650e+01
3.935930141716127650e+01
3.935930141716127650e+01
3.935930141716127650e+01
3.935930141716127650e+01
3.936124587701369393e+01
3.936124587701369393e+01
3.936124587701369393e+01
3.936143783311610633e+01
3.936143783311610633e+01
3.936143783311610633e+01
3.936143783311610633e+01
3.936339232624757756e+01
3.936339232624757756e+01
3.936339232624757756e+01
3.936333640881309748e+01
3.936333640881309748e+01
3.936333640881309748e+01
3.936333640881309748e+01
3.936517555432219240e+01
3.936517555432219240e+01
3.936517555432219240e+01
3.936517555432219240e+01
3.936517555432219240e+01
3.936517555432219240e+01
3.936535173173113122e+01
3.936735087258423960e+01
3.936735087258423960e+01
3.936735087258423960e+01
3.936735087258423960e+01
3.936735087258423960e+01
3.936735087258423960e+01
3.936735087258423960e+01
3.906254716485703682e+01
3.906254716485703682e+01
3.906254716485703682e+01
3.906254716485703682e+01
3.906254716485703682e+01
3.906254716485703682e+01
3.906364796780117388e+01
3.906364796780117388e+01
3.906364796780117388e+01
3.906406785520260883e+01
3.906406785520260883e+01
3.906406818415855042e+01
3.906406818415855042e+01
3.906592235093984300e+01
3.906592235093984300e+01
3.906592235093984300e+01
3.906592235093984300e+01
3.906592236286500963e+01
3.906592236286500963e+01
3.906760388956291052e+01
3.906760388956291052e+01
3.906760388956291052e+01
3.906760388956291052e+01
3.906760388956291052e+01
3.906760388956291052e+01
3.906760388956291052e+01
3.906959049534215467e+01
3.906959049534215467e+01
3.906959049534215467e+01
3.906959049534215467e+01
3.906959049534215467e+01
3.906959049534215467e+01
3.907100336524074180e+01
3.907100336524074180e+01
3.907100336524074180e+01
3.907100336524074180e+01
3.907100336524074180e+01
3.907100336524074180e+01
3.907252088999889850e+01
3.907252114563532075e+01
3.907252114563532075e+01
3.907252114563532075e+01
3.907284348323027245e+01
3.907284348323027245e+01
3.872196936805319467e+01
3.872196936805319467e+01
3.872196936805319467e+01
3.872196936805319467e+01
3.872196936805319467e+01
3.872196936805319467e+01
3.872271026522044934e+01
3.872271026522044934e+01
3.872271029166097378e+01
3.872271029166097378e+01
3.872271029166097378e+01
3.872271029166097378e+01
3.872394695122355301e+01
3.872394695122355301e+01
3.872394695122355301e+01
3.872481875058899448e+01
3.872481875058899448e+01
3.872591824159472651e+01
3.872591824159472651e+01
3.872591824159472651e+01
3.872591824159472651e+01
3.872591881701323757e+01
3.872591881701323757e+01
3.872712838372435584e+01
3.872712838372435584e+01
3.872712838372435584e+01
3.872712838372435584e+01
3.872712838372435584e+01
3.872712838372435584e+01
3.872817995267233471e+01
3.872817995267233471e+01
3.872898393930813654e+01
3.872898393930813654e+01
3.872898393930813654e+01
3.872991053167548614e+01
3.872991053167548614e+01
3.872991053167548614e+01
3.872991053167548614e+01
3.872991053167548614e+01
3.834104270671164727e+01
3.834104270671164727e+01
3.834104270671164727e+01
3.834104276882527529e+01
3.834104276882527529e+01
3.834149665475569435e+01
3.834149665475569435e+01
3.834335450071761642e+01
3.834335450071761642e+01
3.834335450071761642e+01
3.834335450071761642e+01
3.834375255706873986e+01
3.834375255706873986e+01
3.834375255706873986e+01
3.834375255706873986e+01
3.834375255706873986e+01
3.834413267465630071e+01
3.834413267465630071e+01
3.834413267465630071e+01
3.834413267465630071e+01
3.834458752479622490e+01
3.834458752479622490e+01
3.834458752479622490e+01
3.787997563699035197e+01
3.787997563699035197e+01
3.788111714406589670e+01
3.788111714406589670e+01
3.788111714406589670e+01
3.788111714406589670e+01
3.788111714406589670e+01
3.788223111267747356e+01
3.788223111267747356e+01
3.788223506670938434e+01
3.788223506670938434e+01
3.717564388485208582e+01
3.717564388485208582e+01
3.717564388485208582e+01
3.717564388485208582e+01
3.717728870482427084e+01
3.717801872589384971e+01
3.717801872589384971e+01
3.717801872589384971e+01
3.717801872589384971e+01
3.717875978659132130e+01
3.717875978659132130e+01
3.717875978659132130e+01
3.717875978659132130e+01
3.717875978659132130e+01
3.717959293981114399e+01
3.717959293981114399e+01
3.717959293981114399e+01
3.717959293981114399e+01
3.718059699626149950e+01
3.718181421273504839e+01
3.718181421273504839e+01
3.718181421273504839e+01
3.718290542484866990e+01
3.718292507134195546e+01
3.718292507134195546e+01
3.718292507134195546e+01
3.718419322055690657e+01
3.718419322055690657e+01
3.718460353557608045e+01
3.718495576489803511e+01
3.718531616011217267e+01
3.718570148046585189e+01
3.718648403099503241e+01
3.747903372074671324e+01
3.747921198955225464e+01
3.747950486011311000e+01
3.748009311589878223e+01
3.748045569164814594e+01
3.748085344855252998e+01
3.748132580607800435e+01
3.748231937803966218e+01
3.798507134510863636e+01
3.799026839014558732e+01
3.799342336158197497e+01
3.867471685042815466e+01
3.868328653342918244e+01
3.947777095135285208e+01
3.913276613290277339e+01
3.872804348397215790e+01
3.873222532317740274e+01
3.873470020261167690e+01
3.873585209837123955e+01
3.805662828499112038e+01
3.805818152027140400e+01
3.805972168438548664e+01
3.806066489650158502e+01
3.806154032599654613e+01
3.806237600109295727e+01
3.751237919882834149e+01
3.751276088831438926e+01
3.751306350281788582e+01
3.739773563536128620e+01
3.739997284491502683e+01
3.739998844220269802e+01
3.736780437356595996e+01
3.736778873829403835e+01
3.736777291977905691e+01
3.736020341638916875e+01
3.736018901627321043e+01
3.735839191450611452e+01
3.735797114558694432e+01
3.735767760840421658e+01
3.735767760840421658e+01
3.735767760840421658e+01
3.735767760840421658e+01
3.735767760840421658e+01
3.736022792797123770e+01
3.736022792797123770e+01
3.736022792797123770e+01
3.736022792797123770e+01
3.736022792797123770e+01
3.736022792797123770e+01
3.736022792797123770e+01
3.736022792797123770e+01
3.736022792797123770e+01
3.736022792797123770e+01
3.736022792797123770e+01
3.736022792797123770e+01
3.736022792797123770e+01
3.736022792797123770e+01
3.736263707876921103e+01
3.736263707876921103e+01
3.736263707876921103e+01
3.736263707876921103e+01
3.736264992798712825e+01
3.736264992798712825e+01
3.736264992798712825e+01
3.736264992798712825e+01
3.736264992798712825e+01
3.736264992798712825e+01
3.736264992798712825e+01
3.736264992798712825e+01
3.736264992798712825e+01
3.736525759970488991e+01
3.736525759970488991e+01
3.736525759970488991e+01
3.736525759970488991e+01
3.736525759970488991e+01
3.736525759970488991e+01
3.736525759970488991e+01
3.736525759970488991e+01
3.736525759970488991e+01
3.736525759970488991e+01
3.736525759970488991e+01
3.736525759970488991e+01
3.736525759970488991e+01
3.736753750815529429e+01
3.736754999626751328e+01
3.736754999626751328e+01
3.736754999626751328e+01
3.736754999626751328e+01
3.736754999626751328e+01
3.736754999626751328e+01
3.736754999626751328e+01
3.736754999626751328e+01
3.736754999626751328e+01
3.736754999626751328e+01
3.736754999626751328e+01
3.736754999626751328e+01
3.737003879775848247e+01
3.737003879775848247e+01
3.737003879775848247e+01
3.737003879775848247e+01
3.737003879775848247e+01
3.737003879775848247e+01
3.737003879775848247e+01
3.737003936218958700e+01
3.737003936218958700e+01
3.737003936218958700e+01
3.737003936218958700e+01
3.737005173172059358e+01
3.737005173172059358e+01
3.737213368685854675e+01
3.737213368685854675e+01
3.737213368685854675e+01
3.737213368685854675e+01
3.737213368685854675e+01
3.737213368685854675e+01
3.737213368685854675e+01
3.737213368685854675e+01
3.737213368685854675e+01
3.737213368685854675e+01
3.737213368685854675e+01
3.737213368685854675e+01
3.737213368685854675e+01
3.641877481953565621e+01
3.641877481953565621e+01
3.641877481953565621e+01
3.641877481953565621e+01
3.641877481953565621e+01
3.641877481953565621e+01
3.641877481953565621e+01
3.641877481953565621e+01
3.641888461861745441e+01
3.641888461861745441e+01
3.641888461861745441e+01
3.641888461861745441e+01
3.641888461861745441e+01
3.642090907019048984e+01
3.642090907019048984e+01
3.642090907019048984e+01
3.642090907019048984e+01
3.642090907019048984e+01
3.642090907019048984e+01
3.642090907019048984e+01
3.642090907019048984e+01
3.642090907019048984e+01
3.642090907019048984e+01
3.642090907019048984e+01
3.642090907019048984e+01
3.642327586027259656e+01
3.642327586027259656e+01
3.642327586027259656e+01
3.642327586027259656e+01
3.642327586027259656e+01
3.642338412725893448e+01
3.642338412725893448e+01
3.642338412725893448e+01
3.642338412725893448e+01
3.642338412725893448e+01
3.642338412725893448e+01
3.642338412725893448e+01
3.642538217737369166e+01
3.642538217737369166e+01
3.642538217737369166e+01
3.642538217737369166e+01
3.642538217737369166e+01
3.642538217737369166e+01
3.642538217737369166e+01
3.642538217737369166e+01
3.642538717631691725e+01
3.642538717631691725e+01
3.642538717631691725e+01
3.642538717631691725e+01
3.642724173667645715e+01
3.642724173667645715e+01
3.642724173667645715e+01
3.642735074496977177e+01
3.642735074496977177e+01
3.642735074496977177e+01
3.642735074496977177e+01
3.642735074496977177e+01
3.642735074496977177e+01
3.642735074496977177e+01
3.642735074496977177e+01
3.642920427739434786e+01
3.642920427739434786e+01
3.642920427739434786e+01
3.642920427739434786e+01
3.642920427739434786e+01
3.642920427739434786e+01
3.642920427739434786e+01
3.642920427739434786e+01
3.642920427739434786e+01
3.642920427739434786e+01
3.642920427739434786e+01
3.642920427739434786e+01
3.643096287260176780e+01
3.643107060027885069e+01
3.643107060027885069e+01
3.643107060027885069e+01
3.643107060027885069e+01
3.643107566780567907e+01
3.643107566780567907e+01
