2.823250163281976199e+00
2.816121945892173795e+00
2.763274506522994223e+00
2.145155980575494947e+00
2.034788291286905970e+00
1.565837094534084484e+00
1.195789162225409097e+00
1.175824180825185694e+00
7.348188952518075467e-01
6.871071715425176585e-01
4.340396936505776515e-01
1.800491665922328011e-01
1.083296205801180107e-01
1.404449521878751474e-02
-1.394077314737366402e-01
-1.572035159070382104e-01
-1.005687054731845415e-01
-3.900084180868721578e-02
-4.165745047593939071e-02
-1.709167228074537082e-01
-2.134898243547372065e-01
-3.140163264644934560e-01
-4.124300952406508292e-01
-4.601525760179248081e-01
-5.188393670130921898e-01
-5.951386848865287682e-01
-6.841766585818138680e-01
-7.046319733869552682e-01
-7.023202119713672920e-01
-7.331689150832871871e-01
-7.848865145569159374e-01
-8.456170131668436785e-01
-8.848080595560650075e-01
-9.050118109352564000e-01
-9.548687245612494934e-01
-1.084136013439314095e+00
-1.121394895473641462e+00
-1.173262431630442082e+00
-1.221512270557731927e+00
-1.328541200453412063e+00
-1.343373791693654340e+00
-1.394647200593586156e+00
-1.856695229655306312e+00
-1.815334098123758677e+00
-1.784765498897615599e+00
-1.754085971457563620e+00
-1.724122033462621273e+00
-1.923804168329682485e+00
-1.850033096699096991e+00
-1.222393927057594532e+00
-1.220434552934987593e+00
-1.219123856789885885e+00
-1.217259676884970387e+00
-1.416788559322549768e+00
-1.415762116923980019e+00
-1.414684351654468930e+00
-1.412987650243159532e+00
-1.412812601720462524e+00
-1.411693102407948208e+00
-1.612281911936517931e+00
-1.612177278232107991e+00
-1.759087346030140608e+00
-1.757821399833415787e+00
-1.710355072360197903e+00
-2.342146950751986090e+00
-2.330716564258890511e+00
-2.319061086329105237e+00
-2.302934617268800555e+00
-2.290088166105523904e+00
-2.329781350354739544e+00
-2.327697762581964369e+00
-2.331607234654739180e+00
-2.542056512735227258e+00
-2.885665713715308556e+00
-2.880579200130255035e+00
-2.724961678537520360e+00
-2.213894753736435739e+00
-2.213111426640023360e+00
-2.212500338020608748e+00
-2.211426355570601743e+00
-2.211170465385612349e+00
-2.210092256959737433e+00
-2.209253510887974059e+00
-2.208146109620156672e+00
-1.840604197630298033e+00
-3.031988748168274128e+00
-2.901022733422213840e+00
-2.941133831117942243e+00
-2.923197606143134841e+00
-2.913042726293098461e+00
-2.900364037830001962e+00
-2.892042962293624342e+00
-3.372441869789390534e+00
-3.366848828071423494e+00
-3.366516106039304290e+00
-3.368472687306123703e+00
-3.444352941864087025e+00
-3.456889071528092661e+00
-3.474543110002108470e+00
-3.559531271986557055e+00
-3.481515562382869078e+00
-3.418248702337952860e+00
-2.857257976001482902e+00
-2.856379061775446981e+00
-2.889429987908712860e+00
-2.889429987908712860e+00
-2.888379005213034922e+00
-2.887363267205754536e+00
-2.886259079567452979e+00
-2.886245639134734198e+00
-2.885246104154917557e+00
-2.884228779953510458e+00
-2.884228779953510458e+00
-2.883977172303852754e+00
-2.882976988439386101e+00
-2.882062797308558189e+00
-2.881263462188357050e+00
-2.881267502208002540e+00
-2.880373533956672283e+00
-3.466469968132857016e+00
-3.465787136367198151e+00
-3.465520268924630276e+00
-3.464837460939885982e+00
-3.463590010481003123e+00
-3.462928024036050711e+00
-3.462612126247599953e+00
-3.462470939947016380e+00
-3.461877494888104145e+00
-3.460696222106179665e+00
-3.460138544486996537e+00
-3.459994035082398778e+00
-3.458848451366202337e+00
-3.458406352996540534e+00
-3.458066357189391038e+00
-3.457281675714835689e+00
-3.456628949492448477e+00
-4.045291859091467046e+00
-3.453938515160591471e+00
-3.451457389343151050e+00
-2.844304097336236126e+00
-4.066824073902451708e+00
-4.961053718506780008e+00
-4.868820091037151521e+00
-4.830028485618979239e+00
-4.817227802270106274e+00
-4.814257064554853471e+00
-4.798501828671552616e+00
-4.785480366442661726e+00
-4.785378980388847125e+00
-4.771108561446196994e+00
-4.765458513275167896e+00
-4.752167751781758653e+00
-4.804973776585510059e+00
-4.796184225210899044e+00
-4.789407109681228292e+00
-4.786130313311094397e+00
-4.821539704929080017e+00
-4.818263032363470089e+00
-4.819462500964530882e+00
-4.818889576507610961e+00
-4.823518819002272195e+00
-4.836003416943643884e+00
-4.896133242920982731e+00
-4.908986804382270641e+00
-4.927128674381018314e+00
-4.983366220970122384e+00
-4.996576745018447951e+00
-5.012740653589521145e+00
-5.043604221330556747e+00
-5.041075273132684664e+00
-5.181881388129569999e+00
-5.181881388129569999e+00
-5.179163959848850141e+00
-5.143638422785226538e+00
-4.982759161352915633e+00
-4.891557266254088709e+00
-4.207254747370360093e+00
-4.207784019051934443e+00
-4.208151918819114101e+00
-4.207147957605033461e+00
-4.207147957605033461e+00
-4.207298882606938406e+00
-4.206186190993208562e+00
-4.206186190993208562e+00
-4.206635697474369273e+00
-4.205621243995971703e+00
-4.205621243995971703e+00
-4.205621243995971703e+00
-4.204643357784463298e+00
-4.204667350064976716e+00
-4.205177613699080830e+00
-4.204156133138289064e+00
-4.204156133138289064e+00
-4.203485197103674409e+00
-4.203569204561000028e+00
-4.203569204561000028e+00
-4.509049876357112296e+00
-4.509214482724704709e+00
-4.509214482724704709e+00
-4.508526573180711594e+00
-4.508526573180711594e+00
-4.508526573180711594e+00
-4.507896070323379689e+00
-4.508095021053780016e+00
-4.507444071131680552e+00
-4.507589065990405430e+00
-4.507589065990405430e+00
-4.507248854895484769e+00
-4.507248854895484769e+00
-4.506644540449650016e+00
-4.506851258183223408e+00
-4.506851258183223408e+00
-4.506203225765041509e+00
-4.506203225765041509e+00
-4.505627178913275799e+00
-4.505627178913275799e+00
-4.505808127458266199e+00
-4.505222487945229837e+00
-4.505222487945229837e+00
-4.504617834673925181e+00
-4.504617834673925181e+00
-4.504353571545622437e+00
-4.504511742389310847e+00
-4.504511742389310847e+00
-4.503974966570409855e+00
-4.504050231056744735e+00
-4.788963014991087341e+00
-4.788963014991087341e+00
-4.788505139485890183e+00
-4.788505139485890183e+00
-4.788490029048576346e+00
-4.788490029048576346e+00
-4.788320725248987664e+00
-4.788320725248987664e+00
-4.815581876103689929e+00
-4.815843414171795622e+00
-4.815579637391810053e+00
-4.815579637391810053e+00
-4.815332556190261570e+00
-4.815182170106180770e+00
-4.814950890051400201e+00
-4.814950890051400201e+00
-4.814707937678607941e+00
-4.814707937678607941e+00
-4.814483202223260427e+00
-4.814338226635562989e+00
-4.814126565292720095e+00
-4.814126565292720095e+00
-4.896337855677670881e+00
-4.896604461487942039e+00
-4.896526558626939085e+00
-4.896076612409318685e+00
-4.896096636823607184e+00
-4.895981585877969167e+00
-4.896134649009427520e+00
-4.896023343828639796e+00
-4.929802845078628870e+00
-4.929802845078628870e+00
-4.929608596055368608e+00
-4.929608596055368608e+00
-4.929412416135257047e+00
-4.929075722445811714e+00
-4.929075722445811714e+00
-4.929119845487774043e+00
-4.928894757973445451e+00
-4.928894757973445451e+00
-5.281476997475802904e+00
-5.280827237684798448e+00
-5.281212652014578346e+00
-5.281212652014578346e+00
-5.281604135423693336e+00
-5.282079407066690102e+00
-5.281642665756481669e+00
-5.281940463841634070e+00
-5.282528679324071774e+00
-5.283264192007770532e+00
-5.284459325278683117e+00
-4.924567357409115331e+00
-4.922599386850691872e+00
-4.917723217265129954e+00
-4.915729834868900916e+00
-5.382193295697583757e+00
-5.570492683824687319e+00
-5.704655171033104821e+00
-5.732071466553276373e+00
-5.589961961422743819e+00
-5.588707662425127509e+00
-5.709247995490253302e+00
-5.733688878483704343e+00
-5.679632441163308343e+00
-5.723701491223851967e+00
-5.703495724964992242e+00
-5.680287610523214070e+00
-5.658644510978837694e+00
-5.633613838877035818e+00
-5.614351830536342014e+00
-5.583008648757324721e+00
-5.581028462448068161e+00
-5.548155833531120962e+00
-5.548264478370370512e+00
-5.560621480900196367e+00
-5.541653756095706207e+00
-5.538022069419081816e+00
-5.531486408008899680e+00
-5.526972383548371504e+00
-5.524717425507223112e+00
-5.523086235404280231e+00
-5.526277334605249614e+00
-5.532341216497215441e+00
-5.567894141774338834e+00
-5.581095887643646059e+00
-5.599796953145548706e+00
-5.619839912404274607e+00
-5.649777817943922642e+00
-5.651767811508134898e+00
-6.144294027138029968e+00
-6.145194277444114839e+00
-6.147984590221084567e+00
-6.150497719018793497e+00
-6.151903498652077751e+00
-6.155053499592032296e+00
-6.155750738369898833e+00
-6.161829212579464254e+00
-6.162271129385834989e+00
-6.188506561491315949e+00
-6.190848988826264332e+00
-6.193449524954252716e+00
-6.197061516734062359e+00
-6.199514813714725570e+00
-6.201117646626201463e+00
-6.201117646626201463e+00
-6.209605801253382573e+00
-6.208452282388818411e+00
-6.211123968405019902e+00
-6.211123968405019902e+00
-6.211123968405019902e+00
-6.221958429120677536e+00
-6.221958429120677536e+00
-6.199608264620178666e+00
-6.200813689957429986e+00
-6.203498099708669500e+00
-6.203879254516782460e+00
-6.207049549471262750e+00
-6.209761991618288235e+00
-6.209340740780224799e+00
-6.210853093415612314e+00
-6.213462244392564671e+00
-6.214890148040788098e+00
-6.215383421360797911e+00
-6.215735493941314083e+00
-6.218726228424549696e+00
-6.216794899284579401e+00
-6.217404934470684097e+00
-6.218018643210403873e+00
-6.219636338025792632e+00
-6.217328616158424026e+00
-6.217706006035072619e+00
-6.214916476575373494e+00
-6.212198934501433456e+00
-6.206143615725148166e+00
-6.207140758864786889e+00
-6.205590248425607136e+00
-6.175360661700300291e+00
-6.164109495692371432e+00
-6.158880540723722596e+00
-6.158880540723722596e+00
-6.157944590734542700e+00
-6.162011954005612857e+00
-6.162011954005612857e+00
-6.581769117901497879e+00
-6.580275078034055980e+00
-6.580275078034055980e+00
-6.580275078034055980e+00
-6.578873806644883970e+00
-6.578873806644883970e+00
-6.557029117349621572e+00
-6.555748221827411903e+00
-6.555748221827411903e+00
-6.555748221827411903e+00
-6.571049007216073434e+00
-6.067858689409800554e+00
-6.067858689409800554e+00
-6.067138978548339168e+00
-6.067158711216837474e+00
-6.067158711216837474e+00
-6.067158711216837474e+00
-6.067052511521353608e+00
-6.067052511521353608e+00
-6.067295409380451865e+00
-6.066828763995951057e+00
-6.066828763995951057e+00
-6.066828763995951057e+00
-6.066305826867162132e+00
-6.066305826867162132e+00
-6.066305826867162132e+00
-6.065844741673147134e+00
-6.065844741673147134e+00
-6.065724525548167101e+00
-6.065724525548167101e+00
-6.065724525548167101e+00
-6.065255429607652182e+00
-6.065317124136078597e+00
-6.065317124136078597e+00
-6.064896273146710648e+00
-6.065029168813139471e+00
-6.065029168813139471e+00
-6.518433652621078878e+00
-6.518433652621078878e+00
-6.518039810832839898e+00
-6.518116879775699424e+00
-6.518349301497615933e+00
-6.518228176020550713e+00
-6.518228176020550713e+00
-6.518228176020550713e+00
-6.518105255502742779e+00
-6.518105255502742779e+00
-6.517979171998576682e+00
-6.517979171998576682e+00
-6.517990918438423265e+00
-6.517608948614166842e+00
-6.517608948614166842e+00
-6.517476707536029146e+00
-6.517476707536029146e+00
-6.517350654916848285e+00
-6.517350654916848285e+00
-6.517350654916848285e+00
-6.517214052854720663e+00
-6.517214052854720663e+00
-6.722844855240177608e+00
-6.722133893868291743e+00
-6.722303161743059974e+00
-6.722510458844174863e+00
-6.722721373046437243e+00
-6.722838963712477245e+00
-6.722871656746684188e+00
-6.723100749420694022e+00
-6.723222541194121327e+00
-6.723432099674312212e+00
-6.723592381835491238e+00
-6.723861846401797848e+00
-6.515448499417770378e+00
-6.515190431384471736e+00
-6.514716362108202929e+00
-6.513936164812895058e+00
-6.047052437359920596e+00
-6.044033793824518774e+00
-6.035142491677324195e+00
-6.508585774648258493e+00
-6.508308307024434747e+00
-6.809461878195043560e+00
-6.808900347455624669e+00
-6.953153584766046613e+00
-7.066049273605447212e+00
-7.161021611760039818e+00
-7.213718401992015750e+00
-7.233183351587891607e+00
-7.184270777774799832e+00
-7.010760358893024069e+00
-6.992025411056588702e+00
-7.072032800225004578e+00
-7.114502873617698064e+00
-7.194609515229474006e+00
-7.235651880702302918e+00
-7.319614486933254227e+00
-7.298223697465672011e+00
-7.241619594735796639e+00
-7.225862934551589234e+00
-7.171150735980950763e+00
-7.147512557210695228e+00
-7.122319851282675529e+00
-7.120154931218391603e+00
-7.097580235275777305e+00
-7.073714594722265936e+00
-7.058073762883238622e+00
-7.037334250816744685e+00
-7.019238981591438886e+00
-7.006180210084490767e+00
-7.000563923468088312e+00
-6.994902661118016063e+00
-6.987525596026720187e+00
-6.985422476053958718e+00
-6.985422476053958718e+00
-7.001111418421269050e+00
-7.002025343065653828e+00
-7.002025343065653828e+00
-7.003977615845521143e+00
-7.006667476208377821e+00
-7.006667476208377821e+00
-7.007272175452040841e+00
-7.091066144456119602e+00
-7.091324432234074493e+00
-7.092794944923192624e+00
-7.094215751643139001e+00
-7.095127816348976602e+00
-7.096590134679240158e+00
-7.097224660742664781e+00
-7.098070798722692309e+00
-7.099462901533783565e+00
-7.097960941210042840e+00
-7.099421219174184117e+00
-7.100168179998749274e+00
-7.101352194191783873e+00
-7.102043384457266129e+00
-7.103455743432389724e+00
-7.104215856277114050e+00
-7.104932070484196061e+00
-7.107064931417062859e+00
-7.105048602602827224e+00
-7.106287393323101220e+00
-7.107057688019047248e+00
-7.107837232682454598e+00
-7.109494419295217860e+00
-7.110475058519967639e+00
-7.111385133003995662e+00
-7.113267176748818699e+00
-7.114045248407451894e+00
-7.410729042335127303e+00
-7.411697083638679295e+00
-7.413645336207861369e+00
-7.414634535852122177e+00
-7.415787526535521756e+00
-7.417771778658959647e+00
-7.418835337270496488e+00
-7.418835337270496488e+00
-7.420629221556853672e+00
-7.420137473957279184e+00
-7.420741820329600280e+00
-7.422061098889330744e+00
-7.423434544414350356e+00
-7.424267132736112274e+00
-7.425594670561833865e+00
-7.426450593639391862e+00
-7.427475710245503571e+00
-7.428403526920499544e+00
-7.427374608006914514e+00
-7.429578873604111955e+00
-7.430378563316025975e+00
-7.432202627842284137e+00
-7.433387679995122177e+00
-7.434445839955227342e+00
-7.435450632572151441e+00
-7.437574183627520874e+00
-7.435492083596528801e+00
-7.438119100384732008e+00
-7.438816635462316640e+00
-7.440304668075237160e+00
-7.440304668075237160e+00
-7.440304668075237160e+00
-7.446000815821288477e+00
-7.446000815821288477e+00
-7.446140339943073450e+00
-7.445269945776249010e+00
-7.446198083458017258e+00
-7.447680894779306726e+00
-7.447680894779306726e+00
-7.447680894779306726e+00
-7.453447359666050431e+00
-7.453447359666050431e+00
-7.453447359666050431e+00
-7.453352296895372042e+00
-7.454227336708915352e+00
-7.456176627445923799e+00
-7.457009651130766414e+00
-7.458467552347482155e+00
-7.459232077450435483e+00
-7.461784263679854590e+00
-7.462615663073860262e+00
-7.460880865086195968e+00
-7.465234496942175113e+00
-7.465234496942175113e+00
-7.465340915051476678e+00
-7.466958747014450282e+00
-7.467840712457015862e+00
-7.469439013034089747e+00
-7.471232152422677686e+00
-7.469252270458446752e+00
-7.469252270458446752e+00
-7.472936703710379547e+00
-7.473715826521964978e+00
-7.474346842552249903e+00
-7.475702530865474316e+00
-7.475702530865474316e+00
-7.475702530865474316e+00
-7.478935510597967351e+00
-7.478935510597967351e+00
-7.479469987683417642e+00
-7.480300322110167599e+00
-7.481818368961882015e+00
-7.482928195297388285e+00
-7.483808912510804490e+00
-7.484745433248355617e+00
-7.760469014552908718e+00
-7.760943673750643867e+00
-7.762633879719815333e+00
-7.764210778068888708e+00
-7.764438285602802914e+00
-7.766266625244600874e+00
-7.766266625244600874e+00
-7.766266625244600874e+00
-7.767259785692064433e+00
-7.767592038222021600e+00
-7.767889109349949806e+00
-7.769038954635642646e+00
-7.769096322272821098e+00
-7.769234383865630811e+00
-7.771462933233260095e+00
-7.770368798175928404e+00
-7.770777691020212430e+00
-7.770571388424755810e+00
-7.770571388424755810e+00
-7.773839885966437713e+00
-7.773839885966437713e+00
-7.773780874608947400e+00
-7.749880694495329791e+00
-7.750709358727940312e+00
-7.750643374381779971e+00
-7.750650560537560629e+00
-7.750650560537560629e+00
-7.750650560537560629e+00
-7.750650560537560629e+00
-7.755777175750107055e+00
-7.754241733685365290e+00
-7.754241733685365290e+00
-7.754241733685365290e+00
-7.754244815073167985e+00
-7.754244815073167985e+00
-7.754244815073167985e+00
-7.754244815073167985e+00
-7.752702906491419022e+00
-7.763736395715734595e+00
-7.763736395715734595e+00
-7.764754474896159664e+00
-7.764754474896159664e+00
-7.764798927119838545e+00
-7.764798927119838545e+00
-7.763895188920709067e+00
-7.767067678534743891e+00
-7.771548747269813262e+00
-7.786247709598030475e+00
-7.828426094846308914e+00
-7.291846464694038410e+00
-7.292189197017040492e+00
-7.291411842987514547e+00
-7.291411842987514547e+00
-7.291411842987514547e+00
-7.291411842987514547e+00
-7.291411842987514547e+00
-7.291411842987514547e+00
-7.291411842987514547e+00
-7.600657827837606462e+00
-7.600657827837606462e+00
-7.600657827837606462e+00
-7.600657827837606462e+00
-7.600657827837606462e+00
-7.600657827837606462e+00
-7.600285672407369297e+00
-7.600285672407369297e+00
-7.600285672407369297e+00
-7.600473797552896649e+00
-7.600473797552896649e+00
-7.600808206675725209e+00
-7.600883846544836508e+00
-7.600256718544000201e+00
-7.600256718544000201e+00
-7.600256718544000201e+00
-7.600256718544000201e+00
-7.600424120920520110e+00
-7.600424120920520110e+00
-7.599856486531864519e+00
-7.599856486531864519e+00
-7.599856486531864519e+00
-7.599856486531864519e+00
-7.599856486531864519e+00
-7.599856486531864519e+00
-7.599896577267691633e+00
-7.599527748078461542e+00
-7.599527748078461542e+00
-7.599655036965839550e+00
-7.599655036965839550e+00
-7.599655036965839550e+00
-7.599655036965839550e+00
-7.599179652492884962e+00
-7.599179652492884962e+00
-7.599179652492884962e+00
-7.599179652492884962e+00
-7.599179652492884962e+00
-7.599179652492884962e+00
-7.598670197463471609e+00
-7.598931176266378706e+00
-7.598931176266378706e+00
-7.598931176266378706e+00
-7.599077076260424946e+00
-7.599077076260424946e+00
-7.957418321408638917e+00
-7.957418321408638917e+00
-7.957418321408638917e+00
-7.957418321408638917e+00
-7.957418321408638917e+00
-7.957418321408638917e+00
-7.957285294235323825e+00
-7.957285294235323825e+00
-7.957448411942590560e+00
-7.957448411942590560e+00
-7.957448411942590560e+00
-7.957448411942590560e+00
-7.957226404955004995e+00
-7.957226404955004995e+00
-7.957226404955004995e+00
-7.956909880307646787e+00
-7.956909880307646787e+00
-7.956713590584382878e+00
-7.956713590584382878e+00
-7.956713590584382878e+00
-7.956713590584382878e+00
-7.956970854986320063e+00
-7.956970854986320063e+00
-7.956826379412227368e+00
-7.956826379412227368e+00
-7.956826379412227368e+00
-7.956826379412227368e+00
-7.956949541920140589e+00
-7.956949541920140589e+00
-7.956761720304221797e+00
-7.956761720304221797e+00
-7.956470349816073373e+00
-7.956470349816073373e+00
-7.956470349816073373e+00
-7.956305670297258104e+00
-7.956305670297258104e+00
-7.956305670297258104e+00
-7.956305670297258104e+00
-7.956305670297258104e+00
-8.353581054276910223e+00
-8.353581054276910223e+00
-8.353605715436751566e+00
-8.353759529943088680e+00
-8.353759529943088680e+00
-8.354188375373560405e+00
-8.354188375373560405e+00
-8.353053175418072129e+00
-8.353053175418072129e+00
-8.353053175418072129e+00
-8.353053175418072129e+00
-8.353430577425934089e+00
-8.353430577425934089e+00
-8.353467899663927554e+00
-8.353467899663927554e+00
-8.353467899663927554e+00
-8.353827601991600460e+00
-8.353827601991600460e+00
-8.353827601991600460e+00
-8.353827601991600460e+00
-8.354257219006974822e+00
-8.354257219006974822e+00
-8.354257219006974822e+00
-8.822186183218045485e+00
-8.822186183218045485e+00
-8.821800361919860833e+00
-8.821800361919860833e+00
-8.821800361919860833e+00
-8.821800361919860833e+00
-8.821800361919860833e+00
-8.821542146293932518e+00
-8.821542146293932518e+00
-8.821780065296445983e+00
-8.821787465483014401e+00
-9.537449511098090582e+00
-9.537449511098090582e+00
-9.537449511098090582e+00
-9.537449511098090582e+00
-9.536598214170291854e+00
-9.536774856108381826e+00
-9.536774856108381826e+00
-9.536774856108381826e+00
-9.536774856108381826e+00
-9.536953792583798162e+00
-9.536953792583798162e+00
-9.536953792583798162e+00
-9.536953792583798162e+00
-9.536953792583798162e+00
-9.537154513694801494e+00
-9.537154513694801494e+00
-9.537154513694801494e+00
-9.537154513694801494e+00
-9.537395774480737387e+00
-9.536608412921214750e+00
-9.536608412921214750e+00
-9.536608412921214750e+00
-9.536872283608310852e+00
-9.537084118052307602e+00
-9.537084118052307602e+00
-9.537084118052307602e+00
-9.537388976331442336e+00
-9.537388976331442336e+00
-9.537487378361557688e+00
-9.537571758354310703e+00
-9.537658006817657963e+00
-9.537750122222096394e+00
-9.537936888888848941e+00
-9.250569420341264504e+00
-9.250818889944731893e+00
-9.251228200586682604e+00
-9.252048340999539988e+00
-9.252690461437460101e+00
-9.253242102808233227e+00
-9.254005496528423080e+00
-9.255374067479733569e+00
-8.745263067135422119e+00
-8.744176511232835125e+00
-8.743521899118228191e+00
-8.063103910733302016e+00
-8.060065040478567866e+00
-7.277120366744162183e+00
-7.618783318818528549e+00
-8.045363852391242077e+00
-8.043988072533744926e+00
-8.043178046017011695e+00
-8.042833472248764437e+00
-8.731401369749017150e+00
-8.731115304315524739e+00
-8.730832469489779868e+00
-8.730659662522020525e+00
-8.730499548199521342e+00
-8.730402348602357421e+00
-9.290392913441424483e+00
-9.290846610444360110e+00
-9.291205695152957134e+00
-9.431140533423453931e+00
-9.429585358136115758e+00
-9.429684683454288674e+00
-9.473344431966319590e+00
-9.472890771611373495e+00
-9.472431295016008335e+00
-9.489142590433992552e+00
-9.487429298522936705e+00
-9.498721601896486177e+00
-9.498320657362127051e+00
-9.487746856236656257e+00
-9.477118779723811670e+00
-9.458011890267011168e+00
-9.439825848849562107e+00
-9.406508912081335438e+00
-9.354974318997474114e+00
-9.300325970608378512e+00
-9.266258479785864921e+00
-9.248569265801913630e+00
-9.276045261788876672e+00
-9.276184039811811388e+00
-9.276184039811811388e+00
-9.335858032953934682e+00
-9.335858032953934682e+00
-9.335858032953934682e+00
-9.403512788264375644e+00
-9.403512788264375644e+00
-9.459780135918949284e+00
-9.459780135918949284e+00
-9.457739080837413326e+00
-9.477750997348193707e+00
-9.477750997348193707e+00
-9.532460840325194695e+00
-9.532600942767354368e+00
-9.532600942767354368e+00
-9.595320445973641199e+00
-9.595320445973641199e+00
-9.595320445973641199e+00
-9.657807514862389198e+00
-9.657807514862389198e+00
-9.652604914538569503e+00
-9.652604914538569503e+00
-9.650324620609666226e+00
-9.717155635845990957e+00
-9.717155635845990957e+00
-9.777233224048945459e+00
-9.777233224048945459e+00
-9.777233224048945459e+00
-9.712209234859377815e+00
-9.712209234859377815e+00
-9.669809704409102480e+00
-9.669809704409102480e+00
-9.669809704409102480e+00
-9.745227183868694354e+00
-9.745227183868694354e+00
-9.825069599823555322e+00
-9.825132900320307172e+00
-9.825132900320307172e+00
-9.856515038293597541e+00
-9.856515038293597541e+00
-9.856515038293597541e+00
-9.960103117530765715e+00
-9.960103117530765715e+00
-1.009322442741213877e+01
-1.009322442741213877e+01
-1.009322442741213877e+01
-1.012630017921023828e+01
-1.012630017921023828e+01
-1.010714861626565053e+01
-1.010714861626565053e+01
-8.968195713717083351e+00
-8.968195713717083351e+00
-8.968195713717083351e+00
-8.968195713717083351e+00
-8.968195713717083351e+00
-8.968534707362648462e+00
-8.968534707362648462e+00
-8.968534707362648462e+00
-8.968534707362648462e+00
-8.969061554698619432e+00
-8.969061554698619432e+00
-8.967963191950437007e+00
-8.967963191950437007e+00
-8.967963191950437007e+00
-8.967963191950437007e+00
-8.967963191950437007e+00
-8.967963191950437007e+00
-8.967963191950437007e+00
-8.967963191950437007e+00
-8.967963191950437007e+00
-8.967963191950437007e+00
-8.967963191950437007e+00
-8.967963191950437007e+00
-8.967963191950437007e+00
-9.928846741599510750e+00
-9.928863440944217800e+00
-9.928863440944217800e+00
-9.928863440944217800e+00
-9.928863440944217800e+00
-9.928863440944217800e+00
-9.929017291435940251e+00
-9.929281918807099316e+00
-9.929696103773485660e+00
-9.929696103773485660e+00
-9.929696103773485660e+00
-9.929696103773485660e+00
-9.929696103773485660e+00
-9.929014940408256606e+00
-9.929014940408256606e+00
-9.929014940408256606e+00
-9.929014940408256606e+00
-9.929014940408256606e+00
-9.929014940408256606e+00
-9.929014940408256606e+00
-9.929014940408256606e+00
-9.929014940408256606e+00
-9.929014940408256606e+00
-9.929069719884109801e+00
-9.929069719884109801e+00
-9.927895474344838433e+00
-9.927895474344838433e+00
-9.927895474344838433e+00
-9.927895474344838433e+00
-9.927895474344838433e+00
-9.928305534455132531e+00
-9.928305534455132531e+00
-9.928305534455132531e+00
-9.928305534455132531e+00
-9.928305534455132531e+00
-9.928305534455132531e+00
-9.928305534455132531e+00
-9.927315791994518079e+00
-9.927400696502765243e+00
-9.927400696502765243e+00
-9.927400696502765243e+00
-9.927400696502765243e+00
-9.927400696502765243e+00
-9.927400696502765243e+00
-9.927400696502765243e+00
-9.927726054300435976e+00
-9.927726054300435976e+00
-9.927992387362202464e+00
-9.927992387362202464e+00
-9.927074320851616562e+00
-9.927074320851616562e+00
-9.927074320851616562e+00
-9.927488174054825976e+00
-9.927488174054825976e+00
-9.927488174054825976e+00
-9.927488174054825976e+00
-9.927488174054825976e+00
-9.927640233852113028e+00
-9.927640233852113028e+00
-9.927640233852113028e+00
-9.926723434090590104e+00
-9.926723434090590104e+00
-9.926723434090590104e+00
-9.926723434090590104e+00
-9.926723434090590104e+00
-9.926723434090590104e+00
-9.926723434090590104e+00
-9.926723434090590104e+00
-9.926723434090590104e+00
-9.926723434090590104e+00
-9.926723434090590104e+00
-9.926723434090590104e+00
-9.925855420535018681e+00
-9.926265866146041006e+00
-9.926265866146041006e+00
-9.926265866146041006e+00
-9.926265866146041006e+00
-9.926596561889247994e+00
-9.926596561889247994e+00
