9.100000000000000000e+01 -inf
9.400000000000000000e+01 -inf
9.600000000000000000e+01 -inf
9.800000000000000000e+01 -inf
1.000000000000000000e+02 -inf
1.020000000000000000e+02 -inf
1.040000000000000000e+02 -inf
1.060000000000000000e+02 -inf
1.080000000000000000e+02 -inf
1.100000000000000000e+02 -inf
1.140000000000000000e+02 -inf
1.180000000000000000e+02 -inf
1.210000000000000000e+02 -inf
1.250000000000000000e+02 -inf
1.270000000000000000e+02 -inf
1.280000000000000000e+02 -inf
1.310000000000000000e+02 -inf
1.320000000000000000e+02 -inf
1.340000000000000000e+02 -inf
1.370000000000000000e+02 -inf
1.400000000000000000e+02 -inf
1.430000000000000000e+02 -inf
1.470000000000000000e+02 -inf
1.510000000000000000e+02 -inf
1.550000000000000000e+02 -inf
1.590000000000000000e+02 -inf
1.620000000000000000e+02 -inf
1.660000000000000000e+02 -inf
1.700000000000000000e+02 -inf
1.730000000000000000e+02 -inf
1.770000000000000000e+02 -inf
1.800000000000000000e+02 -inf
1.820000000000000000e+02 -inf
1.860000000000000000e+02 -inf
1.910000000000000000e+02 -inf
1.940000000000000000e+02 -inf
1.980000000000000000e+02 -inf
2.020000000000000000e+02 -inf
2.050000000000000000e+02 -inf
2.100000000000000000e+02 -inf
2.160000000000000000e+02 -inf
2.200000000000000000e+02 -inf
2.230000000000000000e+02 -inf
2.270000000000000000e+02 -inf
2.300000000000000000e+02 2.295642888002749515e+01
2.340000000000000000e+02 2.332064935560986996e+01
2.400000000000000000e+02 2.370313486136190306e+01
2.460000000000000000e+02 2.409740269874139784e+01
2.520000000000000000e+02 2.443995784813884597e+01
2.570000000000000000e+02 2.465786687037237357e+01
2.600000000000000000e+02 2.486049001597537966e+01
2.640000000000000000e+02 2.506457083624505700e+01
2.690000000000000000e+02 2.528836267823598405e+01
2.740000000000000000e+02 2.552826955077108195e+01
2.790000000000000000e+02 2.576227449832786576e+01
2.840000000000000000e+02 2.601974407803682610e+01
2.900000000000000000e+02 2.627474199600037963e+01
2.960000000000000000e+02 2.652151026135088330e+01
3.010000000000000000e+02 2.671633282847626489e+01
3.080000000000000000e+02 2.697225737216202290e+01
3.180000000000000000e+02 2.735516648958278552e+01
3.280000000000000000e+02 2.768387993425783478e+01
3.380000000000000000e+02 2.801010111580607997e+01
3.480000000000000000e+02 2.830797466562425058e+01
3.570000000000000000e+02 2.864132444917615672e+01
3.660000000000000000e+02 2.889221084635666159e+01
3.750000000000000000e+02 2.910530564881095827e+01
3.850000000000000000e+02 2.934374524813148000e+01
3.950000000000000000e+02 2.957269048896420571e+01
4.050000000000000000e+02 2.978079909011630733e+01
4.140000000000000000e+02 2.996618286512852336e+01
4.220000000000000000e+02 3.011534722222697980e+01
4.300000000000000000e+02 3.026750290087286999e+01
4.410000000000000000e+02 3.046292143449483802e+01
4.510000000000000000e+02 3.063021987202699137e+01
4.600000000000000000e+02 3.077142802767725271e+01
4.700000000000000000e+02 3.092825214323764627e+01
4.800000000000000000e+02 3.107465866385251019e+01
4.900000000000000000e+02 3.121788024875952061e+01
5.000000000000000000e+02 3.135336107486606494e+01
5.060000000000000000e+02 3.233527224871173900e+01
5.120000000000000000e+02 3.301760843022152869e+01
5.200000000000000000e+02 3.309167361406349528e+01
5.300000000000000000e+02 3.319407171222577801e+01
5.400000000000000000e+02 3.322324786357133775e+01
5.500000000000000000e+02 3.338944966229601619e+01
5.600000000000000000e+02 3.345848660889255655e+01
5.700000000000000000e+02 3.354891534219352422e+01
5.800000000000000000e+02 3.354208035374578856e+01
5.900000000000000000e+02 3.366244208636405943e+01
6.000000000000000000e+02 3.373103532414678796e+01
6.100000000000000000e+02 3.380690000665607187e+01
6.200000000000000000e+02 3.385629897659155318e+01
6.300000000000000000e+02 3.391213322087173765e+01
6.400000000000000000e+02 3.393637778470363742e+01
6.500000000000000000e+02 3.400193619619818719e+01
6.580000000000000000e+02 3.405219831571902489e+01
6.650000000000000000e+02 3.408082854082741164e+01
6.750000000000000000e+02 3.410063072126897765e+01
6.850000000000000000e+02 3.413730614863912649e+01
6.950000000000000000e+02 3.421601403889832227e+01
7.050000000000000000e+02 3.424027184955750869e+01
7.160000000000000000e+02 3.429265271197504461e+01
7.260000000000000000e+02 3.432251308021189118e+01
7.350000000000000000e+02 3.434739988370864694e+01
7.450000000000000000e+02 3.440098907307308451e+01
7.550000000000000000e+02 3.443762508146880208e+01
7.650000000000000000e+02 3.447330075980326569e+01
7.750000000000000000e+02 3.450962682944383175e+01
7.850000000000000000e+02 3.454363348815844859e+01
7.950000000000000000e+02 3.456710198880735163e+01
8.050000000000000000e+02 3.459342818010405551e+01
8.150000000000000000e+02 3.461421981702816453e+01
8.250000000000000000e+02 3.465235588658467236e+01
8.350000000000000000e+02 3.463324583315383620e+01
8.450000000000000000e+02 3.468855837436697698e+01
8.550000000000000000e+02 3.470987346220837821e+01
8.650000000000000000e+02 3.473963390471415380e+01
8.750000000000000000e+02 3.477074423478079979e+01
8.850000000000000000e+02 3.480314880272853628e+01
8.950000000000000000e+02 3.482642057807746738e+01
9.050000000000000000e+02 3.483421822205102103e+01
9.150000000000000000e+02 3.501650845631075981e+01
9.250000000000000000e+02 3.585971069324141780e+01
9.350000000000000000e+02 3.631278710979198365e+01
9.450000000000000000e+02 3.668797300044019494e+01
9.550000000000000000e+02 3.681974006147169831e+01
9.650000000000000000e+02 3.690047726181472143e+01
9.750000000000000000e+02 3.613848582924447328e+01
9.850000000000000000e+02 3.686479710857059189e+01
9.950000000000000000e+02 3.683889350643978844e+01
1.005000000000000000e+03 3.693851779107340860e+01
1.015000000000000000e+03 3.691261874848295577e+01
1.025000000000000000e+03 3.651160323988521128e+01
1.035000000000000000e+03 3.679647084189215889e+01
1.045000000000000000e+03 3.699482675720537372e+01
1.055000000000000000e+03 3.696605617545721145e+01
1.065000000000000000e+03 3.688883917855013550e+01
1.075000000000000000e+03 3.694056379776638721e+01
1.085000000000000000e+03 3.686453751081527486e+01
1.095000000000000000e+03 3.694344902761421423e+01
1.105000000000000000e+03 3.690682998490259337e+01
1.115000000000000000e+03 3.689753949429535851e+01
1.125000000000000000e+03 3.683571612191224176e+01
1.135000000000000000e+03 3.690819061173472448e+01
1.145000000000000000e+03 3.686735066746143730e+01
1.155000000000000000e+03 3.687908523319850218e+01
1.165000000000000000e+03 3.687944592285411005e+01
1.175000000000000000e+03 3.672041513985446670e+01
1.185000000000000000e+03 3.686243323752486845e+01
1.195000000000000000e+03 3.680361818266729301e+01
1.205000000000000000e+03 3.667945030356392522e+01
1.215000000000000000e+03 3.643688792703274260e+01
1.225000000000000000e+03 3.674910434537856219e+01
1.235000000000000000e+03 3.682862257440737608e+01
1.245000000000000000e+03 3.683473974485121971e+01
1.255000000000000000e+03 3.681481209115397490e+01
1.265000000000000000e+03 3.679950559266011112e+01
1.275000000000000000e+03 3.682540896482503001e+01
1.285000000000000000e+03 3.681855981980199033e+01
1.295000000000000000e+03 3.674209174530854227e+01
1.305000000000000000e+03 3.675308340257655715e+01
1.315000000000000000e+03 3.679952702922791019e+01
1.325000000000000000e+03 3.677201539333431413e+01
1.335000000000000000e+03 3.674556957934180446e+01
1.345000000000000000e+03 3.676286949329802667e+01
1.355000000000000000e+03 3.675615471766545994e+01
1.365000000000000000e+03 3.672402474875962497e+01
1.375000000000000000e+03 3.671688650085376082e+01
1.385000000000000000e+03 3.671477420134123548e+01
1.395000000000000000e+03 3.662730856031738824e+01
1.405000000000000000e+03 3.664654512202433523e+01
1.415000000000000000e+03 3.667516182199403829e+01
1.425000000000000000e+03 3.666583066050307593e+01
1.435000000000000000e+03 3.667131937847791789e+01
1.442000000000000000e+03 3.667788226594809942e+01
1.447000000000000000e+03 3.666904355874495991e+01
1.455000000000000000e+03 3.665869464493290764e+01
1.465000000000000000e+03 3.662879562438962466e+01
1.475000000000000000e+03 3.662845778851296075e+01
1.485000000000000000e+03 3.662059079140505702e+01
1.495000000000000000e+03 3.661444295700695761e+01
1.505000000000000000e+03 3.658087589645857207e+01
1.512000000000000000e+03 3.653259953919221914e+01
1.517000000000000000e+03 3.654660717649640134e+01
1.525000000000000000e+03 3.655640176066578562e+01
1.535000000000000000e+03 3.649857121362836665e+01
1.545000000000000000e+03 3.649857115535206731e+01
1.555000000000000000e+03 3.648093281661718379e+01
1.565000000000000000e+03 3.650480333962924817e+01
1.575000000000000000e+03 3.652441339236413853e+01
1.585000000000000000e+03 3.652148107185288239e+01
1.595000000000000000e+03 3.652104235485671779e+01
1.605000000000000000e+03 3.651783740525571886e+01
1.615000000000000000e+03 3.651040960809116598e+01
1.625000000000000000e+03 3.650087387786733473e+01
1.635000000000000000e+03 3.651773582338790902e+01
1.645000000000000000e+03 3.651226702559824844e+01
1.655000000000000000e+03 3.650267348451254179e+01
1.665000000000000000e+03 3.651197073854541486e+01
1.672000000000000000e+03 3.649463888454739902e+01
1.677000000000000000e+03 3.651491316164587886e+01
1.685000000000000000e+03 3.650856531872176447e+01
1.695000000000000000e+03 3.648828940191938131e+01
1.705000000000000000e+03 3.647237503852174711e+01
1.715000000000000000e+03 3.645090846521728878e+01
1.725000000000000000e+03 3.644467790700338128e+01
1.735000000000000000e+03 3.645751208229881968e+01
1.745000000000000000e+03 3.644458856340105513e+01
1.755000000000000000e+03 3.645096559786998114e+01
1.765000000000000000e+03 3.643376659354022706e+01
1.775000000000000000e+03 3.641943505619057930e+01
1.785000000000000000e+03 3.642315151544113405e+01
1.795000000000000000e+03 3.643210956720110971e+01
1.805000000000000000e+03 3.643174729626911557e+01
1.815000000000000000e+03 3.639124726467612447e+01
1.825000000000000000e+03 3.640474669504596505e+01
1.835000000000000000e+03 3.638994884659697959e+01
1.845000000000000000e+03 3.635271744272240824e+01
1.855000000000000000e+03 3.635034180297938633e+01
1.865000000000000000e+03 3.635648307113571320e+01
1.875000000000000000e+03 3.637454788564440378e+01
1.885000000000000000e+03 3.632857681024569985e+01
1.895000000000000000e+03 3.629774840782852152e+01
1.905000000000000000e+03 3.633014942944257086e+01
1.915000000000000000e+03 3.630529237827176559e+01
1.925000000000000000e+03 3.628740145019817476e+01
1.935000000000000000e+03 3.630760187221891044e+01
1.945000000000000000e+03 3.631648736597256288e+01
1.955000000000000000e+03 3.627652702958594233e+01
1.967000000000000000e+03 3.630550306340514766e+01
1.976000000000000000e+03 3.632136364954695296e+01
1.984000000000000000e+03 3.629001178813985007e+01
1.995000000000000000e+03 3.628097283824241259e+01
2.005000000000000000e+03 3.629075316682345687e+01
2.015000000000000000e+03 3.628569811013596791e+01
2.025000000000000000e+03 3.629775217038218216e+01
2.035000000000000000e+03 3.626244534817629983e+01
2.045000000000000000e+03 3.626663832426348222e+01
2.055000000000000000e+03 3.625435211255454249e+01
2.065000000000000000e+03 3.625750771479464163e+01
2.074000000000000000e+03 3.627593682550575238e+01
2.078000000000000000e+03 3.623919993982639198e+01
2.085000000000000000e+03 3.625362249301218753e+01
2.095000000000000000e+03 3.623037569730536234e+01
2.105000000000000000e+03 3.624261660086754944e+01
2.115000000000000000e+03 3.624058878866164690e+01
2.125000000000000000e+03 3.624532460255033328e+01
2.135000000000000000e+03 3.623546624954485651e+01
2.145000000000000000e+03 3.621547776033710875e+01
2.155000000000000000e+03 3.622955614060130358e+01
2.165000000000000000e+03 3.622497983339201255e+01
2.175000000000000000e+03 3.621849737074444420e+01
2.185000000000000000e+03 3.620805634745364898e+01
2.195000000000000000e+03 3.621171338934787087e+01
2.205000000000000000e+03 3.620554749510950643e+01
2.215000000000000000e+03 3.619836948208042315e+01
2.225000000000000000e+03 3.618649471732865663e+01
2.235000000000000000e+03 3.618425266875207313e+01
2.245000000000000000e+03 3.618395999613861846e+01
2.255000000000000000e+03 3.617201111533171343e+01
2.265000000000000000e+03 3.617455032668550530e+01
2.275000000000000000e+03 3.616923687703364010e+01
2.285000000000000000e+03 3.616869960413798424e+01
2.295000000000000000e+03 3.614881414697674700e+01
2.305000000000000000e+03 3.615389932591629929e+01
2.315000000000000000e+03 3.614152635745377040e+01
2.325000000000000000e+03 3.608603431629209268e+01
2.335000000000000000e+03 3.612316688369331530e+01
2.345000000000000000e+03 3.612121720900780986e+01
2.355000000000000000e+03 3.612181914209607214e+01
2.365000000000000000e+03 3.611363757077479875e+01
2.375000000000000000e+03 3.610830694569568777e+01
2.385000000000000000e+03 3.610208011266806949e+01
2.395000000000000000e+03 3.610117896541083837e+01
2.405000000000000000e+03 3.609182135966399585e+01
2.415000000000000000e+03 3.608790096498766076e+01
2.425000000000000000e+03 3.608846717527916326e+01
2.435000000000000000e+03 3.607625283185065257e+01
2.445000000000000000e+03 3.607680889052080175e+01
2.455000000000000000e+03 3.607558881540502682e+01
2.465000000000000000e+03 3.606698001024270894e+01
2.475000000000000000e+03 3.606140533317949348e+01
2.485000000000000000e+03 3.605825336657206037e+01
2.495000000000000000e+03 3.603122118539634755e+01
2.505000000000000000e+03 3.604844138924823937e+01
2.513000000000000000e+03 3.602952007380646648e+01
2.518000000000000000e+03 3.604173718430067908e+01
2.525000000000000000e+03 3.603389251183642017e+01
2.535000000000000000e+03 3.602769897425398682e+01
2.545000000000000000e+03 3.601914355626338704e+01
2.555000000000000000e+03 3.602289749475892933e+01
2.565000000000000000e+03 3.601702755655414023e+01
2.575000000000000000e+03 3.601689414965767355e+01
2.585000000000000000e+03 3.601260865652963616e+01
2.595000000000000000e+03 3.600766832957691577e+01
2.605000000000000000e+03 3.600127872367476556e+01
2.615000000000000000e+03 3.599622931124375924e+01
2.625000000000000000e+03 3.599289628564106636e+01
2.635000000000000000e+03 3.598894597448428101e+01
2.645000000000000000e+03 3.599046795450461644e+01
2.655000000000000000e+03 3.598730456963397728e+01
2.665000000000000000e+03 3.597553097852541981e+01
2.675000000000000000e+03 3.597535326795711796e+01
2.685000000000000000e+03 3.597301742936889468e+01
2.695000000000000000e+03 3.596114198453719268e+01
2.705000000000000000e+03 3.595860462589336493e+01
2.715000000000000000e+03 3.595401732425395380e+01
2.725000000000000000e+03 3.594831270281582647e+01
2.735000000000000000e+03 3.594819258371730797e+01
2.745000000000000000e+03 3.593386575492390023e+01
2.755000000000000000e+03 3.593207275095987541e+01
2.765000000000000000e+03 3.592898043389391205e+01
2.775000000000000000e+03 3.593110292600753297e+01
2.785000000000000000e+03 3.592472993958259764e+01
2.795000000000000000e+03 3.590657514421981489e+01
2.805000000000000000e+03 3.591129026509559452e+01
2.815000000000000000e+03 3.591358931583430092e+01
2.825000000000000000e+03 3.590676048823939226e+01
2.835000000000000000e+03 3.589347567455560295e+01
2.845000000000000000e+03 3.589695782014499059e+01
2.855000000000000000e+03 3.589220263420816082e+01
2.865000000000000000e+03 3.589194441290955950e+01
2.875000000000000000e+03 3.588689872892770438e+01
2.885000000000000000e+03 3.588275452384444009e+01
2.895000000000000000e+03 3.587798530822708187e+01
2.910000000000000000e+03 3.587186500926296873e+01
2.930000000000000000e+03 3.586255662575704406e+01
2.950000000000000000e+03 3.585087661721192376e+01
2.970000000000000000e+03 3.584611515091320655e+01
2.990000000000000000e+03 3.583675159376645780e+01
3.010000000000000000e+03 3.582692829594364525e+01
3.030000000000000000e+03 3.582218876330902191e+01
3.050000000000000000e+03 3.581408069514712622e+01
3.070000000000000000e+03 3.580574141780715536e+01
3.090000000000000000e+03 3.579521210166490874e+01
3.110000000000000000e+03 3.578921171798538126e+01
3.130000000000000000e+03 3.578001195317089866e+01
3.150000000000000000e+03 3.577307458397826423e+01
3.170000000000000000e+03 3.576460365620425108e+01
3.190000000000000000e+03 3.575280723680980088e+01
3.210000000000000000e+03 3.574953072610797733e+01
3.230000000000000000e+03 3.573990219389428802e+01
3.250000000000000000e+03 3.573451184021760696e+01
3.270000000000000000e+03 3.572810012382306155e+01
3.290000000000000000e+03 3.572034352311744954e+01
3.310000000000000000e+03 3.571307736166654934e+01
3.330000000000000000e+03 3.570523210118886226e+01
3.350000000000000000e+03 3.569660956424506537e+01
3.370000000000000000e+03 3.568773368266756307e+01
3.390000000000000000e+03 3.568133471735107776e+01
3.410000000000000000e+03 3.567488388917253417e+01
3.430000000000000000e+03 3.566267477242400474e+01
3.450000000000000000e+03 3.565605191331320611e+01
3.470000000000000000e+03 3.565275738231474634e+01
3.490000000000000000e+03 3.564734598188076831e+01
3.510000000000000000e+03 3.564289676616456859e+01
3.530000000000000000e+03 3.563417362496551988e+01
3.550000000000000000e+03 3.563092088473246832e+01
3.570000000000000000e+03 3.561844617166077853e+01
3.590000000000000000e+03 3.560782531672205664e+01
3.610000000000000000e+03 3.560447360257483496e+01
3.630000000000000000e+03 3.560179047148812970e+01
3.640000000000000000e+03 3.560331694821284998e+01
3.650000000000000000e+03 3.559991016552472587e+01
3.670000000000000000e+03 3.559837347403791341e+01
3.690000000000000000e+03 3.557491439068719785e+01
3.710000000000000000e+03 3.556406002287863544e+01
3.730000000000000000e+03 3.554520949679752562e+01
3.750000000000000000e+03 3.558172173461442611e+01
3.770000000000000000e+03 3.558872474068653702e+01
3.790000000000000000e+03 3.561335171778603126e+01
3.810000000000000000e+03 3.563362312083260974e+01
3.830000000000000000e+03 3.556963602846339967e+01
3.850000000000000000e+03 3.563625043256604386e+01
3.870000000000000000e+03 3.564006398273217258e+01
3.890000000000000000e+03 3.554910113366160829e+01
3.910000000000000000e+03 3.564080921926831991e+01
3.930000000000000000e+03 3.561294259893463732e+01
3.950000000000000000e+03 3.561862775412284066e+01
3.970000000000000000e+03 3.550199971511778330e+01
3.990000000000000000e+03 3.562147140340044160e+01
4.010000000000000000e+03 3.563509036198843205e+01
4.030000000000000000e+03 3.561900951133161186e+01
4.050000000000000000e+03 3.562283599306292103e+01
4.070000000000000000e+03 3.560596118895517748e+01
4.090000000000000000e+03 3.559162590251221303e+01
4.110000000000000000e+03 3.553408741214812494e+01
4.130000000000000000e+03 3.559046579765037421e+01
4.150000000000000000e+03 3.558850245101094600e+01
4.170000000000000000e+03 3.558484258518979004e+01
4.190000000000000000e+03 3.558318299114996819e+01
4.210000000000000000e+03 3.557935617748771051e+01
4.230000000000000000e+03 3.556886903908269204e+01
4.250000000000000000e+03 3.557180350969731109e+01
4.270000000000000000e+03 3.555763087463841288e+01
4.290000000000000000e+03 3.555230020318426654e+01
4.310000000000000000e+03 3.553506058149391578e+01
4.330000000000000000e+03 3.552694831308964041e+01
4.350000000000000000e+03 3.549999067063600222e+01
4.370000000000000000e+03 3.555660580399623427e+01
4.390000000000000000e+03 3.553719047561607880e+01
4.410000000000000000e+03 3.553882301733578686e+01
4.430000000000000000e+03 3.554595519500566780e+01
4.450000000000000000e+03 3.554483682500335817e+01
4.470000000000000000e+03 3.553688407354084688e+01
4.490000000000000000e+03 3.554879082994069961e+01
4.510000000000000000e+03 3.556839034091178320e+01
4.530000000000000000e+03 3.554036361334350147e+01
4.550000000000000000e+03 3.554198663790106139e+01
4.570000000000000000e+03 3.555209255598010998e+01
4.590000000000000000e+03 3.554203228802420256e+01
4.610000000000000000e+03 3.554302889352427286e+01
4.630000000000000000e+03 3.553521490982716813e+01
4.650000000000000000e+03 3.553222542207213053e+01
4.670000000000000000e+03 3.553939863431853041e+01
4.690000000000000000e+03 3.553528510469129742e+01
4.710000000000000000e+03 3.552171234088077512e+01
4.730000000000000000e+03 3.552578534518427489e+01
4.750000000000000000e+03 3.552909513321816348e+01
4.770000000000000000e+03 3.552841474950045608e+01
4.790000000000000000e+03 3.552241614431144967e+01
4.810000000000000000e+03 3.551985315549846689e+01
4.830000000000000000e+03 3.552192034032468371e+01
4.850000000000000000e+03 3.549293721754427366e+01
4.870000000000000000e+03 3.545085846010712771e+01
4.890000000000000000e+03 3.550905859110346086e+01
4.910000000000000000e+03 3.550780382013448389e+01
4.930000000000000000e+03 3.549411037943927738e+01
4.950000000000000000e+03 3.550964520287284643e+01
4.970000000000000000e+03 3.550162467079618978e+01
4.990000000000000000e+03 3.548308822674557916e+01
5.010000000000000000e+03 3.546365189686570574e+01
5.030000000000000000e+03 3.547776915401712472e+01
5.050000000000000000e+03 3.547067655801928510e+01
5.070000000000000000e+03 3.548020471256806729e+01
5.090000000000000000e+03 3.545885385285441771e+01
5.110000000000000000e+03 3.546254207434419925e+01
5.130000000000000000e+03 3.544656251923090196e+01
5.150000000000000000e+03 3.543858019277236338e+01
5.170000000000000000e+03 3.542721800904275398e+01
5.190000000000000000e+03 3.543633414787351654e+01
5.210000000000000000e+03 3.543945503429737443e+01
5.230000000000000000e+03 3.546296047789299166e+01
5.250000000000000000e+03 3.546911182942341867e+01
5.270000000000000000e+03 3.543871051146469142e+01
5.290000000000000000e+03 3.547113233158613355e+01
5.310000000000000000e+03 3.548775607690788547e+01
5.330000000000000000e+03 3.545227107727133387e+01
5.350000000000000000e+03 3.547697915052131634e+01
5.370000000000000000e+03 3.547540435696303973e+01
5.390000000000000000e+03 3.546020968241769822e+01
5.410000000000000000e+03 3.545945887563773624e+01
5.430000000000000000e+03 3.545782422803918621e+01
5.450000000000000000e+03 3.547128242624190619e+01
5.470000000000000000e+03 3.546012280014332418e+01
5.490000000000000000e+03 3.545699175793602365e+01
5.510000000000000000e+03 3.545423964893284818e+01
5.530000000000000000e+03 3.546605465928683998e+01
5.550000000000000000e+03 3.546957402492668621e+01
5.570000000000000000e+03 3.546363839656890349e+01
5.590000000000000000e+03 3.545436314868669569e+01
5.610000000000000000e+03 3.546731400653465016e+01
5.630000000000000000e+03 3.546019273366171376e+01
5.650000000000000000e+03 3.546257035378677358e+01
5.670000000000000000e+03 3.545247439129217071e+01
5.690000000000000000e+03 3.546324012805680326e+01
5.710000000000000000e+03 3.544577234009550892e+01
5.730000000000000000e+03 3.547366873228007478e+01
5.750000000000000000e+03 3.545977284692371256e+01
5.770000000000000000e+03 3.546548913388908630e+01
5.790000000000000000e+03 3.544599068574920864e+01
5.810000000000000000e+03 3.546427773541015682e+01
5.830000000000000000e+03 3.547580047808141757e+01
5.850000000000000000e+03 3.546285771780219420e+01
5.870000000000000000e+03 3.546042416469115466e+01
5.890000000000000000e+03 3.541303712502553225e+01
5.910000000000000000e+03 3.545707432345832899e+01
5.930000000000000000e+03 3.545913625614022635e+01
5.950000000000000000e+03 3.545634812373019429e+01
5.970000000000000000e+03 3.546664474444717996e+01
5.990000000000000000e+03 3.545517709887872115e+01
6.010000000000000000e+03 3.544936932534401564e+01
6.030000000000000000e+03 3.546051757589273024e+01
6.050000000000000000e+03 3.546506393085485342e+01
6.070000000000000000e+03 3.546257211176147450e+01
6.090000000000000000e+03 3.544610554217162246e+01
6.110000000000000000e+03 3.544935765220545676e+01
6.130000000000000000e+03 3.542614742814023998e+01
6.150000000000000000e+03 3.543994830547077868e+01
6.170000000000000000e+03 3.542590727664144623e+01
6.190000000000000000e+03 3.544579568305143624e+01
6.210000000000000000e+03 3.543987815098170557e+01
6.230000000000000000e+03 3.542790597061966906e+01
6.250000000000000000e+03 3.541123423107227097e+01
6.270000000000000000e+03 3.542753869877613226e+01
6.290000000000000000e+03 3.543768268525964515e+01
6.310000000000000000e+03 3.542791222235730686e+01
6.330000000000000000e+03 3.543506429491317533e+01
6.350000000000000000e+03 3.543700076198271631e+01
6.370000000000000000e+03 3.543360499418650988e+01
6.390000000000000000e+03 3.543820870625165753e+01
6.410000000000000000e+03 3.543252830394496300e+01
6.430000000000000000e+03 3.543362118255411275e+01
6.450000000000000000e+03 3.543517577826219167e+01
6.470000000000000000e+03 3.543360106873410587e+01
6.490000000000000000e+03 3.542111435108652984e+01
6.510000000000000000e+03 3.543487262137483640e+01
6.530000000000000000e+03 3.543484060356053078e+01
6.550000000000000000e+03 3.542390642168560078e+01
6.570000000000000000e+03 3.540749732257097548e+01
6.590000000000000000e+03 3.543098116943601639e+01
6.610000000000000000e+03 3.543359324957994261e+01
6.630000000000000000e+03 3.543367336527300893e+01
6.650000000000000000e+03 3.543371386945700863e+01
6.670000000000000000e+03 3.542413745157719518e+01
6.690000000000000000e+03 3.543446122350600547e+01
6.710000000000000000e+03 3.541725315014557651e+01
6.730000000000000000e+03 3.543355887815599203e+01
6.750000000000000000e+03 3.542369302089015548e+01
6.770000000000000000e+03 3.542705697266770670e+01
6.790000000000000000e+03 3.542245582450609476e+01
6.810000000000000000e+03 3.542430829728607478e+01
6.830000000000000000e+03 3.542921744507742687e+01
6.850000000000000000e+03 3.541762740281967581e+01
6.870000000000000000e+03 3.542288969345719352e+01
6.890000000000000000e+03 3.543103634934035995e+01
6.910000000000000000e+03 3.542744078536495067e+01
6.930000000000000000e+03 3.542092186919805386e+01
6.950000000000000000e+03 3.541518875382322307e+01
6.970000000000000000e+03 3.542128693104911008e+01
6.990000000000000000e+03 3.541397730510064434e+01
7.010000000000000000e+03 3.540698022056593430e+01
7.030000000000000000e+03 3.541541448168718631e+01
7.050000000000000000e+03 3.542228987120545014e+01
7.070000000000000000e+03 3.540949425062434841e+01
7.090000000000000000e+03 3.540344258366216934e+01
7.110000000000000000e+03 3.539135935635257368e+01
7.130000000000000000e+03 3.538357899996586298e+01
7.150000000000000000e+03 3.538599300358077926e+01
7.170000000000000000e+03 3.539397487157823718e+01
7.190000000000000000e+03 3.538178687505797626e+01
7.210000000000000000e+03 3.539233632669710516e+01
7.230000000000000000e+03 3.540246332118499595e+01
7.250000000000000000e+03 3.540136385262812979e+01
7.270000000000000000e+03 3.540121960528857414e+01
7.290000000000000000e+03 3.539304229970768745e+01
7.310000000000000000e+03 3.539912269935452116e+01
7.330000000000000000e+03 3.539980088386054291e+01
7.350000000000000000e+03 3.539789687341017554e+01
7.370000000000000000e+03 3.540978430682083911e+01
7.390000000000000000e+03 3.540109923136733983e+01
7.410000000000000000e+03 3.539677583578252040e+01
7.430000000000000000e+03 3.540350828476657341e+01
7.450000000000000000e+03 3.540520109668514692e+01
7.470000000000000000e+03 3.540465098215744888e+01
7.490000000000000000e+03 3.540135508494709171e+01
7.510000000000000000e+03 3.540878849841782738e+01
7.530000000000000000e+03 3.541202108420790751e+01
7.550000000000000000e+03 3.541477869008990353e+01
7.570000000000000000e+03 3.541132162557449448e+01
7.590000000000000000e+03 3.540723926026922896e+01
7.610000000000000000e+03 3.540828355438051034e+01
7.630000000000000000e+03 3.540885834402349275e+01
7.650000000000000000e+03 3.540946008466542594e+01
7.670000000000000000e+03 3.539466979976464245e+01
7.690000000000000000e+03 3.540754794150219453e+01
7.710000000000000000e+03 3.539715932201070103e+01
7.730000000000000000e+03 3.539847636395352026e+01
7.750000000000000000e+03 3.539610657942965588e+01
7.770000000000000000e+03 3.540450124670059040e+01
7.790000000000000000e+03 3.540463830970804082e+01
7.810000000000000000e+03 3.540466525110771556e+01
7.830000000000000000e+03 3.539980537514794889e+01
7.850000000000000000e+03 3.539437195890423027e+01
7.870000000000000000e+03 3.539901938217582256e+01
7.890000000000000000e+03 3.538360687900302537e+01
7.910000000000000000e+03 3.537263390005023211e+01
7.930000000000000000e+03 3.537626738198308374e+01
7.950000000000000000e+03 3.536633913708165267e+01
7.970000000000000000e+03 3.538501745264289156e+01
7.990000000000000000e+03 3.538272884873123303e+01
8.010000000000000000e+03 3.539226118825777689e+01
8.030000000000000000e+03 3.539195657296015440e+01
8.050000000000000000e+03 3.538903430458171329e+01
8.070000000000000000e+03 3.538536876464437597e+01
8.090000000000000000e+03 3.537811896396412692e+01
8.110000000000000000e+03 3.537823378186030965e+01
8.130000000000000000e+03 3.538386474082119548e+01
8.150000000000000000e+03 3.538376634318862557e+01
8.170000000000000000e+03 3.538423583743381329e+01
8.190000000000000000e+03 3.537660039435870374e+01
8.210000000000000000e+03 3.537425096418453307e+01
8.230000000000000000e+03 3.538041523770358765e+01
8.250000000000000000e+03 3.538058044823708315e+01
8.270000000000000000e+03 3.538615983724787384e+01
8.290000000000000000e+03 3.538284258735591692e+01
8.310000000000000000e+03 3.536982802243743151e+01
8.330000000000000000e+03 3.536975764961823643e+01
8.350000000000000000e+03 3.537014103998971848e+01
8.370000000000000000e+03 3.537255827187526336e+01
8.390000000000000000e+03 3.535632059887328893e+01
8.410000000000000000e+03 3.537344871392437540e+01
8.430000000000000000e+03 3.535889983474521614e+01
8.450000000000000000e+03 3.536744422976475732e+01
8.470000000000000000e+03 3.536636262423171218e+01
8.490000000000000000e+03 3.536259922199156591e+01
8.510000000000000000e+03 3.534147655188001380e+01
8.530000000000000000e+03 3.535871256060444523e+01
8.550000000000000000e+03 3.528867592147851440e+01
8.570000000000000000e+03 3.537081657549884284e+01
8.590000000000000000e+03 3.536456027936477398e+01
8.610000000000000000e+03 3.536458671484064098e+01
8.630000000000000000e+03 3.536989735725219219e+01
8.650000000000000000e+03 3.536565247741982176e+01
8.670000000000000000e+03 3.529396297414653816e+01
8.690000000000000000e+03 3.535272476462504443e+01
8.710000000000000000e+03 3.536658719601736323e+01
8.730000000000000000e+03 3.536691646539635769e+01
8.750000000000000000e+03 3.535886297286963043e+01
8.770000000000000000e+03 3.536586642139566550e+01
8.790000000000000000e+03 3.536600999051010064e+01
8.810000000000000000e+03 3.535672602785106733e+01
8.830000000000000000e+03 3.536002446760801377e+01
8.850000000000000000e+03 3.536226043064834812e+01
8.870000000000000000e+03 3.535187901320844617e+01
8.890000000000000000e+03 3.536376404910209459e+01
8.910000000000000000e+03 3.536760229982257897e+01
8.930000000000000000e+03 3.535805636080453951e+01
8.950000000000000000e+03 3.535504583218295949e+01
8.970000000000000000e+03 3.535735274749362134e+01
8.990000000000000000e+03 3.535724716696467596e+01
9.010000000000000000e+03 3.533798221317514532e+01
9.030000000000000000e+03 3.535071576047791098e+01
9.050000000000000000e+03 3.536089137908041380e+01
9.070000000000000000e+03 3.535823214187220742e+01
9.090000000000000000e+03 3.534361076477775754e+01
9.110000000000000000e+03 3.534870713568500378e+01
9.130000000000000000e+03 3.535341786937007669e+01
9.150000000000000000e+03 3.535072279384699812e+01
9.170000000000000000e+03 3.535003836403483035e+01
9.190000000000000000e+03 3.535380282090816451e+01
9.210000000000000000e+03 3.534319665048102621e+01
9.230000000000000000e+03 3.534168780309637015e+01
9.250000000000000000e+03 3.534045436383860306e+01
9.270000000000000000e+03 3.534228913767939417e+01
9.290000000000000000e+03 3.534052339857795744e+01
9.310000000000000000e+03 3.534511443838478328e+01
9.330000000000000000e+03 3.534264710226799622e+01
9.350000000000000000e+03 3.534023943395389011e+01
9.370000000000000000e+03 3.533048988024060577e+01
9.390000000000000000e+03 3.533855690698861451e+01
9.410000000000000000e+03 3.532929760822818821e+01
9.430000000000000000e+03 3.533773560008418713e+01
9.450000000000000000e+03 3.532822284839926397e+01
9.470000000000000000e+03 3.533516611291906884e+01
9.490000000000000000e+03 3.533465766667841024e+01
9.510000000000000000e+03 3.533161206372868435e+01
9.530000000000000000e+03 3.532934007107984797e+01
9.550000000000000000e+03 3.531610742805152370e+01
9.570000000000000000e+03 3.532078361625059415e+01
9.590000000000000000e+03 3.532896355449800296e+01
9.610000000000000000e+03 3.532171456409499655e+01
9.630000000000000000e+03 3.532305166319375189e+01
9.650000000000000000e+03 3.531272816675560478e+01
9.670000000000000000e+03 3.531227003076166682e+01
9.690000000000000000e+03 3.531809834374968204e+01
9.710000000000000000e+03 3.531458470301230790e+01
9.730000000000000000e+03 3.530968023839842118e+01
9.750000000000000000e+03 3.530887748860388342e+01
9.770000000000000000e+03 3.530976643669546178e+01
9.790000000000000000e+03 3.530071700107416888e+01
9.810000000000000000e+03 3.531372462718883298e+01
9.830000000000000000e+03 3.530937274346324273e+01
9.850000000000000000e+03 3.531233492981446176e+01
9.870000000000000000e+03 3.530844006606925944e+01
9.890000000000000000e+03 3.530763880595888793e+01
9.910000000000000000e+03 3.530618196728289604e+01
9.930000000000000000e+03 3.530590257647129704e+01
9.950000000000000000e+03 3.530488085821465205e+01
9.970000000000000000e+03 3.530486370312738842e+01
9.990000000000000000e+03 3.530268852802456792e+01
1.002500000000000000e+04 3.529451109343118276e+01
1.007500000000000000e+04 3.528736622814879098e+01
1.012500000000000000e+04 3.529031422951370445e+01
1.017500000000000000e+04 3.528340849642721366e+01
1.022500000000000000e+04 3.528331410212830832e+01
1.027500000000000000e+04 3.528297308098825624e+01
1.032500000000000000e+04 3.527307806910175714e+01
1.037500000000000000e+04 3.526931911363440975e+01
1.042500000000000000e+04 3.527052610302204272e+01
1.047500000000000000e+04 3.526569545179978604e+01
1.052500000000000000e+04 3.526536036686723463e+01
1.057500000000000000e+04 3.525869045483572251e+01
1.062500000000000000e+04 3.525647299418991309e+01
1.067500000000000000e+04 3.524712595267733661e+01
1.072500000000000000e+04 3.524671676538997644e+01
1.077500000000000000e+04 3.524158507288262143e+01
1.082500000000000000e+04 3.523519990753317188e+01
1.087500000000000000e+04 3.523428282894045083e+01
1.092500000000000000e+04 3.523443888321800443e+01
1.097500000000000000e+04 3.522878816962619197e+01
1.102500000000000000e+04 3.523010723129797839e+01
1.107500000000000000e+04 3.522818560106278341e+01
1.112500000000000000e+04 3.522436555160898308e+01
1.117500000000000000e+04 3.521833681069740862e+01
1.122500000000000000e+04 3.521793498580510118e+01
1.127500000000000000e+04 3.521072321035093466e+01
1.132500000000000000e+04 3.520777428956040467e+01
1.137500000000000000e+04 3.520285475771768802e+01
1.142500000000000000e+04 3.519788758816027041e+01
1.147500000000000000e+04 3.520149725377822136e+01
1.152500000000000000e+04 3.520000044107447934e+01
1.157500000000000000e+04 3.519269356301415996e+01
1.162500000000000000e+04 3.518569269642683395e+01
1.167500000000000000e+04 3.518545196510822137e+01
1.172500000000000000e+04 3.518792261501398855e+01
1.177500000000000000e+04 3.517922808358493114e+01
1.182500000000000000e+04 3.517580374585650560e+01
1.187500000000000000e+04 3.516761171900192551e+01
1.192500000000000000e+04 3.517513780428792813e+01
1.197500000000000000e+04 3.515757713398669182e+01
1.202500000000000000e+04 3.516672938598667741e+01
1.207500000000000000e+04 3.516069985535561671e+01
1.212500000000000000e+04 3.515982863404533987e+01
1.217500000000000000e+04 3.516018524135570544e+01
1.222500000000000000e+04 3.515601578208161726e+01
1.227500000000000000e+04 3.515252518525018388e+01
1.232500000000000000e+04 3.514903244385580194e+01
1.237500000000000000e+04 3.514730883577391296e+01
1.242500000000000000e+04 3.514351897482315223e+01
1.247500000000000000e+04 3.514244465458138222e+01
1.252500000000000000e+04 3.513665560325965487e+01
1.257500000000000000e+04 3.513555996376692292e+01
1.262500000000000000e+04 3.513261714835382321e+01
1.267500000000000000e+04 3.512836712521023230e+01
1.272500000000000000e+04 3.512786232190465086e+01
1.277500000000000000e+04 3.512768831472605058e+01
1.282500000000000000e+04 3.511096446346898858e+01
1.287500000000000000e+04 3.511734850805687103e+01
1.292500000000000000e+04 3.511087589802070141e+01
1.297500000000000000e+04 3.511610464993324854e+01
1.302500000000000000e+04 3.511011942912633543e+01
1.307500000000000000e+04 3.511188321858972472e+01
1.312500000000000000e+04 3.510372820814723838e+01
1.317500000000000000e+04 3.510244986589577110e+01
1.322500000000000000e+04 3.510229706193603505e+01
1.327500000000000000e+04 3.509394934362202889e+01
1.332500000000000000e+04 3.509799474515758533e+01
1.337500000000000000e+04 3.509314179331427397e+01
1.342500000000000000e+04 3.509581386604642717e+01
1.347500000000000000e+04 3.509309456350563039e+01
1.352500000000000000e+04 3.509131499827957867e+01
1.357500000000000000e+04 3.508364939034707675e+01
1.362500000000000000e+04 3.508056149989336348e+01
1.367500000000000000e+04 3.508259687744970989e+01
1.372500000000000000e+04 3.508407590046759594e+01
1.377500000000000000e+04 3.508031003166258444e+01
1.382500000000000000e+04 3.508056819698098394e+01
1.387500000000000000e+04 3.507461397020954053e+01
1.392500000000000000e+04 3.507760063771121395e+01
1.397500000000000000e+04 3.507751839732539167e+01
1.402500000000000000e+04 3.506937369475102173e+01
1.407500000000000000e+04 3.507369193388351647e+01
1.412500000000000000e+04 3.506798730784272777e+01
1.417500000000000000e+04 3.507160067954129090e+01
1.422500000000000000e+04 3.506414211087633248e+01
1.427500000000000000e+04 3.505636980665771318e+01
1.432500000000000000e+04 3.506476258039070615e+01
1.437500000000000000e+04 3.506570345730671789e+01
1.442500000000000000e+04 3.505307732105944751e+01
1.447500000000000000e+04 3.506181086960378224e+01
1.452500000000000000e+04 3.505568303987232071e+01
1.457000000000000000e+04 3.505767304542159479e+01
1.462000000000000000e+04 3.505804403287513793e+01
1.467500000000000000e+04 3.505733106011619071e+01
1.472500000000000000e+04 3.504843995860044714e+01
1.477500000000000000e+04 3.505229371045773945e+01
1.482500000000000000e+04 3.505111233370394785e+01
1.487500000000000000e+04 3.504647030401108054e+01
1.492500000000000000e+04 3.505471261903545610e+01
1.497500000000000000e+04 3.504840095063489258e+01
1.502500000000000000e+04 3.504597515289493970e+01
1.507500000000000000e+04 3.504036431050633382e+01
1.512500000000000000e+04 3.504763825071535877e+01
1.517500000000000000e+04 3.504760154118083904e+01
1.522500000000000000e+04 3.504711361381835388e+01
1.527500000000000000e+04 3.504905629726748373e+01
1.532500000000000000e+04 3.504500848803274238e+01
1.537500000000000000e+04 3.504920019943872234e+01
1.542500000000000000e+04 3.504830067977255936e+01
1.547500000000000000e+04 3.504791562193942411e+01
1.552500000000000000e+04 3.504130775999812641e+01
1.557500000000000000e+04 3.502351989700345314e+01
1.562500000000000000e+04 3.503409653770902565e+01
1.567500000000000000e+04 3.503098857433522539e+01
1.572500000000000000e+04 3.503831432860212658e+01
1.577500000000000000e+04 3.500468354165832352e+01
1.582500000000000000e+04 3.501586599651268017e+01
1.587500000000000000e+04 3.501189319886874074e+01
1.592500000000000000e+04 3.502479746468749511e+01
1.597500000000000000e+04 3.500957422585368306e+01
1.605000000000000000e+04 3.501432503742276481e+01
1.615000000000000000e+04 3.501266644151166929e+01
1.625000000000000000e+04 3.500500284881429991e+01
1.635000000000000000e+04 3.501597701307370158e+01
1.645000000000000000e+04 3.498584216622413123e+01
1.655000000000000000e+04 3.500187270251080207e+01
1.665000000000000000e+04 3.497713866090606416e+01
1.675000000000000000e+04 3.498373285023302515e+01
1.685000000000000000e+04 3.496353817193786995e+01
1.695000000000000000e+04 3.497280196251041673e+01
1.705000000000000000e+04 3.495566603903994007e+01
1.715000000000000000e+04 3.495501916674153620e+01
1.725000000000000000e+04 3.494582742518527141e+01
1.735000000000000000e+04 3.493124969376862055e+01
1.745000000000000000e+04 3.493230891567045404e+01
1.755000000000000000e+04 3.492176348973301003e+01
1.765000000000000000e+04 3.491874938379497451e+01
1.775000000000000000e+04 3.490786152809972975e+01
1.785000000000000000e+04 3.490426314239796568e+01
1.795000000000000000e+04 3.489707103676614963e+01
1.805000000000000000e+04 3.488527017898272931e+01
1.815000000000000000e+04 3.488057042405059605e+01
1.825000000000000000e+04 3.487246131074498123e+01
1.835000000000000000e+04 3.486450725332350942e+01
1.845000000000000000e+04 3.485565702027354007e+01
1.855000000000000000e+04 3.485098833677933783e+01
1.865000000000000000e+04 3.483929031707782542e+01
1.875000000000000000e+04 3.483156308777609667e+01
1.885000000000000000e+04 3.482831740059675241e+01
1.895000000000000000e+04 3.480947001117093009e+01
1.905000000000000000e+04 3.481703915705401187e+01
1.915000000000000000e+04 3.480751497507981185e+01
1.925000000000000000e+04 3.480190572939984150e+01
1.935000000000000000e+04 3.478926707518637329e+01
1.945000000000000000e+04 3.478118308594766006e+01
1.955000000000000000e+04 3.477903873252431310e+01
1.965000000000000000e+04 3.477114858198024194e+01
1.975000000000000000e+04 3.476184421304458283e+01
1.985000000000000000e+04 3.475667058427818290e+01
1.995000000000000000e+04 3.475011569897257857e+01
2.005000000000000000e+04 3.474875631663058329e+01
2.015000000000000000e+04 3.474285651921563556e+01
2.025000000000000000e+04 3.472932777004059801e+01
2.035000000000000000e+04 3.472281870250508717e+01
2.045000000000000000e+04 3.472265016197543019e+01
2.055000000000000000e+04 3.471442460678886732e+01
2.065000000000000000e+04 3.470573290097986074e+01
2.075000000000000000e+04 3.469991267978284810e+01
2.085000000000000000e+04 3.469225016544243090e+01
2.095000000000000000e+04 3.468299318058504355e+01
2.105000000000000000e+04 3.468150370844178099e+01
2.115000000000000000e+04 3.467244520249664674e+01
2.125000000000000000e+04 3.466551047333138058e+01
2.135000000000000000e+04 3.466288218179251146e+01
2.145000000000000000e+04 3.465563952227467581e+01
2.155000000000000000e+04 3.464878659887624224e+01
2.165000000000000000e+04 3.463982394400603226e+01
2.175000000000000000e+04 3.463216100864955393e+01
2.185000000000000000e+04 3.462710939826606449e+01
2.195000000000000000e+04 3.462192788931021425e+01
2.205000000000000000e+04 3.460936968099832001e+01
2.215000000000000000e+04 3.461050039632993958e+01
2.225000000000000000e+04 3.459688651618942146e+01
2.235000000000000000e+04 3.459300880592773808e+01
2.245000000000000000e+04 3.458754334146855314e+01
2.255000000000000000e+04 3.458274817767586740e+01
2.265000000000000000e+04 3.457292103431405650e+01
2.275000000000000000e+04 3.457165059854688849e+01
2.285000000000000000e+04 3.456147912272506773e+01
2.295000000000000000e+04 3.447908217503529471e+01
2.305000000000000000e+04 3.451758420897124324e+01
2.315000000000000000e+04 3.451144226744993659e+01
2.325000000000000000e+04 3.443715915595443278e+01
2.335000000000000000e+04 3.447641136833320274e+01
2.345000000000000000e+04 3.446385026803746143e+01
2.355000000000000000e+04 3.439251063103663597e+01
2.365000000000000000e+04 3.444146908465064882e+01
2.375000000000000000e+04 3.442622203923569657e+01
2.385000000000000000e+04 3.436880970126626522e+01
2.395000000000000000e+04 3.440941764243230239e+01
2.405000000000000000e+04 3.440606937871500293e+01
2.415000000000000000e+04 3.435440639663848827e+01
2.425000000000000000e+04 3.438698006208842628e+01
2.435000000000000000e+04 3.438494355770460942e+01
2.445000000000000000e+04 3.435320156638456268e+01
2.455000000000000000e+04 3.435466009274102817e+01
2.465000000000000000e+04 3.437258980549970744e+01
2.475000000000000000e+04 3.435500122741978402e+01
2.485000000000000000e+04 3.432863040485453610e+01
2.495000000000000000e+04 3.434817930329969471e+01
2.505000000000000000e+04 3.436307416832912054e+01
2.515000000000000000e+04 3.431472717174527531e+01
2.525000000000000000e+04 3.433848903864948454e+01
2.535000000000000000e+04 3.433947672940859519e+01
2.545000000000000000e+04 3.432763219643075558e+01
2.555000000000000000e+04 3.431785192846994903e+01
2.565000000000000000e+04 3.432242569381576658e+01
2.575000000000000000e+04 3.432498541085696786e+01
2.585000000000000000e+04 3.429632333040077441e+01
2.595000000000000000e+04 3.430408341590410259e+01
2.605000000000000000e+04 3.431080961785621497e+01
2.615000000000000000e+04 3.429810040348596800e+01
2.625000000000000000e+04 3.429177227070453426e+01
2.635000000000000000e+04 3.429568781737457783e+01
2.645000000000000000e+04 3.429313066364921525e+01
2.655000000000000000e+04 3.428270236201345966e+01
2.665000000000000000e+04 3.427374131086405384e+01
2.675000000000000000e+04 3.428711618960510066e+01
2.685000000000000000e+04 3.427990043031271483e+01
2.695000000000000000e+04 3.426397162832125076e+01
2.705000000000000000e+04 3.427013310843233285e+01
2.715000000000000000e+04 3.426540902061899629e+01
2.725000000000000000e+04 3.426524057221207187e+01
2.735000000000000000e+04 3.424940529469063222e+01
2.745000000000000000e+04 3.425333862549282316e+01
2.755000000000000000e+04 3.425348978865493166e+01
2.765000000000000000e+04 3.424465133631235858e+01
2.775000000000000000e+04 3.423476936702775220e+01
2.785000000000000000e+04 3.423651181574091140e+01
2.795000000000000000e+04 3.423614546745394449e+01
2.805000000000000000e+04 3.423038031182642982e+01
2.815000000000000000e+04 3.422125688457502690e+01
2.825000000000000000e+04 3.421965815743962480e+01
2.835000000000000000e+04 3.421824290541849223e+01
2.845000000000000000e+04 3.421235615747362147e+01
2.855000000000000000e+04 3.420673552555616226e+01
2.865000000000000000e+04 3.420234906008358422e+01
2.875000000000000000e+04 3.419829691419731432e+01
2.885000000000000000e+04 3.419359104963399432e+01
2.895000000000000000e+04 3.418881940345873716e+01
2.905000000000000000e+04 3.418353179302783929e+01
2.915000000000000000e+04 3.418008985690151036e+01
2.925000000000000000e+04 3.417113250908933253e+01
2.935000000000000000e+04 3.417140434124381443e+01
2.945000000000000000e+04 3.416383329542118474e+01
2.955000000000000000e+04 3.415940310347445319e+01
2.965000000000000000e+04 3.415651281468595357e+01
2.975000000000000000e+04 3.415147459717125855e+01
2.985000000000000000e+04 3.414546702813613877e+01
2.995000000000000000e+04 3.414062774260227684e+01
3.005000000000000000e+04 3.413536557368944813e+01
3.015000000000000000e+04 3.413159168170506064e+01
3.025000000000000000e+04 3.412521348629394424e+01
3.035000000000000000e+04 3.411842580268756109e+01
3.045000000000000000e+04 3.411603885316669960e+01
3.055000000000000000e+04 3.410984665332685495e+01
3.065000000000000000e+04 3.410457712638351779e+01
3.075000000000000000e+04 3.410076901256089599e+01
3.085000000000000000e+04 3.409376004761314505e+01
3.095000000000000000e+04 3.408907565960183916e+01
3.105000000000000000e+04 3.408575188829141211e+01
3.115000000000000000e+04 3.407738779565259790e+01
3.125000000000000000e+04 3.407476228246924421e+01
3.135000000000000000e+04 3.406994888337071359e+01
3.145000000000000000e+04 3.406452381709735278e+01
3.155000000000000000e+04 3.405849912012529757e+01
3.165000000000000000e+04 3.405313837586144388e+01
3.175000000000000000e+04 3.404935893842149142e+01
3.185000000000000000e+04 3.404407696220132351e+01
3.195000000000000000e+04 3.403963196056302820e+01
3.210000000000000000e+04 3.403138283328017621e+01
3.230000000000000000e+04 3.402083188316495210e+01
3.250000000000000000e+04 3.401077245024988827e+01
3.270000000000000000e+04 3.400056924864837526e+01
3.290000000000000000e+04 3.398985444308748072e+01
3.310000000000000000e+04 3.398006817928949630e+01
3.330000000000000000e+04 3.396958343762400290e+01
3.350000000000000000e+04 3.396134949387748492e+01
3.370000000000000000e+04 3.395093357570639370e+01
3.390000000000000000e+04 3.394037347728961862e+01
3.410000000000000000e+04 3.393018671046686308e+01
3.430000000000000000e+04 3.392265546745705507e+01
3.450000000000000000e+04 3.391344474169898149e+01
3.470000000000000000e+04 3.390379145617939827e+01
3.490000000000000000e+04 3.389455796906755580e+01
3.510000000000000000e+04 3.388585110228729746e+01
3.530000000000000000e+04 3.387512048113880780e+01
3.550000000000000000e+04 3.386698263487959792e+01
3.570000000000000000e+04 3.385735559180035636e+01
3.590000000000000000e+04 3.384805073974182221e+01
3.610000000000000000e+04 3.383989149089369164e+01
3.630000000000000000e+04 3.383109898341750466e+01
3.650000000000000000e+04 3.382020623395349190e+01
3.670000000000000000e+04 3.381125934382843923e+01
3.690000000000000000e+04 3.380029443699395841e+01
3.710000000000000000e+04 3.379061396414761020e+01
3.730000000000000000e+04 3.378432553610285538e+01
3.750000000000000000e+04 3.377245143451159493e+01
3.770000000000000000e+04 3.376686430074346390e+01
3.790000000000000000e+04 3.375799014379040841e+01
3.810000000000000000e+04 3.375043944370493421e+01
3.830000000000000000e+04 3.374281739681345016e+01
3.850000000000000000e+04 3.373465474302447831e+01
3.870000000000000000e+04 3.372398232842568433e+01
3.890000000000000000e+04 3.371665106948420032e+01
3.910000000000000000e+04 3.370899377908469319e+01
3.930000000000000000e+04 3.370074615882625579e+01
3.950000000000000000e+04 3.369044624563338175e+01
3.970000000000000000e+04 3.368293466395955704e+01
3.990000000000000000e+04 3.367120737808289732e+01
4.010000000000000000e+04 3.366550545122515814e+01
4.030000000000000000e+04 3.365900559688445526e+01
4.050000000000000000e+04 3.364980409275887041e+01
4.070000000000000000e+04 3.364225117284004085e+01
4.090000000000000000e+04 3.363445346420037652e+01
4.110000000000000000e+04 3.362666594955628341e+01
4.130000000000000000e+04 3.361941262496183924e+01
4.150000000000000000e+04 3.361080563498607887e+01
4.170000000000000000e+04 3.360225712392080766e+01
4.190000000000000000e+04 3.359400768457005881e+01
4.210000000000000000e+04 3.358514060525688905e+01
4.230000000000000000e+04 3.358018932011101754e+01
4.250000000000000000e+04 3.357061841622724074e+01
4.270000000000000000e+04 3.356430334576928942e+01
4.290000000000000000e+04 3.352633980445812512e+01
4.310000000000000000e+04 3.348839563397827845e+01
4.330000000000000000e+04 3.349776332123974498e+01
4.350000000000000000e+04 3.346154177983057565e+01
4.370000000000000000e+04 3.344534315724146722e+01
4.390000000000000000e+04 3.342990237669975073e+01
4.410000000000000000e+04 3.339385750111749473e+01
4.430000000000000000e+04 3.339142806088906212e+01
4.450000000000000000e+04 3.337887332772431392e+01
4.470000000000000000e+04 3.334941435907145291e+01
4.490000000000000000e+04 3.336113703140450326e+01
4.510000000000000000e+04 3.334263927792787285e+01
4.530000000000000000e+04 3.332306544269022197e+01
4.550000000000000000e+04 3.332940748407725096e+01
4.570000000000000000e+04 3.332273201258082196e+01
4.590000000000000000e+04 3.329726873943450727e+01
4.610000000000000000e+04 3.331108834149172537e+01
4.630000000000000000e+04 3.329732865516766083e+01
4.650000000000000000e+04 3.329505848891884767e+01
4.670000000000000000e+04 3.329621114658665704e+01
4.690000000000000000e+04 3.328491210418288659e+01
4.710000000000000000e+04 3.327357925640621517e+01
4.730000000000000000e+04 3.328296027294202020e+01
4.750000000000000000e+04 3.327066531994332621e+01
4.770000000000000000e+04 3.326514379472797600e+01
4.790000000000000000e+04 3.326127196830563548e+01
4.810000000000000000e+04 3.324664497422000409e+01
4.830000000000000000e+04 3.325774763720651350e+01
4.850000000000000000e+04 3.324705209875868661e+01
4.870000000000000000e+04 3.323560354470114930e+01
4.890000000000000000e+04 3.323209234892811281e+01
4.910000000000000000e+04 3.322601559614666655e+01
4.930000000000000000e+04 3.321988549445554639e+01
4.950000000000000000e+04 3.321038794496981694e+01
4.970000000000000000e+04 3.321373022423006205e+01
4.990000000000000000e+04 3.320603446185253915e+01
5.010000000000000000e+04 3.320272024166399660e+01
5.030000000000000000e+04 3.319742856043684043e+01
5.050000000000000000e+04 3.318423894537602337e+01
5.070000000000000000e+04 3.318391760654603928e+01
5.090000000000000000e+04 3.317873858061354753e+01
5.110000000000000000e+04 3.316979377294509135e+01
5.130000000000000000e+04 3.316847508262387123e+01
5.150000000000000000e+04 3.315925565246776330e+01
5.170000000000000000e+04 3.316344482328263155e+01
5.190000000000000000e+04 3.315330139935832676e+01
5.210000000000000000e+04 3.314926896668783485e+01
5.230000000000000000e+04 3.314118796912215004e+01
5.250000000000000000e+04 3.314031285937086579e+01
5.270000000000000000e+04 3.314475681728998779e+01
5.290000000000000000e+04 3.312816110728437025e+01
5.310000000000000000e+04 3.312085408733013026e+01
5.330000000000000000e+04 3.312181687387191431e+01
5.350000000000000000e+04 3.311610436403358193e+01
5.370000000000000000e+04 3.311239331186487789e+01
5.390000000000000000e+04 3.310862579483583090e+01
5.410000000000000000e+04 3.310439882951621371e+01
5.430000000000000000e+04 3.309457306410663335e+01
5.450000000000000000e+04 3.309725323832128652e+01
5.470000000000000000e+04 3.308603929175175296e+01
5.490000000000000000e+04 3.308543149582509102e+01
5.510000000000000000e+04 3.307629517111763562e+01
5.530000000000000000e+04 3.308720620229556886e+01
5.550000000000000000e+04 3.306841757267203974e+01
5.570000000000000000e+04 3.307265002438749235e+01
5.590000000000000000e+04 3.306321201570077761e+01
5.610000000000000000e+04 3.306457291415382116e+01
5.630000000000000000e+04 3.305206128257867704e+01
5.650000000000000000e+04 3.305428804318874825e+01
5.670000000000000000e+04 3.304847781183075028e+01
5.690000000000000000e+04 3.303775471504163619e+01
5.710000000000000000e+04 3.304062361056340080e+01
5.730000000000000000e+04 3.303589439548424167e+01
5.750000000000000000e+04 3.303056072369755469e+01
5.770000000000000000e+04 3.302488141952522938e+01
5.790000000000000000e+04 3.302439884023934269e+01
5.810000000000000000e+04 3.301709466910219248e+01
5.830000000000000000e+04 3.301311384611550892e+01
5.850000000000000000e+04 3.300836181055003493e+01
5.870000000000000000e+04 3.300004101159413494e+01
5.890000000000000000e+04 3.299711637844973211e+01
5.910000000000000000e+04 3.299277671744349050e+01
5.930000000000000000e+04 3.298960112489228180e+01
5.950000000000000000e+04 3.298227633523236335e+01
5.970000000000000000e+04 3.298097788373627282e+01
5.990000000000000000e+04 3.297616852912884156e+01
6.010000000000000000e+04 3.297158295611634315e+01
6.030000000000000000e+04 3.296651950198879177e+01
6.050000000000000000e+04 3.295876240472152574e+01
6.070000000000000000e+04 3.295491523716005844e+01
6.090000000000000000e+04 3.294951180542927460e+01
6.110000000000000000e+04 3.294380430924195480e+01
6.130000000000000000e+04 3.294089558691557329e+01
6.150000000000000000e+04 3.293726778313076409e+01
6.170000000000000000e+04 3.293502893242766305e+01
6.190000000000000000e+04 3.292908900383191906e+01
6.210000000000000000e+04 3.292582653305994711e+01
6.230000000000000000e+04 3.291878371166055217e+01
6.250000000000000000e+04 3.291190552959248095e+01
6.270000000000000000e+04 3.290752918572412256e+01
6.290000000000000000e+04 3.290328369832535316e+01
6.310000000000000000e+04 3.289849590145062308e+01
6.330000000000000000e+04 3.289604616708528795e+01
6.350000000000000000e+04 3.288982613301251234e+01
6.370000000000000000e+04 3.288796190838903044e+01
6.390000000000000000e+04 3.287933522505126405e+01
6.420000000000000000e+04 3.287418260005225079e+01
6.460000000000000000e+04 3.286363359036347731e+01
6.500000000000000000e+04 3.285459520927904009e+01
6.540000000000000000e+04 3.284464234750603140e+01
6.580000000000000000e+04 3.283616766875735493e+01
6.620000000000000000e+04 3.282581720199568309e+01
6.660000000000000000e+04 3.281654093386341486e+01
6.700000000000000000e+04 3.280766859921228473e+01
6.740000000000000000e+04 3.279733708488605259e+01
6.780000000000000000e+04 3.278807197596206180e+01
6.820000000000000000e+04 3.277852741287608751e+01
6.860000000000000000e+04 3.276975541328224040e+01
6.900000000000000000e+04 3.275968866609219532e+01
6.940000000000000000e+04 3.275053360345359721e+01
6.980000000000000000e+04 3.274111935056120615e+01
7.020000000000000000e+04 3.273145273178216996e+01
7.060000000000000000e+04 3.272269848897141031e+01
7.100000000000000000e+04 3.271324296798405840e+01
7.140000000000000000e+04 3.270427545080963228e+01
7.180000000000000000e+04 3.269471956834893689e+01
7.220000000000000000e+04 3.268573459279870264e+01
7.260000000000000000e+04 3.267637787407912242e+01
7.300000000000000000e+04 3.266732190718677487e+01
7.340000000000000000e+04 3.265807836539084974e+01
7.380000000000000000e+04 3.264929331772439980e+01
7.420000000000000000e+04 3.263982666566323587e+01
7.460000000000000000e+04 3.263052678031286291e+01
7.500000000000000000e+04 3.262175729054374784e+01
7.540000000000000000e+04 3.261280891765048295e+01
7.580000000000000000e+04 3.260443638650126985e+01
7.620000000000000000e+04 3.259566716596554414e+01
7.660000000000000000e+04 3.258676692559972565e+01
7.700000000000000000e+04 3.257788675380017196e+01
7.740000000000000000e+04 3.256923306380459593e+01
7.780000000000000000e+04 3.256079525011573139e+01
7.820000000000000000e+04 3.255198351551208447e+01
7.860000000000000000e+04 3.254346094813135437e+01
7.900000000000000000e+04 3.253496048536213436e+01
7.940000000000000000e+04 3.252633413521693484e+01
7.980000000000000000e+04 3.251795991501589356e+01
8.020000000000000000e+04 3.250922009798568979e+01
8.060000000000000000e+04 3.250075773632544696e+01
8.100000000000000000e+04 3.249261734648251831e+01
8.140000000000000000e+04 3.248411855840313223e+01
8.180000000000000000e+04 3.247613655361433160e+01
8.220000000000000000e+04 3.246804767493929944e+01
8.260000000000000000e+04 3.245981350812052568e+01
8.300000000000000000e+04 3.245147353859599093e+01
8.340000000000000000e+04 3.244319563088566127e+01
8.380000000000000000e+04 3.243504239159466351e+01
8.420000000000000000e+04 3.242734580742877171e+01
8.460000000000000000e+04 3.241914465890832986e+01
8.500000000000000000e+04 3.241116454490813226e+01
8.540000000000000000e+04 3.240325481970822352e+01
8.580000000000000000e+04 3.239554972039226755e+01
8.620000000000000000e+04 3.238771528758307028e+01
8.660000000000000000e+04 3.238000927647488680e+01
8.700000000000000000e+04 3.237221398349584689e+01
8.740000000000000000e+04 3.236460667766624510e+01
8.780000000000000000e+04 3.235659501137863714e+01
8.820000000000000000e+04 3.234900756039088776e+01
8.860000000000000000e+04 3.234134734147581014e+01
8.900000000000000000e+04 3.233360210342738839e+01
8.940000000000000000e+04 3.232626875029770730e+01
8.980000000000000000e+04 3.231825322343587459e+01
9.020000000000000000e+04 3.231114578773563295e+01
9.060000000000000000e+04 3.230381179074861109e+01
9.100000000000000000e+04 3.229577252552643074e+01
9.140000000000000000e+04 3.228869117222112095e+01
9.180000000000000000e+04 3.228143580369086152e+01
9.220000000000000000e+04 3.227445328425329762e+01
9.260000000000000000e+04 3.226701488015704911e+01
9.300000000000000000e+04 3.225949434699079177e+01
9.340000000000000000e+04 3.225233779010782342e+01
9.380000000000000000e+04 3.224518726373295863e+01
9.420000000000000000e+04 3.223801896391946542e+01
9.460000000000000000e+04 3.223070542146015782e+01
9.500000000000000000e+04 3.222372964782306326e+01
9.540000000000000000e+04 3.221668013601084368e+01
9.580000000000000000e+04 3.220959195514271300e+01
9.620000000000000000e+04 3.220268683037573965e+01
9.660000000000000000e+04 3.219564709889297660e+01
9.700000000000000000e+04 3.218859152139054203e+01
9.740000000000000000e+04 3.218119351022012609e+01
9.780000000000000000e+04 3.217469363662669934e+01
9.820000000000000000e+04 3.216793557013713922e+01
9.860000000000000000e+04 3.216105606030035347e+01
9.900000000000000000e+04 3.215432225961306045e+01
9.940000000000000000e+04 3.214747244782055446e+01
9.980000000000000000e+04 3.214065409916375415e+01
1.002000000000000000e+05 3.213387237704013444e+01
2.000000000000000000e+05 3.102206158234032074e+01
4.000000000000000000e+05 3.033052329919068413e+01
6.000000000000000000e+05 3.017611315121905946e+01
8.000000000000000000e+05 3.008888110201251465e+01
1.000000000000000000e+06 3.000350292266035268e+01
1.200000000000000000e+06 2.990059237084030741e+01
1.400000000000000000e+06 2.977565363423200751e+01
1.600000000000000000e+06 2.959956237517632616e+01
