-2.301834446874776230e+00
-2.309987131561067830e+00
-2.338738699712812785e+00
-2.230874758091367482e+00
-2.275258522599669764e+00
-2.231512170590948418e+00
-2.345562491791845172e+00
-2.506504716981577729e+00
-2.422374971711714231e+00
-2.581503364396196876e+00
-2.516194329140893249e+00
-2.448180263152345937e+00
-2.629977431690815770e+00
-2.751276656816385557e+00
-2.898060781259860885e+00
-2.893552433446122674e+00
-2.907235705951208615e+00
-2.868219410538153546e+00
-2.869301813432460158e+00
-2.807680261168641778e+00
-2.825663931968391829e+00
-2.770976506891419167e+00
-2.766176520467563016e+00
-2.734110255413166879e+00
-2.732087711869463753e+00
-2.687852761712040461e+00
-2.685732152698199648e+00
-2.641200076092487858e+00
-2.647264243419568341e+00
-2.625452932480091039e+00
-2.594328687495984997e+00
-2.546330201121320247e+00
-2.535273702442089494e+00
-2.540958119282784811e+00
-2.529477532707608667e+00
-2.493794104958980018e+00
-2.459099561382517507e+00
-2.446934810952148709e+00
-2.443225275706502053e+00
-2.410049079869637012e+00
-2.416628523969531983e+00
-2.384430641957599573e+00
-2.006829186973536849e+00
-2.303120685274941515e+00
-2.304187331129423644e+00
-2.304432181925708978e+00
-2.301803665076488592e+00
-2.297924761178900432e+00
-2.306917307912796478e+00
-2.308887116362299707e+00
-2.310111696025546113e+00
-2.310962183410517845e+00
-2.312129417777091689e+00
-2.243934751578533060e+00
-2.244531322448514388e+00
-2.245307245398341589e+00
-2.246382793579500881e+00
-2.245894386594549541e+00
-2.246706674319408403e+00
-2.171317298258232054e+00
-2.171712080896246455e+00
-2.131098658463896012e+00
-2.131915900281430076e+00
-2.089933196332366183e+00
-2.068611566837905702e+00
-2.069127420993982280e+00
-2.069471429888996461e+00
-2.070521649840133538e+00
-2.070917251048300045e+00
-2.071920391293348374e+00
-2.072131787909031964e+00
-2.073102116368707115e+00
-2.073918886983029619e+00
-1.973144595368050647e+00
-1.962610341868407104e+00
-1.963028306041419313e+00
-1.963512498296878572e+00
-1.964116530248950276e+00
-1.964587186554957787e+00
-1.965415026500256124e+00
-1.965652899385767594e+00
-1.966483697270235531e+00
-1.967130306190915334e+00
-1.967969499402775213e+00
-2.078717127882544258e+00
-1.841471864278982906e+00
-1.858597252797857147e+00
-1.859612156004734285e+00
-1.859612228142980550e+00
-1.860565769378599299e+00
-1.861240970357574742e+00
-1.861241049936372072e+00
-1.727486988520639866e+00
-1.728164733987018975e+00
-1.728164346857258060e+00
-1.728804577079422033e+00
-1.729455475409954923e+00
-1.729419398007982833e+00
-1.730105014535844976e+00
-1.730665686043047158e+00
-1.731095068842293028e+00
-1.730799340242972661e+00
-1.731477316791241172e+00
-1.732076107820662125e+00
-1.693208902264700333e+00
-1.693208902264700333e+00
-1.693924703358710149e+00
-1.694693944112373174e+00
-1.695530664893230233e+00
-1.695693527149624069e+00
-1.696450123857201620e+00
-1.697220815162671537e+00
-1.697220815162671537e+00
-1.697593526068285508e+00
-1.698350606190783596e+00
-1.699042392491103115e+00
-1.699565610450746167e+00
-1.699707817889124284e+00
-1.700385236132049727e+00
-1.545235332388309457e+00
-1.545714185884558889e+00
-1.546059817572199124e+00
-1.546538024230550423e+00
-1.547413697635794616e+00
-1.547877950155983395e+00
-1.548100294263070387e+00
-1.548393291008137718e+00
-1.548810447820342606e+00
-1.549640023771055031e+00
-1.550030616673747641e+00
-1.550286575969725744e+00
-1.551090990805586545e+00
-1.551231110488891618e+00
-1.551463382898114141e+00
-1.552191848130372254e+00
-1.552650991841548977e+00
-1.375898344037415733e+00
-1.554692598106074852e+00
-1.556440401658044204e+00
-1.728485062059997412e+00
-1.328352163323179180e+00
1.195202267453469025e-01
-1.225073965661154896e+00
-1.225073666287558760e+00
-1.225074509821003854e+00
-1.226455291599194197e+00
-1.226455733361248690e+00
-1.225946636611673357e+00
-1.225776209635176750e+00
-1.226975336926909854e+00
-1.226976539185105519e+00
-1.226968928680101323e+00
-1.228168789581962628e+00
-1.228169077046781466e+00
-1.228169358276987921e+00
-1.228168825882119952e+00
-1.206303530713942029e+00
-1.205860419447213339e+00
-1.205860428774668591e+00
-1.206992495130193799e+00
-1.206992151817138703e+00
-1.206993427009143582e+00
-1.208076911193928904e+00
-1.207429023522001099e+00
-1.207427621870665879e+00
-1.207362880122163640e+00
-1.208532987009944826e+00
-1.208529762852504019e+00
-1.208222281092385053e+00
-1.209300268684949886e+00
-1.149742244449263762e+00
-1.149742244449263762e+00
-1.151155563080699329e+00
-1.206240826133597732e+00
-1.210658170288510194e+00
-1.210670629424699385e+00
-1.211831349573937455e+00
-1.211696667637176539e+00
-1.211109195807288375e+00
-1.212142814344487007e+00
-1.212142814344487007e+00
-1.211710447535188306e+00
-1.212857807710495450e+00
-1.212857807710495450e+00
-1.212741905936750131e+00
-1.213787278109183410e+00
-1.213787278109183410e+00
-1.213787278109183410e+00
-1.214793946308507122e+00
-1.214793556452864021e+00
-1.214658773821831961e+00
-1.215708465413833261e+00
-1.215708465413833261e+00
-1.216223025620942533e+00
-1.216114512036700734e+00
-1.216114512036700734e+00
-1.116340236129714114e+00
-1.116390368460100424e+00
-1.116390368460100424e+00
-1.117237591445709777e+00
-1.117237591445709777e+00
-1.117237591445709777e+00
-1.118013175100095236e+00
-1.118053829019693080e+00
-1.118853549400961711e+00
-1.118437552635420440e+00
-1.118437552635420440e+00
-1.118737888093700672e+00
-1.118737888093700672e+00
-1.119483238954724458e+00
-1.119514438622545960e+00
-1.119514438622545960e+00
-1.120310184276759546e+00
-1.120310184276759546e+00
-1.121019552933061991e+00
-1.121019552933061991e+00
-1.121064493484170033e+00
-1.121783984947996249e+00
-1.121783984947996249e+00
-1.122526974144619105e+00
-1.122526974144619105e+00
-1.122738231064102754e+00
-1.122775079089904704e+00
-1.122775079089904704e+00
-1.123434692044004812e+00
-1.123330145020386972e+00
-1.009818262977913994e+00
-1.009818262977913994e+00
-1.010535700834951811e+00
-1.010535700834951811e+00
-1.010579290395467567e+00
-1.010579290395467567e+00
-1.011087217250983272e+00
-1.011087217250983272e+00
-1.061166022296991640e+00
-1.060710108939450169e+00
-1.061000438995025608e+00
-1.061000438995025608e+00
-1.061273827178144114e+00
-1.061764526440420742e+00
-1.062019559564920224e+00
-1.062019559564920224e+00
-1.062286448965761076e+00
-1.062286448965761076e+00
-1.062533569406908907e+00
-1.063008292415170919e+00
-1.063239837494311057e+00
-1.063239837494311057e+00
-1.219873250733666037e+00
-1.219370650946243861e+00
-1.219772146670195845e+00
-1.220377264197997746e+00
-1.220377426606071181e+00
-1.220769038483126900e+00
-1.220408552251629031e+00
-1.220788168875188262e+00
-1.229557487304083319e+00
-1.229557487304083319e+00
-1.229900177045947895e+00
-1.229900177045947895e+00
-1.230247308701983622e+00
-1.230841184158292023e+00
-1.230841184158292023e+00
-1.230716639945706792e+00
-1.231114404583685928e+00
-1.231114404583685928e+00
-8.661769397839735873e-01
-8.670875586123216738e-01
-8.669980765064499995e-01
-8.669980765064499995e-01
-8.669076525537788847e-01
-8.667996330729182963e-01
-8.676055032873374318e-01
-8.675351058694693585e-01
-8.673972716931825921e-01
-8.672251720550681053e-01
-8.666029713352094710e-01
-1.238568399668762421e+00
-1.242037356485470312e+00
-1.250609724753951602e+00
-1.254104257664012678e+00
-8.621286825279944610e-01
-5.752698313171382694e-01
8.265696828637514315e-02
1.216021348000300151e+00
-9.233349141706277408e-01
-9.237837366851991971e-01
-9.262067345439010113e-01
-9.262066386364944393e-01
-9.262067315485822405e-01
-9.250027715486014435e-01
-9.249678405649950363e-01
-9.273257591214143503e-01
-9.273259768084155530e-01
-9.273266092467375987e-01
-9.273272112302061165e-01
-9.273260437621188013e-01
-9.293344123180913297e-01
-9.293349909200083747e-01
-9.282079370172755528e-01
-9.281987735507952753e-01
-9.305258636440403297e-01
-9.305262383039213381e-01
-9.293787351499505078e-01
-9.293616344204952417e-01
-9.293603623285418003e-01
-9.314705095973593307e-01
-9.314700553385144577e-01
-9.314688948557978687e-01
-9.314308059351867897e-01
-9.335028806800900192e-01
-9.334981430445474793e-01
-9.334946209672494444e-01
-9.333121931514098968e-01
-9.333098737407734546e-01
-2.936249992295150157e-01
-2.933005664058039308e-01
-2.932999581020090396e-01
-2.932994068707954760e-01
-2.960436719552892448e-01
-2.960429732857559060e-01
-2.960428179522676118e-01
-2.948669038633664474e-01
-2.969562157670204705e-01
-2.967297145118172885e-01
-2.967274951830543017e-01
-2.967250172489073190e-01
-2.948360724214287298e-01
-2.977587209048078165e-01
-2.977571643292129533e-01
-2.977571643292129533e-01
-2.977121930205741673e-01
-3.001159658066090419e-01
-3.001134010258786344e-01
-3.001134010258786344e-01
-3.001134010258786344e-01
-3.025285598188560687e-01
-3.025285598188560687e-01
-3.027801803792462554e-01
-3.027813042111511810e-01
-3.034018769125572668e-01
-3.034017816956493530e-01
-3.034009864727098549e-01
-3.034003014724975245e-01
-3.048009944992851050e-01
-3.048006107337450921e-01
-3.044900243059023293e-01
-3.044906270735653897e-01
-3.067126298484352809e-01
-3.067125392828498054e-01
-3.067117669924370738e-01
-3.089026139754782463e-01
-3.072655428077885054e-01
-3.072466248078254414e-01
-3.072468312863212980e-01
-3.094533489164332241e-01
-3.094515671864785933e-01
-3.094522867999001114e-01
-3.094529834120225420e-01
-3.115495021224612415e-01
-3.115492502869341429e-01
-3.115496416300020943e-01
-3.137266288320233465e-01
-3.120606873379301316e-01
-3.120622331017051110e-01
-3.120622331017051110e-01
-3.076736153220913650e-01
-3.076734338778734923e-01
-3.076734338778734923e-01
1.987449189243067349e-01
1.987851424861079019e-01
1.987851424861079019e-01
1.987851424861079019e-01
1.969523527921939188e-01
1.969523527921939188e-01
1.985863748704797538e-01
1.968854550193168407e-01
1.968854550193168407e-01
1.968854550193168407e-01
1.951716471551605547e-01
1.951708758403760680e-01
1.951708758403760680e-01
1.928056320151021186e-01
1.928075377617015640e-01
1.928075377617015640e-01
1.928075377617015640e-01
1.927338658370003621e-01
1.927338658370003621e-01
1.939575879817070359e-01
1.924214842011578164e-01
1.924214842011578164e-01
1.924214842011578164e-01
1.907052870692003133e-01
1.907052870692003133e-01
1.907052870692003133e-01
1.891884873501222530e-01
1.891884873501222530e-01
1.891128206297817416e-01
1.891128206297817416e-01
1.891128206297817416e-01
1.875715541984928070e-01
1.875907669613240403e-01
1.875907669613240403e-01
1.862074435096275904e-01
1.865246576359192165e-01
1.865246576359192165e-01
1.019528605925719367e+00
1.019528605925719367e+00
1.018861550031167296e+00
1.018902271544876337e+00
1.020295298495033087e+00
1.019305732962495048e+00
1.019305732962495048e+00
1.019305732962495048e+00
1.018298203582411077e+00
1.018298203582411077e+00
1.017269244952920371e+00
1.017269244952920371e+00
1.017269153746909849e+00
1.016671469320990395e+00
1.016671469320990395e+00
1.015585112144593793e+00
1.015585112144593793e+00
1.014550111719712211e+00
1.014550111719712211e+00
1.014550111719712211e+00
1.013430347854793911e+00
1.013430347854793911e+00
1.614224171931764040e+00
1.613632485244392845e+00
1.612933616194636599e+00
1.614303314482734120e+00
1.613420498914100998e+00
1.613782837294169603e+00
1.613787113831194997e+00
1.612823702009056115e+00
1.612315431159536017e+00
1.611440645634955704e+00
1.610770379147325793e+00
1.609642341054936532e+00
1.002240884957292799e+00
1.000116980024820856e+00
9.962220917999343728e-01
9.898216020682228944e-01
1.291105547128320596e-01
1.192723862391278228e-01
9.039128026486087375e-02
9.459242345561728049e-01
9.436970026390415489e-01
1.219419602469390851e+00
1.218408167535880882e+00
1.831518391578869309e+00
2.676700421810080943e+00
4.517392121272519212e+00
4.996861490844331399e+00
3.045837045050833858e+00
2.199038177015261386e+00
2.132319850213149515e+00
2.132047079938450551e+00
2.132046336178915702e+00
2.127163613125205632e+00
2.127161708004945861e+00
2.128292649352047317e+00
2.128292915617938874e+00
2.128292548849231913e+00
2.128295762941741831e+00
2.128296039820925856e+00
2.128296686876317789e+00
2.128294250844875446e+00
2.123628725114885540e+00
2.123648005240884373e+00
2.123648574948023171e+00
2.127886584764001832e+00
2.127886464658494958e+00
2.127884839497848901e+00
2.127885178123828158e+00
2.127887125192391871e+00
2.127886359163178032e+00
2.127883853224800781e+00
2.123303928851069333e+00
2.123304893930632709e+00
2.123304893930632709e+00
2.123363748162498954e+00
2.123366133740925754e+00
2.123366133740925754e+00
2.123493411537730413e+00
2.123496100307622925e+00
2.123496100307622925e+00
2.123496112104166222e+00
1.526018924852358349e+00
1.526017292487557242e+00
1.527178506191523066e+00
1.527185778889341705e+00
1.531995925203010867e+00
1.531995223023767005e+00
1.531997347255607211e+00
1.532067557651343837e+00
1.532065810126058691e+00
1.526763836559053455e+00
1.526763393482541531e+00
1.526764834920691261e+00
1.526766554999368086e+00
1.526764571712788010e+00
1.526765653832271807e+00
1.526765204349130878e+00
1.526766555773020784e+00
1.526765526208610391e+00
1.522048451132655300e+00
1.522050814623856718e+00
1.522049592428776910e+00
1.522051325442823178e+00
1.522051873662979116e+00
1.526316800796230000e+00
1.526319110558596925e+00
1.526319453327922737e+00
1.526320655297675577e+00
2.336515608774725195e+00
2.336517486140122557e+00
2.336517109209759191e+00
2.336518569866925077e+00
2.336518036847149205e+00
2.337881081733061528e+00
2.344251116488603959e+00
2.344251116488603959e+00
2.344250602039069875e+00
2.339539292159567463e+00
2.339538897100644110e+00
2.339539385292289886e+00
2.339543061381347044e+00
2.339542324761435754e+00
2.339545154732879162e+00
2.339543069934333364e+00
2.344312306883928443e+00
2.344310983589983355e+00
2.339396647445019184e+00
2.339395070712083857e+00
2.339397803372327722e+00
2.339397378679545447e+00
2.339397729266690096e+00
2.339397837250193568e+00
2.339396754607393714e+00
2.339399091784643225e+00
2.334297092875844637e+00
2.334370290203626297e+00
2.334369920057298486e+00
2.334369578844092796e+00
2.334369578844092796e+00
2.334369578844092796e+00
2.334372781203216007e+00
2.334372781203216007e+00
2.335532268645398979e+00
2.335091178431172754e+00
2.335093097387234362e+00
2.335092143458445069e+00
2.335092143458445069e+00
2.335092143458445069e+00
2.335081097576152676e+00
2.335081097576152676e+00
2.335081097576152676e+00
2.331062756461241836e+00
2.331063885081601672e+00
2.331065678941712349e+00
2.331064457665496192e+00
2.331062842930216039e+00
2.331065181021821697e+00
2.331067106970578617e+00
2.331065746547836603e+00
2.326912539022943704e+00
2.326915243084507257e+00
2.326915243084507257e+00
2.331300280445961270e+00
2.331301804265411448e+00
2.331302663610614889e+00
2.331301983967851932e+00
2.331303590458237096e+00
2.326587291948890357e+00
2.326587291948890357e+00
2.327725579916833709e+00
2.327724748287985257e+00
2.327725153214527776e+00
2.327725268434096328e+00
2.327725268434096328e+00
2.327725268434096328e+00
2.323382702537134747e+00
2.323382702537134747e+00
2.323381937059192826e+00
2.323381852295795191e+00
2.323382222694539312e+00
2.327589668100948028e+00
2.327590092143864364e+00
2.327590518755879412e+00
3.389991534254147787e+00
3.389990598562856672e+00
3.389990678788022294e+00
3.389991294203506644e+00
3.390177638545912142e+00
3.390178589790270536e+00
3.390178589790270536e+00
3.390178589790270536e+00
3.386375147281853071e+00
3.386375415083856311e+00
3.386376718459928714e+00
3.386378974118940288e+00
3.386378998867667800e+00
3.387539563128946440e+00
3.387539301239736567e+00
3.388573919309319393e+00
3.388574398028739498e+00
3.388572901371654122e+00
3.388572901371654122e+00
3.388573964885569723e+00
3.388573964885569723e+00
3.388574466828794485e+00
3.383815004444981067e+00
3.383816653840736155e+00
3.383815793671410166e+00
3.383815654194430866e+00
3.383815654194430866e+00
3.383815654194430866e+00
3.383815654194430866e+00
3.383816571340735102e+00
3.380085496679957835e+00
3.380085496679957835e+00
3.380085496679957835e+00
3.384114195779053702e+00
3.384114195779053702e+00
3.384114195779053702e+00
3.384114195779053702e+00
3.380363060809871367e+00
3.380362706577432430e+00
3.380362706577432430e+00
3.322005873253132346e+00
3.322005873253132346e+00
3.322079738632222501e+00
3.322079738632222501e+00
3.318756454766254471e+00
3.318759561614686326e+00
3.318759903425875901e+00
3.318760731318490365e+00
3.318738404285503485e+00
3.318734760967438024e+00
3.322516911687646068e+00
3.318905334273317909e+00
3.318905334273317909e+00
3.318905334273317909e+00
3.318905334273317909e+00
3.318905334273317909e+00
3.318905334273317909e+00
3.318905334273317909e+00
4.917164852176373557e+00
4.917164852176373557e+00
4.917164852176373557e+00
4.917164852176373557e+00
4.917164852176373557e+00
4.917164852176373557e+00
4.915166047592601117e+00
4.915166047592601117e+00
4.915166047592601117e+00
4.919226502267917134e+00
4.919226502267917134e+00
4.920150572370359576e+00
4.920160068499853878e+00
4.916783355512482245e+00
4.916783355512482245e+00
4.916783355512482245e+00
4.916783355512482245e+00
4.916976539343703045e+00
4.916976539343703045e+00
4.913927902067206865e+00
4.913927902067206865e+00
4.913927902067206865e+00
4.913927902067206865e+00
4.913927902067206865e+00
4.913927902067206865e+00
4.913929574578424386e+00
4.914714660702637516e+00
4.914714660702637516e+00
4.914791552342435921e+00
4.914791552342435921e+00
4.914791552342435921e+00
4.914791552342435921e+00
4.912233159779325398e+00
4.912233159779325398e+00
4.912233159779325398e+00
4.912233159779325398e+00
4.912233159779325398e+00
4.912233159779325398e+00
4.909493979461488244e+00
4.910213385577580247e+00
4.910213385577580247e+00
4.910213385577580247e+00
4.913337053501382279e+00
4.913337053501382279e+00
7.292298042512880940e+00
7.292298042512880940e+00
7.292298042512880940e+00
7.292298042512880940e+00
7.292298042512880940e+00
7.292298042512880940e+00
7.291091452179505161e+00
7.291091452179505161e+00
7.291302435819392969e+00
7.291302435819392969e+00
7.291302435819392969e+00
7.291302435819392969e+00
7.289291668388539591e+00
7.289291668388539591e+00
7.289291668388539591e+00
7.291685195498274652e+00
7.291685195498274652e+00
7.289893504285064552e+00
7.289893504285064552e+00
7.289893504285064552e+00
7.289893504285064552e+00
7.290683969224760475e+00
7.290683969224760475e+00
7.288729152676044265e+00
7.288729152676044265e+00
7.288729152676044265e+00
7.288729152676044265e+00
7.288805712274609938e+00
7.288805712274609938e+00
7.287104350303788003e+00
7.287104350303788003e+00
7.289310233335363876e+00
7.289310233335363876e+00
7.289310233335363876e+00
7.287813018104373874e+00
7.287813018104373874e+00
7.287813018104373874e+00
7.287813018104373874e+00
7.287813018104373874e+00
1.001417674582735451e+01
1.001417674582735451e+01
1.001417601299182003e+01
1.001439817460565074e+01
1.001439817460565074e+01
1.001476123485245751e+01
1.001476123485245751e+01
1.001382197055279022e+01
1.001382197055279022e+01
1.001382197055279022e+01
1.001382197055279022e+01
1.001414204271334896e+01
1.001414204271334896e+01
1.001414748672180366e+01
1.001414748672180366e+01
1.001414748672180366e+01
1.001445271003346171e+01
1.001445271003346171e+01
1.001445271003346171e+01
1.001445271003346171e+01
1.001481677408325588e+01
1.001481677408325588e+01
1.001481677408325588e+01
1.087717865758760105e+01
1.087717865758760105e+01
1.087558569768843597e+01
1.087558569768843597e+01
1.087558569768843597e+01
1.087558569768843597e+01
1.087558569768843597e+01
1.087412483565521271e+01
1.087412483565521271e+01
1.087496659144450284e+01
1.087496601108019689e+01
1.411686413697262488e+01
1.411686413697262488e+01
1.411686413697262488e+01
1.411686413697262488e+01
1.411390872830562238e+01
1.411473314076122065e+01
1.411473314076122065e+01
1.411473314076122065e+01
1.411473314076122065e+01
1.411556648513371570e+01
1.411556648513371570e+01
1.411556648513371570e+01
1.411556648513371570e+01
1.411556648513371570e+01
1.411650075131589155e+01
1.411650075131589155e+01
1.411650075131589155e+01
1.411650075131589155e+01
1.411762121677343629e+01
1.411525152500591140e+01
1.411525152500591140e+01
1.411525152500591140e+01
1.411647341714564163e+01
1.411731087297794573e+01
1.411731087297794573e+01
1.411731087297794573e+01
1.411872156131577860e+01
1.411872156131577860e+01
1.411917889161072104e+01
1.411956662393837014e+01
1.411996650067672476e+01
1.412039240537710327e+01
1.412125516915837409e+01
1.300931960582000002e+01
1.301069863501837354e+01
1.301296064641681127e+01
1.301748999525926465e+01
1.302050429257317887e+01
1.302354516318141364e+01
1.302723822980473578e+01
1.303475968086540604e+01
1.035881770486586184e+01
1.035668564139425385e+01
1.035540434084168915e+01
7.273883233777794999e+00
7.262940376209773063e+00
3.087257243311275268e+00
4.737665328661469388e+00
7.211174565103988243e+00
7.206281466846297334e+00
7.203402388953897173e+00
7.202068894327381621e+00
1.033217610635489159e+01
1.033162768445401980e+01
1.033108474980286573e+01
1.033075450736934009e+01
1.033044769777968241e+01
1.033016335959559839e+01
1.322091097448458363e+01
1.322322652611892480e+01
1.322505713416003204e+01
1.412908852237519319e+01
1.412107261832674787e+01
1.412166825464429110e+01
1.427677306632561205e+01
1.427344821879023051e+01
1.427008052621562051e+01
1.336442738547633624e+01
1.335415390533537661e+01
1.255831714297531754e+01
1.207975113507728260e+01
1.169231680385704486e+01
1.131426040881145312e+01
1.107526656171171275e+01
1.095686904099219028e+01
1.091824043851429238e+01
1.090518705567085966e+01
1.090300761507046268e+01
1.090291314005390610e+01
1.090249686862280498e+01
1.090237880115475377e+01
1.090269721082206900e+01
1.090269721082206900e+01
1.090270605432565887e+01
1.090270605432565887e+01
1.090270605432565887e+01
1.090271840737605658e+01
1.090271840737605658e+01
1.090271583464422811e+01
1.090271583464422811e+01
1.089904729724891119e+01
1.089900195104436520e+01
1.089900195104436520e+01
1.089900233566887167e+01
1.090188373597591998e+01
1.090188373597591998e+01
1.090188418630342682e+01
1.090188418630342682e+01
1.090188418630342682e+01
1.090189024203002433e+01
1.090189024203002433e+01
1.090187718308963305e+01
1.090187718308963305e+01
1.089867578344740195e+01
1.089867548586794577e+01
1.089867548586794577e+01
1.089867920589558636e+01
1.089867920589558636e+01
1.089867920589558636e+01
1.089871061782969974e+01
1.089871061782969974e+01
1.089871344528311603e+01
1.089871344528311603e+01
1.089871344528311603e+01
1.089870722139117021e+01
1.089870722139117021e+01
1.089525907975521335e+01
1.089806278068021861e+01
1.089806278068021861e+01
1.089806387552187239e+01
1.089806387552187239e+01
1.089806387552187239e+01
1.089837462782539212e+01
1.089837462782539212e+01
1.089837179388485922e+01
1.089837179388485922e+01
1.089837179388485922e+01
1.089837462513290234e+01
1.089837462513290234e+01
1.089460726338591989e+01
1.089460726338591989e+01
1.089460665520425131e+01
1.089460665520425131e+01
1.089460665520425131e+01
1.089460665520425131e+01
1.089460665520425131e+01
1.089535668197148510e+01
1.089535668197148510e+01
1.089535668197148510e+01
1.089535668197148510e+01
1.089812890988448579e+01
1.089812890988448579e+01
1.089497143351195341e+01
1.089497143351195341e+01
1.089497143351195341e+01
1.089497143351195341e+01
1.089497143351195341e+01
1.089497143351195341e+01
1.089497143351195341e+01
1.089497143351195341e+01
1.089497143351195341e+01
1.089497143351195341e+01
1.089497143351195341e+01
1.089497143351195341e+01
1.089497143351195341e+01
1.522071342876091116e+01
1.522071407377281993e+01
1.522071407377281993e+01
1.522071407377281993e+01
1.522071407377281993e+01
1.522071407377281993e+01
1.522075119481567995e+01
1.522108078536937548e+01
1.522378237685555291e+01
1.522378237685555291e+01
1.522378237685555291e+01
1.522378237685555291e+01
1.522378237685555291e+01
1.522135569272098898e+01
1.522135569272098898e+01
1.522135569272098898e+01
1.522135569272098898e+01
1.522135569272098898e+01
1.522135569272098898e+01
1.522135569272098898e+01
1.522135569272098898e+01
1.522135569272098898e+01
1.522135569272098898e+01
1.522135417806474145e+01
1.522135417806474145e+01
1.521760815876149664e+01
1.521760815876149664e+01
1.521760815876149664e+01
1.521760815876149664e+01
1.521760815876149664e+01
1.522027369736670543e+01
1.522027369736670543e+01
1.522027369736670543e+01
1.522027369736670543e+01
1.522027369736670543e+01
1.522027369736670543e+01
1.522027369736670543e+01
1.521711295515282636e+01
1.521711973197192336e+01
1.521711973197192336e+01
1.521711973197192336e+01
1.521711973197192336e+01
1.521711973197192336e+01
1.521711973197192336e+01
1.521711973197192336e+01
1.521790564048771621e+01
1.521790564048771621e+01
1.521823809381469417e+01
1.521823809381469417e+01
1.521531101012081599e+01
1.521531101012081599e+01
1.521531101012081599e+01
1.521799793611254259e+01
1.521799793611254259e+01
1.521799793611254259e+01
1.521799793611254259e+01
1.521799793611254259e+01
1.521803402340451683e+01
1.521803402340451683e+01
1.521803402340451683e+01
1.521511066165067128e+01
1.521511066165067128e+01
1.521511066165067128e+01
1.521511066165067128e+01
1.521511066165067128e+01
1.521511066165067128e+01
1.521511066165067128e+01
1.521511066165067128e+01
1.521511066165067128e+01
1.521511066165067128e+01
1.521511066165067128e+01
1.521511066165067128e+01
1.521234564723796190e+01
1.521500214842436804e+01
1.521500214842436804e+01
1.521500214842436804e+01
1.521500214842436804e+01
1.521579934618017660e+01
1.521579934618017660e+01
