3.106938339093183643e+01
3.119507773351481816e+01
3.131841963947768193e+01
3.182319097365662586e+01
3.141009346470590557e+01
3.096697556336262025e+01
3.059706084148369953e+01
2.995139310391792975e+01
2.971327441719724050e+01
2.938063683427350270e+01
2.911322666831446782e+01
2.897826760580262473e+01
2.872164484184035871e+01
2.858192757563827513e+01
2.802983535693827832e+01
2.794139918756288665e+01
2.786191387397681396e+01
2.773780305890188913e+01
2.754263729195305999e+01
2.754325528958990077e+01
2.745235994133332369e+01
2.738510928713346360e+01
2.731884131065867649e+01
2.726156660891765782e+01
2.726614423710651991e+01
2.720039378778688288e+01
2.712523968779490957e+01
2.703498955513266466e+01
2.705102358617214620e+01
2.689492765324418144e+01
2.670170930530586162e+01
2.668601469497603063e+01
2.678774200710165942e+01
2.660941271322955970e+01
2.664009426494553878e+01
2.671627974827036667e+01
2.652730330565279360e+01
2.653116195378204623e+01
2.663296849224787621e+01
2.644975439215376412e+01
2.647522634499646088e+01
2.654564802227637443e+01
2.639611351442955112e+01
2.653198194770019214e+01
2.654428465141580062e+01
2.633384306729158908e+01
2.629242350857963828e+01
2.629201642140127859e+01
2.609201923634284981e+01
5.539505956465511360e+00
5.539505956465511360e+00
5.539505956465511360e+00
5.539505956465511360e+00
5.539505956465511360e+00
5.539505956465511360e+00
5.539505956465511360e+00
5.539505956465511360e+00
5.539505956465511360e+00
5.539505956465511360e+00
5.539505956465511360e+00
5.539505956465511360e+00
5.539505956465511360e+00
5.539505956465511360e+00
5.539505956465511360e+00
2.619238907932822258e+01
2.614888907932822093e+01
2.612388907932822235e+01
2.609038907932821871e+01
2.605938907932821991e+01
2.604338907932822167e+01
2.603388907932821894e+01
2.604138907932821922e+01
2.598738907932822073e+01
2.599338907932822096e+01
2.601338907932822053e+01
2.664938907932822332e+01
5.540013949934362358e+00
5.540013949934362358e+00
5.540013949934362358e+00
5.540013949934362358e+00
5.540013949934362358e+00
5.540013949934362358e+00
5.540013949934362358e+00
5.540013949934362358e+00
5.540013949934362358e+00
5.540013949934362358e+00
2.589709595347819260e+01
2.586809595347818913e+01
2.582809595347818998e+01
2.581009595347818930e+01
2.578509595347819072e+01
2.576309595347819226e+01
2.574709595347819047e+01
2.573509595347819356e+01
2.572809595347818856e+01
2.573109595347818868e+01
2.575209595347818947e+01
2.576909595347819248e+01
2.579609595347819351e+01
2.582509595347818987e+01
2.581909595347818964e+01
2.588809595347819226e+01
5.540513625966859479e+00
5.540513625966859479e+00
5.540513625966859479e+00
5.540513625966859479e+00
5.540513625966859479e+00
5.540513625966859479e+00
5.540513625966859479e+00
5.540513625966859479e+00
5.540513625966859479e+00
5.540513625966859479e+00
5.540513625966859479e+00
5.540513625966859479e+00
5.540513625966859479e+00
5.540513625966859479e+00
5.540513625966859479e+00
5.540513625966859479e+00
5.540513625966859479e+00
5.540513625966859479e+00
5.540513625966859479e+00
5.540513625966859479e+00
5.540513625966859479e+00
5.540513625966859479e+00
5.540513625966859479e+00
5.540513625966859479e+00
5.540513625966859479e+00
5.540513625966859479e+00
5.540513625966859479e+00
5.540513625966859479e+00
5.541012114235357444e+00
5.541012114235357444e+00
5.541012114235357444e+00
5.541012114235357444e+00
5.541012114235357444e+00
5.541012114235357444e+00
5.541012114235357444e+00
5.541012114235357444e+00
5.541012114235357444e+00
5.541012114235357444e+00
5.541012114235357444e+00
5.541012114235357444e+00
2.565592776484477611e+01
2.557192776484478003e+01
2.553092776484477611e+01
2.553092776484477611e+01
2.549492776484477830e+01
2.546592776484477838e+01
2.546592776484477838e+01
2.543892776484477736e+01
2.542592776484477923e+01
2.539392776484477920e+01
2.537092776484477952e+01
2.534992776484477872e+01
2.532892776484477793e+01
2.532392776484477892e+01
2.530792776484477713e+01
2.529692776484477790e+01
2.529492776484477901e+01
2.529592776484477668e+01
2.530192776484477690e+01
2.531892776484477992e+01
2.534492776484477616e+01
2.536192776484477918e+01
2.538192776484477875e+01
2.541092776484477866e+01
2.542592776484477923e+01
2.543192776484477946e+01
2.543492776484477957e+01
2.543492776484477957e+01
2.540192776484477832e+01
2.540192776484477832e+01
2.540192776484477832e+01
2.543292776484477713e+01
2.549492776484477830e+01
2.545692776484477804e+01
5.541510255904135818e+00
5.541510255904135818e+00
5.541510255904135818e+00
5.541510255904135818e+00
5.541510255904135818e+00
5.541510255904135818e+00
5.541510255904135818e+00
5.541510255904135818e+00
5.541510255904135818e+00
5.541510255904135818e+00
5.541510255904135818e+00
5.541510255904135818e+00
5.541510255904135818e+00
5.541510255904135818e+00
5.541510255904135818e+00
5.541510255904135818e+00
5.541510255904135818e+00
5.541510255904135818e+00
5.542018855773648056e+00
5.542018855773648056e+00
5.542018855773648056e+00
5.542018855773648056e+00
5.542018855773648056e+00
5.542018855773648056e+00
5.542018855773648056e+00
5.542018855773648056e+00
5.542018855773648056e+00
5.542018855773648056e+00
5.542018855773648056e+00
5.542018855773648056e+00
5.542018855773648056e+00
5.542018855773648056e+00
5.542018855773648056e+00
5.542018855773648056e+00
5.542018855773648056e+00
5.542018855773648056e+00
5.542018855773648056e+00
5.542018855773648056e+00
5.542018855773648056e+00
5.542018855773648056e+00
5.542018855773648056e+00
5.542018855773648056e+00
5.542018855773648056e+00
5.542018855773648056e+00
5.542018855773648056e+00
5.542018855773648056e+00
5.542018855773648056e+00
5.542018855773648056e+00
5.542018855773648056e+00
5.542538865503356504e+00
5.542538865503356504e+00
5.542538865503356504e+00
5.542538865503356504e+00
5.542538865503356504e+00
5.542538865503356504e+00
5.542538865503356504e+00
5.542538865503356504e+00
5.542538865503356504e+00
5.542538865503356504e+00
5.542538865503356504e+00
5.542538865503356504e+00
5.542538865503356504e+00
5.542538865503356504e+00
5.542538865503356504e+00
5.542538865503356504e+00
5.542538865503356504e+00
5.542538865503356504e+00
5.542538865503356504e+00
5.542538865503356504e+00
5.542538865503356504e+00
5.542538865503356504e+00
5.542538865503356504e+00
5.542538865503356504e+00
5.542538865503356504e+00
5.542538865503356504e+00
5.542538865503356504e+00
5.542538865503356504e+00
5.542538865503356504e+00
5.542538865503356504e+00
5.542538865503356504e+00
5.543067189585617172e+00
5.543067189585617172e+00
5.543067189585617172e+00
5.543067189585617172e+00
5.543067189585617172e+00
5.543067189585617172e+00
5.543067189585617172e+00
5.543067189585617172e+00
5.543067189585617172e+00
5.543067189585617172e+00
5.543067189585617172e+00
5.543067189585617172e+00
5.543067189585617172e+00
5.543067189585617172e+00
5.543067189585617172e+00
5.543067189585617172e+00
5.543067189585617172e+00
5.543067189585617172e+00
5.543067189585617172e+00
5.543067189585617172e+00
5.543067189585617172e+00
5.543067189585617172e+00
5.543067189585617172e+00
5.543067189585617172e+00
5.543067189585617172e+00
5.543067189585617172e+00
5.543067189585617172e+00
5.543067189585617172e+00
5.543067189585617172e+00
5.543067189585617172e+00
2.470812626116638455e+01
2.514212626116638205e+01
2.519412626116638165e+01
2.507612626116638310e+01
2.503012626116638373e+01
2.498612626116638324e+01
2.494012626116638387e+01
2.488912626116638194e+01
2.482412626116638421e+01
2.477912626116638251e+01
2.470412626116638322e+01
2.470412626116638322e+01
2.462112626116638125e+01
2.462112626116638125e+01
2.455712626116638120e+01
2.451012626116638415e+01
2.449912626116638137e+01
2.448012626116638302e+01
2.446612626116638367e+01
2.445812626116638455e+01
2.445312626116638199e+01
2.445612626116638211e+01
2.446612626116638367e+01
2.448812626116638214e+01
2.451412626116638194e+01
2.454712626116638319e+01
2.457812626116638199e+01
2.459012626116638245e+01
2.459312626116638256e+01
2.459612626116638268e+01
2.460012626116638046e+01
2.460612626116638069e+01
2.461012626116638558e+01
2.461812626116638114e+01
2.462412626116638137e+01
2.462612626116638381e+01
2.463812626116638427e+01
2.464212626116638205e+01
2.465012626116638472e+01
2.465512626116638373e+01
2.466012626116638273e+01
2.466712626116638063e+01
2.467712626116638219e+01
2.468012626116638231e+01
2.468012626116638231e+01
2.469812626116638299e+01
2.469912626116638421e+01
2.470412626116638322e+01
2.470412626116638322e+01
2.470412626116638322e+01
2.473212626116638546e+01
2.473212626116638546e+01
2.473412626116638080e+01
2.473612626116638324e+01
2.474712626116638248e+01
2.474812626116638370e+01
2.475412626116638393e+01
2.476012626116638415e+01
2.476412626116638194e+01
2.476712626116638205e+01
2.477412626116638350e+01
2.477812626116638484e+01
2.478312626116638384e+01
2.478512626116638273e+01
2.479412626116638307e+01
2.479412626116638307e+01
2.479712626116638319e+01
2.480012626116638330e+01
2.480612626116638353e+01
2.480712626116638120e+01
2.481112626116638253e+01
2.480912626116638364e+01
2.480912626116638364e+01
2.480512626116638231e+01
2.481012626116638131e+01
2.480812626116638242e+01
2.480412626116638108e+01
2.478912626116638052e+01
2.478212626116638262e+01
2.478212626116638262e+01
2.478212626116638262e+01
2.479612626116638552e+01
2.479612626116638552e+01
2.479512626116638074e+01
2.480012626116638330e+01
2.480012626116638330e+01
2.480012626116638330e+01
2.480012626116638330e+01
2.480012626116638330e+01
2.484612626116638268e+01
2.484612626116638268e+01
2.484612626116638268e+01
2.484612626116638268e+01
2.490112626116638239e+01
5.545248518899917656e+00
5.545248518899917656e+00
5.545248518899917656e+00
5.545248518899917656e+00
5.545248518899917656e+00
5.545248518899917656e+00
5.545248518899917656e+00
5.545248518899917656e+00
5.545248518899917656e+00
5.545248518899917656e+00
5.545248518899917656e+00
5.545248518899917656e+00
5.545248518899917656e+00
5.545248518899917656e+00
5.545248518899917656e+00
5.545248518899917656e+00
5.545248518899917656e+00
5.545248518899917656e+00
5.545248518899917656e+00
5.545248518899917656e+00
5.545248518899917656e+00
5.545248518899917656e+00
5.545248518899917656e+00
5.545248518899917656e+00
5.545830305220178502e+00
5.545830305220178502e+00
5.545830305220178502e+00
5.545830305220178502e+00
5.545830305220178502e+00
5.545830305220178502e+00
5.545830305220178502e+00
5.545830305220178502e+00
5.545830305220178502e+00
5.545830305220178502e+00
5.545830305220178502e+00
5.545830305220178502e+00
5.545830305220178502e+00
5.545830305220178502e+00
5.545830305220178502e+00
5.545830305220178502e+00
5.545830305220178502e+00
5.545830305220178502e+00
5.545830305220178502e+00
5.545830305220178502e+00
5.545830305220178502e+00
5.545830305220178502e+00
5.545830305220178502e+00
5.545830305220178502e+00
5.545830305220178502e+00
5.545830305220178502e+00
5.545830305220178502e+00
5.545830305220178502e+00
5.545830305220178502e+00
5.546416065804248063e+00
5.546416065804248063e+00
5.546416065804248063e+00
5.546416065804248063e+00
5.546416065804248063e+00
5.546416065804248063e+00
5.546416065804248063e+00
5.546416065804248063e+00
5.546416065804248063e+00
5.546416065804248063e+00
5.546416065804248063e+00
5.546416065804248063e+00
5.546416065804248063e+00
5.546416065804248063e+00
5.546416065804248063e+00
5.546416065804248063e+00
5.546416065804248063e+00
5.546416065804248063e+00
5.546416065804248063e+00
5.546416065804248063e+00
5.546416065804248063e+00
5.546416065804248063e+00
5.546416065804248063e+00
5.546416065804248063e+00
5.546416065804248063e+00
5.546416065804248063e+00
2.417839718020125872e+01
2.438139718020125812e+01
2.456839718020125929e+01
2.480739718020125650e+01
2.498439718020125611e+01
2.494039718020125918e+01
2.467139718020126082e+01
2.463639718020125713e+01
2.450839718020125702e+01
2.445739718020125864e+01
2.440339718020126014e+01
2.430639718020125883e+01
2.425339718020125801e+01
2.418939718020125795e+01
2.414939718020125881e+01
2.409239718020126020e+01
2.403939718020125582e+01
2.400139718020125912e+01
2.398439718020125611e+01
2.396739718020126020e+01
2.394939718020125952e+01
2.394239718020125807e+01
2.394239718020125807e+01
2.393039718020125761e+01
2.392839718020125872e+01
2.392839718020125872e+01
2.393039718020125761e+01
2.393539718020125662e+01
2.393539718020125662e+01
2.393739718020125906e+01
2.393739718020125906e+01
2.393939718020125795e+01
2.394339718020125929e+01
2.394739718020125707e+01
2.394839718020125829e+01
2.395239718020125963e+01
2.395439718020125852e+01
2.395539718020125974e+01
2.395939718020125753e+01
2.396139718020125997e+01
2.396439718020126008e+01
2.396639718020125898e+01
2.396939718020125909e+01
2.397139718020125798e+01
2.397539718020125576e+01
2.397739718020125821e+01
2.397839718020125588e+01
2.398439718020125611e+01
2.398439718020125611e+01
2.398739718020125622e+01
2.398939718020125866e+01
2.399139718020125756e+01
2.399639718020125656e+01
2.399839718020125900e+01
2.400039718020125790e+01
2.400439718020125923e+01
2.400639718020125812e+01
2.400839718020125702e+01
2.400939718020125824e+01
2.401439718020125724e+01
2.401639718020125969e+01
2.401839718020125858e+01
2.402239718020125991e+01
2.402539718020126003e+01
2.402539718020126003e+01
2.402939718020125781e+01
2.403339718020125559e+01
2.403539718020125804e+01
2.403839718020125815e+01
2.404239718020125594e+01
2.404539718020125605e+01
2.404839718020125616e+01
2.405139718020125628e+01
2.405339718020125872e+01
2.405639718020125883e+01
2.405939718020125895e+01
2.406439718020125795e+01
2.406539718020125918e+01
2.406939718020125696e+01
2.407139718020125940e+01
2.407439718020125952e+01
2.407639718020125841e+01
2.408139718020125741e+01
2.408139718020125741e+01
2.408639718020125997e+01
2.408839718020125886e+01
2.409239718020126020e+01
2.409239718020126020e+01
2.409239718020126020e+01
2.410739718020126077e+01
2.410739718020126077e+01
2.410739718020126077e+01
2.410939718020125611e+01
2.411239718020125622e+01
2.411639718020125756e+01
2.411639718020125756e+01
2.411639718020125756e+01
2.413139718020125812e+01
2.413139718020125812e+01
2.413139718020125812e+01
2.413539718020125946e+01
2.413739718020125835e+01
2.414239718020125736e+01
2.414439718020125980e+01
2.414739718020125991e+01
2.414939718020125881e+01
2.415539718020125903e+01
2.415639718020126026e+01
2.415639718020126026e+01
2.416639718020125827e+01
2.416639718020125827e+01
2.416639718020125827e+01
2.417039718020125605e+01
2.417239718020125849e+01
2.417539718020125861e+01
2.417939718020125639e+01
2.417939718020125639e+01
2.417939718020125639e+01
2.418839718020125673e+01
2.419039718020125918e+01
2.419239718020125807e+01
2.419539718020125818e+01
2.419539718020125818e+01
2.419539718020125818e+01
2.420839718020125986e+01
2.420839718020125986e+01
2.420939718020125753e+01
2.421239718020125764e+01
2.421539718020125775e+01
2.421839718020125787e+01
2.422039718020126031e+01
2.422239718020125565e+01
2.422539718020125576e+01
2.422739718020125821e+01
2.423139718020125599e+01
2.423539718020126088e+01
2.423639718020125855e+01
2.424039718020125633e+01
2.424039718020125633e+01
2.424039718020125633e+01
2.424739718020125778e+01
2.424839718020125900e+01
2.424939718020125667e+01
2.425339718020125801e+01
2.425339718020125801e+01
2.425439718020125923e+01
2.426039718020125946e+01
2.426039718020125946e+01
2.426239718020125835e+01
2.426239718020125835e+01
2.426239718020125835e+01
2.427239718020125991e+01
2.427239718020125991e+01
2.427239718020125991e+01
2.427339718020125758e+01
2.427639718020125770e+01
2.427739718020125892e+01
2.427939718020125781e+01
2.427939718020125781e+01
2.427939718020125781e+01
2.427939718020125781e+01
2.429439718020125838e+01
2.429439718020125838e+01
2.429439718020125838e+01
2.429439718020125838e+01
2.429439718020125838e+01
2.429439718020125838e+01
2.429439718020125838e+01
2.429439718020125838e+01
2.429439718020125838e+01
2.432439718020125952e+01
2.432439718020125952e+01
2.432439718020125952e+01
2.432439718020125952e+01
2.432439718020125952e+01
2.432439718020125952e+01
2.432739718020125963e+01
2.433939718020126008e+01
2.435339718020125588e+01
2.439539718020125747e+01
2.459539718020126031e+01
5.550916368244433130e+00
5.550916368244433130e+00
5.550916368244433130e+00
5.550916368244433130e+00
5.550916368244433130e+00
5.550916368244433130e+00
5.550916368244433130e+00
5.550916368244433130e+00
5.550916368244433130e+00
5.550916368244433130e+00
5.550916368244433130e+00
5.550916368244433130e+00
5.550916368244433130e+00
5.550916368244433130e+00
5.550916368244433130e+00
5.550916368244433130e+00
5.550916368244433130e+00
5.550916368244433130e+00
5.550916368244433130e+00
5.550916368244433130e+00
5.551680248059355449e+00
5.551680248059355449e+00
5.551680248059355449e+00
5.551680248059355449e+00
5.551680248059355449e+00
5.551680248059355449e+00
5.551680248059355449e+00
5.551680248059355449e+00
5.551680248059355449e+00
5.551680248059355449e+00
5.551680248059355449e+00
5.551680248059355449e+00
5.551680248059355449e+00
5.551680248059355449e+00
5.551680248059355449e+00
5.551680248059355449e+00
5.551680248059355449e+00
5.551680248059355449e+00
5.551680248059355449e+00
5.551680248059355449e+00
5.551680248059355449e+00
5.551680248059355449e+00
5.551680248059355449e+00
5.551680248059355449e+00
5.551680248059355449e+00
5.551680248059355449e+00
5.551680248059355449e+00
5.551680248059355449e+00
5.552339612733504737e+00
5.552339612733504737e+00
5.552339612733504737e+00
5.552339612733504737e+00
5.552339612733504737e+00
5.552339612733504737e+00
5.552339612733504737e+00
5.552339612733504737e+00
5.552339612733504737e+00
5.552339612733504737e+00
5.552339612733504737e+00
5.552339612733504737e+00
5.552339612733504737e+00
5.552339612733504737e+00
5.552339612733504737e+00
5.552339612733504737e+00
5.552339612733504737e+00
5.552339612733504737e+00
5.552339612733504737e+00
5.552339612733504737e+00
5.552339612733504737e+00
5.552339612733504737e+00
5.552339612733504737e+00
5.552339612733504737e+00
5.552339612733504737e+00
5.552339612733504737e+00
5.553016412680669589e+00
5.553016412680669589e+00
5.553016412680669589e+00
5.553016412680669589e+00
5.553016412680669589e+00
5.553016412680669589e+00
5.553016412680669589e+00
5.553016412680669589e+00
5.553016412680669589e+00
5.553016412680669589e+00
5.553016412680669589e+00
5.553016412680669589e+00
5.553016412680669589e+00
5.553016412680669589e+00
5.553016412680669589e+00
5.553016412680669589e+00
5.553016412680669589e+00
5.553016412680669589e+00
5.553016412680669589e+00
5.553016412680669589e+00
5.553016412680669589e+00
5.553016412680669589e+00
5.553016412680669589e+00
5.553016412680669589e+00
5.553016412680669589e+00
5.553696648819208548e+00
5.553696648819208548e+00
5.553696648819208548e+00
5.553696648819208548e+00
5.553696648819208548e+00
5.553696648819208548e+00
5.553696648819208548e+00
5.553696648819208548e+00
5.553696648819208548e+00
5.553696648819208548e+00
5.553696648819208548e+00
5.553696648819208548e+00
5.553696648819208548e+00
5.553696648819208548e+00
5.553696648819208548e+00
5.553696648819208548e+00
5.553696648819208548e+00
5.553696648819208548e+00
5.553696648819208548e+00
5.553696648819208548e+00
5.553696648819208548e+00
5.553696648819208548e+00
5.553696648819208548e+00
5.553696648819208548e+00
5.553696648819208548e+00
5.554380238226059419e+00
5.554380238226059419e+00
5.554380238226059419e+00
5.554380238226059419e+00
5.554380238226059419e+00
5.554380238226059419e+00
5.554380238226059419e+00
5.554380238226059419e+00
5.554380238226059419e+00
5.554380238226059419e+00
5.554380238226059419e+00
5.554380238226059419e+00
5.554380238226059419e+00
5.554380238226059419e+00
5.554380238226059419e+00
5.554380238226059419e+00
5.554380238226059419e+00
5.554380238226059419e+00
5.554380238226059419e+00
5.554380238226059419e+00
5.554380238226059419e+00
5.554380238226059419e+00
5.554380238226059419e+00
5.554380238226059419e+00
5.554380238226059419e+00
5.555064950673038737e+00
5.555064950673038737e+00
5.555064950673038737e+00
5.555064950673038737e+00
5.555064950673038737e+00
5.555064950673038737e+00
5.555064950673038737e+00
5.555064950673038737e+00
5.555064950673038737e+00
5.555064950673038737e+00
5.555064950673038737e+00
5.555064950673038737e+00
5.555064950673038737e+00
5.555064950673038737e+00
5.555064950673038737e+00
5.555064950673038737e+00
5.555064950673038737e+00
5.555064950673038737e+00
5.555064950673038737e+00
5.555064950673038737e+00
5.555064950673038737e+00
5.555064950673038737e+00
5.555064950673038737e+00
5.555064950673038737e+00
5.555744960684716460e+00
5.555744960684716460e+00
5.555744960684716460e+00
5.555744960684716460e+00
5.555744960684716460e+00
5.555744960684716460e+00
5.555744960684716460e+00
5.555744960684716460e+00
5.555744960684716460e+00
5.555744960684716460e+00
5.555744960684716460e+00
5.555744960684716460e+00
5.555744960684716460e+00
5.555744960684716460e+00
5.555744960684716460e+00
5.555744960684716460e+00
5.555744960684716460e+00
5.555744960684716460e+00
5.555744960684716460e+00
5.555744960684716460e+00
5.555744960684716460e+00
5.555744960684716460e+00
5.555744960684716460e+00
5.555744960684716460e+00
5.556422362283377936e+00
5.556422362283377936e+00
5.556422362283377936e+00
5.556422362283377936e+00
5.556422362283377936e+00
5.556422362283377936e+00
5.556422362283377936e+00
5.556422362283377936e+00
5.556422362283377936e+00
2.349368904412151338e+01
2.349368904412151338e+01
2.349368904412151338e+01
2.367468904412151431e+01
2.367468904412151431e+01
2.367468904412151431e+01
2.385968904412151659e+01
2.385968904412151659e+01
2.400468904412151261e+01
2.400468904412151261e+01
2.400468904412151261e+01
2.414368904412151551e+01
2.414368904412151551e+01
2.426668904412151306e+01
2.426668904412151306e+01
2.426668904412151306e+01
2.440468904412151474e+01
2.440468904412151474e+01
2.440468904412151474e+01
2.453868904412151153e+01
2.453868904412151153e+01
2.467368904412151664e+01
2.467368904412151664e+01
2.467368904412151664e+01
2.480868904412151466e+01
2.480868904412151466e+01
2.492968904412151332e+01
2.492968904412151332e+01
2.492968904412151332e+01
2.479868904412151664e+01
2.479868904412151664e+01
2.471368904412151579e+01
2.471368904412151579e+01
2.471368904412151579e+01
2.486568904412151682e+01
2.486568904412151682e+01
2.502668904412151463e+01
2.502668904412151463e+01
2.502668904412151463e+01
2.520768904412151556e+01
2.520768904412151556e+01
2.520768904412151556e+01
2.541368904412151153e+01
2.541368904412151153e+01
2.565568904412151596e+01
2.565568904412151596e+01
2.565568904412151596e+01
2.596668904412151591e+01
2.596668904412151591e+01
2.635368904412151636e+01
2.635368904412151636e+01
5.557778685527040352e+00
5.557778685527040352e+00
5.557778685527040352e+00
5.557778685527040352e+00
5.557778685527040352e+00
5.557778685527040352e+00
5.557778685527040352e+00
5.557778685527040352e+00
5.557778685527040352e+00
5.558456197399806342e+00
5.558456197399806342e+00
5.558456197399806342e+00
5.558456197399806342e+00
5.558456197399806342e+00
5.558456197399806342e+00
5.558456197399806342e+00
5.558456197399806342e+00
5.558456197399806342e+00
5.558456197399806342e+00
5.558456197399806342e+00
5.558456197399806342e+00
5.558456197399806342e+00
5.558456197399806342e+00
5.558456197399806342e+00
5.558456197399806342e+00
5.558456197399806342e+00
5.558456197399806342e+00
5.558456197399806342e+00
5.558456197399806342e+00
5.558456197399806342e+00
5.558456197399806342e+00
5.558456197399806342e+00
5.559128656447779093e+00
5.559128656447779093e+00
5.559128656447779093e+00
5.559128656447779093e+00
5.559128656447779093e+00
5.559128656447779093e+00
5.559128656447779093e+00
5.559128656447779093e+00
5.559128656447779093e+00
5.559128656447779093e+00
5.559128656447779093e+00
5.559128656447779093e+00
5.559128656447779093e+00
5.559128656447779093e+00
5.559128656447779093e+00
5.559128656447779093e+00
5.559128656447779093e+00
5.559128656447779093e+00
5.559128656447779093e+00
5.559128656447779093e+00
5.559128656447779093e+00
5.559128656447779093e+00
5.559807233402217719e+00
5.559807233402217719e+00
5.559807233402217719e+00
5.559807233402217719e+00
5.559807233402217719e+00
5.559807233402217719e+00
5.559807233402217719e+00
5.559807233402217719e+00
5.559807233402217719e+00
5.559807233402217719e+00
5.559807233402217719e+00
5.559807233402217719e+00
5.559807233402217719e+00
5.559807233402217719e+00
5.559807233402217719e+00
5.559807233402217719e+00
5.559807233402217719e+00
5.559807233402217719e+00
5.559807233402217719e+00
5.559807233402217719e+00
5.559807233402217719e+00
5.559807233402217719e+00
5.560488284763927425e+00
5.560488284763927425e+00
5.560488284763927425e+00
5.560488284763927425e+00
5.560488284763927425e+00
5.560488284763927425e+00
5.560488284763927425e+00
5.560488284763927425e+00
5.560488284763927425e+00
5.560488284763927425e+00
5.560488284763927425e+00
5.560488284763927425e+00
5.560488284763927425e+00
5.560488284763927425e+00
5.560488284763927425e+00
5.560488284763927425e+00
5.560488284763927425e+00
5.560488284763927425e+00
5.560488284763927425e+00
5.560488284763927425e+00
5.560488284763927425e+00
5.561159332257162191e+00
5.561159332257162191e+00
5.561159332257162191e+00
5.561159332257162191e+00
5.561159332257162191e+00
5.561159332257162191e+00
