3.553795084253525527e+00
3.522176144009294241e+00
3.415482120175574732e+00
2.961506906968074837e+00
2.754623634133557264e+00
2.473885635954355511e+00
2.024869669659020488e+00
1.743366573937223274e+00
1.182746170002422659e+00
1.104558930031520614e+00
8.619319681634264319e-01
6.601505510402594368e-01
6.920682423596214994e-01
4.059715497616456226e-01
2.616726557276532472e-01
1.534661982391595514e-01
1.644368494054978813e-01
2.966200856034367228e-01
2.038087387828295960e-01
1.671089950836230353e-01
6.932279396013438233e-02
-8.185890385403923886e-02
-1.657812196430367147e-01
-2.554754414355596137e-01
-3.867863542541847277e-01
-4.793720068793683176e-01
-5.331247400478942300e-01
-5.836732901587817768e-01
-6.332730285916255974e-01
-6.446444714125598718e-01
-5.949112233331976807e-01
-6.322481764484771949e-01
-7.136192080239104341e-01
-8.449385660098482909e-01
-9.137010750118129687e-01
-9.550969280986788545e-01
-9.610909624150837383e-01
-1.065953608468759972e+00
-1.366892891168509427e+00
-1.383515964896846917e+00
-1.399425610823819222e+00
-1.445451621173089896e+00
-1.493548178238160107e+00
-1.964594429357256811e+00
-1.958529076048075579e+00
-1.859106577304829422e+00
-1.817601340026343104e+00
-1.890488155371925494e+00
-1.794804005598440888e+00
-1.796959965984260998e+00
-1.733431489771555034e+00
-1.101797735073274165e+00
-1.100925764175626709e+00
-1.098986118069836593e+00
-1.448481536948048154e+00
-1.447628276746761644e+00
-1.446763418427467141e+00
-1.445437527999855032e+00
-1.443270365562763446e+00
-1.442591045638034863e+00
-1.580298008355580652e+00
-1.578819595050873437e+00
-1.576814697782527475e+00
-1.973364110172664887e+00
-1.972485022830150703e+00
-1.971755692720210451e+00
-1.970427583800803184e+00
-1.969379820520009705e+00
-1.967018032446577136e+00
-2.333864762668543147e+00
-2.923716061753025119e+00
-2.880863422024639853e+00
-2.815304611687117653e+00
-2.745249819629462795e+00
-2.759743648624576551e+00
-2.732211760131495026e+00
-2.773724263279015112e+00
-2.909870284550541530e+00
-2.891009820918301720e+00
-3.408861784085457813e+00
-3.430330615013255979e+00
-3.448788671537278194e+00
-3.424626410297561208e+00
-3.359937549191423845e+00
-2.655218835124548260e+00
-2.654949409432908691e+00
-2.635305484242471241e+00
-2.635012730166036210e+00
-2.634305170376776584e+00
-2.633783276972994969e+00
-2.633086939321113817e+00
-3.069064197396798921e+00
-3.069149251384657440e+00
-3.071758974166054923e+00
-3.404756453815474426e+00
-2.721826839607006665e+00
-4.218182947682230122e+00
-4.392230331440939217e+00
-4.369984489781942649e+00
-4.312874686581068318e+00
-4.311430850492889100e+00
-4.256095620370058619e+00
-4.213741000909933199e+00
-4.190670669544978466e+00
-4.175905738880726581e+00
-4.188927716147659908e+00
-4.275618121362334101e+00
-4.382512936986636021e+00
-4.386519595918777270e+00
-4.395709132745411196e+00
-4.400809057675330926e+00
-4.400642555135071632e+00
-4.393643859289039000e+00
-4.379581789244118006e+00
-4.324092805282986340e+00
-4.238968635875694169e+00
-3.526147039101517944e+00
-3.525211662230212095e+00
-3.524240423894008600e+00
-3.524240423894008600e+00
-3.523304874715874391e+00
-3.522407337153709239e+00
-3.522942426422736251e+00
-3.521998529103320230e+00
-3.521998529103320230e+00
-3.521130774149509257e+00
-3.524991887858399675e+00
-3.525515716313146086e+00
-3.524597061444672441e+00
-3.931165048564432496e+00
-3.930478189134614553e+00
-3.930478189134614553e+00
-3.929855926103548391e+00
-3.929512704251307387e+00
-3.929512704251307387e+00
-3.928871713874105609e+00
-3.929865158088871713e+00
-3.929242409052332352e+00
-3.928984411696441637e+00
-3.928984411696441637e+00
-3.928423387167856884e+00
-3.927843292259348473e+00
-4.315308156537112083e+00
-4.314922005378494241e+00
-4.315011293590012897e+00
-4.314648736901379955e+00
-4.314259708725006526e+00
-4.314153925357774533e+00
-4.313805355097884764e+00
-4.313540577651991725e+00
-4.313219177022951989e+00
-4.354954507463551394e+00
-4.354666583887766507e+00
-4.550512455229324793e+00
-4.550144913621604559e+00
-4.549996723277243582e+00
-4.549839713810261976e+00
-4.549938579922168991e+00
-4.549788415985343448e+00
-4.549611886529601357e+00
-4.549030775884289390e+00
-4.548823941508067570e+00
-4.548576768706229956e+00
-4.548229361076248090e+00
-4.629187987795785553e+00
-4.626762956474492761e+00
-4.394728868500910046e+00
-4.607204781006695171e+00
-5.547460248687570150e+00
-6.027339891612484735e+00
-6.184828671997658844e+00
-6.303141559392797078e+00
-6.249976650298370906e+00
-6.213218082301405154e+00
-6.167099362001234653e+00
-6.109293819538765824e+00
-6.035440521415589288e+00
-5.985561202416631588e+00
-5.953512910006073966e+00
-5.934905856651152334e+00
-5.944655966003017156e+00
-5.944801405851680265e+00
-5.953999552264672701e+00
-5.975778659540398330e+00
-5.999934150595760407e+00
-6.024931214227003728e+00
-6.026267373277476302e+00
-6.027450409311605029e+00
-6.029149850611771555e+00
-6.034929678811907117e+00
-6.039644784205168371e+00
-6.042751158115810206e+00
-6.049307380499198139e+00
-6.053127013653331723e+00
-6.055076671977951186e+00
-6.057806625813340062e+00
-6.065317138294175514e+00
-6.064031138040365754e+00
-6.066629997953850051e+00
-6.050587164548651309e+00
-6.051672987848093044e+00
-6.050721921923421398e+00
-6.047086761699823398e+00
-6.044412148265410067e+00
-6.044412148265410067e+00
-6.044738347052586391e+00
-6.035864719557285873e+00
-6.025298456291390714e+00
-6.023776170203361424e+00
-6.025110079039553312e+00
-6.018832754147637409e+00
-6.017134456665261588e+00
-5.997802361245355485e+00
-5.997802361245355485e+00
-6.000614761948683373e+00
-6.092058687948294526e+00
-5.260027961778034999e+00
-5.260027961778034999e+00
-5.260066964227835484e+00
-5.258836950942919586e+00
-5.258836950942919586e+00
-5.258836950942919586e+00
-5.258836950942919586e+00
-5.257749585457815122e+00
-5.258376973737820315e+00
-5.258376973737820315e+00
-5.258376973737820315e+00
-5.257342293519971399e+00
-5.257342293519971399e+00
-5.257342293519971399e+00
-5.256351523512522661e+00
-5.256363077915162663e+00
-5.256953782338391612e+00
-5.256953782338391612e+00
-5.737070895379283719e+00
-5.737070895379283719e+00
-5.737070895379283719e+00
-5.737070895379283719e+00
-5.736274706229393949e+00
-5.736274706229393949e+00
-5.736274706229393949e+00
-5.736807534962482080e+00
-5.736017677944023951e+00
-5.736035260844392525e+00
-5.736060550320315699e+00
-5.736060550320315699e+00
-5.735234977239525023e+00
-5.735234977239525023e+00
-5.735234977239525023e+00
-5.734358577162447013e+00
-5.734732682039388685e+00
-5.734802885506869785e+00
-5.734802885506869785e+00
-5.734381006970307837e+00
-5.734381006970307837e+00
-5.734381006970307837e+00
-5.733661000232891602e+00
-5.733661000232891602e+00
-5.734035405414238618e+00
-5.734035405414238618e+00
-5.733339365221381101e+00
-5.733339365221381101e+00
-5.733339365221381101e+00
-5.732664114031641667e+00
-5.732664114031641667e+00
-5.732664114031641667e+00
-5.757633143821356825e+00
-5.756786888019354897e+00
-5.756786888019354897e+00
-5.756786888019354897e+00
-5.756056488307764063e+00
-5.756056488307764063e+00
-5.756090868317030207e+00
-5.755756806634414247e+00
-5.756255120988949869e+00
-5.756255120988949869e+00
-5.755375460123461906e+00
-5.755375460123461906e+00
-5.755375460123461906e+00
-6.310050371222332366e+00
-6.310050371222332366e+00
-6.310050371222332366e+00
-6.310260968228472045e+00
-6.309724077244863061e+00
-6.309724077244863061e+00
-6.309724077244863061e+00
-6.309242089220332694e+00
-6.309242089220332694e+00
-6.309242089220332694e+00
-6.308821196299807532e+00
-6.309043425696523322e+00
-6.309106185584542281e+00
-6.311415659153240654e+00
-6.311415659153240654e+00
-6.310959648446435644e+00
-6.310959648446435644e+00
-6.310959648446435644e+00
-6.310502902512809875e+00
-6.310704464791978552e+00
-6.310704464791978552e+00
-6.310334072319824017e+00
-6.310334072319824017e+00
-6.310334072319824017e+00
-6.310031089672419213e+00
-6.310031089672419213e+00
-6.592571108295345539e+00
-6.592571108295345539e+00
-6.592571108295345539e+00
-6.592407996482264387e+00
-6.592407996482264387e+00
-6.592635886269640366e+00
-6.592451237541928855e+00
-6.592451237541928855e+00
-6.592189147837625995e+00
-6.592189147837625995e+00
-6.592189147837625995e+00
-6.591993475273510761e+00
-6.591993475273510761e+00
-6.815067826145166485e+00
-6.815073168369132794e+00
-6.814542962028126816e+00
-6.814580164087060687e+00
-6.814580164087060687e+00
-6.814612731474882779e+00
-6.814612731474882779e+00
-6.872547632114835103e+00
-6.872547632114835103e+00
-6.872561260539590933e+00
-6.871969025202424142e+00
-6.872197172545820187e+00
-6.872385773581759061e+00
-6.872385773581759061e+00
-7.045411348773995996e+00
-7.045411348773995996e+00
-7.045746847971382287e+00
-7.044564457745663866e+00
-7.044923590533832325e+00
-7.045027148432476238e+00
-7.045380848590443001e+00
-7.045380848590443001e+00
-7.045809799187973788e+00
-7.045809799187973788e+00
-7.233628739098084459e+00
-7.233628739098084459e+00
-7.233855700616144802e+00
-7.233855700616144802e+00
-7.432168299730212091e+00
-7.432390673081703980e+00
-7.433372424290366709e+00
-7.432117720932196470e+00
-7.433284677824468112e+00
-7.433864336478793966e+00
-7.434932904376519325e+00
-7.436189796233589000e+00
-7.236085483335080504e+00
-7.236893168272104049e+00
-7.237307556435338185e+00
-6.726993562958075934e+00
-6.315164578110228355e+00
-6.983873501998492550e+00
-7.248417831282787382e+00
-7.478306245732593283e+00
-7.649162451491648085e+00
-7.673183720009078890e+00
-7.718501216875963244e+00
-7.648643516162977996e+00
-7.550133938352449725e+00
-7.733522838108775943e+00
-7.901706307932302664e+00
-8.102085435147305503e+00
-7.994463891591171212e+00
-7.930905241808448913e+00
-7.865498370996138355e+00
-7.793197434602554985e+00
-7.707336669541413166e+00
-7.677575362548739513e+00
-7.651733965709768270e+00
-7.615998412851582522e+00
-7.588280409203675525e+00
-7.581202321277485723e+00
-7.565831030342867969e+00
-7.562583509138243620e+00
-7.560898161744264101e+00
-7.567056685870670485e+00
-7.567056685870670485e+00
-7.567925441623319927e+00
-7.557599346586233224e+00
-7.558514477594092895e+00
-7.560212229856430710e+00
-7.559018556016652290e+00
-7.559805326902434786e+00
-7.560804773696800041e+00
-7.561306262808249912e+00
-7.562411394295216027e+00
-7.563000695927352801e+00
-7.941437538721455525e+00
-7.942005436915413163e+00
-7.943090044391931670e+00
-7.943618474395616857e+00
-7.944912665198205382e+00
-7.945536072083566381e+00
-7.946687960714033494e+00
-7.945799291897857053e+00
-7.946959950134590223e+00
-7.947832492470086940e+00
-7.948385705416509239e+00
-7.949627151016815496e+00
-7.950212577557708826e+00
-7.949885263308576810e+00
-7.950458173987492216e+00
-7.951139516521458006e+00
-7.964353035334852393e+00
-7.964353035334852393e+00
-7.954338698486167480e+00
-7.953370171706260372e+00
-7.954525487564295005e+00
-7.955084102892890918e+00
-7.955942057224997477e+00
-7.958042903344797026e+00
-7.959274525931602007e+00
-7.957905283096243565e+00
-7.959029789259258081e+00
-7.959612989568505270e+00
-7.961514419054631198e+00
-7.961514419054631198e+00
-7.962704643484237010e+00
-7.961555031516143188e+00
-7.964329119080447938e+00
-7.964329119080447938e+00
-7.965638512934983595e+00
-7.966651048367676680e+00
-7.966234334354420632e+00
-7.966234334354420632e+00
-7.966234334354420632e+00
-7.970522433388644856e+00
-7.970522433388644856e+00
-7.971282330903037838e+00
-8.457835269564258240e+00
-8.458817239500632468e+00
-8.460012243375368612e+00
-8.460609335485905547e+00
-8.460609335485905547e+00
-8.464787943450922114e+00
-8.463529713219944739e+00
-8.463529713219944739e+00
-8.463529713219944739e+00
-8.467266943631845066e+00
-8.467266943631845066e+00
-8.466330812506992487e+00
-8.466928828471480983e+00
-8.468188058801988660e+00
-8.469510027632452420e+00
-8.469510027632452420e+00
-8.472141211823139173e+00
-8.470949343679881949e+00
-8.471785180094311585e+00
-8.472479663652197956e+00
-8.473603399677241299e+00
-8.474481997844941716e+00
-8.473885817077187355e+00
-8.475251849692559958e+00
-8.476140465619373288e+00
-8.476140465619373288e+00
-8.479816113969961933e+00
-8.478514632259619432e+00
-8.478514632259619432e+00
-8.479418790677414108e+00
-8.480188242519599129e+00
-8.481271888378232759e+00
-8.480809912187005750e+00
-8.481712683662188113e+00
-8.483200739806648016e+00
-8.484111259315993081e+00
-8.484323628906430770e+00
-9.151228871006887644e+00
-9.152476233184371424e+00
-9.153487265556504937e+00
-9.153741853735011702e+00
-9.153741853735011702e+00
-9.156380754694525947e+00
-9.156380754694525947e+00
-9.156665790152576534e+00
-9.157768682399058946e+00
-9.159078523594345711e+00
-9.159989139216140330e+00
-9.160607753084217819e+00
-9.160607753084217819e+00
-9.160607753084217819e+00
-9.166759544540699522e+00
-9.165889669044904764e+00
-9.165961849630047453e+00
-9.166841631965246151e+00
-9.169660293927238470e+00
-9.173123984296806199e+00
-9.173809458195757216e+00
-9.173809458195757216e+00
-9.173809458195757216e+00
-9.173809458195757216e+00
-9.185029196441668375e+00
-9.184264545837745430e+00
-9.184264545837745430e+00
-9.184264545837745430e+00
-9.184264545837745430e+00
-9.825695837754043538e+00
-9.850100452749693147e+00
-9.926748457693642891e+00
-9.285766972522262463e+00
-9.285766972522262463e+00
-9.285597819660990737e+00
-9.285597819660990737e+00
-9.285597819660990737e+00
-9.285597819660990737e+00
-9.285522205986442401e+00
-9.375197123110538655e+00
-9.375197123110538655e+00
-9.375197123110538655e+00
-9.374888862024793212e+00
-9.374888862024793212e+00
-9.374888862024793212e+00
-9.375111307528385396e+00
-9.375111307528385396e+00
-9.374884060497285176e+00
-9.374884060497285176e+00
-9.375006537495925940e+00
-9.375006537495925940e+00
-9.374788182024076377e+00
-9.374788182024076377e+00
-9.374788182024076377e+00
-9.375092251226657680e+00
-9.859150599263296399e+00
-9.859150599263296399e+00
-9.859150599263296399e+00
-9.859150599263296399e+00
-9.859103942761279882e+00
-9.859145676990520357e+00
-9.859145676990520357e+00
-9.859145676990520357e+00
-9.859060535471208198e+00
-9.859060535471208198e+00
-9.859060535471208198e+00
-9.859060535471208198e+00
-9.858880796467976992e+00
-9.858880796467976992e+00
-9.858762202161603483e+00
-9.858762202161603483e+00
-9.935799030071665427e+00
-9.935799030071665427e+00
-9.935799030071665427e+00
-9.936007818077024822e+00
-9.935951879617686444e+00
-9.935951879617686444e+00
-9.935951879617686444e+00
-9.935951879617686444e+00
-9.935886218544583315e+00
-9.935886218544583315e+00
-9.935886218544583315e+00
-1.030536150850632993e+01
-1.030536150850632993e+01
-1.030435066715895509e+01
-1.030435066715895509e+01
-1.030458699550468360e+01
-1.030469404865243277e+01
-1.030469404865243277e+01
-1.030469404865243277e+01
-1.030501175514490519e+01
-1.030501175514490519e+01
-1.030501175514490519e+01
-1.030543540346998022e+01
-1.030543540346998022e+01
-1.030543540346998022e+01
-1.030585262180308170e+01
-1.030585262180308170e+01
-1.030489773419740018e+01
-1.030489773419740018e+01
-1.030528619369836640e+01
-1.030528619369836640e+01
-1.030528619369836640e+01
-1.030613746114649487e+01
-1.030613746114649487e+01
-1.030613746114649487e+01
-1.030697823719813755e+01
-1.030697823719813755e+01
-1.030751958770597909e+01
-1.030779015322031356e+01
-1.030830374428689566e+01
-1.030895668908731366e+01
-1.030929216799220960e+01
-1.030908127098619786e+01
-1.030998574785533251e+01
-1.031052257087030100e+01
-1.031187153597214667e+01
-1.031350688283167827e+01
-9.931848640874585854e+00
-9.930770532451491661e+00
-9.397483384432117504e+00
-7.930677132407232044e+00
-9.385394099785250077e+00
-9.924801935500553896e+00
-9.924682798613778445e+00
-1.034150608433338903e+01
-1.034151484072727811e+01
-1.034054074791310995e+01
-1.050441336896204980e+01
-1.057294613346686241e+01
-1.059902923902559202e+01
-1.061700109760826649e+01
-1.062312417326981517e+01
-1.061282624996030854e+01
-1.059465188936593805e+01
-1.054137359706560950e+01
-1.044282410071279976e+01
-1.043272997053232842e+01
-1.049373845670532823e+01
-1.057149989121388600e+01
-1.063488875463029260e+01
-1.071734586926462462e+01
-1.076030029034399149e+01
-1.084404731989581272e+01
-1.092879767468977548e+01
-1.107236983869697866e+01
-1.112144028053055500e+01
-1.110946311950515408e+01
-1.079457146216132379e+01
-1.075727232321677640e+01
-1.065663943454898011e+01
-1.064383880794713733e+01
-1.059681129295605650e+01
-1.056109138923529045e+01
-1.053840538077034239e+01
-1.052737808495939120e+01
-1.051158539383268931e+01
-1.049885310920656423e+01
-1.049491082115246243e+01
-1.049148889016443498e+01
-1.049148889016443498e+01
-1.049491160916539734e+01
-1.049491160916539734e+01
-1.049491160916539734e+01
-1.049709842266431892e+01
-1.049709842266431892e+01
-1.049797752292382924e+01
-1.049823811954352593e+01
-1.049649811274441724e+01
-1.049649811274441724e+01
-1.049649811274441724e+01
-1.049746443631695314e+01
-1.049750225303493956e+01
-1.049750225303493956e+01
-1.049961513213937714e+01
-1.049961513213937714e+01
-1.050023950712508913e+01
-1.050074737638599132e+01
-1.050074737638599132e+01
-1.050105897869167038e+01
-1.050155572619084765e+01
-1.050195438325805775e+01
-1.050036983450943140e+01
-1.050069653247678403e+01
-1.050122859297406741e+01
-1.050125368385294067e+01
-1.050169601762863358e+01
-1.050225629637606950e+01
-1.050225629637606950e+01
-1.050280846488595188e+01
-1.050305939970194480e+01
-1.050306830850779427e+01
-1.050380274517627477e+01
-1.050433192976616503e+01
-1.050433192976616503e+01
-1.106206823219268642e+01
-1.106252499645476028e+01
-1.106252499645476028e+01
-1.106313913756018508e+01
-1.106313913756018508e+01
-1.106313913756018508e+01
-1.106313913756018508e+01
-1.106313913756018508e+01
-1.106773680041282759e+01
-1.106783709342109212e+01
-1.106783709342109212e+01
-1.106783709342109212e+01
-1.106783709342109212e+01
-1.106642781317752622e+01
-1.106678679111184493e+01
-1.106729621460221402e+01
-1.106780338526561458e+01
-1.106780338526561458e+01
-1.106823273426392262e+01
-1.106891082716006025e+01
-1.106933860895477828e+01
-1.106933860895477828e+01
-1.106980283847282465e+01
-1.107046797342468381e+01
-1.107095876925975730e+01
-1.106949387880970193e+01
-1.106999752178851004e+01
-1.107059090760209763e+01
-1.107100900372051555e+01
-1.107100900372051555e+01
-1.107162779741303460e+01
-1.107231850367562487e+01
-1.107235426182997706e+01
-1.107287003914898271e+01
-1.107377832319632383e+01
-1.107400604191007076e+01
-1.107400604191007076e+01
-1.107458082854986614e+01
-1.107288663369555692e+01
-1.107386306535325282e+01
-1.107441392760233789e+01
-1.107441392760233789e+01
-1.107492832732734911e+01
-1.107550060405207226e+01
-1.107604703274473046e+01
-1.107604703274473046e+01
-1.107674429653520320e+01
-1.107730172929761814e+01
-1.107786542881055603e+01
-1.107786542881055603e+01
-1.107841445933093283e+01
-1.107752921931124312e+01
-1.107848755049233525e+01
-1.107848755049233525e+01
-1.107848755049233525e+01
-1.108047170968345618e+01
-1.108047170968345618e+01
-1.108091517753783073e+01
-1.108091517753783073e+01
-1.108142716618539581e+01
-1.108191056306938549e+01
-1.108315186616036385e+01
-1.108319907820750316e+01
-1.108266122808330501e+01
-1.108266122808330501e+01
-1.108266122808330501e+01
-1.108433965994413484e+01
-1.108433965994413484e+01
-1.108433965994413484e+01
-1.108505209670927805e+01
-1.108505209670927805e+01
-1.108683251783020474e+01
-1.108683251783020474e+01
-1.108696387587621146e+01
-1.108816446111365828e+01
-1.108673799037617869e+01
-1.108673799037617869e+01
-1.108673799037617869e+01
-1.108673799037617869e+01
-1.108673799037617869e+01
-1.109075111755631227e+01
-1.109075111755631227e+01
-1.109075111755631227e+01
-1.109075111755631227e+01
-1.109132681367276696e+01
-1.109188559315847122e+01
-1.109191765651203099e+01
-1.109159656983940678e+01
-1.109217056097330989e+01
-1.109217056097330989e+01
-1.109217056097330989e+01
-1.109515315519825407e+01
-1.109515315519825407e+01
-1.109515315519825407e+01
-1.109586068798014580e+01
-1.109586068798014580e+01
-1.109673715969812058e+01
-1.109763393794925967e+01
-1.109620073183251421e+01
-1.109628763445054389e+01
-1.109872941287672354e+01
-1.109872941287672354e+01
-1.109901740114632318e+01
-1.109934846815201759e+01
-1.110021466050220518e+01
-1.110082802261177903e+01
-1.110137987044874208e+01
-1.110137987044874208e+01
-1.110137987044874208e+01
-1.110368784976860823e+01
-1.159491148549208717e+01
-1.159524149014185390e+01
-1.159607795930999075e+01
-1.159652982853392800e+01
-1.159716871137894856e+01
-1.159753037489308092e+01
-1.159829757130775008e+01
-1.159885753573843203e+01
-1.159885753573843203e+01
-1.159885753573843203e+01
-1.159885753573843203e+01
-1.160229425434663497e+01
-1.160229425434663497e+01
-1.160229425434663497e+01
-1.160229425434663497e+01
-1.160313210775156101e+01
-1.160340963860887875e+01
-1.160420373345016110e+01
-1.160503354716018976e+01
-1.160537296282691244e+01
-1.160594322621685315e+01
-1.160684658355602572e+01
-1.160727903298952413e+01
-1.160687724451097402e+01
-1.160719317610431034e+01
-1.160818218889795439e+01
-1.160792267106525877e+01
-1.160933672659733418e+01
-1.160933672659733418e+01
-1.161147500480329953e+01
-1.161147500480329953e+01
-1.161275585858910553e+01
-1.161314787014500993e+01
-1.161371070176704201e+01
-1.161379764595634434e+01
-1.161379764595634434e+01
-1.161598078739879014e+01
-1.161598078739879014e+01
-1.161650809813074403e+01
-1.161714017212744920e+01
-1.161746866443081849e+01
-1.161866495126423615e+01
-1.161975686289933485e+01
-1.162050263490161761e+01
-1.162050263490161761e+01
-1.162264502294175372e+01
-1.162264502294175372e+01
-1.162264502294175372e+01
-1.162395458748487087e+01
-1.162555943983858775e+01
-1.162635306426883552e+01
-1.162716607652248335e+01
-1.162922471631166133e+01
-1.163018437005911565e+01
-1.163018437005911565e+01
-1.162925339294095295e+01
-1.162933079517109825e+01
-1.163543652301395603e+01
-1.163543652301395603e+01
-1.163544345510057632e+01
-1.163655009208525826e+01
-1.163797192431577265e+01
-1.163910232077193996e+01
-1.164323188754156746e+01
-1.164680006594647210e+01
-1.164680006594647210e+01
-1.167179383047740515e+01
-1.167179383047740515e+01
-1.167179383047740515e+01
-1.167179383047740515e+01
-1.167179383047740515e+01
-1.168365285994313396e+01
-1.168365285994313396e+01
-1.168365285994313396e+01
-1.168365285994313396e+01
-1.168365285994313396e+01
-1.168275211408619896e+01
-1.168275211408619896e+01
-1.168511699595495124e+01
-1.169155599663682388e+01
-1.170305022200209244e+01
-1.171855613350495240e+01
-1.174988986162897042e+01
-1.176924973857534873e+01
-1.114584063204557651e+01
-1.114584063204557651e+01
-1.114528926845684254e+01
-1.114528926845684254e+01
-1.114528926845684254e+01
-1.114528926845684254e+01
-1.114528926845684254e+01
-1.114563934380690213e+01
-1.114563934380690213e+01
-1.114588634161510683e+01
-1.114588634161510683e+01
-1.114588634161510683e+01
-1.114588634161510683e+01
-1.164259378526976718e+01
-1.164259378526976718e+01
-1.164259378526976718e+01
-1.164259378526976718e+01
-1.164259378526976718e+01
-1.164259378526976718e+01
-1.164259378526976718e+01
-1.164259378526976718e+01
-1.164259378526976718e+01
-1.164228900471789885e+01
-1.164245040664081010e+01
-1.164245040664081010e+01
-1.164245040664081010e+01
-1.164245040664081010e+01
-1.164245040664081010e+01
-1.164245040664081010e+01
-1.164245040664081010e+01
-1.164245040664081010e+01
-1.164263549017109156e+01
-1.164236017214204644e+01
-1.164236017214204644e+01
-1.164236017214204644e+01
-1.164236017214204644e+01
-1.164236017214204644e+01
-1.164236017214204644e+01
-1.164236017214204644e+01
-1.164236017214204644e+01
-1.164236017214204644e+01
-1.164236017214204644e+01
-1.164193850497428251e+01
-1.164200008565526900e+01
-1.164200008565526900e+01
-1.164223347069484582e+01
-1.164223347069484582e+01
-1.164223347069484582e+01
-1.164223347069484582e+01
-1.164223347069484582e+01
-1.164232048533446040e+01
-1.164215808284427389e+01
-1.164215808284427389e+01
-1.164215808284427389e+01
-1.164215808284427389e+01
-1.164233177233548489e+01
-1.164233177233548489e+01
-1.164233177233548489e+01
-1.164233177233548489e+01
-1.164233177233548489e+01
-1.164233177233548489e+01
-1.164208951687722049e+01
-1.164208951687722049e+01
-1.164208951687722049e+01
-1.164208951687722049e+01
-1.164208951687722049e+01
-1.164208951687722049e+01
-1.164208951687722049e+01
-1.164208951687722049e+01
-1.164208951687722049e+01
-1.164188937284419900e+01
-1.164188937284419900e+01
-1.164188937284419900e+01
-1.164188937284419900e+01
-1.164188937284419900e+01
-1.164188937284419900e+01
-1.164188937284419900e+01
-1.164188937284419900e+01
-1.164217885937461361e+01
-1.164191049587834570e+01
-1.164191049587834570e+01
-1.164191049587834570e+01
-1.164214506832161966e+01
-1.164214506832161966e+01
-1.164214506832161966e+01
-1.164217933094230517e+01
-1.164217933094230517e+01
-1.164217933094230517e+01
-1.198308838584902070e+01
-1.198308838584902070e+01
-1.198308838584902070e+01
-1.198308838584902070e+01
-1.198308838584902070e+01
-1.198308838584902070e+01
-1.198308838584902070e+01
-1.198308838584902070e+01
-1.198308838584902070e+01
-1.198299775337985373e+01
-1.198299775337985373e+01
-1.198299775337985373e+01
-1.198299775337985373e+01
-1.198299775337985373e+01
-1.198287233495245019e+01
-1.198295631487310331e+01
-1.198295631487310331e+01
-1.198289341691575949e+01
-1.198289341691575949e+01
-1.198289341691575949e+01
-1.198289341691575949e+01
-1.198289341691575949e+01
-1.198289341691575949e+01
-1.198289341691575949e+01
-1.198289341691575949e+01
-1.198289341691575949e+01
-1.198280803973716147e+01
-1.198280803973716147e+01
-1.198280803973716147e+01
-1.198280803973716147e+01
-1.198280803973716147e+01
-1.198280803973716147e+01
-1.198280803973716147e+01
-1.198280803973716147e+01
-1.198277601185511188e+01
-1.198277601185511188e+01
-1.198298347036958589e+01
-1.198316238067196160e+01
-1.198316238067196160e+01
-1.198316238067196160e+01
-1.198316238067196160e+01
-1.198316238067196160e+01
-1.198306271077997032e+01
-1.198306271077997032e+01
-1.198306271077997032e+01
-1.198306271077997032e+01
-1.198306271077997032e+01
-1.198306271077997032e+01
-1.198306271077997032e+01
