5.302540841405176764e+01
5.301641826461105467e+01
5.294127124008954866e+01
5.272312021503563528e+01
5.216489588599441873e+01
5.166276549562721243e+01
5.102851501191327799e+01
5.040094396256133535e+01
4.991030951780493297e+01
4.963857915527184161e+01
4.933225988448293720e+01
4.903256773529180634e+01
4.888071994269095910e+01
4.869101338837255355e+01
4.850923369753044057e+01
4.831697392458188745e+01
4.822027873066259929e+01
4.813521008127068512e+01
4.798821916302627955e+01
4.793242253445760070e+01
4.783437833389093896e+01
4.769859101384782463e+01
4.762481914195450372e+01
4.752734106953166560e+01
4.738352053704773681e+01
4.729147729406250988e+01
4.722781411643686766e+01
4.713871074312778831e+01
4.705343766308007503e+01
4.696494102287434202e+01
4.695202242062842402e+01
4.688199058248764572e+01
4.682057197355096889e+01
4.666965181936744500e+01
4.661418732121950370e+01
4.656851942504579256e+01
4.655235058274077176e+01
4.647490043882812927e+01
4.616766620853306335e+01
4.613505012314746523e+01
4.612730799777207835e+01
4.606014639213729822e+01
4.601805021856334577e+01
4.566758591015478430e+01
4.567333575699160519e+01
4.567680362789956661e+01
4.568025486427133330e+01
4.568639549390017152e+01
4.568918217187053443e+01
4.569513060258550752e+01
4.569845042643738964e+01
4.570427483854297890e+01
4.570737518585053749e+01
4.571243938375160099e+01
4.539335972724806822e+01
4.539638040840766564e+01
4.540136657410252496e+01
4.540611486276220887e+01
4.541082047916287223e+01
4.541544729777043443e+01
4.529844175359116321e+01
4.530312441922185940e+01
4.530994394604947217e+01
4.495409149238984980e+01
4.495988277064882510e+01
4.496398478639650875e+01
4.496998538978322557e+01
4.497657135220862301e+01
4.498721824831307003e+01
4.471072284047157552e+01
4.451157351773380810e+01
4.451436146404297745e+01
4.451727862279383885e+01
4.452246806950287095e+01
4.452527066415913737e+01
4.452787876612786988e+01
4.453026889004109989e+01
4.453547652239149102e+01
4.453771559818304837e+01
4.404484616707453881e+01
4.404651995342788950e+01
4.404938316369253926e+01
4.405268294513813743e+01
4.405602840542485410e+01
4.405866293036267223e+01
4.406184152263032416e+01
4.409344840312503067e+01
4.409503573912355989e+01
4.409912443069330834e+01
4.410229792876623378e+01
4.410636763532988880e+01
4.371697853111750476e+01
4.372082138648238470e+01
4.372370024953126233e+01
4.341457510751236981e+01
4.409865431467950714e+01
4.285350270014569674e+01
4.285677899189094830e+01
4.285677899189094830e+01
4.285980487133991090e+01
4.286305518005725190e+01
4.286305518005725190e+01
4.286602094041387545e+01
4.286602094041387545e+01
4.286913653457429518e+01
4.286913653457429518e+01
4.287218946017989651e+01
4.287218946017989651e+01
4.287505600167413178e+01
4.287505600167413178e+01
4.287813868567852182e+01
4.287813868689102037e+01
4.288101644031718962e+01
4.288376904325981798e+01
4.288376904325981798e+01
4.288674200224947697e+01
4.288681967478079571e+01
4.288950160345819995e+01
4.289228141221182966e+01
4.289228141221182966e+01
4.289497007667857531e+01
4.289755975182530534e+01
4.289764010174400255e+01
4.290036810852672033e+01
4.290036810852672033e+01
4.290288598838890977e+01
4.290500113673659399e+01
4.290508263048466375e+01
4.290770822054989964e+01
4.252491126034900049e+01
4.252716838102908525e+01
4.252716838102908525e+01
4.252957508258836583e+01
4.253192023351950013e+01
4.253192023351950013e+01
4.253404487936582257e+01
4.253627057410695045e+01
4.253833078801712730e+01
4.254060656500604409e+01
4.254060656500604409e+01
4.254268120551286358e+01
4.254461493108833281e+01
4.218149405110264638e+01
4.218326298705606092e+01
4.218369758361393451e+01
4.218536234878314417e+01
4.218715423574712275e+01
4.218873914366568556e+01
4.219035103400405973e+01
4.219234389349388437e+01
4.219383762491317214e+01
4.216539963045146067e+01
4.216687142884018158e+01
4.196180976382973427e+01
4.196387088794965337e+01
4.196512830101286795e+01
4.196646405926659895e+01
4.196776046508663427e+01
4.196910316054376011e+01
4.197061066961063602e+01
4.197451160802291525e+01
4.197630195389345431e+01
4.197845006623690267e+01
4.198148528222395726e+01
4.191589759422366512e+01
4.192512851290583598e+01
4.218332437289804204e+01
4.200631399164494439e+01
4.115579568288766410e+01
4.078277697268737256e+01
4.078277650033217583e+01
4.078277650033217583e+01
4.078277650033217583e+01
4.078277666943419888e+01
4.078566176442276969e+01
4.078566176442276969e+01
4.078566176442276969e+01
4.078575033414406903e+01
4.078575033414406903e+01
4.078895035857412665e+01
4.078895035857412665e+01
4.078895035857412665e+01
4.078895035857412665e+01
4.078895035857412665e+01
4.079150084388456321e+01
4.079150084388456321e+01
4.079160009959750255e+01
4.079160009959750255e+01
4.079428130757381155e+01
4.079428130757381155e+01
4.079428130757381155e+01
4.079428130757381155e+01
4.079428130757381155e+01
4.079723250624265063e+01
4.079723266551539496e+01
4.079723266551539496e+01
4.079732169010174658e+01
4.079992978868259712e+01
4.079992978868259712e+01
4.079992978868259712e+01
4.079992978868259712e+01
4.079992978868259712e+01
4.080234449114971795e+01
4.080234449114971795e+01
4.080234449114971795e+01
4.080243183545653096e+01
4.080526333842801989e+01
4.080526333842801989e+01
4.080526333896097668e+01
4.080526333896097668e+01
4.080777640941354178e+01
4.080777640941354178e+01
4.080777640941354178e+01
4.080777640941354178e+01
4.081022219479125113e+01
4.081030962690144293e+01
4.081030962690144293e+01
4.081030962690144293e+01
4.081030962690144293e+01
4.081311305743821549e+01
4.081311305743821549e+01
4.081311305743821549e+01
4.081311305743821549e+01
4.081559986454352895e+01
4.081569144270399363e+01
4.081569144270399363e+01
4.081569144270399363e+01
4.081806080448986052e+01
4.081806080448986052e+01
4.081806080448986052e+01
4.082033646726463871e+01
4.082033646726463871e+01
4.082042237182084676e+01
4.082042237182084676e+01
4.036616858754813109e+01
4.036616858754813109e+01
4.036616858754813109e+01
4.036616858754813109e+01
4.036830498762572006e+01
4.036830498762572006e+01
4.036830498762572006e+01
4.036854860538120704e+01
4.037067015472875653e+01
4.037067015472875653e+01
4.037067015472875653e+01
4.037067015472875653e+01
4.037289424698995788e+01
4.037289424698995788e+01
4.037289424698995788e+01
4.037526313828549007e+01
4.037549395281617137e+01
4.037549395281617137e+01
4.037549395281617137e+01
4.037729923595780690e+01
4.037729923595780690e+01
4.037729923595780690e+01
4.037925134211096179e+01
4.037925134211096179e+01
4.037948174316443328e+01
4.037948174316443328e+01
4.038137135525229837e+01
4.038137135525229837e+01
4.038137135525229837e+01
4.038320950949497501e+01
4.038320950949497501e+01
4.038320950949497501e+01
4.036335256712306574e+01
4.036545950149606909e+01
4.036545950149606909e+01
4.036545950149606909e+01
4.036728292219851255e+01
4.036728292219851255e+01
4.036728292219851255e+01
4.036905527258521431e+01
4.036916283872385236e+01
4.036916283872385236e+01
4.037136348752352433e+01
4.037136348752352433e+01
4.037136348752352433e+01
3.984255642613815951e+01
3.984255642613815951e+01
3.984255642613815951e+01
3.984292434854194198e+01
3.984469396913262074e+01
3.984469396913262074e+01
3.984469396913262074e+01
3.984628691932890376e+01
3.984628691932890376e+01
3.984628691932890376e+01
3.984768129515504143e+01
3.984806655448694812e+01
3.984806655448694812e+01
3.984922233217777432e+01
3.984922233217777432e+01
3.985071594244574555e+01
3.985071594244574555e+01
3.985071594244574555e+01
3.985221554844284242e+01
3.985256868698701993e+01
3.985256868698701993e+01
3.985378613098853862e+01
3.985378613098853862e+01
3.985378613098853862e+01
3.985485885915898052e+01
3.985485885915898052e+01
3.958586433169831764e+01
3.958586433169831764e+01
3.958586433169831764e+01
3.958677446282727885e+01
3.958677446282727885e+01
3.958677503755252758e+01
3.958780475397570342e+01
3.958780475397570342e+01
3.958926977946750014e+01
3.958926977946750014e+01
3.958926977946750014e+01
3.959036619981415583e+01
3.959036619981415583e+01
3.937684907599776807e+01
3.937684907599776807e+01
3.937789265964907059e+01
3.937850747505665083e+01
3.937850747505665083e+01
3.937904645484918831e+01
3.937904645484918831e+01
3.933068597865748472e+01
3.933068597865748472e+01
3.933068597865748472e+01
3.933243258568919032e+01
3.933243368343738666e+01
3.933320658402921310e+01
3.933320658402921310e+01
3.917053774470717542e+01
3.917053774470717542e+01
3.917089489728812879e+01
3.917255892851720489e+01
3.917293972689590476e+01
3.917293974840833215e+01
3.917331560616345598e+01
3.917331560616345598e+01
3.917377227684188767e+01
3.917377227684188767e+01
3.899008634828192754e+01
3.899008634828192754e+01
3.899096785100015694e+01
3.899096785100015694e+01
3.880879997645185142e+01
3.880880391288060594e+01
3.880942393456718520e+01
3.881110915176806486e+01
3.881184564062424869e+01
3.881220815921096801e+01
3.881288687122002301e+01
3.881368870500420343e+01
3.900249962629034428e+01
3.900573631261539020e+01
3.901145709660521277e+01
3.952015161886180294e+01
3.992452892029142220e+01
3.931144936729570816e+01
3.905955045333149656e+01
3.884566504506992146e+01
3.869549690424416610e+01
3.869008577719527153e+01
3.868968804828870134e+01
3.868969262907714324e+01
3.868969262907714324e+01
3.868969262907714324e+01
3.868968566073000659e+01
3.869186764183978511e+01
3.869186764183978511e+01
3.869186764183978511e+01
3.869186764183978511e+01
3.869186764183978511e+01
3.869186764183978511e+01
3.869186764183978511e+01
3.869403866316225304e+01
3.869403866316225304e+01
3.869403866316225304e+01
3.869403866316225304e+01
3.869403866316225304e+01
3.869403866316225304e+01
3.869611886956219848e+01
3.869612353465917920e+01
3.869612353465917920e+01
3.869612353465917920e+01
3.869612353465917920e+01
3.869612353465917920e+01
3.869612353465917920e+01
3.869842233885670169e+01
3.869842233885670169e+01
3.869842233885670169e+01
3.869842233885670169e+01
3.869842233885670169e+01
3.869842233885670169e+01
3.832470731713140566e+01
3.832470731713140566e+01
3.832470731713140566e+01
3.832470731713140566e+01
3.832470736082061080e+01
3.832471825546591049e+01
3.832471825546591049e+01
3.832665586495703991e+01
3.832665586495703991e+01
3.832665586495703991e+01
3.832665586495703991e+01
3.832665586495703991e+01
3.832665586495703991e+01
3.832871797651282009e+01
3.832871797651282009e+01
3.832871797651282009e+01
3.832871797651282009e+01
3.832871797651282009e+01
3.832871797651282009e+01
3.833065765439877737e+01
3.833065765439877737e+01
3.833065765439877737e+01
3.833066882261404373e+01
3.833066882261404373e+01
3.833066882261404373e+01
3.833306752080353874e+01
3.833306752080353874e+01
3.833306752080353874e+01
3.833306752080353874e+01
3.833306752080353874e+01
3.833306752080353874e+01
3.833448147493901104e+01
3.833448147493901104e+01
3.833448147493901104e+01
3.833448147493901104e+01
3.833448151731809617e+01
3.833619422030368895e+01
3.833619422030368895e+01
3.833619422030368895e+01
3.833620490223056265e+01
3.833620490223056265e+01
3.833620490223056265e+01
3.785555316941602655e+01
3.785555316941602655e+01
3.785555316941602655e+01
3.785555316941602655e+01
3.785555316941602655e+01
3.785555316941602655e+01
3.785710791964282862e+01
3.785710791964282862e+01
3.785710791964282862e+01
3.785710791964282862e+01
3.785710791964282862e+01
3.785887598067591853e+01
3.785887598067591853e+01
3.785891132741933518e+01
3.785891132741933518e+01
3.785891132741933518e+01
3.785891132741933518e+01
3.786037824643061356e+01
3.786037824643061356e+01
3.786037824643061356e+01
3.786037824643061356e+01
3.786037824643061356e+01
3.786200121160170795e+01
3.786199444171708706e+01
3.786199444171708706e+01
3.786199444171708706e+01
3.786199444171708706e+01
3.786358986644077618e+01
3.786358986644077618e+01
3.786361903687617314e+01
3.786361903687617314e+01
3.786361903687617314e+01
3.786491923714450536e+01
3.786491923714450536e+01
3.786491923714450536e+01
3.786491923714450536e+01
3.786491923714450536e+01
3.720253460200969187e+01
3.720253460200969187e+01
3.720253460200969187e+01
3.720253460200969187e+01
3.720253460200969187e+01
3.720384052931284202e+01
3.720384052931284202e+01
3.720384052931284202e+01
3.720398477666308423e+01
3.720398477666308423e+01
3.720507303130958832e+01
3.720507303130958832e+01
3.720507303130958832e+01
3.720507303130958832e+01
3.720507303130958832e+01
3.720614921450724211e+01
3.720614958551084328e+01
3.720614958551084328e+01
3.720614958551084328e+01
3.720614958551084328e+01
3.720725512775126731e+01
3.720725512775126731e+01
3.720725512775126731e+01
3.720725512775126731e+01
3.720739100331583415e+01
3.720832782678466089e+01
3.720832782678466089e+01
3.720832782678466089e+01
3.720832782678466089e+01
3.657984410959342370e+01
3.657984410959342370e+01
3.657984410959342370e+01
3.657984410959342370e+01
3.657984410959342370e+01
3.658071489054292869e+01
3.658071489054292869e+01
3.658071489054292869e+01
3.658071489054292869e+01
3.658110459720577268e+01
3.649572302675479563e+01
3.649572302675479563e+01
3.649572302675479563e+01
3.649661887350670497e+01
3.649661887350670497e+01
3.649661887350670497e+01
3.649662072976417448e+01
3.649662072976417448e+01
3.649728127045543147e+01
3.649728127045543147e+01
3.649728127045543147e+01
3.649728127045543147e+01
3.649791624569105863e+01
3.649791624569105863e+01
3.649791624569105863e+01
3.649812111190918529e+01
3.602596135704303038e+01
3.602596135704303038e+01
3.602596135704303038e+01
3.602596135704303038e+01
3.602653491344415926e+01
3.602653491344415926e+01
3.602653491344415926e+01
3.602653491344415926e+01
3.602699454050919314e+01
3.602699454050919314e+01
3.602699454050919314e+01
3.602699454050919314e+01
3.602796614527206742e+01
3.602796614527206742e+01
3.602860819527978009e+01
3.602860819527978009e+01
3.595606790008677223e+01
3.595606790008677223e+01
3.595606790008677223e+01
3.595607438183075999e+01
3.595651525864845155e+01
3.595651525864845155e+01
3.595651525864845155e+01
3.595651525864845155e+01
3.595703326295737412e+01
3.595703326295737412e+01
3.595703326295737412e+01
3.560390798856069239e+01
3.560390798856069239e+01
3.560533558662258713e+01
3.560533558662258713e+01
3.560560535082802147e+01
3.560560535082802147e+01
3.560560535082802147e+01
3.560560535082802147e+01
3.560596869443567414e+01
3.560596869443567414e+01
3.560596869443567414e+01
3.560645408571595993e+01
3.560645408571595993e+01
3.560645408571595993e+01
3.560693310444990800e+01
3.560693310444990800e+01
3.560828101591212658e+01
3.560828101591212658e+01
3.560872580061408144e+01
3.560872580061408144e+01
3.560872580061408144e+01
3.560947092481214327e+01
3.560947092481214327e+01
3.560947092481214327e+01
3.561044061996314269e+01
3.561044061996314269e+01
3.561106712218327885e+01
3.561131711912607045e+01
3.561191385883918770e+01
3.561267472104343312e+01
3.561306661210603153e+01
3.561535756198539104e+01
3.561641629276010690e+01
3.561704693717703663e+01
3.561857815670042271e+01
3.562052297142117396e+01
3.599080641502202127e+01
3.599998676866626113e+01
3.653665571685716884e+01
3.800612211791203521e+01
3.657874144729302657e+01
3.605418229616283554e+01
3.605532792085641347e+01
3.565651019691048162e+01
3.565652231350826185e+01
3.565743653388351930e+01
3.551214894844977010e+01
3.546019765600209439e+01
3.544533639578823880e+01
3.543386240985569913e+01
3.543386240985569913e+01
3.543386240985569913e+01
3.543386240985569913e+01
3.543386240985569913e+01
3.543386240985569913e+01
3.543386240985569913e+01
3.543386240985569913e+01
3.543386240985569913e+01
3.543386240985569913e+01
3.543629008066891117e+01
3.543629008066891117e+01
3.543629008066891117e+01
3.543629008066891117e+01
3.543629008066891117e+01
3.543629008066891117e+01
3.543629008066891117e+01
3.543629008066891117e+01
3.543629008066891117e+01
3.543629008066891117e+01
3.543629008066891117e+01
3.543629008066891117e+01
3.543629008066891117e+01
3.543629008066891117e+01
3.543847201286649806e+01
3.543847201286649806e+01
3.543847201286649806e+01
3.543847201286649806e+01
3.543849282675957113e+01
3.543849282675957113e+01
3.543849282675957113e+01
3.543849282675957113e+01
3.543849282675957113e+01
3.543849282675957113e+01
3.543849282675957113e+01
3.543849282675957113e+01
3.543849282675957113e+01
3.544063410468739050e+01
3.544063410468739050e+01
3.544063410468739050e+01
3.544063410468739050e+01
3.544063410468739050e+01
3.544063410468739050e+01
3.544063410468739050e+01
3.544063410468739050e+01
3.544063410468739050e+01
3.544063410468739050e+01
3.544063410468739050e+01
3.544063410468739050e+01
3.544063410468739050e+01
3.544063410468739050e+01
3.544258017001831718e+01
3.544258017001831718e+01
3.544258017001831718e+01
3.544258017001831718e+01
3.544258017001831718e+01
3.544260051285237267e+01
3.544260051285237267e+01
3.544260051285237267e+01
3.544260051285237267e+01
3.544260051285237267e+01
3.544260051285237267e+01
3.544260051285237267e+01
3.544260051285237267e+01
3.489164622113345615e+01
3.489164622113345615e+01
3.489164622113345615e+01
3.489164622113345615e+01
3.489164622113345615e+01
3.489164622113345615e+01
3.489164622113345615e+01
3.489164622113345615e+01
3.489164622113345615e+01
3.489164622113345615e+01
3.489164622113345615e+01
3.489164622113345615e+01
3.489164622113345615e+01
3.489346654983589247e+01
3.489346654983589247e+01
3.489346654983589247e+01
3.489346654983589247e+01
3.489346654983589247e+01
3.489346654983589247e+01
3.489353789124679395e+01
3.489353789124679395e+01
3.489353789124679395e+01
3.489353789124679395e+01
3.489353789124679395e+01
3.489353789124679395e+01
3.489536204007298181e+01
3.489536204007298181e+01
3.489536204007298181e+01
3.489536204007298181e+01
3.489536204007298181e+01
3.489536204007298181e+01
3.489536204007298181e+01
3.489536204007298181e+01
3.489536204007298181e+01
3.489536204007298181e+01
3.489536204007298181e+01
3.489536204007298181e+01
3.489536204007298181e+01
3.489746757589352910e+01
3.489746757589352910e+01
3.489746757589352910e+01
3.489746757589352910e+01
3.489746757589352910e+01
3.489746757589352910e+01
3.489746757589352910e+01
3.489746757589352910e+01
3.489753996156289872e+01
3.489753996156289872e+01
3.489753996156289872e+01
3.489753996156289872e+01
3.489753996156289872e+01
3.489924702623273589e+01
3.489924702623273589e+01
3.489924702623273589e+01
3.489924702623273589e+01
3.489924702623273589e+01
3.489924702623273589e+01
3.489924702623273589e+01
3.489924702623273589e+01
3.489924702623273589e+01
3.489924702623273589e+01
3.489924702623273589e+01
3.489924702623273589e+01
3.490097951088679906e+01
3.490097951088679906e+01
3.490097951088679906e+01
3.490097951088679906e+01
3.490097951088679906e+01
3.490097951088679906e+01
3.490097951088679906e+01
3.490097951088679906e+01
3.490097951088679906e+01
3.490097951088679906e+01
3.490106003328602213e+01
3.490106003328602213e+01
3.490281956032723087e+01
3.490281956032723087e+01
3.490281956032723087e+01
3.490281956032723087e+01
3.490281956032723087e+01
3.490281956032723087e+01
3.490281956032723087e+01
3.490281956032723087e+01
3.490281956032723087e+01
3.490281956032723087e+01
3.490281956032723087e+01
3.490281956032723087e+01
3.490438344949495786e+01
3.490438344949495786e+01
3.490438344949495786e+01
3.490438344949495786e+01
3.490438344949495786e+01
3.490438344949495786e+01
3.490438344949495786e+01
3.490438344949495786e+01
3.490438344949495786e+01
3.490438344949495786e+01
3.490438344949495786e+01
3.490614242971604853e+01
3.490620949008898322e+01
3.490620949008898322e+01
3.490620949008898322e+01
3.490620949008898322e+01
3.490620949008898322e+01
3.490620949008898322e+01
3.490620949008898322e+01
3.490620949008898322e+01
3.490620949008898322e+01
3.490620949008898322e+01
3.490620949008898322e+01
3.442108995475489763e+01
3.442108995475489763e+01
3.442108995475489763e+01
3.442108995475489763e+01
3.442108995475489763e+01
3.442108995475489763e+01
3.442108995475489763e+01
3.442108995475489763e+01
3.442108995475489763e+01
3.442108995475489763e+01
3.442108995475489763e+01
3.442245074319290410e+01
3.442245074319290410e+01
3.442245074319290410e+01
3.442245074319290410e+01
3.442265730375760313e+01
3.442265730375760313e+01
3.442265730375760313e+01
3.442265730375760313e+01
3.442265730375760313e+01
3.442265730375760313e+01
3.442265730375760313e+01
3.442265730375760313e+01
3.442420748999835212e+01
3.442420748999835212e+01
3.442420748999835212e+01
3.442420748999835212e+01
3.442420748999835212e+01
3.442420748999835212e+01
3.442420748999835212e+01
3.442420748999835212e+01
3.442420748999835212e+01
3.442420748999835212e+01
3.442420748999835212e+01
3.442544786507453125e+01
3.442544786507453125e+01
3.442544786507453125e+01
3.442544786507453125e+01
3.442544786507453125e+01
3.442544786507453125e+01
3.442544786507453125e+01
3.442564550975392734e+01
3.442564550975392734e+01
3.442564550975392734e+01
3.442564550975392734e+01
3.442699184409563884e+01
3.442699184409563884e+01
3.442699184409563884e+01
3.442699184409563884e+01
3.442699184409563884e+01
3.442699184409563884e+01
3.442699184409563884e+01
3.442699184409563884e+01
3.442699184409563884e+01
3.442699184409563884e+01
3.442814346133886261e+01
3.442814346133886261e+01
3.442814346133886261e+01
3.442814346133886261e+01
3.442814346133886261e+01
3.442814346133886261e+01
3.442814346133886261e+01
3.442814346133886261e+01
3.442814346133886261e+01
3.442814346133886261e+01
3.442814346133886261e+01
3.440440142329826756e+01
3.440440142329826756e+01
3.440440142329826756e+01
3.440440142329826756e+01
3.440440142329826756e+01
3.440440142329826756e+01
3.440440142329826756e+01
3.440440142329826756e+01
3.440440142329826756e+01
3.440440142329826756e+01
3.440548586479360438e+01
3.440548586479360438e+01
3.440548586479360438e+01
3.440548586479360438e+01
3.440548586479360438e+01
3.440548586479360438e+01
3.440548586479360438e+01
3.440548586479360438e+01
3.440548586479360438e+01
3.440548586479360438e+01
3.440681176130898677e+01
3.440681176130898677e+01
3.440681176130898677e+01
3.440681176130898677e+01
3.440681176130898677e+01
3.440689165121170845e+01
3.440689165121170845e+01
3.440689165121170845e+01
3.440689165121170845e+01
3.440689165121170845e+01
3.440689165121170845e+01
3.392522974047182061e+01
3.392522974047182061e+01
3.392522974047182061e+01
3.392522974047182061e+01
3.392522974047182061e+01
3.392522974047182061e+01
3.392522974047182061e+01
3.392522974047182061e+01
3.392522974047182061e+01
3.392610746228223206e+01
3.392610746228223206e+01
3.392610746228223206e+01
3.392610746228223206e+01
3.392610746228223206e+01
3.392610746228223206e+01
3.392610746228223206e+01
3.392610746228223206e+01
3.392610746228223206e+01
3.392636689509299686e+01
3.392715957564785612e+01
3.392715957564785612e+01
3.392715957564785612e+01
3.392715957564785612e+01
3.392715957564785612e+01
3.392715957564785612e+01
3.392715957564785612e+01
3.392715957564785612e+01
3.392715957564785612e+01
3.392715957564785612e+01
3.392837545099629182e+01
3.392837545099629182e+01
3.392837545099629182e+01
3.392837545099629182e+01
3.392837545099629182e+01
3.392837545099629182e+01
3.392837545099629182e+01
3.392837545099629182e+01
3.392837545099629182e+01
3.392884355511115757e+01
3.392884355511115757e+01
3.392884355511115757e+01
3.392884355511115757e+01
3.392908661609476439e+01
3.392908661609476439e+01
3.392908661609476439e+01
3.392908661609476439e+01
3.392908661609476439e+01
3.392908661609476439e+01
3.392978497276988037e+01
3.392978497276988037e+01
3.392978497276988037e+01
3.392978497276988037e+01
3.392978497276988037e+01
3.392978497276988037e+01
3.392978497276988037e+01
3.392978497276988037e+01
3.392978497276988037e+01
3.393036248756340001e+01
3.393036248756340001e+01
3.393036248756340001e+01
3.393036248756340001e+01
3.393036248756340001e+01
3.393036248756340001e+01
3.393036248756340001e+01
3.393036248756340001e+01
3.393059729440734174e+01
3.393137147060291881e+01
3.393137147060291881e+01
3.393137147060291881e+01
3.393137147060291881e+01
3.393137147060291881e+01
3.393137147060291881e+01
3.393137147060291881e+01
3.393137147060291881e+01
3.393137147060291881e+01
3.359969166768741644e+01
3.359969166768741644e+01
3.359969166768741644e+01
3.359969166768741644e+01
3.359969166768741644e+01
3.359969166768741644e+01
3.359969166768741644e+01
3.359969166768741644e+01
3.359969166768741644e+01
3.360010794935432443e+01
3.360010794935432443e+01
3.360010794935432443e+01
3.360010794935432443e+01
3.360010794935432443e+01
3.360068452090636271e+01
3.360068452090636271e+01
3.360068452090636271e+01
3.360099864988430340e+01
3.360099864988430340e+01
3.360099864988430340e+01
3.360099864988430340e+01
3.360099864988430340e+01
3.360099864988430340e+01
3.360099864988430340e+01
3.360099864988430340e+01
3.360099864988430340e+01
3.360139141876362601e+01
3.360139141876362601e+01
3.360139141876362601e+01
3.360139141876362601e+01
3.360139141876362601e+01
3.360139141876362601e+01
3.360139141876362601e+01
3.360139141876362601e+01
3.360153883146048770e+01
3.360153883146048770e+01
3.360204303838405338e+01
3.360204303838405338e+01
3.360204303838405338e+01
3.360204303838405338e+01
3.360204303838405338e+01
3.360204303838405338e+01
3.360250056664420981e+01
3.360250056664420981e+01
3.360250056664420981e+01
3.360250056664420981e+01
3.360250056664420981e+01
3.360250056664420981e+01
3.360250056664420981e+01
