9.100000000000000000e+01 -inf
9.400000000000000000e+01 -inf
9.600000000000000000e+01 -inf
9.800000000000000000e+01 -inf
1.000000000000000000e+02 -inf
1.020000000000000000e+02 -inf
1.040000000000000000e+02 -inf
1.060000000000000000e+02 -inf
1.080000000000000000e+02 -inf
1.100000000000000000e+02 -inf
1.140000000000000000e+02 -inf
1.180000000000000000e+02 -inf
1.210000000000000000e+02 -inf
1.250000000000000000e+02 -inf
1.270000000000000000e+02 -inf
1.280000000000000000e+02 -inf
1.310000000000000000e+02 -inf
1.320000000000000000e+02 -inf
1.340000000000000000e+02 -inf
1.370000000000000000e+02 -inf
1.400000000000000000e+02 -inf
1.430000000000000000e+02 -inf
1.470000000000000000e+02 -inf
1.510000000000000000e+02 -inf
1.550000000000000000e+02 -inf
1.590000000000000000e+02 -inf
1.620000000000000000e+02 -inf
1.660000000000000000e+02 -inf
1.700000000000000000e+02 -inf
1.730000000000000000e+02 -inf
1.770000000000000000e+02 -inf
1.800000000000000000e+02 -inf
1.820000000000000000e+02 -inf
1.860000000000000000e+02 -inf
1.910000000000000000e+02 -inf
1.940000000000000000e+02 -inf
1.980000000000000000e+02 -inf
2.020000000000000000e+02 -inf
2.050000000000000000e+02 -inf
2.100000000000000000e+02 -inf
2.160000000000000000e+02 -inf
2.200000000000000000e+02 -inf
2.230000000000000000e+02 -inf
2.270000000000000000e+02 -inf
2.300000000000000000e+02 2.140009589430036385e+01
2.340000000000000000e+02 2.178184102769580832e+01
2.400000000000000000e+02 2.220565359445083331e+01
2.460000000000000000e+02 2.263840977867102922e+01
2.520000000000000000e+02 2.301272206864000935e+01
2.570000000000000000e+02 2.326364955998862172e+01
2.600000000000000000e+02 2.347292710666604876e+01
2.640000000000000000e+02 2.370032884035768106e+01
2.690000000000000000e+02 2.394588508372000035e+01
2.740000000000000000e+02 2.420941548312930180e+01
2.790000000000000000e+02 2.446730668126583552e+01
2.840000000000000000e+02 2.474881281157425406e+01
2.900000000000000000e+02 2.503112797521138688e+01
2.960000000000000000e+02 2.530103308998899081e+01
3.010000000000000000e+02 2.551794668326567006e+01
3.080000000000000000e+02 2.580814022514334738e+01
3.180000000000000000e+02 2.621848645962485236e+01
3.280000000000000000e+02 2.658046138177364526e+01
3.380000000000000000e+02 2.693848309334925517e+01
3.480000000000000000e+02 2.726685937550299599e+01
3.570000000000000000e+02 2.762445750732472405e+01
3.660000000000000000e+02 2.789839006403825294e+01
3.750000000000000000e+02 2.813680091681440487e+01
3.850000000000000000e+02 2.839886011873720761e+01
3.950000000000000000e+02 2.865061495440125583e+01
4.050000000000000000e+02 2.888278467879585065e+01
4.140000000000000000e+02 2.908844973901997122e+01
4.220000000000000000e+02 2.925669691527501470e+01
4.300000000000000000e+02 2.942538256162353605e+01
4.410000000000000000e+02 2.964448209912092480e+01
4.510000000000000000e+02 2.983270812684284934e+01
4.600000000000000000e+02 2.999241092774713024e+01
4.700000000000000000e+02 3.016824333283086901e+01
4.800000000000000000e+02 3.033358228906579512e+01
4.900000000000000000e+02 3.049596530519518467e+01
5.000000000000000000e+02 3.064922819154763545e+01
5.060000000000000000e+02 3.204619258424671102e+01
5.120000000000000000e+02 3.293062838028389194e+01
5.200000000000000000e+02 3.302141472527826949e+01
5.300000000000000000e+02 3.315015960217937163e+01
5.400000000000000000e+02 3.319017135992724832e+01
5.500000000000000000e+02 3.338819767401578531e+01
5.600000000000000000e+02 3.346860831803454772e+01
5.700000000000000000e+02 3.357815305376057324e+01
5.800000000000000000e+02 3.357038431109873500e+01
5.900000000000000000e+02 3.371124330894612342e+01
6.000000000000000000e+02 3.380344854657871423e+01
6.100000000000000000e+02 3.389704872954591508e+01
6.200000000000000000e+02 3.395463052038238061e+01
6.300000000000000000e+02 3.402260415220091971e+01
6.400000000000000000e+02 3.405447266936171502e+01
6.500000000000000000e+02 3.413020428260490036e+01
6.580000000000000000e+02 3.419351396523798314e+01
6.650000000000000000e+02 3.422430173253037111e+01
6.750000000000000000e+02 3.425380160647875272e+01
6.850000000000000000e+02 3.429815542584783827e+01
6.950000000000000000e+02 3.438892042060037824e+01
7.050000000000000000e+02 3.442290635551206890e+01
7.160000000000000000e+02 3.448207147664616912e+01
7.260000000000000000e+02 3.452036722618397135e+01
7.350000000000000000e+02 3.455081930685369684e+01
7.450000000000000000e+02 3.461422066642664674e+01
7.550000000000000000e+02 3.465976593039372489e+01
7.650000000000000000e+02 3.470436208516041887e+01
7.750000000000000000e+02 3.474821962713841117e+01
7.850000000000000000e+02 3.478821856523534706e+01
7.950000000000000000e+02 3.481624387371675056e+01
8.050000000000000000e+02 3.484914199922869926e+01
8.150000000000000000e+02 3.487661462171201521e+01
8.250000000000000000e+02 3.492159196291996182e+01
8.350000000000000000e+02 3.490266888727581573e+01
8.450000000000000000e+02 3.496705045445565219e+01
8.550000000000000000e+02 3.499374752406350808e+01
8.650000000000000000e+02 3.502985238342341745e+01
8.750000000000000000e+02 3.506723266313679943e+01
8.850000000000000000e+02 3.510740580538887912e+01
8.950000000000000000e+02 3.513594233892916918e+01
9.050000000000000000e+02 3.514000707613870134e+01
9.150000000000000000e+02 3.536207826668213272e+01
9.250000000000000000e+02 3.620268523397471938e+01
9.350000000000000000e+02 3.668672508144535982e+01
9.450000000000000000e+02 3.710753327043503447e+01
9.550000000000000000e+02 3.730291779639581762e+01
9.650000000000000000e+02 3.737209923674565459e+01
9.750000000000000000e+02 3.646955099456457816e+01
9.850000000000000000e+02 3.729186147151914099e+01
9.950000000000000000e+02 3.730562124386862877e+01
1.005000000000000000e+03 3.746645275605740721e+01
1.015000000000000000e+03 3.744594814499640734e+01
1.025000000000000000e+03 3.698697758860861740e+01
1.035000000000000000e+03 3.726811317320127159e+01
1.045000000000000000e+03 3.755400953310996215e+01
1.055000000000000000e+03 3.752634437534662482e+01
1.065000000000000000e+03 3.741641404449006103e+01
1.075000000000000000e+03 3.749212724773934013e+01
1.085000000000000000e+03 3.737405784495192052e+01
1.095000000000000000e+03 3.750384014000034938e+01
1.105000000000000000e+03 3.745847563896221288e+01
1.115000000000000000e+03 3.743049493046436993e+01
1.125000000000000000e+03 3.736640024399096660e+01
1.135000000000000000e+03 3.748057992372881131e+01
1.145000000000000000e+03 3.742962675904824721e+01
1.155000000000000000e+03 3.745086174903373433e+01
1.165000000000000000e+03 3.745676238914965950e+01
1.175000000000000000e+03 3.726618092314200226e+01
1.185000000000000000e+03 3.745041216139459550e+01
1.195000000000000000e+03 3.733475483965274577e+01
1.205000000000000000e+03 3.714317997942475813e+01
1.215000000000000000e+03 3.695001692571618435e+01
1.225000000000000000e+03 3.730979125608999425e+01
1.235000000000000000e+03 3.743778994026953910e+01
1.245000000000000000e+03 3.745186194892362153e+01
1.255000000000000000e+03 3.742639227285881987e+01
1.265000000000000000e+03 3.738624849474883405e+01
1.275000000000000000e+03 3.744653854192030451e+01
1.285000000000000000e+03 3.744769832924829700e+01
1.295000000000000000e+03 3.732744238927761415e+01
1.305000000000000000e+03 3.734410918620554298e+01
1.315000000000000000e+03 3.742708581464827944e+01
1.325000000000000000e+03 3.739295927357035509e+01
1.335000000000000000e+03 3.734003402924224702e+01
1.345000000000000000e+03 3.740058199179645726e+01
1.355000000000000000e+03 3.738607959398844116e+01
1.365000000000000000e+03 3.733413589901636698e+01
1.375000000000000000e+03 3.733885019859863519e+01
1.385000000000000000e+03 3.734037591378908871e+01
1.395000000000000000e+03 3.725277903215680908e+01
1.405000000000000000e+03 3.727638078320690340e+01
1.415000000000000000e+03 3.729151788494539232e+01
1.425000000000000000e+03 3.729515077554596303e+01
1.435000000000000000e+03 3.729869909583447907e+01
1.442000000000000000e+03 3.731262386243570006e+01
1.447000000000000000e+03 3.730767819660952966e+01
1.455000000000000000e+03 3.729459517524235679e+01
1.465000000000000000e+03 3.725452004691310037e+01
1.475000000000000000e+03 3.725731940302035383e+01
1.485000000000000000e+03 3.725416818688644582e+01
1.495000000000000000e+03 3.725097690587964649e+01
1.505000000000000000e+03 3.721345514081801298e+01
1.512000000000000000e+03 3.715449700315053860e+01
1.517000000000000000e+03 3.717754572027290294e+01
1.525000000000000000e+03 3.718576988365259695e+01
1.535000000000000000e+03 3.711879544103348394e+01
1.545000000000000000e+03 3.713108898717392492e+01
1.555000000000000000e+03 3.711260679536232487e+01
1.565000000000000000e+03 3.713232862098843867e+01
1.575000000000000000e+03 3.715652196238698934e+01
1.585000000000000000e+03 3.716487201344509117e+01
1.595000000000000000e+03 3.716584676500272622e+01
1.605000000000000000e+03 3.716698276032532533e+01
1.615000000000000000e+03 3.716557126849056658e+01
1.625000000000000000e+03 3.714485422116122493e+01
1.635000000000000000e+03 3.717137033976008809e+01
1.645000000000000000e+03 3.716959999231938383e+01
1.655000000000000000e+03 3.714793651419254417e+01
1.665000000000000000e+03 3.717431933836056146e+01
1.672000000000000000e+03 3.714475775368183008e+01
1.677000000000000000e+03 3.717158116231098575e+01
1.685000000000000000e+03 3.717773693135210777e+01
1.695000000000000000e+03 3.715076245306790526e+01
1.705000000000000000e+03 3.713142488877765857e+01
1.715000000000000000e+03 3.710307134232465387e+01
1.725000000000000000e+03 3.709856206487572194e+01
1.735000000000000000e+03 3.712283760104740793e+01
1.745000000000000000e+03 3.710566929724303264e+01
1.755000000000000000e+03 3.712292158579688817e+01
1.765000000000000000e+03 3.709605365537466071e+01
1.775000000000000000e+03 3.708702984359190680e+01
1.785000000000000000e+03 3.709451453995788484e+01
1.795000000000000000e+03 3.711493337734679443e+01
1.805000000000000000e+03 3.711576090605245781e+01
1.815000000000000000e+03 3.706401410678769537e+01
1.825000000000000000e+03 3.708315328174414560e+01
1.835000000000000000e+03 3.706227641732431977e+01
1.845000000000000000e+03 3.702209729535106675e+01
1.855000000000000000e+03 3.701226509897363570e+01
1.865000000000000000e+03 3.702169080963054171e+01
1.875000000000000000e+03 3.705998237779248683e+01
1.885000000000000000e+03 3.700857948806599040e+01
1.895000000000000000e+03 3.697670980810915609e+01
1.905000000000000000e+03 3.701659633198633514e+01
1.915000000000000000e+03 3.698448533697670371e+01
1.925000000000000000e+03 3.696997241983334703e+01
1.935000000000000000e+03 3.699447938234020938e+01
1.945000000000000000e+03 3.700257338194816725e+01
1.955000000000000000e+03 3.696245234851138406e+01
1.967000000000000000e+03 3.700214739861685587e+01
1.976000000000000000e+03 3.701733553833204837e+01
1.984000000000000000e+03 3.698444385624777908e+01
1.995000000000000000e+03 3.697281986761925765e+01
2.005000000000000000e+03 3.698965170333520547e+01
2.015000000000000000e+03 3.697507490638454897e+01
2.025000000000000000e+03 3.699726245377931377e+01
2.035000000000000000e+03 3.695696895598705822e+01
2.045000000000000000e+03 3.696895175175065162e+01
2.055000000000000000e+03 3.695324125364511048e+01
2.065000000000000000e+03 3.695439952360501223e+01
2.074000000000000000e+03 3.697998941883703594e+01
2.078000000000000000e+03 3.693614587069447452e+01
2.085000000000000000e+03 3.695931704526665840e+01
2.095000000000000000e+03 3.693260833679625676e+01
2.105000000000000000e+03 3.694367563944234689e+01
2.115000000000000000e+03 3.694427776305943212e+01
2.125000000000000000e+03 3.694947041796860532e+01
2.135000000000000000e+03 3.693228871232786048e+01
2.145000000000000000e+03 3.691814377767540378e+01
2.155000000000000000e+03 3.693707435985912468e+01
2.165000000000000000e+03 3.693033128531642006e+01
2.175000000000000000e+03 3.692454815538826551e+01
2.185000000000000000e+03 3.690891088646495888e+01
2.195000000000000000e+03 3.692189925344144541e+01
2.205000000000000000e+03 3.691266685035687800e+01
2.215000000000000000e+03 3.689957763651808875e+01
2.225000000000000000e+03 3.688364227227272352e+01
2.235000000000000000e+03 3.689363125412644706e+01
2.245000000000000000e+03 3.688739990860309348e+01
2.255000000000000000e+03 3.687062499560478557e+01
2.265000000000000000e+03 3.687971546582794247e+01
2.275000000000000000e+03 3.687931951198722658e+01
2.285000000000000000e+03 3.688241652000915849e+01
2.295000000000000000e+03 3.685911454533477638e+01
2.305000000000000000e+03 3.686109990708445139e+01
2.315000000000000000e+03 3.684296944671427809e+01
2.325000000000000000e+03 3.674835587695403660e+01
2.335000000000000000e+03 3.681656967682102533e+01
2.345000000000000000e+03 3.681386435945070446e+01
2.355000000000000000e+03 3.682281069267213525e+01
2.365000000000000000e+03 3.680662851694366111e+01
2.375000000000000000e+03 3.680674479262999910e+01
2.385000000000000000e+03 3.679301485309646580e+01
2.395000000000000000e+03 3.680432848709716609e+01
2.405000000000000000e+03 3.678677995686813773e+01
2.415000000000000000e+03 3.678995733010660274e+01
2.425000000000000000e+03 3.679559792568370824e+01
2.435000000000000000e+03 3.677757702133254014e+01
2.445000000000000000e+03 3.678852117470379568e+01
2.455000000000000000e+03 3.678508907818049067e+01
2.465000000000000000e+03 3.677689706112809631e+01
2.475000000000000000e+03 3.676723841089604861e+01
2.485000000000000000e+03 3.677387517268823558e+01
2.495000000000000000e+03 3.674881218028149732e+01
2.505000000000000000e+03 3.677040732245629329e+01
2.513000000000000000e+03 3.674236943602737426e+01
2.518000000000000000e+03 3.675999852233381660e+01
2.525000000000000000e+03 3.674349673867013166e+01
2.535000000000000000e+03 3.673950768139290801e+01
2.545000000000000000e+03 3.672829830447635402e+01
2.555000000000000000e+03 3.674033474855181680e+01
2.565000000000000000e+03 3.673399105329872327e+01
2.575000000000000000e+03 3.674283482115636446e+01
2.585000000000000000e+03 3.673871591266281911e+01
2.595000000000000000e+03 3.673415844384352624e+01
2.605000000000000000e+03 3.672404045686575103e+01
2.615000000000000000e+03 3.671955095740531050e+01
2.625000000000000000e+03 3.672008181850314656e+01
2.635000000000000000e+03 3.671848893574605910e+01
2.645000000000000000e+03 3.672848444554337277e+01
2.655000000000000000e+03 3.672554801083155240e+01
2.665000000000000000e+03 3.670651872209406008e+01
2.675000000000000000e+03 3.671321493764066446e+01
2.685000000000000000e+03 3.670856397079593592e+01
2.695000000000000000e+03 3.669620074285002431e+01
2.705000000000000000e+03 3.669514378294410051e+01
2.715000000000000000e+03 3.668737341116730022e+01
2.725000000000000000e+03 3.668396534957799560e+01
2.735000000000000000e+03 3.669051782738123535e+01
2.745000000000000000e+03 3.666353436375763408e+01
2.755000000000000000e+03 3.666290447729389257e+01
2.765000000000000000e+03 3.666476839514848507e+01
2.775000000000000000e+03 3.667272487407829828e+01
2.785000000000000000e+03 3.666723446128436592e+01
2.795000000000000000e+03 3.663487036451409296e+01
2.805000000000000000e+03 3.664779419626473356e+01
2.815000000000000000e+03 3.666063085211592920e+01
2.825000000000000000e+03 3.665568533777222626e+01
2.835000000000000000e+03 3.663577497706242525e+01
2.845000000000000000e+03 3.663612926815719106e+01
2.855000000000000000e+03 3.663402608337744937e+01
2.865000000000000000e+03 3.664008797585152166e+01
2.875000000000000000e+03 3.663207662605450565e+01
2.885000000000000000e+03 3.663019157971014295e+01
2.895000000000000000e+03 3.662421358965289642e+01
2.910000000000000000e+03 3.662520933792146138e+01
2.930000000000000000e+03 3.661502677910407755e+01
2.950000000000000000e+03 3.660456373144793929e+01
2.970000000000000000e+03 3.660086062037179033e+01
2.990000000000000000e+03 3.659316615703338016e+01
3.010000000000000000e+03 3.658656721789026278e+01
3.030000000000000000e+03 3.658296876533164266e+01
3.050000000000000000e+03 3.657454215864699165e+01
3.070000000000000000e+03 3.656684940575777176e+01
3.090000000000000000e+03 3.655873734610690917e+01
3.110000000000000000e+03 3.655091899735334948e+01
3.130000000000000000e+03 3.654334148271253468e+01
3.150000000000000000e+03 3.653779341765000765e+01
3.170000000000000000e+03 3.652852676330773107e+01
3.190000000000000000e+03 3.651652964558491021e+01
3.210000000000000000e+03 3.651492038164327880e+01
3.230000000000000000e+03 3.650740655447330596e+01
3.250000000000000000e+03 3.650094892454640672e+01
3.270000000000000000e+03 3.649427703126957567e+01
3.290000000000000000e+03 3.648741535186111662e+01
3.310000000000000000e+03 3.648190024398319764e+01
3.330000000000000000e+03 3.647383603468662727e+01
3.350000000000000000e+03 3.646569074865838900e+01
3.370000000000000000e+03 3.645919012288004524e+01
3.390000000000000000e+03 3.645231167997528843e+01
3.410000000000000000e+03 3.644701686565369414e+01
3.430000000000000000e+03 3.643503854782663609e+01
3.450000000000000000e+03 3.642928607307101174e+01
3.470000000000000000e+03 3.642498722593786198e+01
3.490000000000000000e+03 3.641850595558650383e+01
3.510000000000000000e+03 3.641397149917765574e+01
3.530000000000000000e+03 3.640814810491805531e+01
3.550000000000000000e+03 3.640218467192369189e+01
3.570000000000000000e+03 3.639558598660441646e+01
3.590000000000000000e+03 3.638572645992139343e+01
3.610000000000000000e+03 3.637983747954208980e+01
3.630000000000000000e+03 3.637456975056516484e+01
3.640000000000000000e+03 3.637413566257732356e+01
3.650000000000000000e+03 3.637141177544825155e+01
3.670000000000000000e+03 3.636040336081157420e+01
3.690000000000000000e+03 3.634436199042303883e+01
3.710000000000000000e+03 3.637092470196650140e+01
3.730000000000000000e+03 3.637234422999337369e+01
3.750000000000000000e+03 3.642894912621640913e+01
3.770000000000000000e+03 3.643083377586211213e+01
3.790000000000000000e+03 3.646196543819871749e+01
3.810000000000000000e+03 3.648865245871816398e+01
3.830000000000000000e+03 3.642370775879120970e+01
3.850000000000000000e+03 3.649543318266621128e+01
3.870000000000000000e+03 3.650064703242374264e+01
3.890000000000000000e+03 3.639570466072641608e+01
3.910000000000000000e+03 3.649594026378646561e+01
3.930000000000000000e+03 3.648086544182280022e+01
3.950000000000000000e+03 3.648294052057273973e+01
3.970000000000000000e+03 3.636361861477102764e+01
3.990000000000000000e+03 3.646886101453664253e+01
4.010000000000000000e+03 3.647055262056393587e+01
4.030000000000000000e+03 3.645367447794885152e+01
4.050000000000000000e+03 3.645945815343259255e+01
4.070000000000000000e+03 3.644515814378281959e+01
4.090000000000000000e+03 3.641629415596284502e+01
4.110000000000000000e+03 3.634906288988547374e+01
4.130000000000000000e+03 3.642096352230801415e+01
4.150000000000000000e+03 3.642197469437329005e+01
4.170000000000000000e+03 3.641747918096423575e+01
4.190000000000000000e+03 3.641432738189612905e+01
4.210000000000000000e+03 3.640871771624661335e+01
4.230000000000000000e+03 3.639873958089687989e+01
4.250000000000000000e+03 3.639359585678174369e+01
4.270000000000000000e+03 3.638056631884249015e+01
4.290000000000000000e+03 3.638021314028796382e+01
4.310000000000000000e+03 3.636864194972440600e+01
4.330000000000000000e+03 3.633025807735540980e+01
4.350000000000000000e+03 3.628750421340134835e+01
4.370000000000000000e+03 3.635634809954662217e+01
4.390000000000000000e+03 3.634579484339766253e+01
4.410000000000000000e+03 3.634506222150561427e+01
4.430000000000000000e+03 3.634083576020000805e+01
4.450000000000000000e+03 3.633839377235402424e+01
4.470000000000000000e+03 3.632240082231125200e+01
4.490000000000000000e+03 3.632613509635263682e+01
4.510000000000000000e+03 3.632911843621023706e+01
4.530000000000000000e+03 3.631544326869401829e+01
4.550000000000000000e+03 3.631037749706655404e+01
4.570000000000000000e+03 3.631148738250888641e+01
4.590000000000000000e+03 3.630224873685143194e+01
4.610000000000000000e+03 3.629837050657130249e+01
4.630000000000000000e+03 3.628931554589640029e+01
4.650000000000000000e+03 3.628506845976293960e+01
4.670000000000000000e+03 3.628379059282300290e+01
4.690000000000000000e+03 3.627941354037844945e+01
4.710000000000000000e+03 3.626462900018798052e+01
4.730000000000000000e+03 3.626474557194392645e+01
4.750000000000000000e+03 3.626051000660981316e+01
4.770000000000000000e+03 3.625646243675458891e+01
4.790000000000000000e+03 3.625051802728548012e+01
4.810000000000000000e+03 3.624391717543633717e+01
4.830000000000000000e+03 3.623934069560270643e+01
4.850000000000000000e+03 3.620470296573599001e+01
4.870000000000000000e+03 3.614933669198667587e+01
4.890000000000000000e+03 3.622389319539757935e+01
4.910000000000000000e+03 3.622202911313229379e+01
4.930000000000000000e+03 3.620843574505953200e+01
4.950000000000000000e+03 3.621104422645476006e+01
4.970000000000000000e+03 3.620413298632996657e+01
4.990000000000000000e+03 3.619435101568399205e+01
5.010000000000000000e+03 3.617625651188654956e+01
5.030000000000000000e+03 3.618286544772222868e+01
5.050000000000000000e+03 3.617230754193690245e+01
5.070000000000000000e+03 3.617498578038936330e+01
5.090000000000000000e+03 3.616598045071764034e+01
5.110000000000000000e+03 3.616205469317444710e+01
5.130000000000000000e+03 3.615236159344917866e+01
5.150000000000000000e+03 3.614535131962596637e+01
5.170000000000000000e+03 3.613719592042482986e+01
5.190000000000000000e+03 3.613638245595665666e+01
5.210000000000000000e+03 3.613187733407282565e+01
5.230000000000000000e+03 3.614035394910565913e+01
5.250000000000000000e+03 3.614032584185892460e+01
5.270000000000000000e+03 3.612581153833077963e+01
5.290000000000000000e+03 3.613589726378212674e+01
5.310000000000000000e+03 3.613673225017829083e+01
5.330000000000000000e+03 3.612075211628589955e+01
5.350000000000000000e+03 3.612549029968572967e+01
5.370000000000000000e+03 3.612174185246260549e+01
5.390000000000000000e+03 3.611335518332111860e+01
5.410000000000000000e+03 3.610939046503371230e+01
5.430000000000000000e+03 3.610439582492086430e+01
5.450000000000000000e+03 3.609993904666885101e+01
5.470000000000000000e+03 3.609433512476169170e+01
5.490000000000000000e+03 3.609213321205325542e+01
5.510000000000000000e+03 3.608600294811810727e+01
5.530000000000000000e+03 3.608970624328158294e+01
5.550000000000000000e+03 3.608774398048587528e+01
5.570000000000000000e+03 3.608369038670556961e+01
5.590000000000000000e+03 3.607792406344954372e+01
5.610000000000000000e+03 3.607577733190736069e+01
5.630000000000000000e+03 3.607073950857242295e+01
5.650000000000000000e+03 3.606843685366678187e+01
5.670000000000000000e+03 3.606243332844897509e+01
5.690000000000000000e+03 3.606572157653747013e+01
5.710000000000000000e+03 3.605576982433608180e+01
5.730000000000000000e+03 3.606491694192655473e+01
5.750000000000000000e+03 3.605424160766426667e+01
5.770000000000000000e+03 3.605350640842468124e+01
5.790000000000000000e+03 3.604219415436473639e+01
5.810000000000000000e+03 3.604699575154749880e+01
5.830000000000000000e+03 3.605034694141471618e+01
5.850000000000000000e+03 3.604065146473333670e+01
5.870000000000000000e+03 3.603033092904438206e+01
5.890000000000000000e+03 3.601629301542427442e+01
5.910000000000000000e+03 3.602758782202356258e+01
5.930000000000000000e+03 3.602620062377484800e+01
5.950000000000000000e+03 3.602109582921313802e+01
5.970000000000000000e+03 3.602495864572338036e+01
5.990000000000000000e+03 3.601520670171039740e+01
6.010000000000000000e+03 3.601197646839688815e+01
6.030000000000000000e+03 3.601707690405738305e+01
6.050000000000000000e+03 3.601732685451625571e+01
6.070000000000000000e+03 3.601531527695105694e+01
6.090000000000000000e+03 3.600403746342355760e+01
6.110000000000000000e+03 3.600268371274276547e+01
6.130000000000000000e+03 3.598887582317223632e+01
6.150000000000000000e+03 3.599022992597961235e+01
6.170000000000000000e+03 3.597629937974640058e+01
6.190000000000000000e+03 3.598318532885926402e+01
6.210000000000000000e+03 3.597496324066796802e+01
6.230000000000000000e+03 3.596535956016163738e+01
6.250000000000000000e+03 3.595634506226318905e+01
6.270000000000000000e+03 3.596305800447360923e+01
6.290000000000000000e+03 3.596881417699643180e+01
6.310000000000000000e+03 3.596088491592573888e+01
6.330000000000000000e+03 3.596338000178469940e+01
6.350000000000000000e+03 3.595777882957406746e+01
6.370000000000000000e+03 3.595476789203898704e+01
6.390000000000000000e+03 3.595853874357006674e+01
6.410000000000000000e+03 3.595269231007292632e+01
6.430000000000000000e+03 3.595179207964410040e+01
6.450000000000000000e+03 3.594856884147682052e+01
6.470000000000000000e+03 3.594714991461664511e+01
6.490000000000000000e+03 3.593683129748636418e+01
6.510000000000000000e+03 3.594443972515917096e+01
6.530000000000000000e+03 3.593994027502674271e+01
6.550000000000000000e+03 3.592321255530453072e+01
6.570000000000000000e+03 3.588473688413096596e+01
6.590000000000000000e+03 3.593147366118253672e+01
6.610000000000000000e+03 3.593363099446824549e+01
6.630000000000000000e+03 3.593075294276080456e+01
6.650000000000000000e+03 3.593070633389010737e+01
6.670000000000000000e+03 3.591764816602715626e+01
6.690000000000000000e+03 3.591277529549743974e+01
6.710000000000000000e+03 3.589740715351174316e+01
6.730000000000000000e+03 3.590127719250567395e+01
6.750000000000000000e+03 3.589381759906594738e+01
6.770000000000000000e+03 3.589237001609932065e+01
6.790000000000000000e+03 3.588498471838007475e+01
6.810000000000000000e+03 3.588927859297038481e+01
6.830000000000000000e+03 3.589226871561469068e+01
6.850000000000000000e+03 3.588624622620223903e+01
6.870000000000000000e+03 3.589007380759311161e+01
6.890000000000000000e+03 3.589630905451501519e+01
6.910000000000000000e+03 3.589658860952113173e+01
6.930000000000000000e+03 3.589186533767521325e+01
6.950000000000000000e+03 3.589255629733622754e+01
6.970000000000000000e+03 3.589902887411298593e+01
6.990000000000000000e+03 3.589370095714981090e+01
7.010000000000000000e+03 3.589235013942471397e+01
7.030000000000000000e+03 3.589735678949377728e+01
7.050000000000000000e+03 3.590146590695713513e+01
7.070000000000000000e+03 3.588547718152982924e+01
7.090000000000000000e+03 3.586088277591530016e+01
7.110000000000000000e+03 3.583269472717267945e+01
7.130000000000000000e+03 3.582174341915817450e+01
7.150000000000000000e+03 3.582165601054575177e+01
7.170000000000000000e+03 3.582852516422991584e+01
7.190000000000000000e+03 3.582522274695922704e+01
7.210000000000000000e+03 3.583007865945509707e+01
7.230000000000000000e+03 3.584098317474170159e+01
7.250000000000000000e+03 3.584863081346861691e+01
7.270000000000000000e+03 3.585383542687512914e+01
7.290000000000000000e+03 3.585359628820485511e+01
7.310000000000000000e+03 3.586265397116242326e+01
7.330000000000000000e+03 3.586551982044524323e+01
7.350000000000000000e+03 3.586752723413162869e+01
7.370000000000000000e+03 3.587836244197578850e+01
7.390000000000000000e+03 3.587437797869402800e+01
7.410000000000000000e+03 3.587519590360116695e+01
7.430000000000000000e+03 3.587802350947777796e+01
7.450000000000000000e+03 3.588000072932191387e+01
7.470000000000000000e+03 3.588019137806539760e+01
7.490000000000000000e+03 3.587986184960566760e+01
7.510000000000000000e+03 3.588531736030752484e+01
7.530000000000000000e+03 3.588956188749331488e+01
7.550000000000000000e+03 3.589011201985520216e+01
7.570000000000000000e+03 3.588804088176150486e+01
7.590000000000000000e+03 3.588359422669478249e+01
7.610000000000000000e+03 3.588040617273780697e+01
7.630000000000000000e+03 3.587014581238080524e+01
7.650000000000000000e+03 3.586038106589598584e+01
7.670000000000000000e+03 3.584503087859646087e+01
7.690000000000000000e+03 3.584662460175624688e+01
7.710000000000000000e+03 3.584047026067594999e+01
7.730000000000000000e+03 3.583652219647252934e+01
7.750000000000000000e+03 3.583591059652451349e+01
7.770000000000000000e+03 3.583603333467137730e+01
7.790000000000000000e+03 3.584480221602861150e+01
7.810000000000000000e+03 3.584402778669927159e+01
7.830000000000000000e+03 3.583762429533764049e+01
7.850000000000000000e+03 3.582798682443808502e+01
7.870000000000000000e+03 3.584075625562221035e+01
7.890000000000000000e+03 3.582749507093455321e+01
7.910000000000000000e+03 3.582175846603746550e+01
7.930000000000000000e+03 3.582895546775411333e+01
7.950000000000000000e+03 3.582241854293702232e+01
7.970000000000000000e+03 3.583723838280380392e+01
7.990000000000000000e+03 3.583937256800334836e+01
8.010000000000000000e+03 3.584561188532877196e+01
8.030000000000000000e+03 3.584390966377000609e+01
8.050000000000000000e+03 3.584550378907722745e+01
8.070000000000000000e+03 3.584323465871093362e+01
8.090000000000000000e+03 3.583847130166536488e+01
8.110000000000000000e+03 3.584003119482794375e+01
8.130000000000000000e+03 3.584958715233304360e+01
8.150000000000000000e+03 3.585039148300636214e+01
8.170000000000000000e+03 3.585416420035937080e+01
8.190000000000000000e+03 3.584812777820725671e+01
8.210000000000000000e+03 3.584498761936634281e+01
8.230000000000000000e+03 3.585478626207473951e+01
8.250000000000000000e+03 3.585106789749042377e+01
8.270000000000000000e+03 3.585792533022827655e+01
8.290000000000000000e+03 3.585342103064558472e+01
8.310000000000000000e+03 3.583529958411261163e+01
8.330000000000000000e+03 3.583455129985831888e+01
8.350000000000000000e+03 3.583290207592735754e+01
8.370000000000000000e+03 3.583419604833771643e+01
8.390000000000000000e+03 3.582147139789869783e+01
8.410000000000000000e+03 3.583347438174162392e+01
8.430000000000000000e+03 3.580608913871593302e+01
8.450000000000000000e+03 3.578503565392161079e+01
8.470000000000000000e+03 3.578996741786489366e+01
8.490000000000000000e+03 3.580089222180983199e+01
8.510000000000000000e+03 3.577787153644729301e+01
8.530000000000000000e+03 3.580754807349354962e+01
8.550000000000000000e+03 3.577778722369958331e+01
8.570000000000000000e+03 3.581995746614670395e+01
8.590000000000000000e+03 3.580955109637284295e+01
8.610000000000000000e+03 3.581306349486295915e+01
8.630000000000000000e+03 3.583273017946262939e+01
8.650000000000000000e+03 3.583472716786582168e+01
8.670000000000000000e+03 3.579120271760790217e+01
8.690000000000000000e+03 3.582371069761590121e+01
8.710000000000000000e+03 3.584021282231496741e+01
8.730000000000000000e+03 3.584012681293366143e+01
8.750000000000000000e+03 3.582007562832195902e+01
8.770000000000000000e+03 3.583869429799901241e+01
8.790000000000000000e+03 3.584563549533275761e+01
8.810000000000000000e+03 3.583527519049125232e+01
8.830000000000000000e+03 3.584016784449230641e+01
8.850000000000000000e+03 3.584066952822194452e+01
8.870000000000000000e+03 3.581976512464696327e+01
8.890000000000000000e+03 3.584495014925547451e+01
8.910000000000000000e+03 3.585109229215471061e+01
8.930000000000000000e+03 3.583915320454483577e+01
8.950000000000000000e+03 3.583896042123748771e+01
8.970000000000000000e+03 3.584025490184401264e+01
8.990000000000000000e+03 3.583878939641843431e+01
9.010000000000000000e+03 3.581016342374972083e+01
9.030000000000000000e+03 3.582694985769754226e+01
9.050000000000000000e+03 3.584569394465867731e+01
9.070000000000000000e+03 3.584472927985542867e+01
9.090000000000000000e+03 3.582913559787662905e+01
9.110000000000000000e+03 3.583234595121150790e+01
9.130000000000000000e+03 3.584122834297501470e+01
9.150000000000000000e+03 3.583595417888513879e+01
9.170000000000000000e+03 3.583465246842985152e+01
9.190000000000000000e+03 3.584017158256413893e+01
9.210000000000000000e+03 3.581804360466217219e+01
9.230000000000000000e+03 3.579907349344649958e+01
9.250000000000000000e+03 3.580963079947451888e+01
9.270000000000000000e+03 3.581083114301326731e+01
9.290000000000000000e+03 3.580667763425951478e+01
9.310000000000000000e+03 3.581350172467911364e+01
9.330000000000000000e+03 3.581180582656745059e+01
9.350000000000000000e+03 3.580834832970565174e+01
9.370000000000000000e+03 3.579927634130022795e+01
9.390000000000000000e+03 3.580875405751493901e+01
9.410000000000000000e+03 3.579832473285851080e+01
9.430000000000000000e+03 3.580875984062398487e+01
9.450000000000000000e+03 3.579880188336195346e+01
9.470000000000000000e+03 3.580847931278461260e+01
9.490000000000000000e+03 3.580944761878852489e+01
9.510000000000000000e+03 3.580405312383122407e+01
9.530000000000000000e+03 3.580177803015211424e+01
9.550000000000000000e+03 3.577653057613391496e+01
9.570000000000000000e+03 3.579370659705931956e+01
9.590000000000000000e+03 3.580708161142075596e+01
9.610000000000000000e+03 3.579941100051885172e+01
9.630000000000000000e+03 3.580182371941992159e+01
9.650000000000000000e+03 3.578989882038008119e+01
9.670000000000000000e+03 3.578891415315983693e+01
9.690000000000000000e+03 3.579828076190791819e+01
9.710000000000000000e+03 3.579248396469836990e+01
9.730000000000000000e+03 3.578919479737491116e+01
9.750000000000000000e+03 3.578677645580031452e+01
9.770000000000000000e+03 3.578832955501210478e+01
9.790000000000000000e+03 3.577983532608789119e+01
9.810000000000000000e+03 3.579412891781437622e+01
9.830000000000000000e+03 3.578672755445753495e+01
9.850000000000000000e+03 3.579346910105749657e+01
9.870000000000000000e+03 3.578946719722931391e+01
9.890000000000000000e+03 3.578811439683744311e+01
9.910000000000000000e+03 3.578516763253198008e+01
9.930000000000000000e+03 3.578475149801087696e+01
9.950000000000000000e+03 3.578305492150902722e+01
9.970000000000000000e+03 3.578394002177927291e+01
9.990000000000000000e+03 3.578182382044916210e+01
1.002500000000000000e+04 3.577111429251635144e+01
1.007500000000000000e+04 3.576086665169454903e+01
1.012500000000000000e+04 3.576850491831354617e+01
1.017500000000000000e+04 3.576141483577954006e+01
1.022500000000000000e+04 3.575972161612462941e+01
1.027500000000000000e+04 3.575804604937335540e+01
1.032500000000000000e+04 3.574782202581151580e+01
1.037500000000000000e+04 3.574209021341195580e+01
1.042500000000000000e+04 3.574247690662136989e+01
1.047500000000000000e+04 3.573807009597475570e+01
1.052500000000000000e+04 3.573674572743172462e+01
1.057500000000000000e+04 3.572821688561013787e+01
1.062500000000000000e+04 3.572699835188236506e+01
1.067500000000000000e+04 3.571577717430718479e+01
1.072500000000000000e+04 3.571474144815211105e+01
1.077500000000000000e+04 3.570913072791411480e+01
1.082500000000000000e+04 3.570083998021278404e+01
1.087500000000000000e+04 3.570038340741456295e+01
1.092500000000000000e+04 3.569476224471987535e+01
1.097500000000000000e+04 3.569291802978457184e+01
1.102500000000000000e+04 3.569359999313667231e+01
1.107500000000000000e+04 3.569032841341765305e+01
1.112500000000000000e+04 3.568615329958730342e+01
1.117500000000000000e+04 3.567934929392074395e+01
1.122500000000000000e+04 3.567737395591149863e+01
1.127500000000000000e+04 3.566878987217616270e+01
1.132500000000000000e+04 3.566544575212132884e+01
1.137500000000000000e+04 3.565979871010149083e+01
1.142500000000000000e+04 3.565449321812050698e+01
1.147500000000000000e+04 3.565721094267194502e+01
1.152500000000000000e+04 3.565464661735133234e+01
1.157500000000000000e+04 3.564628125027570604e+01
1.162500000000000000e+04 3.563856505360226379e+01
1.167500000000000000e+04 3.563742922004496450e+01
1.172500000000000000e+04 3.563886374427823256e+01
1.177500000000000000e+04 3.562900615664875659e+01
1.182500000000000000e+04 3.562523388191385720e+01
1.187500000000000000e+04 3.561639927881454781e+01
1.192500000000000000e+04 3.562187519798917634e+01
1.197500000000000000e+04 3.560455287145425984e+01
1.202500000000000000e+04 3.561271330477381269e+01
1.207500000000000000e+04 3.560644613009790760e+01
1.212500000000000000e+04 3.560516100537415696e+01
1.217500000000000000e+04 3.560389991087551209e+01
1.222500000000000000e+04 3.559953339414371243e+01
1.227500000000000000e+04 3.559512701257651912e+01
1.232500000000000000e+04 3.558978761400333468e+01
1.237500000000000000e+04 3.558854365538045528e+01
1.242500000000000000e+04 3.558369962033404477e+01
1.247500000000000000e+04 3.558136874253667514e+01
1.252500000000000000e+04 3.557477155500382793e+01
1.257500000000000000e+04 3.557324919587580325e+01
1.262500000000000000e+04 3.556995298574759090e+01
1.267500000000000000e+04 3.556401748689413012e+01
1.272500000000000000e+04 3.556314340684284048e+01
1.277500000000000000e+04 3.556297857192121370e+01
1.282500000000000000e+04 3.554071389484937527e+01
1.287500000000000000e+04 3.555169994013309065e+01
1.292500000000000000e+04 3.554222453957453354e+01
1.297500000000000000e+04 3.554925658018918000e+01
1.302500000000000000e+04 3.554142784954054690e+01
1.307500000000000000e+04 3.554452958299829390e+01
1.312500000000000000e+04 3.553353326096210196e+01
1.317500000000000000e+04 3.553348439012774662e+01
1.322500000000000000e+04 3.553361370632963911e+01
1.327500000000000000e+04 3.552457926452561310e+01
1.332500000000000000e+04 3.552936549432205027e+01
1.337500000000000000e+04 3.552290321806189866e+01
1.342500000000000000e+04 3.552631421993735472e+01
1.347500000000000000e+04 3.552278796886349710e+01
1.352500000000000000e+04 3.552124105089463058e+01
1.357500000000000000e+04 3.551368652761313172e+01
1.362500000000000000e+04 3.550999468590710961e+01
1.367500000000000000e+04 3.551271937143173574e+01
1.372500000000000000e+04 3.551430169406390291e+01
1.377500000000000000e+04 3.551029216850598402e+01
1.382500000000000000e+04 3.551130649380488080e+01
1.387500000000000000e+04 3.550419552554247105e+01
1.392500000000000000e+04 3.550791694502774476e+01
1.397500000000000000e+04 3.550799402789380110e+01
1.402500000000000000e+04 3.549932241403354283e+01
1.407500000000000000e+04 3.550449126342868311e+01
1.412500000000000000e+04 3.549789913733178537e+01
1.417500000000000000e+04 3.550213543380333192e+01
1.422500000000000000e+04 3.549528571550268907e+01
1.427500000000000000e+04 3.548504102056014631e+01
1.432500000000000000e+04 3.549565433094044664e+01
1.437500000000000000e+04 3.549533438260311868e+01
1.442500000000000000e+04 3.548317688129113634e+01
1.447500000000000000e+04 3.549208331398322969e+01
1.452500000000000000e+04 3.548694161755666698e+01
1.457000000000000000e+04 3.548900445935408499e+01
1.462000000000000000e+04 3.548960444639886447e+01
1.467500000000000000e+04 3.548887376598015209e+01
1.472500000000000000e+04 3.548002731757988215e+01
1.477500000000000000e+04 3.548467444804728643e+01
1.482500000000000000e+04 3.548378364030428145e+01
1.487500000000000000e+04 3.547944108799536167e+01
1.492500000000000000e+04 3.548978794623791799e+01
1.497500000000000000e+04 3.548194234094260935e+01
1.502500000000000000e+04 3.548018101341749286e+01
1.507500000000000000e+04 3.547511066579463090e+01
1.512500000000000000e+04 3.548232676005310537e+01
1.517500000000000000e+04 3.548233176131460453e+01
1.522500000000000000e+04 3.548355723354634250e+01
1.527500000000000000e+04 3.548669127787720612e+01
1.532500000000000000e+04 3.548298016931930476e+01
1.537500000000000000e+04 3.548869197808369336e+01
1.542500000000000000e+04 3.548712264538285410e+01
1.547500000000000000e+04 3.548770469746261824e+01
1.552500000000000000e+04 3.548009603950513480e+01
1.557500000000000000e+04 3.545206198103410600e+01
1.562500000000000000e+04 3.546566360480539970e+01
1.567500000000000000e+04 3.546587598965419375e+01
1.572500000000000000e+04 3.548040317301410340e+01
1.577500000000000000e+04 3.543333291734326451e+01
1.582500000000000000e+04 3.544567452785734218e+01
1.587500000000000000e+04 3.544569798160921437e+01
1.592500000000000000e+04 3.545989050264570608e+01
1.597500000000000000e+04 3.544035373789944288e+01
1.605000000000000000e+04 3.548176466237335092e+01
1.615000000000000000e+04 3.548051962540841942e+01
1.625000000000000000e+04 3.548031073517241651e+01
1.635000000000000000e+04 3.547992967577545897e+01
1.645000000000000000e+04 3.547019728984773934e+01
1.655000000000000000e+04 3.546759207445612816e+01
1.665000000000000000e+04 3.546102119302155842e+01
1.675000000000000000e+04 3.545045046438973202e+01
1.685000000000000000e+04 3.544042597856823562e+01
1.695000000000000000e+04 3.544150296762878583e+01
1.705000000000000000e+04 3.542554371203529229e+01
1.715000000000000000e+04 3.542497810731404684e+01
1.725000000000000000e+04 3.540809087257012777e+01
1.735000000000000000e+04 3.540103452516103744e+01
1.745000000000000000e+04 3.539554955200115671e+01
1.755000000000000000e+04 3.538693779788319205e+01
1.765000000000000000e+04 3.538180640367169616e+01
1.775000000000000000e+04 3.537105386034122034e+01
1.785000000000000000e+04 3.536947769901554750e+01
1.795000000000000000e+04 3.535807762632894935e+01
1.805000000000000000e+04 3.534733279069651246e+01
1.815000000000000000e+04 3.534247242943131084e+01
1.825000000000000000e+04 3.533318335285292733e+01
1.835000000000000000e+04 3.532420251297175895e+01
1.845000000000000000e+04 3.531497356703867041e+01
1.855000000000000000e+04 3.531240120258726023e+01
1.865000000000000000e+04 3.529798400574992456e+01
1.875000000000000000e+04 3.529228727085423856e+01
1.885000000000000000e+04 3.528826923738557042e+01
1.895000000000000000e+04 3.526591366305437703e+01
1.905000000000000000e+04 3.527810262286498499e+01
1.915000000000000000e+04 3.526832244870783484e+01
1.925000000000000000e+04 3.526356486255849632e+01
1.935000000000000000e+04 3.524906440208598468e+01
1.945000000000000000e+04 3.523904678430581328e+01
1.955000000000000000e+04 3.524121883289129187e+01
1.965000000000000000e+04 3.523301430309508930e+01
1.975000000000000000e+04 3.522181371495604196e+01
1.985000000000000000e+04 3.521866927733564268e+01
1.995000000000000000e+04 3.521285699536737468e+01
2.005000000000000000e+04 3.521231562242702751e+01
2.015000000000000000e+04 3.520506391235862509e+01
2.025000000000000000e+04 3.518972912507386042e+01
2.035000000000000000e+04 3.518586844041833217e+01
2.045000000000000000e+04 3.518742003340874192e+01
2.055000000000000000e+04 3.517816199808708433e+01
2.065000000000000000e+04 3.516994905861146492e+01
2.075000000000000000e+04 3.516505285499872713e+01
2.085000000000000000e+04 3.515593555878113108e+01
2.095000000000000000e+04 3.514698333921694484e+01
2.105000000000000000e+04 3.514716257664346699e+01
2.115000000000000000e+04 3.513757099551855845e+01
2.125000000000000000e+04 3.512996267846293108e+01
2.135000000000000000e+04 3.512981457658453621e+01
2.145000000000000000e+04 3.512218275038983251e+01
2.155000000000000000e+04 3.511374639516512985e+01
2.165000000000000000e+04 3.510733662608530636e+01
2.175000000000000000e+04 3.509778774210712982e+01
2.185000000000000000e+04 3.509374483506661591e+01
2.195000000000000000e+04 3.508894660164838797e+01
2.205000000000000000e+04 3.507435507499494065e+01
2.215000000000000000e+04 3.507912860510136710e+01
2.225000000000000000e+04 3.506268960176763017e+01
2.235000000000000000e+04 3.505923663198314699e+01
2.245000000000000000e+04 3.505383348097848994e+01
2.255000000000000000e+04 3.505124401572743409e+01
2.265000000000000000e+04 3.503780826892420919e+01
2.275000000000000000e+04 3.504090252736867228e+01
2.285000000000000000e+04 3.502924305021337403e+01
2.295000000000000000e+04 3.494008197998550003e+01
2.305000000000000000e+04 3.497955327807265036e+01
2.315000000000000000e+04 3.497305207667996285e+01
2.325000000000000000e+04 3.489278851686603389e+01
2.335000000000000000e+04 3.493791043726682233e+01
2.345000000000000000e+04 3.491212908662611625e+01
2.355000000000000000e+04 3.483794674354721366e+01
2.365000000000000000e+04 3.489613628692124081e+01
2.375000000000000000e+04 3.487014163201844497e+01
2.385000000000000000e+04 3.481428053695272240e+01
2.395000000000000000e+04 3.486247065548692348e+01
2.405000000000000000e+04 3.485022102693569934e+01
2.415000000000000000e+04 3.479820075092317211e+01
2.425000000000000000e+04 3.483872417507787134e+01
2.435000000000000000e+04 3.482860573267939230e+01
2.445000000000000000e+04 3.479856088535829173e+01
2.455000000000000000e+04 3.480261316592062570e+01
2.465000000000000000e+04 3.482002220171541040e+01
2.475000000000000000e+04 3.480206139243110641e+01
2.485000000000000000e+04 3.477646587022410785e+01
2.495000000000000000e+04 3.479391555100129096e+01
2.505000000000000000e+04 3.481234795607575450e+01
2.515000000000000000e+04 3.476338671170777417e+01
2.525000000000000000e+04 3.479040244900006229e+01
2.535000000000000000e+04 3.478780776360920868e+01
2.545000000000000000e+04 3.477975224949870636e+01
2.555000000000000000e+04 3.476952565183314903e+01
2.565000000000000000e+04 3.477163844508936563e+01
2.575000000000000000e+04 3.477648883576165417e+01
2.585000000000000000e+04 3.474820606609736018e+01
2.595000000000000000e+04 3.475400414461423537e+01
2.605000000000000000e+04 3.476492531284117149e+01
2.615000000000000000e+04 3.475153419391350695e+01
2.625000000000000000e+04 3.474450025746860149e+01
2.635000000000000000e+04 3.475021935665586170e+01
2.645000000000000000e+04 3.474759373567039233e+01
2.655000000000000000e+04 3.473840466125476212e+01
2.665000000000000000e+04 3.472885797120780182e+01
2.675000000000000000e+04 3.474491790588875517e+01
2.685000000000000000e+04 3.473848716256203772e+01
2.695000000000000000e+04 3.471883694147750532e+01
2.705000000000000000e+04 3.472941414671937821e+01
2.715000000000000000e+04 3.472383314943736110e+01
2.725000000000000000e+04 3.472663417179769851e+01
2.735000000000000000e+04 3.470590591904251454e+01
2.745000000000000000e+04 3.471387989388264117e+01
2.755000000000000000e+04 3.471575346963952313e+01
2.765000000000000000e+04 3.470606080714480157e+01
2.775000000000000000e+04 3.469229654221179260e+01
2.785000000000000000e+04 3.469883369895103442e+01
2.795000000000000000e+04 3.469987363676371928e+01
2.805000000000000000e+04 3.469443950293955226e+01
2.815000000000000000e+04 3.468195573473686011e+01
2.825000000000000000e+04 3.468310395998905449e+01
2.835000000000000000e+04 3.468360735060510791e+01
2.845000000000000000e+04 3.467761449537363916e+01
2.855000000000000000e+04 3.467091176841891098e+01
2.865000000000000000e+04 3.466777545966902352e+01
2.875000000000000000e+04 3.466440036308393502e+01
2.885000000000000000e+04 3.465997768327498108e+01
2.895000000000000000e+04 3.465519045413785193e+01
2.905000000000000000e+04 3.464958511359037630e+01
2.915000000000000000e+04 3.464724968167231367e+01
2.925000000000000000e+04 3.463603960706318219e+01
2.935000000000000000e+04 3.463935358399180586e+01
2.945000000000000000e+04 3.463146938713813938e+01
2.955000000000000000e+04 3.462689143475625997e+01
2.965000000000000000e+04 3.462535912485475365e+01
2.975000000000000000e+04 3.462100373813571963e+01
2.985000000000000000e+04 3.461390435658342568e+01
2.995000000000000000e+04 3.460955415709099015e+01
3.005000000000000000e+04 3.460439275336852916e+01
3.015000000000000000e+04 3.460189980838221402e+01
3.025000000000000000e+04 3.459461293509816926e+01
3.035000000000000000e+04 3.458834891450378279e+01
3.045000000000000000e+04 3.458652944635888105e+01
3.055000000000000000e+04 3.458021946134051916e+01
3.065000000000000000e+04 3.457560421867358968e+01
3.075000000000000000e+04 3.457188736614837410e+01
3.085000000000000000e+04 3.456375907292991911e+01
3.095000000000000000e+04 3.455984809850701822e+01
3.105000000000000000e+04 3.455762753504913576e+01
3.115000000000000000e+04 3.454866267485153486e+01
3.125000000000000000e+04 3.454632926530274517e+01
3.135000000000000000e+04 3.454152295558289154e+01
3.145000000000000000e+04 3.453597682328052088e+01
3.155000000000000000e+04 3.453089387607684557e+01
3.165000000000000000e+04 3.452379016730699846e+01
3.175000000000000000e+04 3.452182708950098800e+01
3.185000000000000000e+04 3.451620630134330980e+01
3.195000000000000000e+04 3.451219387793459958e+01
3.210000000000000000e+04 3.450386779976457063e+01
3.230000000000000000e+04 3.449267136998153660e+01
3.250000000000000000e+04 3.448306593595269476e+01
3.270000000000000000e+04 3.447235625153211913e+01
3.290000000000000000e+04 3.446230764870956875e+01
3.310000000000000000e+04 3.445225315203894212e+01
3.330000000000000000e+04 3.444189484627177933e+01
3.350000000000000000e+04 3.443420206176538301e+01
3.370000000000000000e+04 3.442364839108586949e+01
3.390000000000000000e+04 3.441343224538604773e+01
3.410000000000000000e+04 3.440258323751956482e+01
3.430000000000000000e+04 3.439519708470525217e+01
3.450000000000000000e+04 3.438630740915817086e+01
3.470000000000000000e+04 3.437676939639819551e+01
3.490000000000000000e+04 3.436768524215077747e+01
3.510000000000000000e+04 3.435918364319257279e+01
3.530000000000000000e+04 3.434822517984943602e+01
3.550000000000000000e+04 3.434058930707802659e+01
3.570000000000000000e+04 3.433105102078949500e+01
3.590000000000000000e+04 3.432156162390650422e+01
3.610000000000000000e+04 3.431397887343597120e+01
3.630000000000000000e+04 3.430513977176224216e+01
3.650000000000000000e+04 3.429410042744037668e+01
3.670000000000000000e+04 3.428536824094464208e+01
3.690000000000000000e+04 3.427351831402726390e+01
3.710000000000000000e+04 3.426339379748508662e+01
3.730000000000000000e+04 3.425791472457119369e+01
3.750000000000000000e+04 3.424537524990645920e+01
3.770000000000000000e+04 3.424099980024276846e+01
3.790000000000000000e+04 3.423222247062291501e+01
3.810000000000000000e+04 3.422478527172401641e+01
3.830000000000000000e+04 3.421758932683994203e+01
3.850000000000000000e+04 3.420986888731395226e+01
3.870000000000000000e+04 3.419828752963441332e+01
3.890000000000000000e+04 3.419132673814161194e+01
3.910000000000000000e+04 3.418412764183494801e+01
3.930000000000000000e+04 3.417613584630027646e+01
3.950000000000000000e+04 3.416482328331006357e+01
3.970000000000000000e+04 3.415752319604246878e+01
3.990000000000000000e+04 3.414566570652618083e+01
4.010000000000000000e+04 3.414014125212418094e+01
4.030000000000000000e+04 3.413441220064679271e+01
4.050000000000000000e+04 3.412523429061448610e+01
4.070000000000000000e+04 3.411822316432574098e+01
4.090000000000000000e+04 3.411061012691593675e+01
4.110000000000000000e+04 3.410269789269348450e+01
4.130000000000000000e+04 3.409582955137344129e+01
4.150000000000000000e+04 3.408703070203721808e+01
4.170000000000000000e+04 3.407847016053277400e+01
4.190000000000000000e+04 3.407020719926741492e+01
4.210000000000000000e+04 3.406164282987367642e+01
4.230000000000000000e+04 3.405720668065459478e+01
4.250000000000000000e+04 3.404724170150031171e+01
4.270000000000000000e+04 3.404121031631289895e+01
4.290000000000000000e+04 3.400040417802426873e+01
4.310000000000000000e+04 3.395281615063856862e+01
4.330000000000000000e+04 3.396137302480047282e+01
4.350000000000000000e+04 3.392450112151404795e+01
4.370000000000000000e+04 3.390446704654878829e+01
4.390000000000000000e+04 3.388690465792852535e+01
4.410000000000000000e+04 3.385379347313052278e+01
4.430000000000000000e+04 3.384968010572195851e+01
4.450000000000000000e+04 3.383772412856500722e+01
4.470000000000000000e+04 3.381154505087536677e+01
4.490000000000000000e+04 3.381989585636686257e+01
4.510000000000000000e+04 3.380223551093063605e+01
4.530000000000000000e+04 3.378620500940746751e+01
4.550000000000000000e+04 3.379092637278352385e+01
4.570000000000000000e+04 3.378349401071200475e+01
4.590000000000000000e+04 3.376253916152167989e+01
4.610000000000000000e+04 3.377367559057235979e+01
4.630000000000000000e+04 3.376009172482500986e+01
4.650000000000000000e+04 3.375679390005470282e+01
4.670000000000000000e+04 3.376019903802672673e+01
4.690000000000000000e+04 3.374786194020860819e+01
4.710000000000000000e+04 3.373779847680877708e+01
4.730000000000000000e+04 3.374731408586499271e+01
4.750000000000000000e+04 3.373383844163296175e+01
4.770000000000000000e+04 3.372856230780699605e+01
4.790000000000000000e+04 3.372710601530618391e+01
4.810000000000000000e+04 3.371096811004358074e+01
4.830000000000000000e+04 3.372185786966287679e+01
4.850000000000000000e+04 3.371180799882399981e+01
4.870000000000000000e+04 3.370056193743662476e+01
4.890000000000000000e+04 3.369511821492155690e+01
4.910000000000000000e+04 3.369087723673246870e+01
4.930000000000000000e+04 3.368461684955288149e+01
4.950000000000000000e+04 3.367328991080161416e+01
4.970000000000000000e+04 3.367895645624219014e+01
4.990000000000000000e+04 3.367093179314037599e+01
5.010000000000000000e+04 3.366676449862167431e+01
5.030000000000000000e+04 3.366139361130666430e+01
5.050000000000000000e+04 3.364913246473432196e+01
5.070000000000000000e+04 3.365066611707316468e+01
5.090000000000000000e+04 3.364316679828690582e+01
5.110000000000000000e+04 3.363601441163687866e+01
5.130000000000000000e+04 3.363488537849121940e+01
5.150000000000000000e+04 3.362510194986744239e+01
5.170000000000000000e+04 3.362897022640878930e+01
5.190000000000000000e+04 3.362068665169807247e+01
5.210000000000000000e+04 3.361778309449786661e+01
5.230000000000000000e+04 3.360865406320084503e+01
5.250000000000000000e+04 3.360780180586850463e+01
5.270000000000000000e+04 3.361230677779622056e+01
5.290000000000000000e+04 3.359764254640131043e+01
5.310000000000000000e+04 3.358931467359145273e+01
5.330000000000000000e+04 3.359101618206491224e+01
5.350000000000000000e+04 3.358531668279774607e+01
5.370000000000000000e+04 3.358168950861228552e+01
5.390000000000000000e+04 3.357831451146007140e+01
5.410000000000000000e+04 3.357454713243194533e+01
5.430000000000000000e+04 3.356460552068013214e+01
5.450000000000000000e+04 3.356816092432001852e+01
5.470000000000000000e+04 3.355593884053776321e+01
5.490000000000000000e+04 3.355705882718163480e+01
5.510000000000000000e+04 3.354701090912450923e+01
5.530000000000000000e+04 3.356003394371007431e+01
5.550000000000000000e+04 3.354035030112522975e+01
5.570000000000000000e+04 3.354449798238275093e+01
5.590000000000000000e+04 3.353584608143827239e+01
5.610000000000000000e+04 3.353846163372517708e+01
5.630000000000000000e+04 3.352523163496103820e+01
5.650000000000000000e+04 3.352795690201044465e+01
5.670000000000000000e+04 3.352274732955039838e+01
5.690000000000000000e+04 3.351116135195302803e+01
5.710000000000000000e+04 3.351524092092038387e+01
5.730000000000000000e+04 3.351073065816689933e+01
5.750000000000000000e+04 3.350511884617743164e+01
5.770000000000000000e+04 3.350030692563831991e+01
5.790000000000000000e+04 3.350038387312295640e+01
5.810000000000000000e+04 3.349299281199389355e+01
5.830000000000000000e+04 3.348930416586976122e+01
5.850000000000000000e+04 3.348452862494278293e+01
5.870000000000000000e+04 3.347593816156247470e+01
5.890000000000000000e+04 3.347338341548378793e+01
5.910000000000000000e+04 3.346833940284804498e+01
5.930000000000000000e+04 3.346628720307833760e+01
5.950000000000000000e+04 3.345860961764577723e+01
5.970000000000000000e+04 3.345808399339398420e+01
5.990000000000000000e+04 3.345367795909094610e+01
6.010000000000000000e+04 3.344882821529157013e+01
6.030000000000000000e+04 3.344369409291994089e+01
6.050000000000000000e+04 3.343598187568500180e+01
6.070000000000000000e+04 3.343231612480845882e+01
6.090000000000000000e+04 3.342676855400472391e+01
6.110000000000000000e+04 3.342137225387130428e+01
6.130000000000000000e+04 3.341915966558865136e+01
6.150000000000000000e+04 3.341581466482045215e+01
6.170000000000000000e+04 3.341385592697505302e+01
6.190000000000000000e+04 3.340733383714902516e+01
6.210000000000000000e+04 3.340491490783270478e+01
6.230000000000000000e+04 3.339776079217371318e+01
6.250000000000000000e+04 3.339045577785810792e+01
6.270000000000000000e+04 3.338601263749963266e+01
6.290000000000000000e+04 3.338228707085237801e+01
6.310000000000000000e+04 3.337749997709726557e+01
6.330000000000000000e+04 3.337577311599140018e+01
6.350000000000000000e+04 3.336937625698080723e+01
6.370000000000000000e+04 3.336794624858981706e+01
6.390000000000000000e+04 3.336071734755267215e+01
6.420000000000000000e+04 3.335456397005828677e+01
6.460000000000000000e+04 3.334381712806440135e+01
6.500000000000000000e+04 3.333508796402538366e+01
6.540000000000000000e+04 3.332528305343888775e+01
6.580000000000000000e+04 3.331724768854785168e+01
6.620000000000000000e+04 3.330708005819553819e+01
6.660000000000000000e+04 3.329791077791426090e+01
6.700000000000000000e+04 3.328912349949073501e+01
6.740000000000000000e+04 3.327902659238038297e+01
6.780000000000000000e+04 3.326977062912071403e+01
6.820000000000000000e+04 3.326017026261590104e+01
6.860000000000000000e+04 3.325188072304556641e+01
6.900000000000000000e+04 3.324191128053323752e+01
6.940000000000000000e+04 3.323285817168795120e+01
6.980000000000000000e+04 3.322361259120756216e+01
7.020000000000000000e+04 3.321404267500915353e+01
7.060000000000000000e+04 3.320540637701128617e+01
7.100000000000000000e+04 3.319596205416613088e+01
7.140000000000000000e+04 3.318719455600331258e+01
7.180000000000000000e+04 3.317771934211475582e+01
7.220000000000000000e+04 3.316895933153914200e+01
7.260000000000000000e+04 3.315963424260758075e+01
7.300000000000000000e+04 3.315071361857037147e+01
7.340000000000000000e+04 3.314135008456725728e+01
7.380000000000000000e+04 3.313259289674019925e+01
7.420000000000000000e+04 3.312273412275114026e+01
7.460000000000000000e+04 3.311364068562113516e+01
7.500000000000000000e+04 3.310483919044969525e+01
7.540000000000000000e+04 3.309600208689708722e+01
7.580000000000000000e+04 3.308805210554211129e+01
7.620000000000000000e+04 3.307947289600171814e+01
7.660000000000000000e+04 3.307063195681158874e+01
7.700000000000000000e+04 3.306168010384931932e+01
7.740000000000000000e+04 3.305311829479614261e+01
7.780000000000000000e+04 3.304458995068815597e+01
7.820000000000000000e+04 3.303575643052872124e+01
7.860000000000000000e+04 3.302745933945638512e+01
7.900000000000000000e+04 3.301882629139002745e+01
7.940000000000000000e+04 3.301031329176707629e+01
7.980000000000000000e+04 3.300211565832874783e+01
8.020000000000000000e+04 3.299306782430570451e+01
8.060000000000000000e+04 3.298478489264867619e+01
8.100000000000000000e+04 3.297679229608039009e+01
8.140000000000000000e+04 3.296822550940233043e+01
8.180000000000000000e+04 3.296042821698267034e+01
8.220000000000000000e+04 3.295206528978304306e+01
8.260000000000000000e+04 3.294383230610994673e+01
8.300000000000000000e+04 3.293576448797702483e+01
8.340000000000000000e+04 3.292728263147701284e+01
8.380000000000000000e+04 3.291912960194222393e+01
8.420000000000000000e+04 3.291139642659260289e+01
8.460000000000000000e+04 3.290324444714655527e+01
8.500000000000000000e+04 3.289531627624850785e+01
8.540000000000000000e+04 3.288749309385750763e+01
8.580000000000000000e+04 3.287977818823743092e+01
8.620000000000000000e+04 3.287207752571537611e+01
8.660000000000000000e+04 3.286445826838321693e+01
8.700000000000000000e+04 3.285649711519472760e+01
8.740000000000000000e+04 3.284883818573613468e+01
8.780000000000000000e+04 3.284106968183773745e+01
8.820000000000000000e+04 3.283303230852595078e+01
8.860000000000000000e+04 3.282543159621415896e+01
8.900000000000000000e+04 3.281811913735273833e+01
8.940000000000000000e+04 3.281040773008841427e+01
8.980000000000000000e+04 3.280259951314280897e+01
9.020000000000000000e+04 3.279558400176679811e+01
9.060000000000000000e+04 3.278820907376191940e+01
9.100000000000000000e+04 3.277982928388132677e+01
9.140000000000000000e+04 3.277313767561415148e+01
9.180000000000000000e+04 3.276586902285492897e+01
9.220000000000000000e+04 3.275900329317879311e+01
9.260000000000000000e+04 3.275145673400989210e+01
9.300000000000000000e+04 3.274424308201390232e+01
9.340000000000000000e+04 3.273690850742966063e+01
9.380000000000000000e+04 3.272972835290332227e+01
9.420000000000000000e+04 3.272258911263682535e+01
9.460000000000000000e+04 3.271529625304017941e+01
9.500000000000000000e+04 3.270822980465331398e+01
9.540000000000000000e+04 3.270117421847590577e+01
9.580000000000000000e+04 3.269417132421802563e+01
9.620000000000000000e+04 3.268712559177019017e+01
9.660000000000000000e+04 3.268018660006762843e+01
9.700000000000000000e+04 3.267324833549697871e+01
9.740000000000000000e+04 3.266560941142631691e+01
9.780000000000000000e+04 3.265929075979446594e+01
9.820000000000000000e+04 3.265240587310675835e+01
9.860000000000000000e+04 3.264553091425233333e+01
9.900000000000000000e+04 3.263892270451287914e+01
9.940000000000000000e+04 3.263192472858261084e+01
9.980000000000000000e+04 3.262521586280253416e+01
1.002000000000000000e+05 3.261845101995692175e+01
2.000000000000000000e+05 3.148065582594543343e+01
4.000000000000000000e+05 3.066033000713994028e+01
6.000000000000000000e+05 3.045370837596462721e+01
8.000000000000000000e+05 3.035286786355246136e+01
1.000000000000000000e+06 3.026308559228775152e+01
1.200000000000000000e+06 3.015576761454106247e+01
1.400000000000000000e+06 3.003082887793276257e+01
1.600000000000000000e+06 2.985473761887708122e+01
