4.259947120832143241e+01
4.262402439535548382e+01
4.266127918223852333e+01
4.269804767462449036e+01
4.226329927623948635e+01
4.192014287545863738e+01
4.165357104915467801e+01
4.140723730989586215e+01
4.123240579121281257e+01
4.115347348480030121e+01
4.106681525672321698e+01
4.097463257670456471e+01
4.085511692536612571e+01
4.076537089117806545e+01
4.069941085474228259e+01
4.062606581038335207e+01
4.057186822884857236e+01
4.049655147338678063e+01
4.043114579344179305e+01
4.040665803714891524e+01
4.038971192191180393e+01
4.035639470204445445e+01
4.035058207447647050e+01
4.030797026339604372e+01
4.027006689026825370e+01
4.025589804265085547e+01
4.021488180996542638e+01
4.016906887506844726e+01
4.015103279523559365e+01
4.010053126602540630e+01
4.006919526122636910e+01
4.001961151346806389e+01
4.003119420402281037e+01
3.999490582924286741e+01
3.997521584219958868e+01
3.996481946459500278e+01
3.995108748293619527e+01
3.994384801099193538e+01
3.992844487806593179e+01
3.989779339469458108e+01
3.987930657471541451e+01
3.986376817139242235e+01
3.985648868124535937e+01
3.983477794201626665e+01
3.984838671438131996e+01
3.975796647659755223e+01
3.972109083092576043e+01
3.974766085833105933e+01
3.976569484088311413e+01
3.975375351626306042e+01
3.967294439733635159e+01
3.943550180999742594e+01
3.943807319368168152e+01
3.944164245063571883e+01
3.944571938832183378e+01
3.944816319935928561e+01
3.945263920639555977e+01
3.945649174282915084e+01
3.946045367033589457e+01
3.946469636821557714e+01
3.946840937314869535e+01
3.947198518379256171e+01
3.947727671200946276e+01
3.948082833194190755e+01
3.948598450696457718e+01
3.948952164033265433e+01
3.949448432307019630e+01
3.950027542943387715e+01
3.950903860176960336e+01
3.956197779184316943e+01
3.960147795530886583e+01
3.957234098530815203e+01
3.952877963114150361e+01
3.948558395743965832e+01
3.945809972227043261e+01
3.944371545344608876e+01
3.946803003342445493e+01
3.955797406495558732e+01
3.958541608840428694e+01
3.958716290768996515e+01
3.958923567348085726e+01
3.958333998444211943e+01
3.955491620748389181e+01
3.959123201418685056e+01
3.920720240418924618e+01
3.921024747616365858e+01
3.921387696142663515e+01
3.921524648461181073e+01
3.921885106440358015e+01
3.922162100823159392e+01
3.922521345678185867e+01
3.922842999919332385e+01
3.923247423176302107e+01
3.923790004185397606e+01
3.924702839995650550e+01
3.929486286749585133e+01
3.921339194637178593e+01
3.936387998060992288e+01
3.934515086405585294e+01
3.930068840881235559e+01
3.924901771017866281e+01
3.920704689375426000e+01
3.917882069680621271e+01
3.915889344842297959e+01
3.915151237322889699e+01
3.916075382443648323e+01
3.920925876146552014e+01
3.927991572696753053e+01
3.929380695788645994e+01
3.929280315304683313e+01
3.929515953120748861e+01
3.929504100332893302e+01
3.929247636636951313e+01
3.928601265564403633e+01
3.925631425843099009e+01
3.921691079499091614e+01
3.882209470977286259e+01
3.882403291067070938e+01
3.882604351841255408e+01
3.882604351841255408e+01
3.882799158552689534e+01
3.882987106664502619e+01
3.883046789822592615e+01
3.883244874258721069e+01
3.883244874258721069e+01
3.883428003096019410e+01
3.883628488498897013e+01
3.883688624034537185e+01
3.883879714821154749e+01
3.884052708659106656e+01
3.884223486190499841e+01
3.884223486190499841e+01
3.884412237269420842e+01
3.884627768675845516e+01
3.884627768675845516e+01
3.884788982555254222e+01
3.884981092583989692e+01
3.885137708559024361e+01
3.885355054819554965e+01
3.885355054819554965e+01
3.885515967761395473e+01
3.885663322296271360e+01
3.885814761536214235e+01
3.885961357645358305e+01
3.886019062859320172e+01
3.886157074164349012e+01
3.886305724988040566e+01
3.886455464464361853e+01
3.886589299296053923e+01
3.886774277652430953e+01
3.886898417778427017e+01
3.887026028353814411e+01
3.887149789115068188e+01
3.887278792533170702e+01
3.887459986531685274e+01
3.887577146808377648e+01
3.887701632273580543e+01
3.887841652103232093e+01
3.887967059711210283e+01
3.888107577776651169e+01
3.888460295861524685e+01
3.888627364115053808e+01
3.888827878400101667e+01
3.889111311074064048e+01
3.889566253752020231e+01
3.890301462825159717e+01
3.891975530170941511e+01
3.896913560914325103e+01
3.897404039433327227e+01
3.889391950850010460e+01
3.897990003522656366e+01
3.908627921455439491e+01
3.903798315193174062e+01
3.900526038024482034e+01
3.896698578996820572e+01
3.891619927654979705e+01
3.884849019971662898e+01
3.880676441873223581e+01
3.878026453454275213e+01
3.876858865785271746e+01
3.875852622978570139e+01
3.875864265372328532e+01
3.876602146252729142e+01
3.878361453205911147e+01
3.880574382369806585e+01
3.881369417154995460e+01
3.881499570674029087e+01
3.881596314824027161e+01
3.881989532353237848e+01
3.882463359268960801e+01
3.882850739341598256e+01
3.883106359409725172e+01
3.883646922385695177e+01
3.884243036065834076e+01
3.884407436594204199e+01
3.884633521819618096e+01
3.885086921392348103e+01
3.885228332419364961e+01
3.885443928435493888e+01
3.885459810595419583e+01
3.885550603599875785e+01
3.885471076546001257e+01
3.885397701501653955e+01
3.885174457507388013e+01
3.885174457507388013e+01
3.885219209666524876e+01
3.884750066045862127e+01
3.883873188766661144e+01
3.883747950016712736e+01
3.883858379851066900e+01
3.883578366803070736e+01
3.883438312348690857e+01
3.883834434348329268e+01
3.883834434348329268e+01
3.884306536531741472e+01
3.892112704510338972e+01
3.834039446586284328e+01
3.834039446586284328e+01
3.834041403550497762e+01
3.834223557112595415e+01
3.834223557112595415e+01
3.834223557112595415e+01
3.834223557112595415e+01
3.834385482371155263e+01
3.834453712169455031e+01
3.834453712169455031e+01
3.834453712169455031e+01
3.834608081045284678e+01
3.834608081045284678e+01
3.834608081045284678e+01
3.834756621315261782e+01
3.834757137153961537e+01
3.834821292959676953e+01
3.834821292959676953e+01
3.834995994143327636e+01
3.834995994143327636e+01
3.834995994143327636e+01
3.834995994143327636e+01
3.835144203478697733e+01
3.835144203478697733e+01
3.835144203478697733e+01
3.835217022762567751e+01
3.835364258516155900e+01
3.835365109277120155e+01
3.835366408449357323e+01
3.835366408449357323e+01
3.835520989126466418e+01
3.835520989126466418e+01
3.835520989126466418e+01
3.835685898981432729e+01
3.835746462679803415e+01
3.835750477377685286e+01
3.835750477377685286e+01
3.835896314636634941e+01
3.835896314636634941e+01
3.835896314636634941e+01
3.836032394013579960e+01
3.836032394013579960e+01
3.836092922097669344e+01
3.836092922097669344e+01
3.836224707765684627e+01
3.836224707765684627e+01
3.836224707765684627e+01
3.836353070985932590e+01
3.836353070985932590e+01
3.836353070985932590e+01
3.836414375719484582e+01
3.836554937632861595e+01
3.836554937632861595e+01
3.836554937632861595e+01
3.836676768318412201e+01
3.836676768318412201e+01
3.836678602422143314e+01
3.836825854061284247e+01
3.836884301462679758e+01
3.836884301462679758e+01
3.837031496144509646e+01
3.837031496144509646e+01
3.837031496144509646e+01
3.837108219435938850e+01
3.837108219435938850e+01
3.837108219435938850e+01
3.837167327977748243e+01
3.837299180804919274e+01
3.837299180804919274e+01
3.837299180804919274e+01
3.837417987097941818e+01
3.837417987097941818e+01
3.837417987097941818e+01
3.837522074043391740e+01
3.837584107722948801e+01
3.837587940208707948e+01
3.837707593408176621e+01
3.837707593408176621e+01
3.837819101294554969e+01
3.837819101294554969e+01
3.837819101294554969e+01
3.837931154494955877e+01
3.837988075485985462e+01
3.837988075485985462e+01
3.838079071687725730e+01
3.838079071687725730e+01
3.838079071687725730e+01
3.838160559429969965e+01
3.838160559429969965e+01
3.838307361173416865e+01
3.838307361173416865e+01
3.838307361173416865e+01
3.838386154092685842e+01
3.838386154092685842e+01
3.838405664504851700e+01
3.838494797117034096e+01
3.838494797117034096e+01
3.838621659130636488e+01
3.838621659130636488e+01
3.838621659130636488e+01
3.838716639748881221e+01
3.838716639748881221e+01
3.838790771821375358e+01
3.838791052458893205e+01
3.838846291085726392e+01
3.838914170225935152e+01
3.838914170225935152e+01
3.838973668461328259e+01
3.838973668461328259e+01
3.839040105592678742e+01
3.839040105592678742e+01
3.839040862335832571e+01
3.839163184572846887e+01
3.839183564030897600e+01
3.839280348512603780e+01
3.839280348512603780e+01
3.839345272522453456e+01
3.839345272522453456e+01
3.839415584509277579e+01
3.839469659167906457e+01
3.839544758464030139e+01
3.839552631420478690e+01
3.839626680245548584e+01
3.839626680245548584e+01
3.839716566721367030e+01
3.839716566721367030e+01
3.839856279237345404e+01
3.839856279237345404e+01
3.839969489406786352e+01
3.839969489406786352e+01
3.840091679510133815e+01
3.840113102049038218e+01
3.840273629410272349e+01
3.840322330279752094e+01
3.840513064420051137e+01
3.840607170922753255e+01
3.840782255461977002e+01
3.840988546287609040e+01
3.841374840034760041e+01
3.841787573290257285e+01
3.842416905307311481e+01
3.844144300102971101e+01
3.845811706704016331e+01
3.848241262777781913e+01
3.848448061370525153e+01
3.848416745676070860e+01
3.848043157959435234e+01
3.846879922304660226e+01
3.844084037901332351e+01
3.833439805086839414e+01
3.826470739963936296e+01
3.843547619211703648e+01
3.858558366617531021e+01
3.877920677077494815e+01
3.867805326942828970e+01
3.861908015914264780e+01
3.855470812118012702e+01
3.849012258183874735e+01
3.841420239736284969e+01
3.837056721780422919e+01
3.835089804047221662e+01
3.832116241484119712e+01
3.829838968216982664e+01
3.829261591780198870e+01
3.828093912527420883e+01
3.827830921744872228e+01
3.827892321013361254e+01
3.827464976037743583e+01
3.827464976037743583e+01
3.827534100280686857e+01
3.827635943216039038e+01
3.827709852873130814e+01
3.827847049430140913e+01
3.827969056087216870e+01
3.828032653647392181e+01
3.828113474398740834e+01
3.828154040962198934e+01
3.828243469068137017e+01
3.828291173557157379e+01
3.828439330195404011e+01
3.828485657900184691e+01
3.828574168438009906e+01
3.828617306248928998e+01
3.828725126257572242e+01
3.828786491038327711e+01
3.828880608830000654e+01
3.828992383931701227e+01
3.829087249397191783e+01
3.829158596412776916e+01
3.829203845676846640e+01
3.829305426118988720e+01
3.829353346549003589e+01
3.829523626308532158e+01
3.829570537042536671e+01
3.829626345038371227e+01
3.829744014284352005e+01
3.829744014284352005e+01
3.829888578527373966e+01
3.829993950076614340e+01
3.830088717559259237e+01
3.830134555528069740e+01
3.830215493001135485e+01
3.830305746896205221e+01
3.830406790030917819e+01
3.830523064258025556e+01
3.830615336102242452e+01
3.830663207732037279e+01
3.830819365273701038e+01
3.830819365273701038e+01
3.830917176232182442e+01
3.830957475168287374e+01
3.831185558240387934e+01
3.831185558240387934e+01
3.831293305340506095e+01
3.831378866899886759e+01
3.831507896453851458e+01
3.831507896453851458e+01
3.831507896453851458e+01
3.831871171319704672e+01
3.831871171319704672e+01
3.831933847352439670e+01
3.832063594201723333e+01
3.832145477730492189e+01
3.832245166975864237e+01
3.832294994437224034e+01
3.832294994437224034e+01
3.832644016718951008e+01
3.832687457459755365e+01
3.832687457459755365e+01
3.832687457459755365e+01
3.833000665291019260e+01
3.833000665291019260e+01
3.833091390319653158e+01
3.833141430486770673e+01
3.833259408265027446e+01
3.833370095715019943e+01
3.833370095715019943e+01
3.833590565640513148e+01
3.833630977292710895e+01
3.833701037433957737e+01
3.833759265906734015e+01
3.833853516582220067e+01
3.833927234281426877e+01
3.834032505475584429e+01
3.834125521885955834e+01
3.834200173723547778e+01
3.834200173723547778e+01
3.834509220602139123e+01
3.834552564002713382e+01
3.834552564002713382e+01
3.834638847767505609e+01
3.834703585295905270e+01
3.834794788250751196e+01
3.834880464053195226e+01
3.834956468322872070e+01
3.835081794043510683e+01
3.835158517334729567e+01
3.835176415916155435e+01
3.835253963157765611e+01
3.835360028640702978e+01
3.835446031997550165e+01
3.835467779999252969e+01
3.835467779999252969e+01
3.835818312545109166e+01
3.835818312545109166e+01
3.835842591078073127e+01
3.835957179462042177e+01
3.836068804447762659e+01
3.836251980129222261e+01
3.836304736124903059e+01
3.836304736124903059e+01
3.836304736124903059e+01
3.836829966725466079e+01
3.836859453961055522e+01
3.836867256340516974e+01
3.836942443270474712e+01
3.837183469639718680e+01
3.837479971998131134e+01
3.837645417022166328e+01
3.837645417022166328e+01
3.837645417022166328e+01
3.837645417022166328e+01
3.838627449910824652e+01
3.838652207177802467e+01
3.838652207177802467e+01
3.838652207177802467e+01
3.838652207177802467e+01
3.839548050861814232e+01
3.841673183882371490e+01
3.850401266699815039e+01
3.797828636369118982e+01
3.797828636369118982e+01
3.797902685904805509e+01
3.797902685904805509e+01
3.797902685904805509e+01
3.797902685904805509e+01
3.797935833001565697e+01
3.797984311747865149e+01
3.797984311747865149e+01
3.797984311747865149e+01
3.798046863481174285e+01
3.798046863481174285e+01
3.798046863481174285e+01
3.798065485611384418e+01
3.798065485611384418e+01
3.798111612654775371e+01
3.798111612654775371e+01
3.798121242827948407e+01
3.798121242827948407e+01
3.798165594693272595e+01
3.798165594693272595e+01
3.798165594693272595e+01
3.798217470768624082e+01
3.798267553440647504e+01
3.798267553440647504e+01
3.798267553440647504e+01
3.798267553440647504e+01
3.798320899363430669e+01
3.798323923451512485e+01
3.798323923451512485e+01
3.798323923451512485e+01
3.798363109240501956e+01
3.798363109240501956e+01
3.798363109240501956e+01
3.798363109240501956e+01
3.798445964115849449e+01
3.798445964115849449e+01
3.798500730742912168e+01
3.798500730742912168e+01
3.798506301816639308e+01
3.798506301816639308e+01
3.798506301816639308e+01
3.798524834590329391e+01
3.798564851396636044e+01
3.798564851396636044e+01
3.798564851396636044e+01
3.798564851396636044e+01
3.798611873578966680e+01
3.798611873578966680e+01
3.798611873578966680e+01
3.798665208452653985e+01
3.798665208452653985e+01
3.798710890004919349e+01
3.798710890004919349e+01
3.798762346501611376e+01
3.798771397445326414e+01
3.798771397445326414e+01
3.798771397445326414e+01
3.798840643643065818e+01
3.798840643643065818e+01
3.798840643643065818e+01
3.798933067984899026e+01
3.798933067984899026e+01
3.798933067984899026e+01
3.799024187496303995e+01
3.799024187496303995e+01
3.799067260462050655e+01
3.799067260462050655e+01
3.799151965393328112e+01
3.799151965393328112e+01
3.799151965393328112e+01
3.799310926711441994e+01
3.799310926711441994e+01
3.799310926711441994e+01
3.799494967004733326e+01
3.799494967004733326e+01
3.799613676318652011e+01
3.799665298036731542e+01
3.799778156645527361e+01
3.799921854976555835e+01
3.799995781354811442e+01
3.800210344925052652e+01
3.800409835742823361e+01
3.800528460739899117e+01
3.800819674248072033e+01
3.801183391737468753e+01
3.801690849140665307e+01
3.802530750130289050e+01
3.804012976295643966e+01
3.807423683666539205e+01
3.807154580081559914e+01
3.807518705460786634e+01
3.807624669714864041e+01
3.807676281949649422e+01
3.807678397752373201e+01
3.807673179168492084e+01
3.807533833127525469e+01
3.807277241332958084e+01
3.806836862008907474e+01
3.806118493022388805e+01
3.805253187746910726e+01
3.803470856794800881e+01
3.800229655938868234e+01
3.794208602355793403e+01
3.785633040885775813e+01
3.784857002893791389e+01
3.791094567127984760e+01
3.798036415263823784e+01
3.805609135753545758e+01
3.813576306540618077e+01
3.817636189594553286e+01
3.825610593481523125e+01
3.834168344027646214e+01
3.848104251524362951e+01
3.852895692375187764e+01
3.851725027270286716e+01
3.820890569729935748e+01
3.817349285761534361e+01
3.807878305057140267e+01
3.804741760702384568e+01
3.800561355751365511e+01
3.797336953316863628e+01
3.795302846965726218e+01
3.794531086101349615e+01
3.793125365439878749e+01
3.791996194887330773e+01
3.791647334683875670e+01
3.791351444867650855e+01
3.791351444867650855e+01
3.791653999473256675e+01
3.791653999473256675e+01
3.791653999473256675e+01
3.791847449531834968e+01
3.791847449531834968e+01
3.791857910699339129e+01
3.791881012255446848e+01
3.791935782713713365e+01
3.791935782713713365e+01
3.791935782713713365e+01
3.792021430930668657e+01
3.792025005597179188e+01
3.792025005597179188e+01
3.792212352780110507e+01
3.792212352780110507e+01
3.792267735325165035e+01
3.792312790354115037e+01
3.792312790354115037e+01
3.792340436731587516e+01
3.792384514420744068e+01
3.792419892399605175e+01
3.792469290745831501e+01
3.792498276751491915e+01
3.792545488637479423e+01
3.792547724980244084e+01
3.792586980255153151e+01
3.792642652518804880e+01
3.792642652518804880e+01
3.792691664174454047e+01
3.792713939998017736e+01
3.792714706924641632e+01
3.792779912349392646e+01
3.792826902560092606e+01
3.792826902560092606e+01
3.792913703707975515e+01
3.792954824241258649e+01
3.792954824241258649e+01
3.793010119534373814e+01
3.793010119534373814e+01
3.793010119534373814e+01
3.793010119534373814e+01
3.793010119534373814e+01
3.793424325064037816e+01
3.793434570784414461e+01
3.793434570784414461e+01
3.793434570784414461e+01
3.793434570784414461e+01
3.793486097457468986e+01
3.793518448278109645e+01
3.793564361672009966e+01
3.793610077301687511e+01
3.793610077301687511e+01
3.793648782312305912e+01
3.793720349262785874e+01
3.793758919737835811e+01
3.793758919737835811e+01
3.793800780708099296e+01
3.793860765584138051e+01
3.793905033549548023e+01
3.793951411749788605e+01
3.793996832649113315e+01
3.794050353611122262e+01
3.794088068466452057e+01
3.794088068466452057e+01
3.794143894006799655e+01
3.794206216448881719e+01
3.794209657257988511e+01
3.794256202314282689e+01
3.794338181278449440e+01
3.794358737097017809e+01
3.794358737097017809e+01
3.794410626867336589e+01
3.794463775416599560e+01
3.794551915257584795e+01
3.794601623594168416e+01
3.794601623594168416e+01
3.794648070564096543e+01
3.794699750175573882e+01
3.794749101300899952e+01
3.794749101300899952e+01
3.794822614260436211e+01
3.794872969419698450e+01
3.794923897029713089e+01
3.794923897029713089e+01
3.794973505496836452e+01
3.795060634919019549e+01
3.795121133184673567e+01
3.795121133184673567e+01
3.795121133184673567e+01
3.795300590448609768e+01
3.795300590448609768e+01
3.795340710597378120e+01
3.795340710597378120e+01
3.795387034616268807e+01
3.795430776462364264e+01
3.795543121278495846e+01
3.795547815448402673e+01
3.795668887326425534e+01
3.795668887326425534e+01
3.795668887326425534e+01
3.795820837610374099e+01
3.795820837610374099e+01
3.795820837610374099e+01
3.795885352089405274e+01
3.795885352089405274e+01
3.796046621190811265e+01
3.796046621190811265e+01
3.796070175726320883e+01
3.796178952958513264e+01
3.796222146231202998e+01
3.796222146231202998e+01
3.796222146231202998e+01
3.796222146231202998e+01
3.796222146231202998e+01
3.796585871644529675e+01
3.796585871644529675e+01
3.796585871644529675e+01
3.796585871644529675e+01
3.796638075012160840e+01
3.796688750567518866e+01
3.796691851508843740e+01
3.796816034789235061e+01
3.796868096444318752e+01
3.796868096444318752e+01
3.796868096444318752e+01
3.797138723960166828e+01
3.797138723960166828e+01
3.797138723960166828e+01
3.797203830026925431e+01
3.797203830026925431e+01
3.797283400247840746e+01
3.797364829295075594e+01
3.797407169189266796e+01
3.797424700551618315e+01
3.797646435988427527e+01
3.797646435988427527e+01
3.797672595459685851e+01
3.797702669960149535e+01
3.797781365778204332e+01
3.797837099991473764e+01
3.797887250744070542e+01
3.797887250744070542e+01
3.797887250744070542e+01
3.798097057868299942e+01
3.798131156740947745e+01
3.798161968029950231e+01
3.798239051445872150e+01
3.798280697541501638e+01
3.798339585359840953e+01
3.798372924014685026e+01
3.798443652448393948e+01
3.798495282160459396e+01
3.798495282160459396e+01
3.798495282160459396e+01
3.798495282160459396e+01
3.798946270475290987e+01
3.798946270475290987e+01
3.798946270475290987e+01
3.798946270475290987e+01
3.799046106833554859e+01
3.799071717256865810e+01
3.799145002949114769e+01
3.799221596108931465e+01
3.799252927973931548e+01
3.799306431040034226e+01
3.799389836960489220e+01
3.799429769215730346e+01
3.799545343465863567e+01
3.799574517929107742e+01
3.799665858061760559e+01
3.799641888791381916e+01
3.799772505318894389e+01
3.799772505318894389e+01
3.799970261952951489e+01
3.799970261952951489e+01
3.800088646326832986e+01
3.800124883724161862e+01
3.800176915984637560e+01
3.800307149497984227e+01
3.800307149497984227e+01
3.800509034716799306e+01
3.800509034716799306e+01
3.800557809025800537e+01
3.800616279404898989e+01
3.800646669297259450e+01
3.800778850521373897e+01
3.800879895937508479e+01
3.800948920502970907e+01
3.800948920502970907e+01
3.801279937035349121e+01
3.801279937035349121e+01
3.801279937035349121e+01
3.801401214258989114e+01
3.801549874541717600e+01
3.801623382676686447e+01
3.801699093337546742e+01
3.801889898062657380e+01
3.801978866008829527e+01
3.801978866008829527e+01
3.802006067379095100e+01
3.802014044296362272e+01
3.802580361111964891e+01
3.802580361111964891e+01
3.802580984924199470e+01
3.802683689190240557e+01
3.802815673546787423e+01
3.802920626897417122e+01
3.803206360564900024e+01
3.803537606530832704e+01
3.803537606530832704e+01
3.803577876793151802e+01
3.803577876793151802e+01
3.803577876793151802e+01
3.803577876793151802e+01
3.803577876793151802e+01
3.804682308952565251e+01
3.804682308952565251e+01
3.804682308952565251e+01
3.804682308952565251e+01
3.804682308952565251e+01
3.804705157156460871e+01
3.804705157156460871e+01
3.804925622489870563e+01
3.805526306359706723e+01
3.806600055313916897e+01
3.808051484219404870e+01
3.810994476859124802e+01
3.814863022745743137e+01
3.757681689332155628e+01
3.757681689332155628e+01
3.757764306078172467e+01
3.757764306078172467e+01
3.757764306078172467e+01
3.757764306078172467e+01
3.757764306078172467e+01
3.757806083874029923e+01
3.757806083874029923e+01
3.757828109245706116e+01
3.757828109245706116e+01
3.757828109245706116e+01
3.757828109245706116e+01
3.757891113354747858e+01
3.757891113354747858e+01
3.757891113354747858e+01
3.757891113354747858e+01
3.757891113354747858e+01
3.757891113354747858e+01
3.757891113354747858e+01
3.757891113354747858e+01
3.757891113354747858e+01
3.757950700085380902e+01
3.757965400971920644e+01
3.757965400971920644e+01
3.757965400971920644e+01
3.757965400971920644e+01
3.757965400971920644e+01
3.757965400971920644e+01
3.757965400971920644e+01
3.757965400971920644e+01
3.758010052742956475e+01
3.758063858037344573e+01
3.758063858037344573e+01
3.758063858037344573e+01
3.758063858037344573e+01
3.758063858037344573e+01
3.758063858037344573e+01
3.758063858037344573e+01
3.758063858037344573e+01
3.758063858037344573e+01
3.758063858037344573e+01
3.758146450077822465e+01
3.758151578294259565e+01
3.758151578294259565e+01
3.758173090676967831e+01
3.758173090676967831e+01
3.758173090676967831e+01
3.758173090676967831e+01
3.758173090676967831e+01
3.758180784493204385e+01
3.758212576523332871e+01
3.758212576523332871e+01
3.758212576523332871e+01
3.758212576523332871e+01
3.758254436516300956e+01
3.758254436516300956e+01
3.758254436516300956e+01
3.758254436516300956e+01
3.758254436516300956e+01
3.758254436516300956e+01
3.758301867778298799e+01
3.758301867778298799e+01
3.758301867778298799e+01
3.758301867778298799e+01
3.758301867778298799e+01
3.758301867778298799e+01
3.758301867778298799e+01
3.758301867778298799e+01
3.758301867778298799e+01
3.758341110133511620e+01
3.758341110133511620e+01
3.758341110133511620e+01
3.758341110133511620e+01
3.758341110133511620e+01
3.758341110133511620e+01
3.758341110133511620e+01
3.758341110133511620e+01
3.758392630673854029e+01
3.758445228527723714e+01
3.758445228527723714e+01
3.758445228527723714e+01
3.758466848865506194e+01
3.758466848865506194e+01
3.758466848865506194e+01
3.758469630584779964e+01
3.758469630584779964e+01
3.758469630584779964e+01
3.758517140422242164e+01
3.758517140422242164e+01
3.758517140422242164e+01
3.758517140422242164e+01
3.758517140422242164e+01
3.758517140422242164e+01
3.758517140422242164e+01
3.758517140422242164e+01
3.758517140422242164e+01
3.758550513996239317e+01
3.758550513996239317e+01
3.758550513996239317e+01
3.758550513996239317e+01
3.758550513996239317e+01
3.758596748588809078e+01
3.758604324508642947e+01
3.758604324508642947e+01
3.758629974948967600e+01
3.758629974948967600e+01
3.758629974948967600e+01
3.758629974948967600e+01
3.758629974948967600e+01
3.758629974948967600e+01
3.758629974948967600e+01
3.758629974948967600e+01
3.758629974948967600e+01
3.758661476268342483e+01
3.758661476268342483e+01
3.758661476268342483e+01
3.758661476268342483e+01
3.758661476268342483e+01
3.758661476268342483e+01
3.758661476268342483e+01
3.758661476268342483e+01
3.758673300693133967e+01
3.758673300693133967e+01
3.758743556933131913e+01
3.758759709102533009e+01
3.758759709102533009e+01
3.758759709102533009e+01
3.758759709102533009e+01
3.758759709102533009e+01
3.758796383514710726e+01
3.758796383514710726e+01
3.758796383514710726e+01
3.758796383514710726e+01
3.758796383514710726e+01
3.758796383514710726e+01
3.758796383514710726e+01
