2.734908499841675944e+00
2.734219740395031906e+00
2.728326834181669547e+00
2.538162221376133676e+00
2.456386623847559125e+00
2.054661709434864925e+00
1.480510393595376506e+00
1.238503385862023798e+00
6.111285255130177729e-01
6.302219542044517064e-01
3.587952377636303147e-01
2.323028601113915834e-02
-2.149731968472864962e-01
-1.563382724305888982e-01
-3.978404567917410151e-01
-6.929434701047788581e-01
-8.969329740503416692e-01
-8.154637484618348919e-01
-7.266941465597571703e-01
-9.068337467696284682e-01
-9.429696056703567031e-01
-1.031094867384242164e+00
-1.118915707303494100e+00
-1.182962630584099228e+00
-1.316062914033364839e+00
-1.404068153759654880e+00
-1.481733108104433150e+00
-1.492035733709955903e+00
-1.513468184030205999e+00
-1.459656850315960819e+00
-1.393371948296147744e+00
-1.414638943587643860e+00
-1.561663903175277257e+00
-1.487762885395673251e+00
-1.581102737020989579e+00
-1.752083132000035404e+00
-1.658313812850488844e+00
-1.738383084066981166e+00
-1.871467617570456321e+00
-1.862692718916643120e+00
-1.919401709265359246e+00
-1.986866760913728935e+00
-2.291333713738274547e+00
-2.492971872387152565e+00
-2.473124503222015491e+00
-2.319849282059795126e+00
-2.273922016710924865e+00
-2.094287707223152051e+00
-1.918476169978129642e+00
-5.446388684326368690e-01
-5.421971643573617605e-01
-5.404757829364376098e-01
-5.381493832547332712e-01
-7.423366743046699856e-01
-7.410040511525232132e-01
-7.394762463496726834e-01
-7.372910833056949276e-01
-7.380800952737127663e-01
-7.364835248225649611e-01
-9.443242961787374767e-01
-9.438419836590388190e-01
-1.093918532372405217e+00
-1.092156336959009266e+00
-1.034279830614601492e+00
-3.080085657549616052e+00
-3.051445710805682054e+00
-3.033860160281423468e+00
-3.010002267489006123e+00
-2.989997124412417051e+00
-2.919907645082871372e+00
-2.916820758840319883e+00
-2.923625802890418512e+00
-2.759179405584219591e+00
-3.099777349746624999e+00
-3.095585432533477288e+00
-3.694327901739738351e+00
-1.579783147088381856e+00
-1.578650389214168559e+00
-1.577766069122988890e+00
-1.576210534111146089e+00
-1.575747070128890259e+00
-1.574184293281361446e+00
-1.572967389732932597e+00
-1.571352919527709169e+00
-1.193020378186586017e+00
-2.954362059601709056e+00
-3.663146430444754298e+00
-3.584712527513731484e+00
-3.560759281871077153e+00
-3.547504162700426011e+00
-3.530457457269269295e+00
-3.519032361016730892e+00
-3.986744822112917142e+00
-3.979204903642029834e+00
-3.978730635515113079e+00
-3.981757887122358230e+00
-3.945508872778322296e+00
-3.962005548608950711e+00
-3.985295665215131233e+00
-3.967936175774568586e+00
-3.994633732851068597e+00
-4.051923280458989751e+00
-2.276248511285837495e+00
-2.275092549496255057e+00
-2.314075067768042615e+00
-2.314075067768042615e+00
-2.312771238863546852e+00
-2.311477043161708433e+00
-2.310069206818480492e+00
-2.309831471743322151e+00
-2.308556949979436279e+00
-2.307258914744941158e+00
-2.307258914744941158e+00
-2.306747224080671899e+00
-2.305470688058134598e+00
-2.304303192943034873e+00
-2.303297695731095995e+00
-2.303079530720482548e+00
-2.301937268726161889e+00
-2.898454204384794508e+00
-2.897571823061714014e+00
-2.897107318590652625e+00
-2.896224816527057655e+00
-2.894611486704376624e+00
-2.893754785612117519e+00
-2.893317152911461410e+00
-2.893021519448366607e+00
-2.892253391843315313e+00
-2.890723486215859950e+00
-2.890000792038795563e+00
-2.889718611164404649e+00
-2.888233618948656378e+00
-2.887696991935861046e+00
-2.887208957592038772e+00
-2.886056467753295163e+00
-2.885209438662470482e+00
-3.490180853423832552e+00
-2.881599514374542981e+00
-2.878371943340166883e+00
-2.254590555996192958e+00
-3.493975023145756698e+00
-4.522122434048640116e+00
-5.546186995904551331e+00
-5.498083473237666219e+00
-5.475155831101344184e+00
-5.471759846469751665e+00
-5.451745820777174956e+00
-5.434959278803968452e+00
-5.434652428223951226e+00
-5.416533135154203649e+00
-5.409174841552824908e+00
-5.391732612508998379e+00
-5.321871496519784195e+00
-5.310746793264712551e+00
-5.302127793389896482e+00
-5.297947215241053165e+00
-5.327889619180937508e+00
-5.323603518641811583e+00
-5.325157791393982265e+00
-5.324730391327477719e+00
-5.330715145441897285e+00
-5.346763950639329188e+00
-5.300899635880778504e+00
-5.316436120732435988e+00
-5.338455018001275754e+00
-5.320964173440715150e+00
-5.336603043590158357e+00
-5.355403211301798194e+00
-5.296020092956037928e+00
-5.293271842778895397e+00
-5.144906655086666447e+00
-5.144906655086666447e+00
-5.142048934526009418e+00
-5.253411779323646336e+00
-5.405291073240726440e+00
-5.417371063460545422e+00
-3.713615761138190585e+00
-3.714077938684745561e+00
-3.714504628701123412e+00
-3.713163358698905459e+00
-3.713163358698905459e+00
-3.713390289315599446e+00
-3.711902624460965416e+00
-3.711902624460965416e+00
-3.712296232128672990e+00
-3.710939927719329123e+00
-3.710939927719329123e+00
-3.710939927719329123e+00
-3.709631500525555570e+00
-3.709710173785115472e+00
-3.710158311262930386e+00
-3.708791670714862043e+00
-3.708791670714862043e+00
-3.707839513237908502e+00
-3.707996971260708818e+00
-3.707996971260708818e+00
-4.018732298628409971e+00
-4.018835328097892123e+00
-4.018835328097892123e+00
-4.017847163995707405e+00
-4.017847163995707405e+00
-4.017847163995707405e+00
-4.016940862218860708e+00
-4.017133898329587893e+00
-4.016198088176556880e+00
-4.016445290275378888e+00
-4.016445290275378888e+00
-4.015873855027249917e+00
-4.015873855027249917e+00
-4.015004497775281678e+00
-4.015214471588747891e+00
-4.015214471588747891e+00
-4.014282110868486519e+00
-4.014282110868486519e+00
-4.013452806705140041e+00
-4.013452806705140041e+00
-4.013570872258211075e+00
-4.012727838381927370e+00
-4.012727838381927370e+00
-4.011856909094136725e+00
-4.011856909094136725e+00
-4.011399081625548924e+00
-4.011503919470640334e+00
-4.011503919470640334e+00
-4.010730777986082352e+00
-4.010871072302572671e+00
-4.303698946901232780e+00
-4.303698946901232780e+00
-4.302980201352317735e+00
-4.302980201352317735e+00
-4.302866783682799401e+00
-4.302866783682799401e+00
-4.302488104712687722e+00
-4.302488104712687722e+00
-4.332902282448137576e+00
-4.333201015628102226e+00
-4.332730413291411509e+00
-4.332730413291411509e+00
-4.332289393981740844e+00
-4.332099901709022483e+00
-4.331686597740945999e+00
-4.331686597740945999e+00
-4.331252248319239051e+00
-4.331252248319239051e+00
-4.330850296493746754e+00
-4.330667985838910106e+00
-4.330288989233154417e+00
-4.330288989233154417e+00
-4.422545446836644523e+00
-4.422843940936865614e+00
-4.422667764354722308e+00
-4.422010180216031650e+00
-4.422072751645626632e+00
-4.421813617984176936e+00
-4.422065682641878936e+00
-4.421815205693742534e+00
-4.450493715560392971e+00
-4.450493715560392971e+00
-4.450177101731279450e+00
-4.450177101731279450e+00
-4.449857250072105863e+00
-4.449308092359875566e+00
-4.449308092359875566e+00
-4.449258521391071142e+00
-4.448891553946318744e+00
-4.448891553946318744e+00
-4.819500370809189249e+00
-4.818655515552634050e+00
-4.818930203338566365e+00
-4.818930203338566365e+00
-4.819209288287344961e+00
-4.819548202153936423e+00
-4.818881282080263340e+00
-4.819094454932488780e+00
-4.819515639341683588e+00
-4.820042521923395995e+00
-4.820968649501848446e+00
-4.441674407085051790e+00
-4.438443392016604427e+00
-4.430396788059512758e+00
-4.427090280754423013e+00
-4.897431659487897271e+00
-5.107302829368921770e+00
-5.280008147612917035e+00
-5.431427655148596934e+00
-5.691846389580492271e+00
-6.054883183600611396e+00
-6.357993315041319704e+00
-6.389269580435711582e+00
-6.319400916080931907e+00
-6.238563658279795199e+00
-6.212746547423225962e+00
-6.183051577385088038e+00
-6.154608327152966574e+00
-6.117345904062972295e+00
-6.091130342372175654e+00
-6.047525821438347826e+00
-6.045138026550393562e+00
-5.997942510194506305e+00
-5.997959547886835274e+00
-5.900105855290219914e+00
-5.873422973245223666e+00
-5.868164018270257465e+00
-5.858379275987092072e+00
-5.851733423401558554e+00
-5.848417109841935080e+00
-5.846498898525432253e+00
-5.851184361570580528e+00
-5.860059640881856602e+00
-5.831908745407830885e+00
-5.850527326776789216e+00
-5.876004226350763915e+00
-5.902882276011754747e+00
-5.852617907210938775e+00
-5.855164322209756911e+00
-6.420148841553976027e+00
-6.421316317432397724e+00
-6.425084825354561602e+00
-6.428471749088821241e+00
-6.430693921782136613e+00
-6.434921668125858751e+00
-6.435856047095668941e+00
-6.443894892734572721e+00
-6.444727324720745720e+00
-6.390012239578324760e+00
-6.393028202448439501e+00
-6.396371036067533211e+00
-6.400827016631753352e+00
-6.404248933760576357e+00
-6.406297894168207385e+00
-6.406297894168207385e+00
-6.417093694870914966e+00
-6.415850454246165846e+00
-6.419243804187728664e+00
-6.419243804187728664e+00
-6.419243804187728664e+00
-6.433164147955799272e+00
-6.433164147955799272e+00
-6.494394053142526602e+00
-6.495954701714581780e+00
-6.499497231939876940e+00
-6.499989469803796993e+00
-6.504078850748959972e+00
-6.507570810728497968e+00
-6.507212826302361641e+00
-6.509156813137996878e+00
-6.512467461337194230e+00
-6.514298175128334201e+00
-6.515148604364390472e+00
-6.515599364983540198e+00
-6.519424305069807524e+00
-6.517168689599337483e+00
-6.517796413845633907e+00
-6.518565323318759930e+00
-6.520631909908422230e+00
-6.517898058387460836e+00
-6.518380335497284683e+00
-6.514812757552101097e+00
-6.511331069057189502e+00
-6.503761378450494846e+00
-6.505044078760812809e+00
-6.503049176063338876e+00
-6.544008957902978096e+00
-6.528817643989859754e+00
-6.521797462946570256e+00
-6.521797462946570256e+00
-6.520321074459855204e+00
-6.525791006892283974e+00
-6.525791006892283974e+00
-6.939588307435510472e+00
-6.937525689926509642e+00
-6.937525689926509642e+00
-6.937525689926509642e+00
-6.935805532102350845e+00
-6.935805532102350845e+00
-7.021337840133949904e+00
-7.019732624737736515e+00
-7.019732624737736515e+00
-7.019732624737736515e+00
-7.045151736119501074e+00
-5.691317373905033783e+00
-5.691317373905033783e+00
-5.690319739456199954e+00
-5.690378113748824518e+00
-5.690378113748824518e+00
-5.690378113748824518e+00
-5.690099882765078831e+00
-5.690099882765078831e+00
-5.690397350630138185e+00
-5.689750527223740306e+00
-5.689750527223740306e+00
-5.689750527223740306e+00
-5.689025357889108570e+00
-5.689025357889108570e+00
-5.689025357889108570e+00
-5.688385679693516828e+00
-5.688385679693516828e+00
-5.688067171760318175e+00
-5.688067171760318175e+00
-5.688067171760318175e+00
-5.687416342971892469e+00
-5.687535060970120071e+00
-5.687535060970120071e+00
-5.686950908406536165e+00
-5.687140876164111347e+00
-5.687140876164111347e+00
-6.157126472190316946e+00
-6.157126472190316946e+00
-6.156559994222025267e+00
-6.156691350182661893e+00
-6.156967473594002982e+00
-6.156720489354952974e+00
-6.156720489354952974e+00
-6.156720489354952974e+00
-6.156469771681799763e+00
-6.156469771681799763e+00
-6.156212525867257312e+00
-6.156212525867257312e+00
-6.156258284208784737e+00
-6.155713190588989470e+00
-6.155713190588989470e+00
-6.155442516190191782e+00
-6.155442516190191782e+00
-6.155184428132946195e+00
-6.155184428132946195e+00
-6.155184428132946195e+00
-6.154904651851362374e+00
-6.154904651851362374e+00
-6.371154350476488482e+00
-6.370394349455848371e+00
-6.370423561818709501e+00
-6.370665471177523465e+00
-6.370701218757290896e+00
-6.370859586626164806e+00
-6.370936709550353072e+00
-6.370974809127072369e+00
-6.370995070700224083e+00
-6.371029944442829773e+00
-6.371056627319428678e+00
-6.371101504774477675e+00
-6.151465026173839057e+00
-6.150933150738955746e+00
-6.149955224016577127e+00
-6.148343329564841753e+00
-5.661520360058165835e+00
-5.657261059770759104e+00
-5.644643704565377007e+00
-6.137182776135349904e+00
-6.136601198025054771e+00
-6.427988856294590825e+00
-6.427245610697092992e+00
-6.589634901263096367e+00
-6.725674643078170867e+00
-6.865457093460732629e+00
-6.958612526871639226e+00
-7.033469661298074271e+00
-7.127002102290900254e+00
-7.166164916880551239e+00
-7.291572115244312258e+00
-7.411402510081535056e+00
-7.585187568362167454e+00
-7.693019218064887532e+00
-7.885919104658919210e+00
-7.991139904253783399e+00
-7.964810212099926012e+00
-7.753335820069282569e+00
-7.733291020427043527e+00
-7.662029473591167594e+00
-7.630345480061626162e+00
-7.596357239384506244e+00
-7.479007304893123376e+00
-7.448057188245978288e+00
-7.414394862432297728e+00
-7.392077567740265920e+00
-7.361933694584844368e+00
-7.333826047988566188e+00
-7.314102791145850269e+00
-7.305525398442972218e+00
-7.296819329465159321e+00
-7.286025435221554325e+00
-7.282749751392941562e+00
-7.282749751392941562e+00
-7.233941368020811780e+00
-7.235306518293612044e+00
-7.235306518293612044e+00
-7.238127216898818439e+00
-7.242128958886614676e+00
-7.242128958886614676e+00
-7.243026918910694611e+00
-7.319007360664062212e+00
-7.319397682050460929e+00
-7.321460747610070818e+00
-7.323570349155659187e+00
-7.324625036478760620e+00
-7.326825433952825151e+00
-7.327779064816259513e+00
-7.328985419289712588e+00
-7.331073437263594172e+00
-7.329410627563781588e+00
-7.331598125810125488e+00
-7.332715661232628079e+00
-7.334485127419951844e+00
-7.335516985626129305e+00
-7.337622945979664912e+00
-7.338754956818810626e+00
-7.339820705335789341e+00
-7.342989405824246418e+00
-7.340504991761460651e+00
-7.342343929546244929e+00
-7.343486124102306611e+00
-7.344641040490621720e+00
-7.347092900619004219e+00
-7.348274282294998017e+00
-7.349618242503627386e+00
-7.352393321945404736e+00
-7.353538928128442898e+00
-7.648565745195092802e+00
-7.649995139788383192e+00
-7.652867312468971228e+00
-7.654323288449576879e+00
-7.656018373847882863e+00
-7.658775796906675204e+00
-7.660073979801444111e+00
-7.660073979801444111e+00
-7.662695363074621291e+00
-7.662412995476726607e+00
-7.663296475073758884e+00
-7.665223128973415179e+00
-7.667226033315866829e+00
-7.668438792016813998e+00
-7.670357541197089013e+00
-7.671601492862336613e+00
-7.672845873278930640e+00
-7.674192379323405255e+00
-7.673143157688752325e+00
-7.676337090379821149e+00
-7.677494029039169554e+00
-7.680129416383473462e+00
-7.681838935763839693e+00
-7.683363663854573034e+00
-7.684809980812279839e+00
-7.687861839895666627e+00
-7.685316991345407800e+00
-7.689035365473210426e+00
-7.690034961314133000e+00
-7.692165054502106081e+00
-7.692165054502106081e+00
-7.692165054502106081e+00
-7.700290157841013894e+00
-7.700290157841013894e+00
-7.700344142464587982e+00
-7.699289960619978501e+00
-7.700610410381371729e+00
-7.702717519058061235e+00
-7.702717519058061235e+00
-7.702717519058061235e+00
-7.710706474225579754e+00
-7.710706474225579754e+00
-7.710706474225579754e+00
-7.710849811826492761e+00
-7.712084276911598479e+00
-7.714830584073657072e+00
-7.716002677124256692e+00
-7.718051797923748403e+00
-7.719125246603039336e+00
-7.722703194448770070e+00
-7.723866926085537266e+00
-7.721771520772922948e+00
-7.727855982953459879e+00
-7.727855982953459879e+00
-7.727807274546783844e+00
-7.730062947811528140e+00
-7.731291242097182881e+00
-7.733514671941293273e+00
-7.736005350220614751e+00
-7.733623057260544442e+00
-7.733623057260544442e+00
-7.738625919238828921e+00
-7.739704605549639460e+00
-7.740577695198438413e+00
-7.742451817461958541e+00
-7.742451817461958541e+00
-7.742451817461958541e+00
-7.747240637113792516e+00
-7.747240637113792516e+00
-7.747976253961970095e+00
-7.749118393365561630e+00
-7.751204378631636693e+00
-7.752508092022732278e+00
-7.753716520537219381e+00
-7.755000518326037984e+00
-8.031205416904843020e+00
-8.031855077128115639e+00
-8.034166320976934728e+00
-8.036319653657896467e+00
-8.036570675408103881e+00
-8.039063663385375591e+00
-8.039063663385375591e+00
-8.039063663385375591e+00
-8.040669917936442701e+00
-8.041121905604425635e+00
-8.041525927956769237e+00
-8.043079100126872660e+00
-8.043157037332449022e+00
-8.043247138057434853e+00
-8.046272233826764264e+00
-8.044832242069823280e+00
-8.045387124988527816e+00
-8.045106457306362202e+00
-8.045106457306362202e+00
-8.049536011362178556e+00
-8.049536011362178556e+00
-8.049456142369644240e+00
-8.094029856894675135e+00
-8.095193473585522881e+00
-8.095100850728618624e+00
-8.095110938279802326e+00
-8.095110938279802326e+00
-8.095110938279802326e+00
-8.095110938279802326e+00
-8.102290361696926624e+00
-8.100423776963578959e+00
-8.100423776963578959e+00
-8.100423776963578959e+00
-8.100276849341343066e+00
-8.100276849341343066e+00
-8.100276849341343066e+00
-8.100276849341343066e+00
-8.098400997755598851e+00
-8.113762138397238033e+00
-8.113762138397238033e+00
-8.114246835033114280e+00
-8.114246835033114280e+00
-8.114262862861565395e+00
-8.114262862861565395e+00
-8.113267992537679163e+00
-8.117665051428474499e+00
-8.123854845087301157e+00
-8.143991694050381369e+00
-8.315789269580163179e+00
-7.017076042238993949e+00
-7.017400299859350987e+00
-7.016373711678122405e+00
-7.016373711678122405e+00
-7.016373711678122405e+00
-7.016373711678122405e+00
-7.016373711678122405e+00
-7.016373711678122405e+00
-7.016373711678122405e+00
-7.340224592412990745e+00
-7.340224592412990745e+00
-7.340224592412990745e+00
-7.340224592412990745e+00
-7.340224592412990745e+00
-7.340224592412990745e+00
-7.339729121633786768e+00
-7.339729121633786768e+00
-7.339729121633786768e+00
-7.339876733855640545e+00
-7.339876733855640545e+00
-7.340257288100214161e+00
-7.340401844833262857e+00
-7.339567267693538177e+00
-7.339567267693538177e+00
-7.339567267693538177e+00
-7.339567267693538177e+00
-7.339778827982024190e+00
-7.339778827982024190e+00
-7.339023200862581753e+00
-7.339023200862581753e+00
-7.339023200862581753e+00
-7.339023200862581753e+00
-7.339023200862581753e+00
-7.339023200862581753e+00
-7.339114001281146216e+00
-7.338529365412081340e+00
-7.338529365412081340e+00
-7.338716527670390732e+00
-7.338716527670390732e+00
-7.338716527670390732e+00
-7.338716527670390732e+00
-7.338083421941822060e+00
-7.338083421941822060e+00
-7.338083421941822060e+00
-7.338083421941822060e+00
-7.338083421941822060e+00
-7.338083421941822060e+00
-7.337404686382180685e+00
-7.337702138683127373e+00
-7.337702138683127373e+00
-7.337702138683127373e+00
-7.337817511425154038e+00
-7.337817511425154038e+00
-7.709182875813530345e+00
-7.709182875813530345e+00
-7.709182875813530345e+00
-7.709182875813530345e+00
-7.709182875813530345e+00
-7.709182875813530345e+00
-7.708966435073232759e+00
-7.708966435073232759e+00
-7.709166796046350356e+00
-7.709166796046350356e+00
-7.709166796046350356e+00
-7.709166796046350356e+00
-7.708805704904623468e+00
-7.708805704904623468e+00
-7.708805704904623468e+00
-7.708437905458877637e+00
-7.708437905458877637e+00
-7.708118136518298691e+00
-7.708118136518298691e+00
-7.708118136518298691e+00
-7.708118136518298691e+00
-7.708402954796175877e+00
-7.708402954796175877e+00
-7.708184395153381274e+00
-7.708184395153381274e+00
-7.708184395153381274e+00
-7.708184395153381274e+00
-7.708360411669857193e+00
-7.708360411669857193e+00
-7.708054701072232895e+00
-7.708054701072232895e+00
-7.707716299507246127e+00
-7.707716299507246127e+00
-7.707716299507246127e+00
-7.707447869106018423e+00
-7.707447869106018423e+00
-7.707447869106018423e+00
-7.707447869106018423e+00
-7.707447869106018423e+00
-8.120450938098500160e+00
-8.120450938098500160e+00
-8.120522376972612477e+00
-8.120704805405896565e+00
-8.120704805405896565e+00
-8.121042624073453453e+00
-8.121042624073453453e+00
-8.119865661037792393e+00
-8.119865661037792393e+00
-8.119865661037792393e+00
-8.119865661037792393e+00
-8.120163301872455719e+00
-8.120163301872455719e+00
-8.120242634135079740e+00
-8.120242634135079740e+00
-8.120242634135079740e+00
-8.120526295798313754e+00
-8.120526295798313754e+00
-8.120526295798313754e+00
-8.120526295798313754e+00
-8.120865157330781514e+00
-8.120865157330781514e+00
-8.120865157330781514e+00
-8.593228523671630370e+00
-8.593228523671630370e+00
-8.592758407457553815e+00
-8.592758407457553815e+00
-8.592758407457553815e+00
-8.592758407457553815e+00
-8.592758407457553815e+00
-8.592461085453583891e+00
-8.592461085453583891e+00
-8.592713092646587114e+00
-8.592739052526598087e+00
-9.322277876949812025e+00
-9.322277876949812025e+00
-9.322277876949812025e+00
-9.322277876949812025e+00
-9.321436650038663174e+00
-9.321537525917037215e+00
-9.321537525917037215e+00
-9.321537525917037215e+00
-9.321537525917037215e+00
-9.321639730091856535e+00
-9.321639730091856535e+00
-9.321639730091856535e+00
-9.321639730091856535e+00
-9.321639730091856535e+00
-9.321754398610650583e+00
-9.321754398610650583e+00
-9.321754398610650583e+00
-9.321754398610650583e+00
-9.321892256815040412e+00
-9.321062016297679165e+00
-9.321062016297679165e+00
-9.321062016297679165e+00
-9.321213801262230092e+00
-9.321431665594923643e+00
-9.321431665594923643e+00
-9.321431665594923643e+00
-9.321606794253991524e+00
-9.321606794253991524e+00
-9.321663333378316096e+00
-9.321711820162500217e+00
-9.321761384756390711e+00
-9.321814325541609492e+00
-9.321921679182652909e+00
-9.030939082040248422e+00
-9.031156841563284132e+00
-9.031514159164819588e+00
-9.032230249182340742e+00
-9.032829482742242178e+00
-9.033311246760657554e+00
-9.034029085587638619e+00
-9.035224640695238563e+00
-8.510575400186979778e+00
-8.509080216513732253e+00
-8.508178740201577384e+00
-7.810286842161696441e+00
-7.806543085752768896e+00
-6.989365712413751375e+00
-7.348874234818619122e+00
-7.788223773321075072e+00
-7.786513804755611723e+00
-7.785506399379084286e+00
-7.785109256144139955e+00
-8.491358195870343906e+00
-8.490959924706645623e+00
-8.490566050096639117e+00
-8.490325350244670943e+00
-8.490102296164341311e+00
-8.489990771418643334e+00
-9.065882386082586564e+00
-9.066282912020785290e+00
-9.066599948513863083e+00
-9.207290784058688615e+00
-9.205673359795254029e+00
-9.205766095081685307e+00
-9.263362728714794159e+00
-9.262927568219508245e+00
-9.262486847568732529e+00
-9.295758376062101647e+00
-9.294080901655034310e+00
-9.321782294360204446e+00
-9.342638248879282514e+00
-9.359244649255474613e+00
-9.385492536537283215e+00
-9.415989853901670870e+00
-9.453612384431920646e+00
-9.474800060747387676e+00
-9.456211224686013495e+00
-9.449674636944326522e+00
-9.398904113848390196e+00
-9.441649082453444919e+00
-9.553105597655283887e+00
-9.553164721073024168e+00
-9.553164721073024168e+00
-9.646845995580225264e+00
-9.646845995580225264e+00
-9.646845995580225264e+00
-9.745409367967731384e+00
-9.745409367967731384e+00
-9.823932282994723764e+00
-9.823932282994723764e+00
-9.821606612745467757e+00
-9.961065348527752050e+00
-9.961065348527752050e+00
-1.003347705830466019e+01
-1.003349434692492359e+01
-1.003349434692492359e+01
-1.011327035683131470e+01
-1.011327035683131470e+01
-1.011327035683131470e+01
-1.018994982077318490e+01
-1.018994982077318490e+01
-1.032373363869538707e+01
-1.032373363869538707e+01
-1.032116517405446565e+01
-1.040176870616058658e+01
-1.040176870616058658e+01
-1.047224864826373292e+01
-1.047224864826373292e+01
-1.047224864826373292e+01
-1.039586022948616417e+01
-1.039586022948616417e+01
-1.034490250140069634e+01
-1.034490250140069634e+01
-1.034490250140069634e+01
-1.043488597633717774e+01
-1.043488597633717774e+01
-1.052739600260294317e+01
-1.052739290790425919e+01
-1.052739290790425919e+01
-1.069367264065837730e+01
-1.069367264065837730e+01
-1.069367264065837730e+01
-1.081865549670226301e+01
-1.081865549670226301e+01
-1.096345700191295514e+01
-1.096345700191295514e+01
-1.096345700191295514e+01
-1.122290546712721948e+01
-1.122290546712721948e+01
-1.153078549230320959e+01
-1.153078549230320959e+01
-8.794113187499117856e+00
-8.794113187499117856e+00
-8.794113187499117856e+00
-8.794113187499117856e+00
-8.794113187499117856e+00
-8.794464174845103344e+00
-8.794464174845103344e+00
-8.794464174845103344e+00
-8.794464174845103344e+00
-8.794954570203968203e+00
-8.794954570203968203e+00
-8.793642920891224790e+00
-8.793642920891224790e+00
-8.793642920891224790e+00
-8.793642920891224790e+00
-8.793642920891224790e+00
-8.793642920891224790e+00
-8.793642920891224790e+00
-8.793642920891224790e+00
-8.793642920891224790e+00
-8.793642920891224790e+00
-8.793642920891224790e+00
-8.793642920891224790e+00
-8.793642920891224790e+00
-9.763392639816807161e+00
-9.763443238463386464e+00
-9.763443238463386464e+00
-9.763443238463386464e+00
-9.763443238463386464e+00
-9.763443238463386464e+00
-9.763679421672389225e+00
-9.763991603913771300e+00
-9.764360593313181624e+00
-9.764360593313181624e+00
-9.764360593313181624e+00
-9.764360593313181624e+00
-9.764360593313181624e+00
-9.763498680715107625e+00
-9.763498680715107625e+00
-9.763498680715107625e+00
-9.763498680715107625e+00
-9.763498680715107625e+00
-9.763498680715107625e+00
-9.763498680715107625e+00
-9.763498680715107625e+00
-9.763498680715107625e+00
-9.763498680715107625e+00
-9.763634483287210841e+00
-9.763634483287210841e+00
-9.762242504528169107e+00
-9.762242504528169107e+00
-9.762242504528169107e+00
-9.762242504528169107e+00
-9.762242504528169107e+00
-9.762608252180628554e+00
-9.762608252180628554e+00
-9.762608252180628554e+00
-9.762608252180628554e+00
-9.762608252180628554e+00
-9.762608252180628554e+00
-9.762608252180628554e+00
-9.761434879291169153e+00
-9.761589409268983886e+00
-9.761589409268983886e+00
-9.761589409268983886e+00
-9.761589409268983886e+00
-9.761589409268983886e+00
-9.761589409268983886e+00
-9.761589409268983886e+00
-9.761919986064135912e+00
-9.761919986064135912e+00
-9.762234519188899284e+00
-9.762234519188899284e+00
-9.761145996030498040e+00
-9.761145996030498040e+00
-9.761145996030498040e+00
-9.761515452434633033e+00
-9.761515452434633033e+00
-9.761515452434633033e+00
-9.761515452434633033e+00
-9.761515452434633033e+00
-9.761749184010536595e+00
-9.761749184010536595e+00
-9.761749184010536595e+00
-9.760662118974888557e+00
-9.760662118974888557e+00
-9.760662118974888557e+00
-9.760662118974888557e+00
-9.760662118974888557e+00
-9.760662118974888557e+00
-9.760662118974888557e+00
-9.760662118974888557e+00
-9.760662118974888557e+00
-9.760662118974888557e+00
-9.760662118974888557e+00
-9.760662118974888557e+00
-9.759632507253133582e+00
-9.759999275502206473e+00
-9.759999275502206473e+00
-9.759999275502206473e+00
-9.759999275502206473e+00
-9.760335633235712294e+00
-9.760335633235712294e+00
