4.212334241741530860e+01
4.217113603525875476e+01
4.222761382360934590e+01
4.230804805553484726e+01
4.189095641321495833e+01
4.155271308312052270e+01
4.130125260246875030e+01
4.104157146655958854e+01
4.094101493030880334e+01
4.075971664304898212e+01
4.068505871852214284e+01
4.060057165118812605e+01
4.048014505301274824e+01
4.036696625538415617e+01
4.031136122779049913e+01
4.025081094318787223e+01
4.017899176557313723e+01
4.009593312849237634e+01
4.002588581678098478e+01
4.001473212647555755e+01
3.998527820732675764e+01
3.995486526291382745e+01
3.992439308738515535e+01
3.989363997775710402e+01
3.987823243946102991e+01
3.984310872484668664e+01
3.980283727160151841e+01
3.976081106411869115e+01
3.974181398667748510e+01
3.968951407265566900e+01
3.963392566086079682e+01
3.962286791670977948e+01
3.962944054560750828e+01
3.959112988173779968e+01
3.958502424587403823e+01
3.958500200567468141e+01
3.954364683522800306e+01
3.953711451921313369e+01
3.953965371041277876e+01
3.949813304169454398e+01
3.948937714689442657e+01
3.948832561364805827e+01
3.946454781785675436e+01
3.944781102498546943e+01
3.943373815690151218e+01
3.937747542395834444e+01
3.936072294674404759e+01
3.939608105680490269e+01
3.934304478632132884e+01
3.906834596757550315e+01
3.907270129784056678e+01
3.907756045235970532e+01
3.908178486382543326e+01
3.908807788283620255e+01
3.909232163215594369e+01
3.909785495714504577e+01
3.910332776396128907e+01
3.910721961857063889e+01
3.911304231857576497e+01
3.911832931051500850e+01
3.912397242174025536e+01
3.913166989608787816e+01
3.913908663253576492e+01
3.918237920358792792e+01
3.920984226224682345e+01
3.919502212873594260e+01
3.918798237925570760e+01
3.917904382134130259e+01
3.917075218401827641e+01
3.916842678169597036e+01
3.916969880834291473e+01
3.917786318221102704e+01
3.922209992253759481e+01
3.923319922167004847e+01
3.924200382366164774e+01
3.940163668241420680e+01
3.885671408484450495e+01
3.886069515072207992e+01
3.886382838324473710e+01
3.886939465466819854e+01
3.887281056365255694e+01
3.887849541013444110e+01
3.888297362184724193e+01
3.888997931560331267e+01
3.890996040328495553e+01
3.883593121217963073e+01
3.896860125948993669e+01
3.895758157839438951e+01
3.894120934821906843e+01
3.893523431301156279e+01
3.892713906853553851e+01
3.891960066236759985e+01
3.891517433897359979e+01
3.891301864782124653e+01
3.891271095718408191e+01
3.891795739464517823e+01
3.893275297515415190e+01
3.894375160620892018e+01
3.896235096192994263e+01
3.899869900222186914e+01
3.897447109212310323e+01
3.897621704900117834e+01
3.848945702126719937e+01
3.849149422749991345e+01
3.849425529262344270e+01
3.849425529262344270e+01
3.849643108213781773e+01
3.849839223673279776e+01
3.850053729560917759e+01
3.850347137842073408e+01
3.850542491130367750e+01
3.850742496293528916e+01
3.850742496293528916e+01
3.851007324629235740e+01
3.851205387941800495e+01
3.851387447540711406e+01
3.851581387722976046e+01
3.851868011397543512e+01
3.852047827920704037e+01
3.852231913458736301e+01
3.852411863128610747e+01
3.852644978297687572e+01
3.852826215392403242e+01
3.853159798916369994e+01
3.853338136330317809e+01
3.853530326458704280e+01
3.853769134069300151e+01
3.853930347155213099e+01
3.854253491244125485e+01
3.854407096565482505e+01
3.854633774069334606e+01
3.854951785992349755e+01
3.855134758203308820e+01
3.855322588451102206e+01
3.855735674994507178e+01
3.855920476247874973e+01
3.856328082418119862e+01
3.856860365509712807e+01
3.857587715700585562e+01
3.861451458535156434e+01
3.864431509711421597e+01
3.862190457144571099e+01
3.871644742699260888e+01
3.867757855408051171e+01
3.865912906136486527e+01
3.865963700426748773e+01
3.864390825666608009e+01
3.863090534962607592e+01
3.863112163652131414e+01
3.861990370111153936e+01
3.861426444525887547e+01
3.860099268148253060e+01
3.859231368473396628e+01
3.858395704429401007e+01
3.857751945305692232e+01
3.857440863305425438e+01
3.857029607615736211e+01
3.856716056151360306e+01
3.856830669532966738e+01
3.857065979066688044e+01
3.857508429436519748e+01
3.858702702364784898e+01
3.860422279784845045e+01
3.861656603908756580e+01
3.863351425420695762e+01
3.865947848459303771e+01
3.867471060633351954e+01
3.868973702602573894e+01
3.869198622359535733e+01
3.869239338117388627e+01
3.875580717001695064e+01
3.875580717001695064e+01
3.875617744013011645e+01
3.874955076532007325e+01
3.869474640657642084e+01
3.865283834563670951e+01
3.803047367372987964e+01
3.803134150650842571e+01
3.803166852849527402e+01
3.803351203278003112e+01
3.803351203278003112e+01
3.803362371418596410e+01
3.803567788083414314e+01
3.803567788083414314e+01
3.803641337177802484e+01
3.803829266845545476e+01
3.803829266845545476e+01
3.803829266845545476e+01
3.804011492800536587e+01
3.804012814019671396e+01
3.804096071734115014e+01
3.804286916454029210e+01
3.804286916454029210e+01
3.804498706459368407e+01
3.804503939570329862e+01
3.804503939570329862e+01
3.804682608287007639e+01
3.804758629743211884e+01
3.804758629743211884e+01
3.804944342461718776e+01
3.804944342461718776e+01
3.804944342461718776e+01
3.805115448467752515e+01
3.805192116353113363e+01
3.805369374553286121e+01
3.805380426924097037e+01
3.805380426924097037e+01
3.805581184356856284e+01
3.805581184356856284e+01
3.805746830366833677e+01
3.805822076306957058e+01
3.805822076306957058e+01
3.806000287325708342e+01
3.806000287325708342e+01
3.806159483155135348e+01
3.806159483155135348e+01
3.806240768996656243e+01
3.806403116085697746e+01
3.806403116085697746e+01
3.806571542849064116e+01
3.806571542849064116e+01
3.806748931399452118e+01
3.806819262339671184e+01
3.806819262339671184e+01
3.806969585374734066e+01
3.806974462938469372e+01
3.807134267829796670e+01
3.807134267829796670e+01
3.807350297325012889e+01
3.807350297325012889e+01
3.807499217007556069e+01
3.807499217007556069e+01
3.807653690813918956e+01
3.807653690813918956e+01
3.807861426105226599e+01
3.807888559197256484e+01
3.808032709218509382e+01
3.808032709218509382e+01
3.808168245042872968e+01
3.808236964705183425e+01
3.808364540528407360e+01
3.808364540528407360e+01
3.808499028335144487e+01
3.808499028335144487e+01
3.808623866742645703e+01
3.808690739042404516e+01
3.808808932195152863e+01
3.808808932195152863e+01
3.808938553903029600e+01
3.808965653660106909e+01
3.809083705075904192e+01
3.809271925547031401e+01
3.809273050494320501e+01
3.809383712853606596e+01
3.809394627356772389e+01
3.809501588007179862e+01
3.809695967468887545e+01
3.809695967468887545e+01
3.809799410582494517e+01
3.809799410582494517e+01
3.809904157284634607e+01
3.810084577722920329e+01
3.810084577722920329e+01
3.810219369054198779e+01
3.810340364284354564e+01
3.810340364284354564e+01
3.810453838820460248e+01
3.810649036344499763e+01
3.810788026031578113e+01
3.810788026031578113e+01
3.810929543628123639e+01
3.811101812169333414e+01
3.811347581177054167e+01
3.811455475608823917e+01
3.811669178714120676e+01
3.811937503750586131e+01
3.812337411741955862e+01
3.812977435193154463e+01
3.814119118075713999e+01
3.817096971804552652e+01
3.818380966568614099e+01
3.818857967708485290e+01
3.819124451172914547e+01
3.818863522616173611e+01
3.816765692447570757e+01
3.803831388146662107e+01
3.812784127830397551e+01
3.831718723856596398e+01
3.834235799074167517e+01
3.828662862389060706e+01
3.826633042707970844e+01
3.824643291039184589e+01
3.822648846250045551e+01
3.820522263683869824e+01
3.817771799886048711e+01
3.815888391179441896e+01
3.812827858953779980e+01
3.812881647067894164e+01
3.809678211670511416e+01
3.809687776164820150e+01
3.807378108898345914e+01
3.805900625020050398e+01
3.805564433237741184e+01
3.804978435082597343e+01
3.804560676554019238e+01
3.804352450218268444e+01
3.804457952688083822e+01
3.804752364418519051e+01
3.805312660262566027e+01
3.806601696985756433e+01
3.808045990518362345e+01
3.809743408648716212e+01
3.811569930886502533e+01
3.812227967318121102e+01
3.812406145436999338e+01
3.812548065136500952e+01
3.812632656947359067e+01
3.812896045392167821e+01
3.813133350351799322e+01
3.813527062466073403e+01
3.813824676899591282e+01
3.813890568617581778e+01
3.814466475036278581e+01
3.814707283739002008e+01
3.815054028722432378e+01
3.815271146168743854e+01
3.815512287520439116e+01
3.815866474947991094e+01
3.816371110965125979e+01
3.816519937910037186e+01
3.816519937910037186e+01
3.817308403232204483e+01
3.817429591575699988e+01
3.817678066292766914e+01
3.817678066292766914e+01
3.817678066292766914e+01
3.818918420554336990e+01
3.818918420554336990e+01
3.819006676971847725e+01
3.819121217461135842e+01
3.819620664880498850e+01
3.819656895807800367e+01
3.819958311113344251e+01
3.820216281900507482e+01
3.820424892018665730e+01
3.820568756408124500e+01
3.820816712615000199e+01
3.820952606549206365e+01
3.821214687074090222e+01
3.821248199938152368e+01
3.821532932708851860e+01
3.821561472628683021e+01
3.821634632194043490e+01
3.821692730077249678e+01
3.821846766678244478e+01
3.821841343495896126e+01
3.821877274240921452e+01
3.821611722573919678e+01
3.821353102831638182e+01
3.820981350639752350e+01
3.821076174399442493e+01
3.820928732546730089e+01
3.820517533920585151e+01
3.819440670844011976e+01
3.818933866856905013e+01
3.818933866856905013e+01
3.818988483394230116e+01
3.819382940852359809e+01
3.819382940852359809e+01
3.819171047150734921e+01
3.819023236849833580e+01
3.819023236849833580e+01
3.819023236849833580e+01
3.819063643073725700e+01
3.819063643073725700e+01
3.820734627346513435e+01
3.820770837789679319e+01
3.820770837789679319e+01
3.820770837789679319e+01
3.822804363319487209e+01
3.769800120355529316e+01
3.769800120355529316e+01
3.769964987715964355e+01
3.769966433075187240e+01
3.769966433075187240e+01
3.769966433075187240e+01
3.770115917916928083e+01
3.770115917916928083e+01
3.770139019810800107e+01
3.770246241365386197e+01
3.770246241365386197e+01
3.770246241365386197e+01
3.770366826865712540e+01
3.770366826865712540e+01
3.770366826865712540e+01
3.770473528809780817e+01
3.770473528809780817e+01
3.770647555960654529e+01
3.770647555960654529e+01
3.770647555960654529e+01
3.770756560193922269e+01
3.770760940633092417e+01
3.770760940633092417e+01
3.770859009979254495e+01
3.770869792250179131e+01
3.770869792250179131e+01
3.770973889924634648e+01
3.770973889924634648e+01
3.771136987350128322e+01
3.771142671189754481e+01
3.771166762259271366e+01
3.771262910760374609e+01
3.771262910760374609e+01
3.771262910760374609e+01
3.771360726125611507e+01
3.771360726125611507e+01
3.771461312924716935e+01
3.771461312924716935e+01
3.771462277595718859e+01
3.771618799981894199e+01
3.771618799981894199e+01
3.771725374755949645e+01
3.771725374755949645e+01
3.771827232548338316e+01
3.771827232548338316e+01
3.771827232548338316e+01
3.771937914391760671e+01
3.771937914391760671e+01
3.772057586090700454e+01
3.772116688285277064e+01
3.772244499306911791e+01
3.772267304471886717e+01
3.772427530033482412e+01
3.772437772761851704e+01
3.772440287664261405e+01
3.772615324896595723e+01
3.772708632127360318e+01
3.772869592532799743e+01
3.772993058869242589e+01
3.773201326984415260e+01
3.773450858465355395e+01
3.773668749061504712e+01
3.774072180836736834e+01
3.774745247400144876e+01
3.776116539117691673e+01
3.776933938500198451e+01
3.779464326371851968e+01
3.779764553992833243e+01
3.780038996184788402e+01
3.780251037897055255e+01
3.780456509708925239e+01
3.780554059627870345e+01
3.780514815737267043e+01
3.780181519573503124e+01
3.779559385071284794e+01
3.777890676085286259e+01
3.773707331251709718e+01
3.762409959672604032e+01
3.764046185859598381e+01
3.772201346096660757e+01
3.780621908844223356e+01
3.788954263656921739e+01
3.800336812668609099e+01
3.809318543177343486e+01
3.807041587032225749e+01
3.793815207846235893e+01
3.792187162806193612e+01
3.786518006227134947e+01
3.784060333415687438e+01
3.781715088827056093e+01
3.777593573476288924e+01
3.775327782288797351e+01
3.772936352771806412e+01
3.771365884660097123e+01
3.769283103087076370e+01
3.767342829930848325e+01
3.766033432477794918e+01
3.765470256865582144e+01
3.764902550856754715e+01
3.764435048952476848e+01
3.764224167282592504e+01
3.764224167282592504e+01
3.764007443427323096e+01
3.764096322582608423e+01
3.764096322582608423e+01
3.764284510086237390e+01
3.764546171021029863e+01
3.764546171021029863e+01
3.764605000279212277e+01
3.764674341654271927e+01
3.764699907355970510e+01
3.764844412789871342e+01
3.764984382096785964e+01
3.765082531313818492e+01
3.765227289983462811e+01
3.765290104883924016e+01
3.765372667752188107e+01
3.765510488679677081e+01
3.765657604445801354e+01
3.765802163961517124e+01
3.765876110876867244e+01
3.765993327395221968e+01
3.766061756190809007e+01
3.766201585066688295e+01
3.766276840983839236e+01
3.766347751858526038e+01
3.766558928829491038e+01
3.766623690047976680e+01
3.766746335306292792e+01
3.766822599331013066e+01
3.766899780528014929e+01
3.767063859901871581e+01
3.767167871145996116e+01
3.767257980185722488e+01
3.767444332544496888e+01
3.767521376371651343e+01
3.767671752318983636e+01
3.767768362062406595e+01
3.767962797410122278e+01
3.768061520070443748e+01
3.768176589730531134e+01
3.768373563505403467e+01
3.768485836352791551e+01
3.768485836352791551e+01
3.768664723368188163e+01
3.768864317062764258e+01
3.768924622695048754e+01
3.769056269556844541e+01
3.769193322481648067e+01
3.769276404975440187e+01
3.769408589595502690e+01
3.769494002092258711e+01
3.769609632759419071e+01
3.769702217313399473e+01
3.769858952972616351e+01
3.770078899053036992e+01
3.770158694310893566e+01
3.770340705721703500e+01
3.770458955173322124e+01
3.770564543379943245e+01
3.770664806852619222e+01
3.770876707540580952e+01
3.770939264410345260e+01
3.771200360502470517e+01
3.771269962971978629e+01
3.771418444835330774e+01
3.771418444835330774e+01
3.771418444835330774e+01
3.771986839411674453e+01
3.771986839411674453e+01
3.771999358194897667e+01
3.772159614013925477e+01
3.772252226072220083e+01
3.772400185839826037e+01
3.772400185839826037e+01
3.772400185839826037e+01
3.773001407350193404e+01
3.773001407350193404e+01
3.773001407350193404e+01
3.773214093774529942e+01
3.773301439688702885e+01
3.773496017783360656e+01
3.773579170640907421e+01
3.773724699786657766e+01
3.773801015790017033e+01
3.774055780449920405e+01
3.774138773080588294e+01
3.774187147036852252e+01
3.774621720468421415e+01
3.774621720468421415e+01
3.774644427191485363e+01
3.774805914592627687e+01
3.774893950346000793e+01
3.775053489847202570e+01
3.775232479077590853e+01
3.775286338640730577e+01
3.775286338640730577e+01
3.775653317084578475e+01
3.775731086780390910e+01
3.775794073089721792e+01
3.775929394786403748e+01
3.775929394786403748e+01
3.775929394786403748e+01
3.776484588555619837e+01
3.776484588555619837e+01
3.776537937322767391e+01
3.776620817296362276e+01
3.776772342159987517e+01
3.776893541363489959e+01
3.776981451286204106e+01
3.777074931668455093e+01
3.777242657886284860e+01
3.777290148996161889e+01
3.777459259068744046e+01
3.777617032067495018e+01
3.777638619307990098e+01
3.777821554212503941e+01
3.777821554212503941e+01
3.777821554212503941e+01
3.778119665292700802e+01
3.778152907521180737e+01
3.778182629800967618e+01
3.778297436358117523e+01
3.778303176073069380e+01
3.778316289260136784e+01
3.778539262361850604e+01
3.778611166514180297e+01
3.778652075636925645e+01
3.778631416212404304e+01
3.778631416212404304e+01
3.778958424093629276e+01
3.778958424093629276e+01
3.778952520113503510e+01
3.778974617123886048e+01
3.779059666224583935e+01
3.779052894145707597e+01
3.779053631673671276e+01
3.779053631673671276e+01
3.779053631673671276e+01
3.779053631673671276e+01
3.779579703815656444e+01
3.779620131081630063e+01
3.779620131081630063e+01
3.779620131081630063e+01
3.779639726506428588e+01
3.779639726506428588e+01
3.779639726506428588e+01
3.779639726506428588e+01
3.779680506671964224e+01
3.780812029993441570e+01
3.780812029993441570e+01
3.780824490630257628e+01
3.780824490630257628e+01
3.780827899627192323e+01
3.780827899627192323e+01
3.780922572516863767e+01
3.781248460306007075e+01
3.781708659418906393e+01
3.783217333725261255e+01
3.791663065531911059e+01
3.731319973413802416e+01
3.731375136490193967e+01
3.731502899553005648e+01
3.731502899553005648e+01
3.731502899553005648e+01
3.731502899553005648e+01
3.731502899553005648e+01
3.731502899553005648e+01
3.731502899553005648e+01
3.731616024421215627e+01
3.731616024421215627e+01
3.731616024421215627e+01
3.731616024421215627e+01
3.731616024421215627e+01
3.731616024421215627e+01
3.731691770561597821e+01
3.731691770561597821e+01
3.731691770561597821e+01
3.731756882055714186e+01
3.731756882055714186e+01
3.731786377197082061e+01
3.731792611360192069e+01
3.731920159068130260e+01
3.731920159068130260e+01
3.731920159068130260e+01
3.731920159068130260e+01
3.731933797719986501e+01
3.731933797719986501e+01
3.732049580086039953e+01
3.732049580086039953e+01
3.732049580086039953e+01
3.732049580086039953e+01
3.732049580086039953e+01
3.732049580086039953e+01
3.732052954207904349e+01
3.732222830446254136e+01
3.732222830446254136e+01
3.732233219454485607e+01
3.732233219454485607e+01
3.732233219454485607e+01
3.732233219454485607e+01
3.732330644844967082e+01
3.732330644844967082e+01
3.732330644844967082e+01
3.732330644844967082e+01
3.732330644844967082e+01
3.732330644844967082e+01
3.732435396307705844e+01
3.732458407321549032e+01
3.732458407321549032e+01
3.732458407321549032e+01
3.732508533979191867e+01
3.732508533979191867e+01
3.732608085624233496e+01
3.732608085624233496e+01
3.732608085624233496e+01
3.732608085624233496e+01
3.732608085624233496e+01
3.732608085624233496e+01
3.732670570431426427e+01
3.732670570431426427e+01
3.732684055755738939e+01
3.732684055755738939e+01
3.732684055755738939e+01
3.732684055755738939e+01
3.732788356332892477e+01
3.732788356332892477e+01
3.732788356332892477e+01
3.732848685096230668e+01
3.732848685096230668e+01
3.732941513133398814e+01
3.732941513133398814e+01
3.732941513133398814e+01
3.732941513133398814e+01
3.732964561120760294e+01
3.732964561120760294e+01
3.733072655518367355e+01
3.733072655518367355e+01
3.733072655518367355e+01
3.733072655518367355e+01
3.733082855497295327e+01
3.733082855497295327e+01
3.733171630250043904e+01
3.733171630250043904e+01
3.733227316281448083e+01
3.733227316281448083e+01
3.733227316281448083e+01
3.733305612589020228e+01
3.733305612589020228e+01
3.733305612589020228e+01
3.733305612589020228e+01
3.733305612589020228e+01
3.733387094581772203e+01
3.733387094581772203e+01
3.733389385412827721e+01
3.733402325146590783e+01
3.733402325146590783e+01
3.733491953523836315e+01
3.733491953523836315e+01
3.733566971442877502e+01
3.733566971442877502e+01
3.733566971442877502e+01
3.733566971442877502e+01
3.733645700533308798e+01
3.733645700533308798e+01
3.733648942773938018e+01
3.733648942773938018e+01
3.733648942773938018e+01
3.733724052489139922e+01
3.733724052489139922e+01
3.733724052489139922e+01
3.733724052489139922e+01
3.733813844860210196e+01
3.733813844860210196e+01
3.733813844860210196e+01
3.733867044813555935e+01
3.733867044813555935e+01
3.733944254026179266e+01
3.733944254026179266e+01
3.733944254026179266e+01
3.733944254026179266e+01
3.733944254026179266e+01
3.734029639621574859e+01
3.734029639621574859e+01
3.734051777051583088e+01
3.734052504070953660e+01
3.734141649327339252e+01
3.734141649327339252e+01
3.734141649327339252e+01
3.734141649327339252e+01
3.734223539525056879e+01
3.734315009312969380e+01
3.734315009312969380e+01
3.734315009312969380e+01
3.734315009312969380e+01
3.734407822606232941e+01
3.734407822606232941e+01
3.734407822606232941e+01
3.734407822606232941e+01
3.734407822606232941e+01
3.734512122247222976e+01
3.734512122247222976e+01
3.734512122247222976e+01
3.734512122247222976e+01
3.734637749834419651e+01
3.734684729637016432e+01
3.734684729637016432e+01
3.734684729637016432e+01
3.734821414225093861e+01
3.734842998588909779e+01
3.734842998588909779e+01
3.734842998588909779e+01
3.735001665887931210e+01
3.735001665887931210e+01
3.735052978473260055e+01
3.735097017377692907e+01
3.735142068008769911e+01
3.735190224034481332e+01
3.735287991727794576e+01
3.735430846175909636e+01
3.735474362628596623e+01
3.735545798218284119e+01
3.735689073742813804e+01
3.735789221539742755e+01
3.735885799594215939e+01
3.736009897638515298e+01
3.736250169249970554e+01
3.736348524936305182e+01
3.736771706380367419e+01
3.737029064765617647e+01
3.737931702470613970e+01
3.738506939794673656e+01
3.740820513687563675e+01
3.740082285596935208e+01
3.741623951105107437e+01
3.741914941119456728e+01
3.742087554548988493e+01
3.742170699124778821e+01
3.742275470785470759e+01
3.742405469204359747e+01
3.742534448391045032e+01
3.742613473231969579e+01
3.742686843950737341e+01
3.742761665699616458e+01
3.742860169831793371e+01
3.742944938620771467e+01
3.743012081217884912e+01
3.743067169938552752e+01
3.743138800297624869e+01
3.743150153838080030e+01
3.743149410407941957e+01
3.743103599862182307e+01
3.743057204877332822e+01
3.742920050517643205e+01
3.742753224704119930e+01
3.742466303801487015e+01
3.742047307796297417e+01
3.741389556105373515e+01
3.740467687812419229e+01
3.739230724226315772e+01
3.738278607184898306e+01
3.736191661000029285e+01
3.732353190248274188e+01
3.728220042287765068e+01
3.724752134425276751e+01
3.724357629058435748e+01
3.728975039871136232e+01
3.728986357051882550e+01
3.728986357051882550e+01
3.735438067404813012e+01
3.735438067404813012e+01
3.735438067404813012e+01
3.742672684117395931e+01
3.742672684117395931e+01
3.748780374733231469e+01
3.748780374733231469e+01
3.748815370769470690e+01
3.755055740088231886e+01
3.755055740088231886e+01
3.760988323838130043e+01
3.761000014511697032e+01
3.761000014511697032e+01
3.767729973243683617e+01
3.767729973243683617e+01
3.767729973243683617e+01
3.774369889617053531e+01
3.774369889617053531e+01
3.781446252849772804e+01
3.781446252849772804e+01
3.781468387056786185e+01
3.788716468343534416e+01
3.788716468343534416e+01
3.795157976114167298e+01
3.795157976114167298e+01
3.795157976114167298e+01
3.788181749224489181e+01
3.788181749224489181e+01
3.783589905958157118e+01
3.783589905958157118e+01
3.783589905958157118e+01
3.791733011315285751e+01
3.791733011315285751e+01
3.800478801517778749e+01
3.800483430552232988e+01
3.800483430552232988e+01
3.810644408822363971e+01
3.810644408822363971e+01
3.810644408822363971e+01
3.822517902519614097e+01
3.822517902519614097e+01
3.836452486054364641e+01
3.836452486054364641e+01
3.836452486054364641e+01
3.854326348385711043e+01
3.854326348385711043e+01
3.876761352865062804e+01
3.876761352865062804e+01
3.695151049743387262e+01
3.695151049743387262e+01
3.695151049743387262e+01
3.695151049743387262e+01
3.695151049743387262e+01
3.695181363669310315e+01
3.695181363669310315e+01
3.695181363669310315e+01
3.695181363669310315e+01
3.695233433455920391e+01
3.695233433455920391e+01
3.695339456552892443e+01
3.695339456552892443e+01
3.695339456552892443e+01
3.695339456552892443e+01
3.695339456552892443e+01
3.695339456552892443e+01
3.695339456552892443e+01
3.695339456552892443e+01
3.695339456552892443e+01
3.695339456552892443e+01
3.695339456552892443e+01
3.695339456552892443e+01
3.695339456552892443e+01
3.695450053097945187e+01
3.695451809507997609e+01
3.695451809507997609e+01
3.695451809507997609e+01
3.695451809507997609e+01
3.695451809507997609e+01
3.695465909978403829e+01
3.695489934897014450e+01
3.695541284056287878e+01
3.695541284056287878e+01
3.695541284056287878e+01
3.695541284056287878e+01
3.695541284056287878e+01
3.695678633092020959e+01
3.695678633092020959e+01
3.695678633092020959e+01
3.695678633092020959e+01
3.695678633092020959e+01
3.695678633092020959e+01
3.695678633092020959e+01
3.695678633092020959e+01
3.695678633092020959e+01
3.695678633092020959e+01
3.695684115626880129e+01
3.695684115626880129e+01
3.695810519607098854e+01
3.695810519607098854e+01
3.695810519607098854e+01
3.695810519607098854e+01
3.695810519607098854e+01
3.695861303727012626e+01
3.695861303727012626e+01
3.695861303727012626e+01
3.695861303727012626e+01
3.695861303727012626e+01
3.695861303727012626e+01
3.695861303727012626e+01
3.695968165848098863e+01
3.695976110937264281e+01
3.695976110937264281e+01
3.695976110937264281e+01
3.695976110937264281e+01
3.695976110937264281e+01
3.695976110937264281e+01
3.695976110937264281e+01
3.696006034024357234e+01
3.696006034024357234e+01
3.696030209343967954e+01
3.696030209343967954e+01
3.696129461202362165e+01
3.696129461202362165e+01
3.696129461202362165e+01
3.696180684325950239e+01
3.696180684325950239e+01
3.696180684325950239e+01
3.696180684325950239e+01
3.696180684325950239e+01
3.696194617849941011e+01
3.696194617849941011e+01
3.696194617849941011e+01
3.696293887557450830e+01
3.696293887557450830e+01
3.696293887557450830e+01
3.696293887557450830e+01
3.696293887557450830e+01
3.696293887557450830e+01
3.696293887557450830e+01
3.696293887557450830e+01
3.696293887557450830e+01
3.696293887557450830e+01
3.696293887557450830e+01
3.696293887557450830e+01
3.696388254589487588e+01
3.696439008407963911e+01
3.696439008407963911e+01
3.696439008407963911e+01
3.696439008407963911e+01
3.696469415949484016e+01
3.696469415949484016e+01
