9.100000000000000000e+01 -inf
9.400000000000000000e+01 -inf
9.600000000000000000e+01 -inf
9.800000000000000000e+01 -inf
1.000000000000000000e+02 -inf
1.020000000000000000e+02 -inf
1.040000000000000000e+02 -inf
1.060000000000000000e+02 -inf
1.080000000000000000e+02 -inf
1.100000000000000000e+02 -inf
1.140000000000000000e+02 -inf
1.180000000000000000e+02 -inf
1.210000000000000000e+02 -inf
1.250000000000000000e+02 -inf
1.270000000000000000e+02 -inf
1.280000000000000000e+02 -inf
1.310000000000000000e+02 -inf
1.320000000000000000e+02 -inf
1.340000000000000000e+02 -inf
1.370000000000000000e+02 -inf
1.400000000000000000e+02 -inf
1.430000000000000000e+02 -inf
1.470000000000000000e+02 -inf
1.510000000000000000e+02 -inf
1.550000000000000000e+02 -inf
1.590000000000000000e+02 -inf
1.620000000000000000e+02 -inf
1.660000000000000000e+02 -inf
1.700000000000000000e+02 -inf
1.730000000000000000e+02 -inf
1.770000000000000000e+02 -inf
1.800000000000000000e+02 -inf
1.820000000000000000e+02 -inf
1.860000000000000000e+02 -inf
1.910000000000000000e+02 -inf
1.940000000000000000e+02 -inf
1.980000000000000000e+02 -inf
2.020000000000000000e+02 -inf
2.050000000000000000e+02 -inf
2.100000000000000000e+02 -inf
2.160000000000000000e+02 -inf
2.200000000000000000e+02 -inf
2.230000000000000000e+02 -inf
2.270000000000000000e+02 -inf
2.300000000000000000e+02 2.342484326034078279e+01
2.340000000000000000e+02 2.378906373592315759e+01
2.400000000000000000e+02 2.417154924167519425e+01
2.460000000000000000e+02 2.456581707905468548e+01
2.520000000000000000e+02 2.490837222845213361e+01
2.570000000000000000e+02 2.512628125068566121e+01
2.600000000000000000e+02 2.532890439628867085e+01
2.640000000000000000e+02 2.553298521655834818e+01
2.690000000000000000e+02 2.575677705854927524e+01
2.740000000000000000e+02 2.599668393108437314e+01
2.790000000000000000e+02 2.623068887864115695e+01
2.840000000000000000e+02 2.648815845835011373e+01
2.900000000000000000e+02 2.674315637631366727e+01
2.960000000000000000e+02 2.698992464166417449e+01
3.010000000000000000e+02 2.718474720878955253e+01
3.080000000000000000e+02 2.744067175247531054e+01
3.180000000000000000e+02 2.782358086989607315e+01
3.280000000000000000e+02 2.815229431457112597e+01
3.380000000000000000e+02 2.847851549611936761e+01
3.480000000000000000e+02 2.877638904593753821e+01
3.570000000000000000e+02 2.910973882948944436e+01
3.660000000000000000e+02 2.936062522666995278e+01
3.750000000000000000e+02 2.957372002912424591e+01
3.850000000000000000e+02 2.981215962844476763e+01
3.950000000000000000e+02 3.004110486927749690e+01
4.050000000000000000e+02 3.024921347042959496e+01
4.140000000000000000e+02 3.043459724544181455e+01
4.220000000000000000e+02 3.058376160254027099e+01
4.300000000000000000e+02 3.073591728118615762e+01
4.410000000000000000e+02 3.093133581480812921e+01
4.510000000000000000e+02 3.109863425234027901e+01
4.600000000000000000e+02 3.123984240799054390e+01
4.700000000000000000e+02 3.139666652355093390e+01
4.800000000000000000e+02 3.154307304416580138e+01
4.900000000000000000e+02 3.168629462907281180e+01
5.000000000000000000e+02 3.182177545517935258e+01
5.060000000000000000e+02 3.280368662902503019e+01
5.120000000000000000e+02 3.348602281053481988e+01
5.200000000000000000e+02 3.356008799437678647e+01
5.300000000000000000e+02 3.366248609253906920e+01
5.400000000000000000e+02 3.369166224388462183e+01
5.500000000000000000e+02 3.385786404260930738e+01
5.600000000000000000e+02 3.392690098920584774e+01
5.700000000000000000e+02 3.401732972250681541e+01
5.800000000000000000e+02 3.401049473405907264e+01
5.900000000000000000e+02 3.413085646667735062e+01
6.000000000000000000e+02 3.419944970446007204e+01
6.100000000000000000e+02 3.427531438696935595e+01
6.200000000000000000e+02 3.432471335690484437e+01
6.300000000000000000e+02 3.438054760118502884e+01
6.400000000000000000e+02 3.440479216501692861e+01
6.500000000000000000e+02 3.447035057651147838e+01
6.580000000000000000e+02 3.452061269603231608e+01
6.650000000000000000e+02 3.454924292114069573e+01
6.750000000000000000e+02 3.456904510158226884e+01
6.850000000000000000e+02 3.460572052895241768e+01
6.950000000000000000e+02 3.468442841921161346e+01
7.050000000000000000e+02 3.470868622987079277e+01
7.160000000000000000e+02 3.476106709228832869e+01
7.260000000000000000e+02 3.479092746052518237e+01
7.350000000000000000e+02 3.481581426402193813e+01
7.450000000000000000e+02 3.486940345338636860e+01
7.550000000000000000e+02 3.490603946178208616e+01
7.650000000000000000e+02 3.494171514011655688e+01
7.750000000000000000e+02 3.497804120975712294e+01
7.850000000000000000e+02 3.501204786847173267e+01
7.950000000000000000e+02 3.503551636912064282e+01
8.050000000000000000e+02 3.506184256041734670e+01
8.150000000000000000e+02 3.508263419734145572e+01
8.250000000000000000e+02 3.512077026689796355e+01
8.350000000000000000e+02 3.510166021346712739e+01
8.450000000000000000e+02 3.515697275468026817e+01
8.550000000000000000e+02 3.517828784252166940e+01
8.650000000000000000e+02 3.520804828502743788e+01
8.750000000000000000e+02 3.523915861509409098e+01
8.850000000000000000e+02 3.527156318304182747e+01
8.950000000000000000e+02 3.529483495839075857e+01
9.050000000000000000e+02 3.530263260236431222e+01
9.150000000000000000e+02 3.548489078198750235e+01
9.250000000000000000e+02 3.632809781035089713e+01
9.350000000000000000e+02 3.678118390051747610e+01
9.450000000000000000e+02 3.715637660089654304e+01
9.550000000000000000e+02 3.728814399818051584e+01
9.650000000000000000e+02 3.736888090695250497e+01
9.750000000000000000e+02 3.660682621818577331e+01
9.850000000000000000e+02 3.733319535447093074e+01
9.950000000000000000e+02 3.730728838299721417e+01
1.005000000000000000e+03 3.740691477536199727e+01
1.015000000000000000e+03 3.738101265730992395e+01
1.025000000000000000e+03 3.697996102368813354e+01
1.035000000000000000e+03 3.726485323014279061e+01
1.045000000000000000e+03 3.746321921514947917e+01
1.055000000000000000e+03 3.743444535769759085e+01
1.065000000000000000e+03 3.735722133799942668e+01
1.075000000000000000e+03 3.740894769365866779e+01
1.085000000000000000e+03 3.733291333289425751e+01
1.095000000000000000e+03 3.741182938730729290e+01
1.105000000000000000e+03 3.737520531800841184e+01
1.115000000000000000e+03 3.736591190559238385e+01
1.125000000000000000e+03 3.730407971691776936e+01
1.135000000000000000e+03 3.737655998556074621e+01
1.145000000000000000e+03 3.733571337629091147e+01
1.155000000000000000e+03 3.734744715187024156e+01
1.165000000000000000e+03 3.734780571917040959e+01
1.175000000000000000e+03 3.718874767207360321e+01
1.185000000000000000e+03 3.733078634810190977e+01
1.195000000000000000e+03 3.727195982766244242e+01
1.205000000000000000e+03 3.714776443969604713e+01
1.215000000000000000e+03 3.690512105455654535e+01
1.225000000000000000e+03 3.721742748899053765e+01
1.235000000000000000e+03 3.729695854950735878e+01
1.245000000000000000e+03 3.730307441578226246e+01
1.255000000000000000e+03 3.728314050538673996e+01
1.265000000000000000e+03 3.726782831885836345e+01
1.275000000000000000e+03 3.729373454532002796e+01
1.285000000000000000e+03 3.728688149651567585e+01
1.295000000000000000e+03 3.721039259981162672e+01
1.305000000000000000e+03 3.722138496261890594e+01
1.315000000000000000e+03 3.726783880523920800e+01
1.325000000000000000e+03 3.724031915044812280e+01
1.335000000000000000e+03 3.721386499978216023e+01
1.345000000000000000e+03 3.723116822406802839e+01
1.355000000000000000e+03 3.722445028952509460e+01
1.365000000000000000e+03 3.719230973539625040e+01
1.375000000000000000e+03 3.718516785771369371e+01
1.385000000000000000e+03 3.718305341717621104e+01
1.395000000000000000e+03 3.709555578836737766e+01
1.405000000000000000e+03 3.711479784730613574e+01
1.415000000000000000e+03 3.714342322261009599e+01
1.425000000000000000e+03 3.713408706759550171e+01
1.435000000000000000e+03 3.713957612037667388e+01
1.442000000000000000e+03 3.714614023520704933e+01
1.447000000000000000e+03 3.713729748245644657e+01
1.455000000000000000e+03 3.712694333988986273e+01
1.465000000000000000e+03 3.709703068924469704e+01
1.475000000000000000e+03 3.709669089311071843e+01
1.485000000000000000e+03 3.708881872768192522e+01
1.495000000000000000e+03 3.708266635421071555e+01
1.505000000000000000e+03 3.704908385608416665e+01
1.512000000000000000e+03 3.700078467559792728e+01
1.517000000000000000e+03 3.701480059564885039e+01
1.525000000000000000e+03 3.702460168050052403e+01
1.535000000000000000e+03 3.696674282362289432e+01
1.545000000000000000e+03 3.696674501022133086e+01
1.555000000000000000e+03 3.694909903688001407e+01
1.565000000000000000e+03 3.697298504813578290e+01
1.575000000000000000e+03 3.699260749098192491e+01
1.585000000000000000e+03 3.698967580718384340e+01
1.595000000000000000e+03 3.698923899973111418e+01
1.605000000000000000e+03 3.698603458434322988e+01
1.615000000000000000e+03 3.697860522388431548e+01
1.625000000000000000e+03 3.696906686885040472e+01
1.635000000000000000e+03 3.698593939523563279e+01
1.645000000000000000e+03 3.698047010049680239e+01
1.655000000000000000e+03 3.697087406224051165e+01
1.665000000000000000e+03 3.698017802227965944e+01
1.672000000000000000e+03 3.696283931986189231e+01
1.677000000000000000e+03 3.698312443826718976e+01
1.685000000000000000e+03 3.697677535909904378e+01
1.695000000000000000e+03 3.695649197219816529e+01
1.705000000000000000e+03 3.694057208559210892e+01
1.715000000000000000e+03 3.691909700221366109e+01
1.725000000000000000e+03 3.691286572117772380e+01
1.735000000000000000e+03 3.692570896298516914e+01
1.745000000000000000e+03 3.691278141480717778e+01
1.755000000000000000e+03 3.691916418401493161e+01
1.765000000000000000e+03 3.690195906610021837e+01
1.775000000000000000e+03 3.688762277527907685e+01
1.785000000000000000e+03 3.689134383694342745e+01
1.795000000000000000e+03 3.690030903923968708e+01
1.805000000000000000e+03 3.689994864804044994e+01
1.815000000000000000e+03 3.685942943592021237e+01
1.825000000000000000e+03 3.687293757134601435e+01
1.835000000000000000e+03 3.685813362578660701e+01
1.845000000000000000e+03 3.682088346391464029e+01
1.855000000000000000e+03 3.681850827099904677e+01
1.865000000000000000e+03 3.682465480520609447e+01
1.875000000000000000e+03 3.684273121972017861e+01
1.885000000000000000e+03 3.679673624112281516e+01
1.895000000000000000e+03 3.676589111996046455e+01
1.905000000000000000e+03 3.679831357336816211e+01
1.915000000000000000e+03 3.677344378483711296e+01
1.925000000000000000e+03 3.675554388553928220e+01
1.935000000000000000e+03 3.677575866729043241e+01
1.945000000000000000e+03 3.678465133531035747e+01
1.955000000000000000e+03 3.674466900201781527e+01
1.967000000000000000e+03 3.677366503052436997e+01
1.976000000000000000e+03 3.678953641201570690e+01
1.984000000000000000e+03 3.675816812107505882e+01
1.995000000000000000e+03 3.674912607776762741e+01
2.005000000000000000e+03 3.675891429887063566e+01
2.015000000000000000e+03 3.675385837629438157e+01
2.025000000000000000e+03 3.676592143701981286e+01
2.035000000000000000e+03 3.673059606454376791e+01
2.045000000000000000e+03 3.673479376891384618e+01
2.055000000000000000e+03 3.672250238218779828e+01
2.065000000000000000e+03 3.672566213789173872e+01
2.074000000000000000e+03 3.674410398498096697e+01
2.078000000000000000e+03 3.670734620514512869e+01
2.085000000000000000e+03 3.672177910124486289e+01
2.095000000000000000e+03 3.669852051249364422e+01
2.105000000000000000e+03 3.671077122909378687e+01
2.115000000000000000e+03 3.670874453066306842e+01
2.125000000000000000e+03 3.671348545492612203e+01
2.135000000000000000e+03 3.670362363680717976e+01
2.145000000000000000e+03 3.668362550781201037e+01
2.155000000000000000e+03 3.669771478510136831e+01
2.165000000000000000e+03 3.669313818312149067e+01
2.175000000000000000e+03 3.668665432042165264e+01
2.185000000000000000e+03 3.667620954230974917e+01
2.195000000000000000e+03 3.667987126494668360e+01
2.205000000000000000e+03 3.667370315552537363e+01
2.215000000000000000e+03 3.666652121754597715e+01
2.225000000000000000e+03 3.665463956881266228e+01
2.235000000000000000e+03 3.665239652559284877e+01
2.245000000000000000e+03 3.665210407165886153e+01
2.255000000000000000e+03 3.664014806050602857e+01
2.265000000000000000e+03 3.664268929962942423e+01
2.275000000000000000e+03 3.663737287361736605e+01
2.285000000000000000e+03 3.663683567146173203e+01
2.295000000000000000e+03 3.661693760522594943e+01
2.305000000000000000e+03 3.662202660171243451e+01
2.315000000000000000e+03 3.660964577554097588e+01
2.325000000000000000e+03 3.655411401888456169e+01
2.335000000000000000e+03 3.659127448346229983e+01
2.345000000000000000e+03 3.658932389145074637e+01
2.355000000000000000e+03 3.658992671370862126e+01
2.365000000000000000e+03 3.658173977725556369e+01
2.375000000000000000e+03 3.657640577295251916e+01
2.385000000000000000e+03 3.657017486569488796e+01
2.395000000000000000e+03 3.656927353967472527e+01
2.405000000000000000e+03 3.655990946174074452e+01
2.415000000000000000e+03 3.655598660774784037e+01
2.425000000000000000e+03 3.655655374632615917e+01
2.435000000000000000e+03 3.654433056298343985e+01
2.445000000000000000e+03 3.654488756600242993e+01
2.455000000000000000e+03 3.654366706095641604e+01
2.465000000000000000e+03 3.653505204880772794e+01
2.475000000000000000e+03 3.652947347926897237e+01
2.485000000000000000e+03 3.652631952550225947e+01
2.495000000000000000e+03 3.649926554164299830e+01
2.505000000000000000e+03 3.651650068423698059e+01
2.513000000000000000e+03 3.649756400777549459e+01
2.518000000000000000e+03 3.650979167664006297e+01
2.525000000000000000e+03 3.650194083842751525e+01
2.535000000000000000e+03 3.649574261578454326e+01
2.545000000000000000e+03 3.648718040515586836e+01
2.555000000000000000e+03 3.649093817561203679e+01
2.565000000000000000e+03 3.648506373921421186e+01
2.575000000000000000e+03 3.648493080550244372e+01
2.585000000000000000e+03 3.648064216027948703e+01
2.595000000000000000e+03 3.647569807607958836e+01
2.605000000000000000e+03 3.646930337783712162e+01
2.615000000000000000e+03 3.646425002383820413e+01
2.625000000000000000e+03 3.646091458693572918e+01
2.635000000000000000e+03 3.645696128360989263e+01
2.645000000000000000e+03 3.645848528679788103e+01
2.655000000000000000e+03 3.645531962896723144e+01
2.665000000000000000e+03 3.644353570750531901e+01
2.675000000000000000e+03 3.644335847783613502e+01
2.685000000000000000e+03 3.644102108370363169e+01
2.695000000000000000e+03 3.642913491762850242e+01
2.705000000000000000e+03 3.642659576243796238e+01
2.715000000000000000e+03 3.642200464564324136e+01
2.725000000000000000e+03 3.641629506515353398e+01
2.735000000000000000e+03 3.641617551702542954e+01
2.745000000000000000e+03 3.640183492425925493e+01
2.755000000000000000e+03 3.640004079414708826e+01
2.765000000000000000e+03 3.639694600782215872e+01
2.775000000000000000e+03 3.639907140739941838e+01
2.785000000000000000e+03 3.639269255492277466e+01
2.795000000000000000e+03 3.637451922374928870e+01
2.805000000000000000e+03 3.637924017760154527e+01
2.815000000000000000e+03 3.638154242978792752e+01
2.825000000000000000e+03 3.637470704771531871e+01
2.835000000000000000e+03 3.636140847781715024e+01
2.845000000000000000e+03 3.636489524841988441e+01
2.855000000000000000e+03 3.636013559426425701e+01
2.865000000000000000e+03 3.635987580976014044e+01
2.875000000000000000e+03 3.635482318685986058e+01
2.885000000000000000e+03 3.635067297763303884e+01
2.895000000000000000e+03 3.634589696432807671e+01
2.910000000000000000e+03 3.633976752053916215e+01
2.930000000000000000e+03 3.633044530839923425e+01
2.950000000000000000e+03 3.631874815381503652e+01
2.970000000000000000e+03 3.631397786135390504e+01
2.990000000000000000e+03 3.630459937301361606e+01
3.010000000000000000e+03 3.629476013808518076e+01
3.030000000000000000e+03 3.629001120986610118e+01
3.050000000000000000e+03 3.628188892332609328e+01
3.070000000000000000e+03 3.627353477082893107e+01
3.090000000000000000e+03 3.626298701128699520e+01
3.110000000000000000e+03 3.625697448833574299e+01
3.130000000000000000e+03 3.624775745683344752e+01
3.150000000000000000e+03 3.624080594997754190e+01
3.170000000000000000e+03 3.623231813324846939e+01
3.190000000000000000e+03 3.622049890672359140e+01
3.210000000000000000e+03 3.621721337196767365e+01
3.230000000000000000e+03 3.620756479544984074e+01
3.250000000000000000e+03 3.620216137304340975e+01
3.270000000000000000e+03 3.619573454467111873e+01
3.290000000000000000e+03 3.618796008220681415e+01
3.310000000000000000e+03 3.618067658991613911e+01
3.330000000000000000e+03 3.617281252806117209e+01
3.350000000000000000e+03 3.616416819392463822e+01
3.370000000000000000e+03 3.615526940615870899e+01
3.390000000000000000e+03 3.614885208854840215e+01
3.410000000000000000e+03 3.614238244677515866e+01
3.430000000000000000e+03 3.613020818923503441e+01
3.450000000000000000e+03 3.612356661023696347e+01
3.470000000000000000e+03 3.612026001313469692e+01
3.490000000000000000e+03 3.611483189532329163e+01
3.510000000000000000e+03 3.611036778048012508e+01
3.530000000000000000e+03 3.610162004179413486e+01
3.550000000000000000e+03 3.609835453892019075e+01
3.570000000000000000e+03 3.608584557612137189e+01
3.590000000000000000e+03 3.607519378588466452e+01
3.610000000000000000e+03 3.607182813626988604e+01
3.630000000000000000e+03 3.606913257024774566e+01
3.640000000000000000e+03 3.607065989480462775e+01
3.650000000000000000e+03 3.606809069778791610e+01
3.670000000000000000e+03 3.606655420438688964e+01
3.690000000000000000e+03 3.604308323355709831e+01
3.710000000000000000e+03 3.603222376158329610e+01
3.730000000000000000e+03 3.601336327456370867e+01
3.750000000000000000e+03 3.604989759935391191e+01
3.770000000000000000e+03 3.605690547197368545e+01
3.790000000000000000e+03 3.608154632528857064e+01
3.810000000000000000e+03 3.610182870036160807e+01
3.830000000000000000e+03 3.603780955061564839e+01
3.850000000000000000e+03 3.610445915447005660e+01
3.870000000000000000e+03 3.610827543616922242e+01
3.890000000000000000e+03 3.601726644230964780e+01
3.910000000000000000e+03 3.610902288374775537e+01
3.930000000000000000e+03 3.608114395225815940e+01
3.950000000000000000e+03 3.608683285893840065e+01
3.970000000000000000e+03 3.597014161251328090e+01
3.990000000000000000e+03 3.608967982224637439e+01
4.010000000000000000e+03 3.610330608464784063e+01
4.030000000000000000e+03 3.608721871801292025e+01
4.050000000000000000e+03 3.609104797085316818e+01
4.070000000000000000e+03 3.607416615489535161e+01
4.090000000000000000e+03 3.605982488221241056e+01
4.110000000000000000e+03 3.600225705971873680e+01
4.130000000000000000e+03 3.605866629313789673e+01
4.150000000000000000e+03 3.605670302792655946e+01
4.170000000000000000e+03 3.605304241196495951e+01
4.190000000000000000e+03 3.605138305999968651e+01
4.210000000000000000e+03 3.604755542225053944e+01
4.230000000000000000e+03 3.603706412367704104e+01
4.250000000000000000e+03 3.604000116339859972e+01
4.270000000000000000e+03 3.602582246544507427e+01
4.290000000000000000e+03 3.602049018398976443e+01
4.310000000000000000e+03 3.600324266142822438e+01
4.330000000000000000e+03 3.599512722271224874e+01
4.350000000000000000e+03 3.596815578497182031e+01
4.370000000000000000e+03 3.602480252257645787e+01
4.390000000000000000e+03 3.600537842273642752e+01
4.410000000000000000e+03 3.600701299241156050e+01
4.430000000000000000e+03 3.601414998514986365e+01
4.450000000000000000e+03 3.601303221073826677e+01
4.470000000000000000e+03 3.600507659450997977e+01
4.490000000000000000e+03 3.601699050374058686e+01
4.510000000000000000e+03 3.603660059172861452e+01
4.530000000000000000e+03 3.600856142707826990e+01
4.550000000000000000e+03 3.601018642924599078e+01
4.570000000000000000e+03 3.602029842695550599e+01
4.590000000000000000e+03 3.601023444082952096e+01
4.610000000000000000e+03 3.601123269966630147e+01
4.630000000000000000e+03 3.600341607996260507e+01
4.650000000000000000e+03 3.600042631529745307e+01
4.670000000000000000e+03 3.600760420213259039e+01
4.690000000000000000e+03 3.600348987255803479e+01
4.710000000000000000e+03 3.598991167822185844e+01
4.730000000000000000e+03 3.599398790438252149e+01
4.750000000000000000e+03 3.599730050577326779e+01
4.770000000000000000e+03 3.599662100096638540e+01
4.790000000000000000e+03 3.599062072386519162e+01
4.810000000000000000e+03 3.598805772366650046e+01
4.830000000000000000e+03 3.599012712990302276e+01
4.850000000000000000e+03 3.596113098636953964e+01
4.870000000000000000e+03 3.591903122056682207e+01
4.890000000000000000e+03 3.597726292442928298e+01
4.910000000000000000e+03 3.597600881090254177e+01
4.930000000000000000e+03 3.596230996712150585e+01
4.950000000000000000e+03 3.597785359972702679e+01
4.970000000000000000e+03 3.596983051075275739e+01
4.990000000000000000e+03 3.595128631033273336e+01
5.010000000000000000e+03 3.593184147868807088e+01
5.030000000000000000e+03 3.594596728345661774e+01
5.050000000000000000e+03 3.593887250420031876e+01
5.070000000000000000e+03 3.594840674840774852e+01
5.090000000000000000e+03 3.592704660210830525e+01
5.110000000000000000e+03 3.593073810264898071e+01
5.130000000000000000e+03 3.591475181867490107e+01
5.150000000000000000e+03 3.590676679992915865e+01
5.170000000000000000e+03 3.589540010025205419e+01
5.190000000000000000e+03 3.590452255717583085e+01
5.210000000000000000e+03 3.590764654309669623e+01
5.230000000000000000e+03 3.593116513444013549e+01
5.250000000000000000e+03 3.593732081949529800e+01
5.270000000000000000e+03 3.590690608850403009e+01
5.290000000000000000e+03 3.593934502881863580e+01
5.310000000000000000e+03 3.595597767495921460e+01
5.330000000000000000e+03 3.592047769619009046e+01
5.350000000000000000e+03 3.594519862050713499e+01
5.370000000000000000e+03 3.594362448204178406e+01
5.390000000000000000e+03 3.592842430104727214e+01
5.410000000000000000e+03 3.592767456284006755e+01
5.430000000000000000e+03 3.592604058542574563e+01
5.450000000000000000e+03 3.593950620360909909e+01
5.470000000000000000e+03 3.592834302731687046e+01
5.490000000000000000e+03 3.592521200233063894e+01
5.510000000000000000e+03 3.592246009029297937e+01
5.530000000000000000e+03 3.593428169972283825e+01
5.550000000000000000e+03 3.593780395937953642e+01
5.570000000000000000e+03 3.593186719300539522e+01
5.590000000000000000e+03 3.592258936905332689e+01
5.610000000000000000e+03 3.593554714513438597e+01
5.630000000000000000e+03 3.592842428710416414e+01
5.650000000000000000e+03 3.593080430976348083e+01
5.670000000000000000e+03 3.592070554012028083e+01
5.690000000000000000e+03 3.593147716607204245e+01
5.710000000000000000e+03 3.591400300833927872e+01
5.730000000000000000e+03 3.594191117045992456e+01
5.750000000000000000e+03 3.592801004261075093e+01
5.770000000000000000e+03 3.593372899149059663e+01
5.790000000000000000e+03 3.591422288800404772e+01
5.810000000000000000e+03 3.593251779652003819e+01
5.830000000000000000e+03 3.594404544081402264e+01
5.850000000000000000e+03 3.593109790124472624e+01
5.870000000000000000e+03 3.592866371771598466e+01
5.890000000000000000e+03 3.588125690686746339e+01
5.910000000000000000e+03 3.592531322515111469e+01
5.930000000000000000e+03 3.592737633881895221e+01
5.950000000000000000e+03 3.592458743552009537e+01
5.970000000000000000e+03 3.593488850256398592e+01
5.990000000000000000e+03 3.592341664361027398e+01
6.010000000000000000e+03 3.591760687344974201e+01
6.030000000000000000e+03 3.592875995491712615e+01
6.050000000000000000e+03 3.593330844632829724e+01
6.070000000000000000e+03 3.593081599652238367e+01
6.090000000000000000e+03 3.591434319733158986e+01
6.110000000000000000e+03 3.591759698367636133e+01
6.130000000000000000e+03 3.589437752510448831e+01
6.150000000000000000e+03 3.590818453310956215e+01
6.170000000000000000e+03 3.589413802659711905e+01
6.190000000000000000e+03 3.591403501489659078e+01
6.210000000000000000e+03 3.590811544638523145e+01
6.230000000000000000e+03 3.589613869112015010e+01
6.250000000000000000e+03 3.587946023131954121e+01
6.270000000000000000e+03 3.589577201766356040e+01
6.290000000000000000e+03 3.590592055248153969e+01
6.310000000000000000e+03 3.589614644839671342e+01
6.330000000000000000e+03 3.590330183367455419e+01
6.350000000000000000e+03 3.590523945560885011e+01
6.370000000000000000e+03 3.590184267927937611e+01
6.390000000000000000e+03 3.590644862179618713e+01
6.410000000000000000e+03 3.590076629385693252e+01
6.430000000000000000e+03 3.590185998669443990e+01
6.450000000000000000e+03 3.590341557938968009e+01
6.470000000000000000e+03 3.590184060641372810e+01
6.490000000000000000e+03 3.588934916937306951e+01
6.510000000000000000e+03 3.590311340982506749e+01
6.530000000000000000e+03 3.590308174898782312e+01
6.550000000000000000e+03 3.589214352853585410e+01
6.570000000000000000e+03 3.587572799566172677e+01
6.590000000000000000e+03 3.589922188744721154e+01
6.610000000000000000e+03 3.590183538000228936e+01
6.630000000000000000e+03 3.590191589824613061e+01
6.650000000000000000e+03 3.590195678919679523e+01
6.670000000000000000e+03 3.589237692676456959e+01
6.690000000000000000e+03 3.590270517830515473e+01
6.710000000000000000e+03 3.588549060025496829e+01
6.730000000000000000e+03 3.590180322015621073e+01
6.750000000000000000e+03 3.589193383453503827e+01
6.770000000000000000e+03 3.589529950225877286e+01
6.790000000000000000e+03 3.589069690384857125e+01
6.810000000000000000e+03 3.589255049326629887e+01
6.830000000000000000e+03 3.589746195139727547e+01
6.850000000000000000e+03 3.588586769847464808e+01
6.870000000000000000e+03 3.589113246625426257e+01
6.890000000000000000e+03 3.589928268485527241e+01
6.910000000000000000e+03 3.589568609970269364e+01
6.930000000000000000e+03 3.588916500796680964e+01
6.950000000000000000e+03 3.588343000348810108e+01
6.970000000000000000e+03 3.588953097672441572e+01
6.990000000000000000e+03 3.588221884700358544e+01
7.010000000000000000e+03 3.587521936112663212e+01
7.030000000000000000e+03 3.588365740389858161e+01
7.050000000000000000e+03 3.589053589105382258e+01
7.070000000000000000e+03 3.587773565145724319e+01
7.090000000000000000e+03 3.587168197878812492e+01
7.110000000000000000e+03 3.585959424748750735e+01
7.130000000000000000e+03 3.585181108769830161e+01
7.150000000000000000e+03 3.585422654131943432e+01
7.170000000000000000e+03 3.586221213466416913e+01
7.190000000000000000e+03 3.585001953970110122e+01
7.210000000000000000e+03 3.586057378607635826e+01
7.230000000000000000e+03 3.587070528212160525e+01
7.250000000000000000e+03 3.586960580048088332e+01
7.270000000000000000e+03 3.586946192004537437e+01
7.290000000000000000e+03 3.586128177556101093e+01
7.310000000000000000e+03 3.586736503365229112e+01
7.330000000000000000e+03 3.586804391224920607e+01
7.350000000000000000e+03 3.586613957622311233e+01
7.370000000000000000e+03 3.587803206183124161e+01
7.390000000000000000e+03 3.586934404429534595e+01
7.410000000000000000e+03 3.586501938046331617e+01
7.430000000000000000e+03 3.587175487979843069e+01
7.450000000000000000e+03 3.587344876489106582e+01
7.470000000000000000e+03 3.587289885987031823e+01
7.490000000000000000e+03 3.586960211806584908e+01
7.510000000000000000e+03 3.587703878888702747e+01
7.530000000000000000e+03 3.588027300550920984e+01
7.550000000000000000e+03 3.588303205101488658e+01
7.570000000000000000e+03 3.587957411383378314e+01
7.590000000000000000e+03 3.587549063763080426e+01
7.610000000000000000e+03 3.587653574064108852e+01
7.630000000000000000e+03 3.587711116163723091e+01
7.650000000000000000e+03 3.587771354223363574e+01
7.670000000000000000e+03 3.586291811214606895e+01
7.690000000000000000e+03 3.587580152495375074e+01
7.710000000000000000e+03 3.586540944015456489e+01
7.730000000000000000e+03 3.586672740645457225e+01
7.750000000000000000e+03 3.586435715726396722e+01
7.770000000000000000e+03 3.587275538191242674e+01
7.790000000000000000e+03 3.587289291635340049e+01
7.810000000000000000e+03 3.587292028849853409e+01
7.830000000000000000e+03 3.586805904466996253e+01
7.850000000000000000e+03 3.586262403570862745e+01
7.870000000000000000e+03 3.586727361320357943e+01
7.890000000000000000e+03 3.585185576514561490e+01
7.910000000000000000e+03 3.584087900373606317e+01
7.930000000000000000e+03 3.584451434554778615e+01
7.950000000000000000e+03 3.583458268821939896e+01
7.970000000000000000e+03 3.585326863678682940e+01
7.990000000000000000e+03 3.585097961308582626e+01
8.010000000000000000e+03 3.586051593837800766e+01
8.030000000000000000e+03 3.586021164438454889e+01
8.050000000000000000e+03 3.585728873649511428e+01
8.070000000000000000e+03 3.585362228054739830e+01
8.090000000000000000e+03 3.584637021882524976e+01
8.110000000000000000e+03 3.584648552709402480e+01
8.130000000000000000e+03 3.585211902299788278e+01
8.150000000000000000e+03 3.585202103066028201e+01
8.170000000000000000e+03 3.585249113858120751e+01
8.190000000000000000e+03 3.584485332236535271e+01
8.210000000000000000e+03 3.584258989977188037e+01
8.230000000000000000e+03 3.584875534810812781e+01
8.250000000000000000e+03 3.584892069829464845e+01
8.270000000000000000e+03 3.585450114362713236e+01
8.290000000000000000e+03 3.585118344421753989e+01
8.310000000000000000e+03 3.583816675666663798e+01
8.330000000000000000e+03 3.583809648580207607e+01
8.350000000000000000e+03 3.583848005695296024e+01
8.370000000000000000e+03 3.584089782065292695e+01
8.390000000000000000e+03 3.582465741438990392e+01
8.410000000000000000e+03 3.584178864248146823e+01
8.430000000000000000e+03 3.582723734380014236e+01
8.450000000000000000e+03 3.583578335137384840e+01
8.470000000000000000e+03 3.583470167327057965e+01
8.490000000000000000e+03 3.583093773146189420e+01
8.510000000000000000e+03 3.580981140158306175e+01
8.530000000000000000e+03 3.582705062228423287e+01
8.550000000000000000e+03 3.575700076393466276e+01
8.570000000000000000e+03 3.583915696290240760e+01
8.590000000000000000e+03 3.583289970863390295e+01
8.610000000000000000e+03 3.583292626425446059e+01
8.630000000000000000e+03 3.583823793039625372e+01
8.650000000000000000e+03 3.583399244085753566e+01
8.670000000000000000e+03 3.576228971610787966e+01
8.690000000000000000e+03 3.582106271695204214e+01
8.710000000000000000e+03 3.583492766461399270e+01
8.730000000000000000e+03 3.583525710497772820e+01
8.750000000000000000e+03 3.582720234925250224e+01
8.770000000000000000e+03 3.583420711293824468e+01
8.790000000000000000e+03 3.583435082161442153e+01
8.810000000000000000e+03 3.582506538731568924e+01
8.830000000000000000e+03 3.582836451154437896e+01
8.850000000000000000e+03 3.583060097255683729e+01
8.870000000000000000e+03 3.582021788767038117e+01
8.890000000000000000e+03 3.583210507783607568e+01
8.910000000000000000e+03 3.583594408880995985e+01
8.930000000000000000e+03 3.582639665374045990e+01
8.950000000000000000e+03 3.582338572786623843e+01
8.970000000000000000e+03 3.582569315533746845e+01
8.990000000000000000e+03 3.582558767437333813e+01
9.010000000000000000e+03 3.580631949245992729e+01
9.030000000000000000e+03 3.581905538707702874e+01
9.050000000000000000e+03 3.582923285353128051e+01
9.070000000000000000e+03 3.582657328578977030e+01
9.090000000000000000e+03 3.581194952215620475e+01
9.110000000000000000e+03 3.581704689526139873e+01
9.130000000000000000e+03 3.582175855263491826e+01
9.150000000000000000e+03 3.581906313764447702e+01
9.170000000000000000e+03 3.581837871057131650e+01
9.190000000000000000e+03 3.582214392493658295e+01
9.210000000000000000e+03 3.581153606421490565e+01
9.230000000000000000e+03 3.581002707774213434e+01
9.250000000000000000e+03 3.580879354704171647e+01
9.270000000000000000e+03 3.581062875959802483e+01
9.290000000000000000e+03 3.580886283806860604e+01
9.310000000000000000e+03 3.581345478687115502e+01
9.330000000000000000e+03 3.581098715049877512e+01
9.350000000000000000e+03 3.580857919116488830e+01
9.370000000000000000e+03 3.579882806815301421e+01
9.390000000000000000e+03 3.580689661995488393e+01
9.410000000000000000e+03 3.579763583739610766e+01
9.430000000000000000e+03 3.580607541760657853e+01
9.450000000000000000e+03 3.579656114021813096e+01
9.470000000000000000e+03 3.580350573531448788e+01
9.490000000000000000e+03 3.580299732532115087e+01
9.510000000000000000e+03 3.579995132117888090e+01
9.530000000000000000e+03 3.579767905981798037e+01
9.550000000000000000e+03 3.578444421333217917e+01
9.570000000000000000e+03 3.578912136046198356e+01
9.590000000000000000e+03 3.579730285422840552e+01
9.610000000000000000e+03 3.579005272757034817e+01
9.630000000000000000e+03 3.579139018816633211e+01
9.650000000000000000e+03 3.578106499706879617e+01
9.670000000000000000e+03 3.578060690959686951e+01
9.690000000000000000e+03 3.578643638445358732e+01
9.710000000000000000e+03 3.578292225322031328e+01
9.730000000000000000e+03 3.577801704713205311e+01
9.750000000000000000e+03 3.577721428521105196e+01
9.770000000000000000e+03 3.577810352309226971e+01
9.790000000000000000e+03 3.576905259374034785e+01
9.810000000000000000e+03 3.578206267479611569e+01
9.830000000000000000e+03 3.577771015351122230e+01
9.850000000000000000e+03 3.578067299347210906e+01
9.870000000000000000e+03 3.577677757369491474e+01
9.890000000000000000e+03 3.577597630339063528e+01
9.910000000000000000e+03 3.577451933857559396e+01
9.930000000000000000e+03 3.577424003050738577e+01
9.950000000000000000e+03 3.577321826366225821e+01
9.970000000000000000e+03 3.577320123815616881e+01
9.990000000000000000e+03 3.577102581046007401e+01
1.002500000000000000e+04 3.576284714797487396e+01
1.007500000000000000e+04 3.575570132851451177e+01
1.012500000000000000e+04 3.575865020911211900e+01
1.017500000000000000e+04 3.575174356764162553e+01
1.022500000000000000e+04 3.575164950452510482e+01
1.027500000000000000e+04 3.575130877003641672e+01
1.032500000000000000e+04 3.574141230122503998e+01
1.037500000000000000e+04 3.573765300880990026e+01
1.042500000000000000e+04 3.573886058042812408e+01
1.047500000000000000e+04 3.573402939825324864e+01
1.052500000000000000e+04 3.573369461436173822e+01
1.057500000000000000e+04 3.572702383078316046e+01
1.062500000000000000e+04 3.572480632608009188e+01
1.067500000000000000e+04 3.571545789984301678e+01
1.072500000000000000e+04 3.571504901390434128e+01
1.077500000000000000e+04 3.570991672863124222e+01
1.082500000000000000e+04 3.570353072717809795e+01
1.087500000000000000e+04 3.570261386200166953e+01
1.092500000000000000e+04 3.570277033615597873e+01
1.097500000000000000e+04 3.569711893145785808e+01
1.102500000000000000e+04 3.569843864057797589e+01
1.107500000000000000e+04 3.569651703795608455e+01
1.112500000000000000e+04 3.569269665472479858e+01
1.117500000000000000e+04 3.568666715427066549e+01
1.122500000000000000e+04 3.568626565661514149e+01
1.127500000000000000e+04 3.567905289117798873e+01
1.132500000000000000e+04 3.567610380787540691e+01
1.137500000000000000e+04 3.567118372853275332e+01
1.142500000000000000e+04 3.566621600058456920e+01
1.147500000000000000e+04 3.566982679849789406e+01
1.152500000000000000e+04 3.566833011498331985e+01
1.157500000000000000e+04 3.566102222883787221e+01
1.162500000000000000e+04 3.565402040544005047e+01
1.167500000000000000e+04 3.565378006255397736e+01
1.172500000000000000e+04 3.565625163598345893e+01
1.177500000000000000e+04 3.564755582106908349e+01
1.182500000000000000e+04 3.564413124370652497e+01
1.187500000000000000e+04 3.563593801707781239e+01
1.192500000000000000e+04 3.564346606276484408e+01
1.197500000000000000e+04 3.562590230383375456e+01
1.202500000000000000e+04 3.563505687207921824e+01
1.207500000000000000e+04 3.562902658860937066e+01
1.212500000000000000e+04 3.562815565430146592e+01
1.217500000000000000e+04 3.562851279596397092e+01
1.222500000000000000e+04 3.562434296612273243e+01
1.227500000000000000e+04 3.562085213643959491e+01
1.232500000000000000e+04 3.561735916368125743e+01
1.237500000000000000e+04 3.561563568353423648e+01
1.242500000000000000e+04 3.561184553605373537e+01
1.247500000000000000e+04 3.561077148021378491e+01
1.252500000000000000e+04 3.560498174227383572e+01
1.257500000000000000e+04 3.560388636949521413e+01
1.262500000000000000e+04 3.560094344883624728e+01
1.267500000000000000e+04 3.559669305723059551e+01
1.272500000000000000e+04 3.559618864943589500e+01
1.277500000000000000e+04 3.559601510555529558e+01
1.282500000000000000e+04 3.557928833341641450e+01
1.287500000000000000e+04 3.558567420949623283e+01
1.292500000000000000e+04 3.557920078604830394e+01
1.297500000000000000e+04 3.558443112113150875e+01
1.302500000000000000e+04 3.557844519946796424e+01
1.307500000000000000e+04 3.558020986517531981e+01
1.312500000000000000e+04 3.557205371843784292e+01
1.317500000000000000e+04 3.557077564260889346e+01
1.322500000000000000e+04 3.557062333607414928e+01
1.327500000000000000e+04 3.556227444655328185e+01
1.332500000000000000e+04 3.556632120979092093e+01
1.337500000000000000e+04 3.556146780980834166e+01
1.342500000000000000e+04 3.556414096115766199e+01
1.347500000000000000e+04 3.556142165024481727e+01
1.352500000000000000e+04 3.555964226869907918e+01
1.357500000000000000e+04 3.555197566120668995e+01
1.362500000000000000e+04 3.554888769772402668e+01
1.367500000000000000e+04 3.555092404077151969e+01
1.372500000000000000e+04 3.555240391159412638e+01
1.377500000000000000e+04 3.554863784658705583e+01
1.382500000000000000e+04 3.554889661907987630e+01
1.387500000000000000e+04 3.554294176897511193e+01
1.392500000000000000e+04 3.554592958945462300e+01
1.397500000000000000e+04 3.554584789252935906e+01
1.402500000000000000e+04 3.553770215308620806e+01
1.407500000000000000e+04 3.554202180699365243e+01
1.412500000000000000e+04 3.553631663554436670e+01
1.417500000000000000e+04 3.553993127933888729e+01
1.422500000000000000e+04 3.553247183640522877e+01
1.427500000000000000e+04 3.552469859095069182e+01
1.432500000000000000e+04 3.553309357943090419e+01
1.437500000000000000e+04 3.553403521188184300e+01
1.442500000000000000e+04 3.552140723001737399e+01
1.447500000000000000e+04 3.553014304070152463e+01
1.452500000000000000e+04 3.552401463117113423e+01
1.457000000000000000e+04 3.552600554246372155e+01
1.462000000000000000e+04 3.552640362376092753e+01
1.467500000000000000e+04 3.552569072836328701e+01
1.472500000000000000e+04 3.551679865045512940e+01
1.477500000000000000e+04 3.552065304826027159e+01
1.482500000000000000e+04 3.551947167593063881e+01
1.487500000000000000e+04 3.551482921078506649e+01
1.492500000000000000e+04 3.552307272184972931e+01
1.497500000000000000e+04 3.551676041414762608e+01
1.502500000000000000e+04 3.551433446498833746e+01
1.507500000000000000e+04 3.550872306472088269e+01
1.512500000000000000e+04 3.551599808450819751e+01
1.517500000000000000e+04 3.551596152598053635e+01
1.522500000000000000e+04 3.551547369325971459e+01
1.527500000000000000e+04 3.551741677417720666e+01
1.532500000000000000e+04 3.551336861670947798e+01
1.537500000000000000e+04 3.551756100429919627e+01
1.542500000000000000e+04 3.551666152891195338e+01
1.547500000000000000e+04 3.551627657909770619e+01
1.552500000000000000e+04 3.550966805593743203e+01
1.557500000000000000e+04 3.549187809610526756e+01
1.562500000000000000e+04 3.550245624911898545e+01
1.567500000000000000e+04 3.549934805477356292e+01
1.572500000000000000e+04 3.550667488637279234e+01
1.577500000000000000e+04 3.547303993740206352e+01
1.582500000000000000e+04 3.548422403372963885e+01
1.587500000000000000e+04 3.548025088723194642e+01
1.592500000000000000e+04 3.549315697688130911e+01
1.597500000000000000e+04 3.547793195039184866e+01
1.605000000000000000e+04 3.548268363040557460e+01
1.615000000000000000e+04 3.548102515832599124e+01
1.625000000000000000e+04 3.547336091791737545e+01
1.635000000000000000e+04 3.548433682210851714e+01
1.645000000000000000e+04 3.545419841273658790e+01
1.655000000000000000e+04 3.547023140165106270e+01
1.665000000000000000e+04 3.544549446267998860e+01
1.675000000000000000e+04 3.545208989533176691e+01
1.685000000000000000e+04 3.543189286551396577e+01
1.695000000000000000e+04 3.544115828558366843e+01
1.705000000000000000e+04 3.542402041001651014e+01
1.715000000000000000e+04 3.542337383345499546e+01
1.725000000000000000e+04 3.541418120794795499e+01
1.735000000000000000e+04 3.539960181467765210e+01
1.745000000000000000e+04 3.540066159412549496e+01
1.755000000000000000e+04 3.539011506736090240e+01
1.765000000000000000e+04 3.538710094275542417e+01
1.775000000000000000e+04 3.537621192146673366e+01
1.785000000000000000e+04 3.537261343630368060e+01
1.795000000000000000e+04 3.536542070063672583e+01
1.805000000000000000e+04 3.535361851240788411e+01
1.815000000000000000e+04 3.534891849603535263e+01
1.825000000000000000e+04 3.534080859874385538e+01
1.835000000000000000e+04 3.533285377557251650e+01
1.845000000000000000e+04 3.532400262961196802e+01
1.855000000000000000e+04 3.531933369224013575e+01
1.865000000000000000e+04 3.530763429071222959e+01
1.875000000000000000e+04 3.529990630923007444e+01
1.885000000000000000e+04 3.529666060390341897e+01
1.895000000000000000e+04 3.527781059584995660e+01
1.905000000000000000e+04 3.528538154611223376e+01
1.915000000000000000e+04 3.527585630877592848e+01
1.925000000000000000e+04 3.527024666147369913e+01
1.935000000000000000e+04 3.525760640242181410e+01
1.945000000000000000e+04 3.524952157774954031e+01
1.955000000000000000e+04 3.524737742632522242e+01
1.965000000000000000e+04 3.523948647629232056e+01
1.975000000000000000e+04 3.523018105187902904e+01
1.985000000000000000e+04 3.522500710197195417e+01
1.995000000000000000e+04 3.521845164989773735e+01
2.005000000000000000e+04 3.521709264103999715e+01
2.015000000000000000e+04 3.521119240377456094e+01
2.025000000000000000e+04 3.519766181837842822e+01
2.035000000000000000e+04 3.519115219517664173e+01
2.045000000000000000e+04 3.519098428100690512e+01
2.055000000000000000e+04 3.518275786137446914e+01
2.065000000000000000e+04 3.517406519934255016e+01
2.075000000000000000e+04 3.516824456372739860e+01
2.085000000000000000e+04 3.516058128625313373e+01
2.095000000000000000e+04 3.515132322815207289e+01
2.105000000000000000e+04 3.514983418938508919e+01
2.115000000000000000e+04 3.514077465329103234e+01
2.125000000000000000e+04 3.513383930722776682e+01
2.135000000000000000e+04 3.513121125116705912e+01
2.145000000000000000e+04 3.512396792436901194e+01
2.155000000000000000e+04 3.511711441310193038e+01
2.165000000000000000e+04 3.510815074897592325e+01
2.175000000000000000e+04 3.510048706466640311e+01
2.185000000000000000e+04 3.509543524043832008e+01
2.195000000000000000e+04 3.509025349817472517e+01
2.205000000000000000e+04 3.507769353897333531e+01
2.215000000000000000e+04 3.507882534128566476e+01
2.225000000000000000e+04 3.506520949160079681e+01
2.235000000000000000e+04 3.506133184804929925e+01
2.245000000000000000e+04 3.505586612455250872e+01
2.255000000000000000e+04 3.505107085147795942e+01
2.265000000000000000e+04 3.504124253767221120e+01
2.275000000000000000e+04 3.503997276106350967e+01
2.285000000000000000e+04 3.502981744904657546e+01
2.295000000000000000e+04 3.494740498378941140e+01
2.305000000000000000e+04 3.498591512874317999e+01
2.315000000000000000e+04 3.497977234477533415e+01
2.325000000000000000e+04 3.490547391643372777e+01
2.335000000000000000e+04 3.494473511409404409e+01
2.345000000000000000e+04 3.493217174031789085e+01
2.355000000000000000e+04 3.486081597013368594e+01
2.365000000000000000e+04 3.490978645678356429e+01
2.375000000000000000e+04 3.489453636624686084e+01
2.385000000000000000e+04 3.483711036667542515e+01
2.395000000000000000e+04 3.487772889793185271e+01
2.405000000000000000e+04 3.487438027750677350e+01
2.415000000000000000e+04 3.482270471887807162e+01
2.425000000000000000e+04 3.485528723307251653e+01
2.435000000000000000e+04 3.485325068824710115e+01
2.445000000000000000e+04 3.482150106222382391e+01
2.455000000000000000e+04 3.482296047082321166e+01
2.465000000000000000e+04 3.484089527178505818e+01
2.475000000000000000e+04 3.482330268827084296e+01
2.485000000000000000e+04 3.479692532341101696e+01
2.495000000000000000e+04 3.481647998513604136e+01
2.505000000000000000e+04 3.483137917149229423e+01
2.515000000000000000e+04 3.478301983817336662e+01
2.525000000000000000e+04 3.480678870232331690e+01
2.535000000000000000e+04 3.480777716841051728e+01
2.545000000000000000e+04 3.479593001364820282e+01
2.555000000000000000e+04 3.478614763153318989e+01
2.565000000000000000e+04 3.479072317564645545e+01
2.575000000000000000e+04 3.479328411191163184e+01
2.585000000000000000e+04 3.476461470678050603e+01
2.595000000000000000e+04 3.477237752934055237e+01
2.605000000000000000e+04 3.477910612966888237e+01
2.615000000000000000e+04 3.476639398068788012e+01
2.625000000000000000e+04 3.476006464900515169e+01
2.635000000000000000e+04 3.476398186014675673e+01
2.645000000000000000e+04 3.476142456834662653e+01
2.655000000000000000e+04 3.475099392500671769e+01
2.665000000000000000e+04 3.474203091182318559e+01
2.675000000000000000e+04 3.475541015598100358e+01
2.685000000000000000e+04 3.474819296941137736e+01
2.695000000000000000e+04 3.473226022741913965e+01
2.705000000000000000e+04 3.473842408350007815e+01
2.715000000000000000e+04 3.473369925623179455e+01
2.725000000000000000e+04 3.473353137031398319e+01
2.735000000000000000e+04 3.471769213623316830e+01
2.745000000000000000e+04 3.472162724471125017e+01
2.755000000000000000e+04 3.472177907905259531e+01
2.765000000000000000e+04 3.471293869481939964e+01
2.775000000000000000e+04 3.470305445674986800e+01
2.785000000000000000e+04 3.470479807565709507e+01
2.795000000000000000e+04 3.470443227220765436e+01
2.805000000000000000e+04 3.469866607320297902e+01
2.815000000000000000e+04 3.468954059075324636e+01
2.825000000000000000e+04 3.468794205986532830e+01
2.835000000000000000e+04 3.468652706235168637e+01
2.845000000000000000e+04 3.468063922672209998e+01
2.855000000000000000e+04 3.467501758280529600e+01
2.865000000000000000e+04 3.467063047969000422e+01
2.875000000000000000e+04 3.466657779967184894e+01
2.885000000000000000e+04 3.466187120072073924e+01
2.895000000000000000e+04 3.465709879955456074e+01
2.905000000000000000e+04 3.465181027244842937e+01
2.915000000000000000e+04 3.464836799776192322e+01
2.925000000000000000e+04 3.463940856880907404e+01
2.935000000000000000e+04 3.463968124548952687e+01
2.945000000000000000e+04 3.463210855294273927e+01
2.955000000000000000e+04 3.462767771352898194e+01
2.965000000000000000e+04 3.462478727570410797e+01
2.975000000000000000e+04 3.461974821883976006e+01
2.985000000000000000e+04 3.461373949346444334e+01
2.995000000000000000e+04 3.460889943111939004e+01
3.005000000000000000e+04 3.460363634601687011e+01
3.015000000000000000e+04 3.459986203121743387e+01
3.025000000000000000e+04 3.459348254758973695e+01
3.035000000000000000e+04 3.458669343084856962e+01
3.045000000000000000e+04 3.458430653343511096e+01
3.055000000000000000e+04 3.457811309999766536e+01
3.065000000000000000e+04 3.457284265092027908e+01
3.075000000000000000e+04 3.456903411774482748e+01
3.085000000000000000e+04 3.456202363008490863e+01
3.095000000000000000e+04 3.455733852264692274e+01
3.105000000000000000e+04 3.455401451032052051e+01
3.115000000000000000e+04 3.454564840730876085e+01
3.125000000000000000e+04 3.454302290844424306e+01
3.135000000000000000e+04 3.453820875291981451e+01
3.145000000000000000e+04 3.453278271358887963e+01
3.155000000000000000e+04 3.452675682730389894e+01
3.165000000000000000e+04 3.452139513204750187e+01
3.175000000000000000e+04 3.451761532060243098e+01
3.185000000000000000e+04 3.451233242692879344e+01
3.195000000000000000e+04 3.450788681683251014e+01
3.210000000000000000e+04 3.449963619954944249e+01
3.230000000000000000e+04 3.448908343328153592e+01
3.250000000000000000e+04 3.447902237853556073e+01
3.270000000000000000e+04 3.446881751352427159e+01
3.290000000000000000e+04 3.445811890527957644e+01
3.310000000000000000e+04 3.444833021491500347e+01
3.330000000000000000e+04 3.443784276472716499e+01
3.350000000000000000e+04 3.442960688692452464e+01
3.370000000000000000e+04 3.441918821677299434e+01
3.390000000000000000e+04 3.440862527129408477e+01
3.410000000000000000e+04 3.439843575624429661e+01
3.430000000000000000e+04 3.439090275118985573e+01
3.450000000000000000e+04 3.438168959789821599e+01
3.470000000000000000e+04 3.437203368217587496e+01
3.490000000000000000e+04 3.436279770120295751e+01
3.510000000000000000e+04 3.435408852762508047e+01
3.530000000000000000e+04 3.434335474031325930e+01
3.550000000000000000e+04 3.433521477171252911e+01
3.570000000000000000e+04 3.432558495698390288e+01
3.590000000000000000e+04 3.431627743990487289e+01
3.610000000000000000e+04 3.430811599900612663e+01
3.630000000000000000e+04 3.429932100349727619e+01
3.650000000000000000e+04 3.428842479876642813e+01
3.670000000000000000e+04 3.427947529321649256e+01
3.690000000000000000e+04 3.426850681022256850e+01
3.710000000000000000e+04 3.425882331548663728e+01
3.730000000000000000e+04 3.425253345125180715e+01
3.750000000000000000e+04 3.424065522337618717e+01
3.770000000000000000e+04 3.423506698088662858e+01
3.790000000000000000e+04 3.422619010467626310e+01
3.810000000000000000e+04 3.421863732421305571e+01
3.830000000000000000e+04 3.421101315400890996e+01
3.850000000000000000e+04 3.420284809456020270e+01
3.870000000000000000e+04 3.419217196636183331e+01
3.890000000000000000e+04 3.418483869751067061e+01
3.910000000000000000e+04 3.417717922206282566e+01
3.930000000000000000e+04 3.416892909630903574e+01
3.950000000000000000e+04 3.415862555719464666e+01
3.970000000000000000e+04 3.415111183714817855e+01
3.990000000000000000e+04 3.413938007452053824e+01
4.010000000000000000e+04 3.413367699705958103e+01
4.030000000000000000e+04 3.412717555513437162e+01
4.050000000000000000e+04 3.411797093523738766e+01
4.070000000000000000e+04 3.411041582822612384e+01
4.090000000000000000e+04 3.410261578988057352e+01
4.110000000000000000e+04 3.409482594906643982e+01
4.130000000000000000e+04 3.408757061230657825e+01
4.150000000000000000e+04 3.407896080763961777e+01
4.170000000000000000e+04 3.407040950723077799e+01
4.190000000000000000e+04 3.406215745242195680e+01
4.210000000000000000e+04 3.405328737326400557e+01
4.230000000000000000e+04 3.404833550696155697e+01
4.250000000000000000e+04 3.403876116888908854e+01
4.270000000000000000e+04 3.403244469954935880e+01
4.290000000000000000e+04 3.399445902594140279e+01
4.310000000000000000e+04 3.395649097168860919e+01
4.330000000000000000e+04 3.396586847799234476e+01
4.350000000000000000e+04 3.392962330034654883e+01
4.370000000000000000e+04 3.391341541783192071e+01
4.390000000000000000e+04 3.389796576752331703e+01
4.410000000000000000e+04 3.386189432709387859e+01
4.430000000000000000e+04 3.385946661179458772e+01
4.450000000000000000e+04 3.384690480716555783e+01
4.470000000000000000e+04 3.381745092835875255e+01
4.490000000000000000e+04 3.382918370422446230e+01
4.510000000000000000e+04 3.381066998298889814e+01
4.530000000000000000e+04 3.379107849264305230e+01
4.550000000000000000e+04 3.379742639524512526e+01
4.570000000000000000e+04 3.379074483637825210e+01
4.590000000000000000e+04 3.376525734724611283e+01
4.610000000000000000e+04 3.377909033300235819e+01
4.630000000000000000e+04 3.376531740892942679e+01
4.650000000000000000e+04 3.376304505472093354e+01
4.670000000000000000e+04 3.376419889060481694e+01
4.690000000000000000e+04 3.375288864193670690e+01
4.710000000000000000e+04 3.374154425840194449e+01
4.730000000000000000e+04 3.375093492761219949e+01
4.750000000000000000e+04 3.373862738779370574e+01
4.770000000000000000e+04 3.373310011916124296e+01
4.790000000000000000e+04 3.372922423600410724e+01
4.810000000000000000e+04 3.371458145323127553e+01
4.830000000000000000e+04 3.372569623306362985e+01
4.850000000000000000e+04 3.371498912370712731e+01
4.870000000000000000e+04 3.370352786168796655e+01
4.890000000000000000e+04 3.370001273618071735e+01
4.910000000000000000e+04 3.369392907011047811e+01
4.930000000000000000e+04 3.368779189589685785e+01
4.950000000000000000e+04 3.367828316165260105e+01
4.970000000000000000e+04 3.368162947621883063e+01
4.990000000000000000e+04 3.367392455257663642e+01
5.010000000000000000e+04 3.367060636785712546e+01
5.030000000000000000e+04 3.366530826161296375e+01
5.050000000000000000e+04 3.365210220524689078e+01
5.070000000000000000e+04 3.365178051484484456e+01
5.090000000000000000e+04 3.364659492620344849e+01
5.110000000000000000e+04 3.363763855684643289e+01
5.130000000000000000e+04 3.363631819190587180e+01
5.150000000000000000e+04 3.362708655656440726e+01
5.170000000000000000e+04 3.363128139157018381e+01
5.190000000000000000e+04 3.362112436483407407e+01
5.210000000000000000e+04 3.361708647282569018e+01
5.230000000000000000e+04 3.360899431976879015e+01
5.250000000000000000e+04 3.360811804533852154e+01
5.270000000000000000e+04 3.361256827138451087e+01
5.290000000000000000e+04 3.359594912330882721e+01
5.310000000000000000e+04 3.358863153327861539e+01
5.330000000000000000e+04 3.358959579664079342e+01
5.350000000000000000e+04 3.358387493303200699e+01
5.370000000000000000e+04 3.358015841855150541e+01
5.390000000000000000e+04 3.357638530763716034e+01
5.410000000000000000e+04 3.357215200054008619e+01
5.430000000000000000e+04 3.356231116276477167e+01
5.450000000000000000e+04 3.356499557004661938e+01
5.470000000000000000e+04 3.355376410147632527e+01
5.490000000000000000e+04 3.355315541010246250e+01
5.510000000000000000e+04 3.354400446672408975e+01
5.530000000000000000e+04 3.355493307609869191e+01
5.550000000000000000e+04 3.353611409927840725e+01
5.570000000000000000e+04 3.354035359179418663e+01
5.590000000000000000e+04 3.353090002849963724e+01
5.610000000000000000e+04 3.353226327597318601e+01
5.630000000000000000e+04 3.351973054128918506e+01
5.650000000000000000e+04 3.352196119218518788e+01
5.670000000000000000e+04 3.351614104632758284e+01
5.690000000000000000e+04 3.350539923491196959e+01
5.710000000000000000e+04 3.350827328252920267e+01
5.730000000000000000e+04 3.350353576691038171e+01
5.750000000000000000e+04 3.349819261511255064e+01
5.770000000000000000e+04 3.349250308336439730e+01
5.790000000000000000e+04 3.349201970372471493e+01
5.810000000000000000e+04 3.348470214465496042e+01
5.830000000000000000e+04 3.348071396840838077e+01
5.850000000000000000e+04 3.347595305071536131e+01
5.870000000000000000e+04 3.346761640001025739e+01
5.890000000000000000e+04 3.346468617943476431e+01
5.910000000000000000e+04 3.346033811636163335e+01
5.930000000000000000e+04 3.345715634632249902e+01
5.950000000000000000e+04 3.344981701867097001e+01
5.970000000000000000e+04 3.344851603886003488e+01
5.990000000000000000e+04 3.344369700851365224e+01
6.010000000000000000e+04 3.343910211469832916e+01
6.030000000000000000e+04 3.343402824458949141e+01
6.050000000000000000e+04 3.342625490388801524e+01
6.070000000000000000e+04 3.342239962085199778e+01
6.090000000000000000e+04 3.341698463053735679e+01
6.110000000000000000e+04 3.341126476358545716e+01
6.130000000000000000e+04 3.340834972289711402e+01
6.150000000000000000e+04 3.340471395529972654e+01
6.170000000000000000e+04 3.340247019536737128e+01
6.190000000000000000e+04 3.339651695250194052e+01
6.210000000000000000e+04 3.339324713779963361e+01
6.230000000000000000e+04 3.338618815471748036e+01
6.250000000000000000e+04 3.337929393730685490e+01
6.270000000000000000e+04 3.337490729724539307e+01
6.290000000000000000e+04 3.337065172591461248e+01
6.310000000000000000e+04 3.336585242513022820e+01
6.330000000000000000e+04 3.336339680947901343e+01
6.350000000000000000e+04 3.335716152325846906e+01
6.370000000000000000e+04 3.335529276333785731e+01
6.390000000000000000e+04 3.334664442864942657e+01
6.420000000000000000e+04 3.334147876986570935e+01
6.460000000000000000e+04 3.333090246705296522e+01
6.500000000000000000e+04 3.332184020594638696e+01
6.540000000000000000e+04 3.331186044591128592e+01
6.580000000000000000e+04 3.330336241350464377e+01
6.620000000000000000e+04 3.329298274657434575e+01
6.660000000000000000e+04 3.328367974180039823e+01
6.700000000000000000e+04 3.327478131034574460e+01
6.740000000000000000e+04 3.326441868723385653e+01
6.780000000000000000e+04 3.325512507691802000e+01
6.820000000000000000e+04 3.324555050562902636e+01
6.860000000000000000e+04 3.323675036670317695e+01
6.900000000000000000e+04 3.322665057920476528e+01
6.940000000000000000e+04 3.321746482801491851e+01
6.980000000000000000e+04 3.320801833138959580e+01
7.020000000000000000e+04 3.319831786511398519e+01
7.060000000000000000e+04 3.318953234744387260e+01
7.100000000000000000e+04 3.318004230851526870e+01
7.140000000000000000e+04 3.317104137506795780e+01
7.180000000000000000e+04 3.316144909821242237e+01
7.220000000000000000e+04 3.315242918997559229e+01
7.260000000000000000e+04 3.314303530661297259e+01
7.300000000000000000e+04 3.313394261549475317e+01
7.340000000000000000e+04 3.312466078757716303e+01
7.380000000000000000e+04 3.311583861342098345e+01
7.420000000000000000e+04 3.310633107905718475e+01
7.460000000000000000e+04 3.309699016626442614e+01
7.500000000000000000e+04 3.308818120381094730e+01
7.540000000000000000e+04 3.307919171925679080e+01
7.580000000000000000e+04 3.307077997947450854e+01
7.620000000000000000e+04 3.306196885827974796e+01
7.660000000000000000e+04 3.305302521544048489e+01
7.700000000000000000e+04 3.304410084928839808e+01
7.740000000000000000e+04 3.303540323050215477e+01
7.780000000000000000e+04 3.302692174929914160e+01
7.820000000000000000e+04 3.301806348088899767e+01
7.860000000000000000e+04 3.300949502051301465e+01
7.900000000000000000e+04 3.300094788398259738e+01
7.940000000000000000e+04 3.299227322293349118e+01
7.980000000000000000e+04 3.298385119695402068e+01
8.020000000000000000e+04 3.297506047588387901e+01
8.060000000000000000e+04 3.296654786234945789e+01
8.100000000000000000e+04 3.295835822556564665e+01
8.140000000000000000e+04 3.294980700789969319e+01
8.180000000000000000e+04 3.294177485808611294e+01
8.220000000000000000e+04 3.293363421098041499e+01
8.260000000000000000e+04 3.292534634024006124e+01
8.300000000000000000e+04 3.291695092572661707e+01
8.340000000000000000e+04 3.290861693186542425e+01
8.380000000000000000e+04 3.290040741030053084e+01
8.420000000000000000e+04 3.289265675850519699e+01
8.460000000000000000e+04 3.288439689530395071e+01
8.500000000000000000e+04 3.287635859729991950e+01
8.540000000000000000e+04 3.286839014710771067e+01
8.580000000000000000e+04 3.286062682678157643e+01
8.620000000000000000e+04 3.285273211971380647e+01
8.660000000000000000e+04 3.284496576828741610e+01
8.700000000000000000e+04 3.283710833264476037e+01
8.740000000000000000e+04 3.282943932004101839e+01
8.780000000000000000e+04 3.282136145165565466e+01
8.820000000000000000e+04 3.281371021277988831e+01
8.860000000000000000e+04 3.280598445028581978e+01
8.900000000000000000e+04 3.279817175036934884e+01
8.940000000000000000e+04 3.279077345170441760e+01
8.980000000000000000e+04 3.278268559881683331e+01
9.020000000000000000e+04 3.277551300401491829e+01
9.060000000000000000e+04 3.276811062020225052e+01
9.100000000000000000e+04 3.275999497239410374e+01
9.140000000000000000e+04 3.275284526565603471e+01
9.180000000000000000e+04 3.274551867985237408e+01
9.220000000000000000e+04 3.273846652677376312e+01
9.260000000000000000e+04 3.273095264306097363e+01
9.300000000000000000e+04 3.272335446350204791e+01
9.340000000000000000e+04 3.271612280867628186e+01
9.380000000000000000e+04 3.270889600520832374e+01
9.420000000000000000e+04 3.270164996793963041e+01
9.460000000000000000e+04 3.269425576124449861e+01
9.500000000000000000e+04 3.268720182278497077e+01
9.540000000000000000e+04 3.268007202535564915e+01
9.580000000000000000e+04 3.267290179002225159e+01
9.620000000000000000e+04 3.266591546181585670e+01
9.660000000000000000e+04 3.265879158442504604e+01
9.700000000000000000e+04 3.265165029081776993e+01
9.740000000000000000e+04 3.264416084060994905e+01
9.780000000000000000e+04 3.263757947543709292e+01
9.820000000000000000e+04 3.263073533194304332e+01
9.860000000000000000e+04 3.262376679113202727e+01
9.900000000000000000e+04 3.261694449518448380e+01
9.940000000000000000e+04 3.261000322388098027e+01
9.980000000000000000e+04 3.260309239780418267e+01
1.002000000000000000e+05 3.259621725029773387e+01
2.000000000000000000e+05 3.140949988397289161e+01
4.000000000000000000e+05 3.020855189671385688e+01
6.000000000000000000e+05 2.950225562460001072e+01
8.000000000000000000e+05 2.899969654280755549e+01
1.000000000000000000e+06 2.860932642590422859e+01
1.200000000000000000e+06 -inf
1.400000000000000000e+06 -inf
1.600000000000000000e+06 -inf
