3.181548229145551332e+01
3.188680073033184925e+01
3.189849855168011317e+01
3.255087148222653326e+01
3.190298847081028910e+01
3.122736735274879294e+01
3.047571683235225137e+01
3.024308027119687736e+01
2.985359826286301654e+01
2.957252122751343393e+01
2.931704849040361083e+01
2.900381131995572659e+01
2.869011573276551630e+01
2.848467747936141237e+01
2.831902781510511247e+01
2.811422984340595832e+01
2.834749143485663936e+01
2.818198883053522152e+01
2.792850542201376385e+01
2.792666669689537073e+01
2.788333768975324389e+01
2.780831837211869484e+01
2.778706097491685867e+01
2.767349064385096824e+01
2.759091911880776848e+01
2.763670703430567954e+01
2.753896665289106949e+01
2.744531318719463897e+01
2.740626712968220602e+01
2.732076344762152331e+01
2.719619355377002634e+01
2.707220840724765765e+01
2.713020142993634209e+01
2.713468814858813616e+01
2.701014674719100483e+01
2.700678288542116334e+01
2.709272975650949178e+01
2.711362078952285160e+01
2.698116147628917716e+01
2.704429357235063236e+01
2.704728622115193915e+01
2.703497079253717317e+01
2.703455751847965871e+01
2.707674651108987618e+01
2.712028180100646679e+01
2.709148637935922466e+01
2.696967321665512429e+01
2.696939187409727623e+01
2.744711728551557073e+01
2.741331304860128526e+01
2.637352869190632987e+01
1.574947231189447550e+01
1.575483965076058013e+01
1.576604292481055580e+01
1.577720721262459236e+01
1.578252626378152712e+01
1.579313037424714494e+01
1.580319522992208547e+01
1.581321692649033750e+01
1.582321121735149916e+01
1.583264913447390398e+01
1.584206038377054071e+01
1.585610156955129568e+01
1.586492667383215149e+01
1.587836251999669557e+01
1.588712885597090718e+01
1.590106322794789762e+01
1.591616386718634857e+01
1.593839416374452256e+01
1.608595831105908758e+01
2.643684241046678096e+01
2.635584241046678500e+01
2.622484241046678477e+01
2.608434241046678181e+01
2.597884241046678255e+01
2.591234241046678477e+01
2.595484241046678164e+01
2.588684241046678380e+01
2.584434241046678338e+01
2.588284241046678247e+01
2.592834241046678301e+01
2.597634241046678483e+01
2.602084241046678414e+01
2.637234241046678562e+01
6.791950330963196336e+00
6.791998485474472602e+00
6.791957684308894017e+00
6.791900252736596144e+00
6.791848072723233543e+00
6.791868183068991982e+00
6.791803433057111761e+00
6.791828288535153746e+00
6.791779316583653525e+00
6.791830593269537530e+00
6.791935142732320685e+00
6.791434139822154492e+00
6.683601444688804349e+00
2.614654928461675354e+01
2.610254928461675306e+01
2.599854928461675385e+01
2.586154928461675340e+01
2.574854928461675385e+01
2.566054928461675289e+01
2.559654928461675283e+01
2.556454928461675280e+01
2.557054928461675303e+01
2.565454928461675266e+01
2.566254928461675178e+01
2.565654928461675155e+01
2.568854928461675513e+01
2.570754928461675348e+01
2.572954928461675195e+01
2.576354928461675087e+01
2.579054928461675189e+01
2.577154928461675354e+01
2.573754928461675462e+01
6.682546921536530959e+00
6.682592899048788837e+00
6.682636095589742808e+00
6.682636095589742808e+00
6.682675646912539236e+00
6.682711774792430504e+00
6.682872575310671692e+00
6.682905746530416025e+00
6.682905746530416025e+00
6.682934982499595833e+00
6.683146845765335797e+00
6.683318659955642005e+00
6.683341326084445200e+00
6.683360214239087327e+00
6.683375589608480993e+00
6.683375589608480993e+00
6.683582614144683021e+00
6.683747567787381882e+00
6.683747567787381882e+00
6.683752090014749569e+00
6.683933448973952807e+00
6.683930569506465247e+00
6.684088411167234511e+00
6.684088411167234511e+00
6.684077908901382870e+00
6.684063710516859658e+00
6.684045483174585911e+00
6.684023575612176415e+00
6.684182631528692298e+00
6.684156980593730424e+00
6.684126994244724784e+00
6.684271388670168790e+00
6.684235413761619782e+00
6.684344636609040435e+00
6.684300104041696500e+00
6.684251293727669463e+00
6.684199377625624550e+00
6.684340557473511524e+00
6.684421594642614650e+00
6.684360733000850985e+00
6.684296894519853538e+00
6.684404452600322344e+00
6.684338283301919148e+00
6.684270948482470942e+00
6.684290312276843338e+00
6.684231939725812310e+00
6.684179261835414110e+00
6.684131818738183739e+00
6.684260229568792511e+00
6.684317190280896881e+00
6.684581895756188885e+00
6.683803713357761467e+00
6.681187443023549832e+00
6.518027598210125007e+00
2.562338109598334057e+01
2.583938109598334165e+01
2.574138109598334268e+01
2.567538109598334017e+01
2.558838109598334043e+01
2.547538109598334088e+01
2.531838109598334086e+01
2.521438109598334165e+01
2.514438109598334137e+01
2.510938109598334123e+01
2.507538109598333875e+01
2.507038109598334330e+01
2.507838109598333887e+01
2.510838109598334000e+01
2.514338109598334015e+01
2.515538109598334060e+01
2.515938109598334194e+01
2.516238109598334205e+01
2.517138109598334239e+01
2.518038109598334273e+01
2.518938109598334307e+01
2.519438109598333853e+01
2.520538109598334131e+01
2.521738109598334177e+01
2.522138109598333955e+01
2.522938109598334222e+01
2.523638109598334012e+01
2.523938109598334023e+01
2.524438109598334279e+01
2.524638109598334168e+01
2.525038109598334302e+01
2.525138109598334069e+01
2.525238109598333835e+01
2.525238109598333835e+01
2.525238109598333835e+01
2.525638109598334324e+01
2.525138109598334069e+01
2.524038109598334145e+01
2.523838109598334256e+01
2.524538109598334046e+01
2.524238109598334034e+01
2.524238109598334034e+01
2.525638109598334324e+01
2.525638109598334324e+01
2.527338109598333915e+01
2.547038109598334188e+01
6.516275185328527897e+00
6.516275185328527897e+00
6.516275185328527897e+00
6.516433216344694301e+00
6.516433216344694301e+00
6.516433216344694301e+00
6.516433216344694301e+00
6.516597421651759703e+00
6.516817818234525106e+00
6.516817818234525106e+00
6.516817818234525106e+00
6.516976877662546741e+00
6.516976877662546741e+00
6.516976877662546741e+00
6.517144673187043935e+00
6.517144673187043935e+00
6.517365901243088899e+00
6.517365901243088899e+00
6.517787801433740924e+00
6.517787801433740924e+00
6.517787801433740924e+00
6.517787801433740924e+00
6.517933740205698712e+00
6.517933740205698712e+00
6.517933740205698712e+00
6.518134667579406738e+00
6.518276798170308695e+00
6.518276798170308695e+00
6.518276798170308695e+00
6.518276798170308695e+00
6.518415097269784297e+00
6.518415097269784297e+00
6.518415097269784297e+00
6.518546400442545519e+00
6.518752358570498728e+00
6.518752358570498728e+00
6.518752358570498728e+00
6.519137378708371955e+00
6.519137378708371955e+00
6.519137378708371955e+00
6.519272326510805016e+00
6.519272326510805016e+00
6.519494368820367924e+00
6.519494368820367924e+00
6.519612883144709770e+00
6.519612883144709770e+00
6.519612883144709770e+00
6.519726691466324553e+00
6.519726691466324553e+00
6.519726691466324553e+00
6.519933101114382623e+00
6.520043763182755470e+00
6.520043763182755470e+00
6.520043763182755470e+00
6.520147802362469491e+00
6.520147802362469491e+00
6.520147802362469491e+00
6.520506341412673379e+00
6.520708167883636719e+00
6.520708167883636719e+00
6.520796188607274502e+00
6.520796188607274502e+00
6.520796188607274502e+00
6.520887049291694382e+00
6.520887049291694382e+00
6.520887049291694382e+00
6.521075799764005865e+00
6.521167452244306162e+00
6.521167452244306162e+00
6.521167452244306162e+00
6.521248185908596895e+00
6.521248185908596895e+00
6.521248185908596895e+00
6.521323122672843198e+00
6.521522728496965016e+00
6.521522728496965016e+00
6.521847889176740409e+00
6.521847889176740409e+00
6.521913370739927274e+00
6.521913370739927274e+00
6.521913370739927274e+00
6.521967837347208530e+00
6.522162329280728699e+00
6.522162329280728699e+00
6.522217680172143872e+00
6.522217680172143872e+00
6.522217680172143872e+00
6.522272618372326747e+00
6.522272618372326747e+00
6.522508579745963431e+00
6.522508579745963431e+00
6.522508579745963431e+00
6.522548223480558960e+00
6.522548223480558960e+00
6.522800849196389805e+00
6.522835724113704714e+00
6.522835724113704714e+00
6.523062178662083710e+00
6.523062178662083710e+00
6.523062178662083710e+00
6.523084829309308219e+00
6.523084829309308219e+00
6.523104521074898798e+00
6.523104521074898798e+00
6.523280261515697731e+00
6.523294985273118129e+00
6.523294985273118129e+00
6.523305504684216771e+00
6.523305504684216771e+00
6.523309927807378727e+00
6.523309927807378727e+00
6.523309927807378727e+00
6.523495006286310627e+00
6.523743794698251719e+00
6.523739258701922950e+00
6.523739258701922950e+00
6.523730163494285250e+00
6.523730163494285250e+00
6.523716655502610706e+00
6.523896478174922464e+00
6.523879126545107709e+00
6.523879126545107709e+00
6.523858337573816613e+00
6.523858337573816613e+00
6.523834300239123252e+00
6.523834300239123252e+00
6.523985114676911223e+00
6.523985114676911223e+00
6.523957674330016943e+00
6.523957674330016943e+00
6.523931000557745108e+00
6.524177112037929049e+00
6.524151885992615973e+00
6.524325585761456381e+00
6.524305991662938453e+00
6.524300290379795086e+00
6.524294831765026004e+00
6.524296378556329046e+00
6.524310527735323717e+00
6.524336384927121202e+00
6.524548998090274665e+00
6.524638661338411083e+00
6.524668500410232497e+00
6.524147982343528440e+00
6.523685303187974682e+00
6.523157863145183200e+00
6.522198975490208994e+00
6.314299812608261675e+00
6.314299812608261675e+00
6.314689993145730540e+00
2.430857959230494458e+01
2.478457959230494367e+01
2.512757959230494720e+01
2.552557959230494333e+01
2.531957959230494737e+01
2.519657959230494626e+01
2.505857959230494458e+01
2.491257959230494379e+01
2.473257959230494407e+01
2.461757959230494563e+01
2.456257959230494592e+01
2.447857959230494629e+01
2.440857959230494600e+01
2.438957959230494765e+01
2.435057959230494617e+01
2.434157959230494583e+01
2.434157959230494583e+01
2.432057959230494504e+01
2.432057959230494504e+01
2.432357959230494515e+01
2.432657959230494527e+01
2.432857959230494771e+01
2.433357959230494316e+01
2.433557959230494561e+01
2.433757959230494805e+01
2.433957959230494339e+01
2.434057959230494816e+01
2.434257959230494350e+01
2.434457959230494595e+01
2.434657959230494484e+01
2.434757959230494606e+01
2.434957959230494495e+01
2.435157959230494384e+01
2.435357959230494629e+01
2.435457959230494396e+01
2.435757959230494407e+01
2.435857959230494529e+01
2.436157959230494541e+01
2.436357959230494430e+01
2.436457959230494552e+01
2.436757959230494563e+01
2.436857959230494686e+01
2.437157959230494697e+01
2.437257959230494464e+01
2.437357959230494586e+01
2.437657959230494598e+01
2.437657959230494598e+01
2.438157959230494498e+01
2.438257959230494620e+01
2.438557959230494632e+01
2.438657959230494754e+01
2.438857959230494288e+01
2.439157959230494299e+01
2.439457959230494311e+01
2.439557959230494788e+01
2.439857959230494799e+01
2.440057959230494333e+01
2.440457959230494467e+01
2.440457959230494467e+01
2.440657959230494356e+01
2.440657959230494356e+01
2.441357959230494501e+01
2.441357959230494501e+01
2.441557959230494390e+01
2.441857959230494401e+01
2.441957959230494524e+01
2.441957959230494524e+01
2.441957959230494524e+01
2.442957959230494680e+01
2.442957959230494680e+01
2.443057959230494447e+01
2.443257959230494691e+01
2.443557959230494703e+01
2.443757959230494592e+01
2.443857959230494714e+01
2.443857959230494714e+01
2.444857959230494515e+01
2.444857959230494515e+01
2.444857959230494515e+01
2.444857959230494515e+01
2.445657959230494782e+01
2.445657959230494782e+01
2.445757959230494549e+01
2.445957959230494794e+01
2.446157959230494328e+01
2.446457959230494339e+01
2.446457959230494339e+01
2.447157959230494484e+01
2.447157959230494484e+01
2.447357959230494373e+01
2.447457959230494495e+01
2.447757959230494507e+01
2.447957959230494396e+01
2.448157959230494640e+01
2.448357959230494529e+01
2.448557959230494419e+01
2.448557959230494419e+01
2.449557959230494575e+01
2.449557959230494575e+01
2.449557959230494575e+01
2.449757959230494464e+01
2.449957959230494708e+01
2.450257959230494720e+01
2.450457959230494609e+01
2.450657959230494498e+01
2.450957959230494509e+01
2.451257959230494521e+01
2.451257959230494521e+01
2.451457959230494765e+01
2.451757959230494777e+01
2.452057959230494788e+01
2.452157959230494555e+01
2.452157959230494555e+01
2.453057959230494589e+01
2.453057959230494589e+01
2.453157959230494356e+01
2.453457959230494367e+01
2.453857959230494501e+01
2.454457959230494524e+01
2.454657959230494413e+01
2.454657959230494413e+01
2.454657959230494413e+01
2.456157959230494470e+01
2.456157959230494470e+01
2.456157959230494470e+01
2.456357959230494714e+01
2.457157959230494626e+01
2.458157959230494782e+01
2.458557959230494561e+01
2.458557959230494561e+01
2.458557959230494561e+01
2.458557959230494561e+01
2.461357959230494430e+01
2.461357959230494430e+01
2.461357959230494430e+01
2.461357959230494430e+01
2.461357959230494430e+01
2.463757959230494521e+01
2.469957959230494637e+01
2.491757959230494635e+01
6.313999316363084091e+00
6.313999316363084091e+00
6.314110954890928440e+00
6.314110954890928440e+00
6.314110954890928440e+00
6.314110954890928440e+00
6.314234827870645717e+00
6.314582977043517786e+00
6.314582977043517786e+00
6.314582977043517786e+00
6.314692157545934492e+00
6.314692157545934492e+00
6.314692157545934492e+00
6.314692157545934492e+00
6.314692157545934492e+00
6.314792429459394896e+00
6.314792429459394896e+00
6.314792429459394896e+00
6.314792429459394896e+00
6.314886275045161312e+00
6.314886275045161312e+00
6.314886275045161312e+00
6.315238407923626340e+00
6.315326129611747774e+00
6.315326129611747774e+00
6.315326129611747774e+00
6.315326129611747774e+00
6.315406220333482423e+00
6.315406220333482423e+00
6.315406220333482423e+00
6.315406220333482423e+00
6.315479514382264625e+00
6.315479514382264625e+00
6.315479514382264625e+00
6.315479514382264625e+00
6.315541673369889253e+00
6.315541673369889253e+00
6.315874612203682403e+00
6.315874612203682403e+00
6.315939381555121912e+00
6.315939381555121912e+00
6.315939381555121912e+00
6.315939381555121912e+00
6.315992700899595746e+00
6.315992700899595746e+00
6.315992700899595746e+00
6.315992700899595746e+00
6.316039617659853889e+00
6.316039617659853889e+00
6.316039617659853889e+00
6.316079671721279709e+00
6.316079671721279709e+00
6.316417480984920729e+00
6.316417480984920729e+00
6.316451052671421706e+00
6.316451052671421706e+00
6.316451052671421706e+00
6.316451052671421706e+00
6.316478843915767527e+00
6.316478843915767527e+00
6.316478843915767527e+00
6.316498167417275766e+00
6.316498167417275766e+00
6.316498167417275766e+00
6.316515511852134779e+00
6.316515511852134779e+00
6.316848381591402273e+00
6.316848381591402273e+00
6.316861808602403983e+00
6.316861808602403983e+00
6.316861808602403983e+00
6.041252745102287491e+00
6.041252745102287491e+00
6.041252745102287491e+00
6.041252745102287491e+00
6.041252745102287491e+00
6.041252745102287491e+00
6.041252745102287491e+00
6.041252745102287491e+00
6.316874426664018216e+00
6.316874099671643705e+00
6.317204062678690946e+00
6.317202039569021821e+00
6.317200512700875237e+00
6.317195837754344012e+00
6.317186848376156405e+00
6.317168730686592681e+00
6.317130010949547625e+00
6.317018707149294698e+00
6.316701041155930341e+00
6.317186452288261478e+00
6.317171615328078360e+00
6.317105151311967148e+00
6.317005975133316298e+00
6.316906025935448810e+00
6.042516210197739213e+00
6.042516210197739213e+00
6.042516210197739213e+00
6.042516210197739213e+00
6.042516210197739213e+00
6.042516210197739213e+00
6.042516210197739213e+00
6.042516210197739213e+00
6.042516210197739213e+00
6.042516210197739213e+00
6.042516210197739213e+00
2.395385051133982302e+01
2.414585051133982319e+01
2.433485051133982324e+01
2.451285051133982051e+01
2.460085051133982148e+01
2.476985051133981841e+01
2.493985051133982012e+01
2.521085051133982091e+01
2.530085051133982077e+01
2.527885051133981875e+01
2.467085051133982176e+01
2.459385051133982003e+01
2.438585051133982162e+01
2.431085051133982233e+01
2.420685051133982313e+01
2.412285051133981995e+01
2.406785051133982023e+01
2.404485051133982054e+01
2.400585051133982262e+01
2.397185051133982014e+01
2.395985051133982324e+01
2.395085051133982290e+01
2.395085051133982290e+01
2.395885051133981847e+01
2.395885051133981847e+01
2.395885051133981847e+01
2.396585051133981992e+01
2.396585051133981992e+01
2.396585051133981992e+01
2.396585051133981992e+01
2.396585051133981992e+01
2.396585051133981992e+01
2.396585051133981992e+01
2.396785051133981881e+01
2.396785051133981881e+01
2.396785051133981881e+01
2.397385051133981904e+01
2.397385051133981904e+01
2.397585051133982148e+01
2.397685051133981915e+01
2.397685051133981915e+01
2.397685051133981915e+01
2.397885051133982159e+01
2.397885051133982159e+01
2.397885051133982159e+01
2.397985051133981926e+01
2.398085051133982049e+01
2.398085051133982049e+01
2.398185051133982171e+01
2.398285051133981938e+01
2.398285051133981938e+01
2.398185051133982171e+01
2.398585051133981949e+01
2.398585051133981949e+01
2.398485051133982182e+01
2.398785051133982194e+01
2.398785051133982194e+01
2.398885051133981960e+01
2.398985051133982083e+01
2.398985051133982083e+01
2.399085051133982205e+01
2.399085051133982205e+01
2.399085051133982205e+01
2.399085051133982205e+01
2.399085051133982205e+01
2.400185051133982128e+01
2.400185051133982128e+01
2.400185051133982128e+01
2.400185051133982128e+01
2.400185051133982128e+01
2.400185051133982128e+01
2.400285051133982250e+01
2.400385051133982017e+01
2.400485051133982140e+01
2.400485051133982140e+01
2.400585051133982262e+01
2.400685051133982029e+01
2.400785051133982151e+01
2.400785051133982151e+01
2.400885051133982273e+01
2.401085051133982162e+01
2.401185051133982284e+01
2.401185051133982284e+01
2.401285051133982051e+01
2.401385051133981818e+01
2.401485051133982296e+01
2.401485051133982296e+01
2.401585051133982063e+01
2.401785051133982307e+01
2.401785051133982307e+01
2.401885051133982074e+01
2.402185051133982086e+01
2.402185051133982086e+01
2.402185051133982086e+01
2.402285051133981852e+01
2.402285051133981852e+01
2.402585051133981864e+01
2.402685051133982341e+01
2.402685051133982341e+01
2.402785051133982108e+01
2.402985051133981997e+01
2.403085051133982120e+01
2.403085051133982120e+01
2.403185051133981887e+01
2.403385051133982131e+01
2.403485051133981898e+01
2.403485051133981898e+01
2.403585051133982020e+01
2.403785051133981909e+01
2.403885051133982032e+01
2.403885051133982032e+01
2.403885051133982032e+01
2.404285051133982165e+01
2.404285051133982165e+01
2.404385051133981932e+01
2.404385051133981932e+01
2.404485051133982054e+01
2.404585051133982176e+01
2.404785051133982066e+01
2.404785051133982066e+01
2.405185051133982199e+01
2.405185051133982199e+01
2.405185051133982199e+01
2.405385051133982088e+01
2.405385051133982088e+01
2.405385051133982088e+01
2.405685051133982100e+01
2.405685051133982100e+01
2.405985051133982111e+01
2.405985051133982111e+01
2.405985051133982111e+01
2.406285051133982122e+01
2.406285051133982122e+01
2.406285051133982122e+01
2.406285051133982122e+01
2.406285051133982122e+01
2.406285051133982122e+01
2.407285051133982279e+01
2.407285051133982279e+01
2.407285051133982279e+01
2.407285051133982279e+01
2.407385051133982046e+01
2.407485051133981813e+01
2.407485051133981813e+01
2.407585051133982290e+01
2.407885051133982302e+01
2.407885051133982302e+01
2.407885051133982302e+01
2.408485051133982324e+01
2.408485051133982324e+01
2.408485051133982324e+01
2.408585051133982091e+01
2.408585051133982091e+01
2.408785051133982336e+01
2.408985051133981869e+01
2.408985051133981869e+01
2.408985051133981869e+01
2.409485051133982125e+01
2.409485051133982125e+01
2.409585051133981892e+01
2.409685051133982014e+01
2.409885051133981904e+01
2.409985051133982026e+01
2.410185051133981915e+01
2.410185051133981915e+01
2.410185051133981915e+01
2.410685051133982171e+01
2.410685051133982171e+01
2.410785051133981938e+01
2.410885051133982060e+01
2.410985051133982182e+01
2.411185051133982071e+01
2.411285051133982194e+01
2.411385051133981960e+01
2.411585051133982205e+01
2.411585051133982205e+01
2.411585051133982205e+01
2.411585051133982205e+01
2.412585051133982006e+01
2.412585051133982006e+01
2.412585051133982006e+01
2.412585051133982006e+01
2.412785051133982250e+01
2.412785051133982250e+01
2.412985051133982140e+01
2.413185051133982029e+01
2.413285051133982151e+01
2.413485051133982040e+01
2.413685051133982284e+01
2.413785051133982051e+01
2.413885051133981818e+01
2.413985051133982296e+01
2.414285051133982307e+01
2.414385051133982074e+01
2.414685051133982086e+01
2.414685051133982086e+01
2.415085051133981864e+01
2.415085051133981864e+01
2.415385051133981875e+01
2.415485051133981997e+01
2.415585051133982120e+01
2.415885051133982131e+01
2.415885051133982131e+01
2.416485051133982154e+01
2.416485051133982154e+01
2.416585051133981921e+01
2.416785051133982165e+01
2.416885051133981932e+01
2.417185051133981943e+01
2.417485051133981955e+01
2.417685051133982199e+01
2.417685051133982199e+01
2.418485051133982111e+01
2.418485051133982111e+01
2.418485051133982111e+01
2.418785051133982122e+01
2.419185051133982256e+01
2.419385051133982145e+01
2.419585051133982034e+01
2.420085051133982290e+01
2.420385051133982302e+01
2.420385051133982302e+01
2.420385051133982302e+01
2.420385051133982302e+01
2.421885051133982003e+01
2.421885051133982003e+01
2.421885051133982003e+01
2.422185051133982014e+01
2.422485051133982026e+01
2.422685051133981915e+01
2.423485051133982182e+01
2.424485051133981983e+01
2.424485051133981983e+01
2.424485051133981983e+01
2.424485051133981983e+01
2.424485051133981983e+01
2.424485051133981983e+01
2.424485051133981983e+01
2.427185051133982086e+01
2.427185051133982086e+01
2.427185051133982086e+01
2.427185051133982086e+01
2.427185051133982086e+01
2.427185051133982086e+01
2.427185051133982086e+01
2.427785051133982108e+01
2.429385051133981932e+01
2.432185051133982157e+01
2.435785051133981938e+01
2.442685051133982199e+01
2.451785051133982307e+01
5.441977017306175668e+00
5.441977017306175668e+00
5.441977017306175668e+00
5.441977017306175668e+00
5.441977017306175668e+00
5.441977017306175668e+00
5.441977017306175668e+00
5.441977017306175668e+00
5.441977017306175668e+00
5.441977017306175668e+00
5.441977017306175668e+00
5.441977017306175668e+00
5.441977017306175668e+00
5.441977017306175668e+00
5.441977017306175668e+00
5.441977017306175668e+00
5.441977017306175668e+00
5.441977017306175668e+00
5.441977017306175668e+00
5.441977017306175668e+00
5.441977017306175668e+00
5.441977017306175668e+00
5.441977017306175668e+00
5.441977017306175668e+00
5.441977017306175668e+00
5.441977017306175668e+00
5.441977017306175668e+00
5.441977017306175668e+00
5.441977017306175668e+00
5.441977017306175668e+00
5.441977017306175668e+00
5.441977017306175668e+00
5.441977017306175668e+00
5.441977017306175668e+00
5.441977017306175668e+00
5.441977017306175668e+00
5.441977017306175668e+00
5.441977017306175668e+00
5.441977017306175668e+00
5.441977017306175668e+00
5.441977017306175668e+00
5.441977017306175668e+00
5.441977017306175668e+00
5.441977017306175668e+00
5.441977017306175668e+00
5.441977017306175668e+00
5.441977017306175668e+00
5.441977017306175668e+00
5.441977017306175668e+00
5.441977017306175668e+00
5.441977017306175668e+00
5.441977017306175668e+00
5.441977017306175668e+00
5.441977017306175668e+00
5.441977017306175668e+00
5.441977017306175668e+00
5.441977017306175668e+00
5.441977017306175668e+00
5.441977017306175668e+00
5.441977017306175668e+00
5.441977017306175668e+00
5.441977017306175668e+00
5.441977017306175668e+00
5.441977017306175668e+00
5.441977017306175668e+00
5.441977017306175668e+00
5.441977017306175668e+00
5.441977017306175668e+00
5.441977017306175668e+00
5.441977017306175668e+00
5.441977017306175668e+00
5.441977017306175668e+00
5.441977017306175668e+00
5.441977017306175668e+00
5.441977017306175668e+00
5.441977017306175668e+00
5.441977017306175668e+00
5.441977017306175668e+00
5.441977017306175668e+00
5.441977017306175668e+00
5.441977017306175668e+00
5.441977017306175668e+00
5.441977017306175668e+00
5.441977017306175668e+00
5.441977017306175668e+00
5.441977017306175668e+00
5.441977017306175668e+00
5.441977017306175668e+00
5.441977017306175668e+00
5.441977017306175668e+00
5.441977017306175668e+00
5.441977017306175668e+00
5.441977017306175668e+00
5.441977017306175668e+00
5.441977017306175668e+00
5.441977017306175668e+00
5.441977017306175668e+00
5.441977017306175668e+00
5.441977017306175668e+00
5.441977017306175668e+00
5.441977017306175668e+00
5.441977017306175668e+00
5.441977017306175668e+00
5.441977017306175668e+00
5.441977017306175668e+00
5.441977017306175668e+00
5.441977017306175668e+00
5.441977017306175668e+00
5.441977017306175668e+00
5.441977017306175668e+00
5.441977017306175668e+00
5.441977017306175668e+00
5.441977017306175668e+00
5.441977017306175668e+00
5.441977017306175668e+00
5.441977017306175668e+00
5.441977017306175668e+00
5.441977017306175668e+00
5.441977017306175668e+00
5.441977017306175668e+00
5.441977017306175668e+00
5.441977017306175668e+00
5.441977017306175668e+00
5.441977017306175668e+00
5.441977017306175668e+00
5.441977017306175668e+00
5.441977017306175668e+00
5.441977017306175668e+00
5.441977017306175668e+00
5.441977017306175668e+00
5.441977017306175668e+00
5.441977017306175668e+00
5.441977017306175668e+00
5.441977017306175668e+00
5.441977017306175668e+00
5.441977017306175668e+00
5.441977017306175668e+00
