3.559115577468578540e+00
3.558287568314176141e+00
3.554367354700657344e+00
3.095608566756085978e+00
2.907487445037379548e+00
2.576740535307874946e+00
2.469446210975200895e+00
2.396237900441882118e+00
2.108390785961901326e+00
2.042551349427411012e+00
1.731663225128061034e+00
1.445730648307574251e+00
1.275961709317834814e+00
1.238796500502738818e+00
1.111212043334742106e+00
9.274331566736241372e-01
8.676287828853284090e-01
8.752354630270626767e-01
8.257858409294458468e-01
7.648712973409647065e-01
6.301098825489905852e-01
5.200472296798843708e-01
4.612826482901868363e-01
3.584372382858515560e-01
2.162958060909224434e-01
1.480536578943956738e-01
1.224040053209748125e-01
1.592332224485922820e-01
9.753319490464644470e-02
2.192577339641870737e-01
1.552585903519754507e-01
1.388148237186424550e-01
5.184008329237643764e-02
-3.413368499540817003e-02
-1.162973983740384909e-01
-1.232033260428980759e-01
-2.068472927688943808e-01
-3.186956962908264468e-01
-3.934117016027045555e-01
-3.852324024832958216e-01
-4.653731981488016256e-01
-8.961863613828342512e-01
-8.636675919969051263e-01
-7.370473944737487848e-01
-6.703960539154131260e-01
-5.616179109873264963e-01
-5.869082350950057814e-01
1.592992650493833540e-01
1.613784658849682918e-01
7.162680717679472536e-03
9.280881815009302607e-03
1.033803136144720476e-02
1.203523849485645461e-02
1.301512384495385859e-02
-5.403136643560513958e-02
-2.098064451506641559e-01
-2.084854163337584720e-01
-2.071845112192683691e-01
-2.054968772474056460e-01
-2.028733317820196891e-01
-1.272058148156109070e+00
-1.251815516281649776e+00
-1.283252773267503200e+00
-1.320914718455081349e+00
-1.313978655983169208e+00
-1.234962219146176432e+00
-1.216842059085384120e+00
-1.154240797974931176e+00
-1.359048372303082841e+00
-1.408478088946181650e+00
-5.299399556536693590e-01
-5.287026119667510571e-01
-5.279066749904994804e-01
-5.269922605880821287e-01
-5.254505897483733312e-01
-8.752319814565365785e-01
-8.740249949651568429e-01
-8.723582479741365248e-01
-5.861577773481849718e-01
-1.889342123481339897e+00
-2.117320306483961190e+00
-2.097422992689563337e+00
-2.088578617751241762e+00
-2.085601208495476921e+00
-2.150465006552340963e+00
-2.155740471291515359e+00
-2.113952698996388158e+00
-2.082892510229073402e+00
-2.056325787220174561e+00
-2.060318081746002061e+00
-2.045696572960464810e+00
-2.059722297765815391e+00
-2.039612290017108531e+00
-2.223181798120600128e+00
-9.975813607716550457e-01
-9.962648935583250376e-01
-9.957419818316195492e-01
-9.945154923793972923e-01
-9.932995946066202064e-01
-9.921241633391415515e-01
-9.917523513944277447e-01
-9.910041528940958244e-01
-9.898831577709270579e-01
-9.893865317409624716e-01
-1.384090425322857865e+00
-1.383218906877386800e+00
-1.382384682486901273e+00
-1.381984911924337034e+00
-1.381422334783662276e+00
-1.380637354049613297e+00
-1.379831585554043949e+00
-1.378690787060111944e+00
-1.377975662471141449e+00
-1.377447976049582579e+00
-1.376365832137435685e+00
-1.375908439049260412e+00
-1.375293384296289334e+00
-1.373886422504190019e+00
-1.373566036532925860e+00
-1.372181537376645499e+00
-1.812206481256981805e+00
-1.811996167727220497e+00
-1.811395829241080557e+00
-1.810743174038589309e+00
-1.810032074310532924e+00
-1.362742513890530471e+00
-1.800671961884856120e+00
-2.563481015018604481e+00
-3.185097912547917964e+00
-3.146672555467057819e+00
-3.129356708120881514e+00
-3.114245717814352332e+00
-3.104245706244702419e+00
-3.098700703766749776e+00
-3.091968811673393880e+00
-3.103356845233542050e+00
-3.103968861584346595e+00
-3.107458469473993734e+00
-3.127316292677265519e+00
-3.169904036261371960e+00
-3.204074505273835083e+00
-3.209983800086861905e+00
-3.203922767822776851e+00
-3.193193314971182861e+00
-3.174526523260823296e+00
-3.164735917611958271e+00
-3.157460682863390655e+00
-3.146567659448495924e+00
-3.155869669150112244e+00
-3.149512740926285304e+00
-3.157936940741517429e+00
-3.159618006322258754e+00
-3.163720412140348159e+00
-3.208280544993194372e+00
-3.318616581115648057e+00
-1.988476758151660029e+00
-1.988476758151660029e+00
-1.987256483790139416e+00
-1.987766847732588271e+00
-1.987766847732588271e+00
-1.986434861702975008e+00
-1.986434861702975008e+00
-1.985199415497769238e+00
-1.985199415497769238e+00
-2.035691606667338505e+00
-2.034139380366322580e+00
-2.034139380366322580e+00
-2.032620377621455532e+00
-2.032620377621455532e+00
-2.032620377621455532e+00
-2.521706405921341876e+00
-2.521816918373455785e+00
-2.520609964213093246e+00
-2.520609964213093246e+00
-2.520609964213093246e+00
-2.520183817514352498e+00
-2.520528595652144599e+00
-2.519472149022980556e+00
-2.519472149022980556e+00
-2.518395986712987256e+00
-2.518426857078588821e+00
-2.517849557750629685e+00
-2.517849557750629685e+00
-2.517849557750629685e+00
-2.539250634017814257e+00
-2.539317983262152190e+00
-2.538777652031194432e+00
-2.538777652031194432e+00
-2.538155334596497781e+00
-2.538155334596497781e+00
-2.537151116903498149e+00
-2.537593295479876332e+00
-2.536602993853512622e+00
-2.536602993853512622e+00
-2.535687926299513784e+00
-2.535687926299513784e+00
-2.535300501727411948e+00
-2.535398886761764725e+00
-2.534515368749451714e+00
-2.534515368749451714e+00
-2.533955232011910308e+00
-2.533466308877856399e+00
-2.533466308877856399e+00
-2.532603005065849455e+00
-2.532603005065849455e+00
-2.531765410340729883e+00
-2.532189902361245970e+00
-2.531277464943050060e+00
-2.530462476419168105e+00
-2.530462476419168105e+00
-2.529651294830181474e+00
-2.530076701330531641e+00
-2.529595902228299664e+00
-2.528792439559366390e+00
-2.528792439559366390e+00
-2.528485793592716302e+00
-3.026225500822135039e+00
-3.026241366891543105e+00
-3.026020099558917043e+00
-3.025787088519548362e+00
-3.025600271608483105e+00
-3.025436565939731981e+00
-3.025222135845801574e+00
-3.025526099932156932e+00
-3.025307346586700863e+00
-3.024869985474566647e+00
-3.024648562374630423e+00
-3.024648562374630423e+00
-3.024448737226522521e+00
-3.023995351726715519e+00
-3.023780975325794262e+00
-3.023569639774421169e+00
-3.023569639774421169e+00
-3.023110529747295772e+00
-3.022901639368865911e+00
-3.022886076737863803e+00
-3.022791549269531419e+00
-3.022529192508923046e+00
-3.022029297656881219e+00
-3.021648697609264911e+00
-3.021274314564115215e+00
-3.020594041770733096e+00
-2.507806670820779793e+00
-3.014338268273947907e+00
-3.013252824443856781e+00
-3.241049174049692283e+00
-3.481073461183265216e+00
-3.757411474862428324e+00
-3.935893218573629060e+00
-4.019460680675480901e+00
-4.160572895770469515e+00
-4.111862460248750573e+00
-4.092147841982896495e+00
-4.092147841982896495e+00
-4.072924420391135669e+00
-4.059237095176085219e+00
-4.059067210917325141e+00
-4.049002722574681634e+00
-4.046202068490520887e+00
-4.034897366119680306e+00
-4.027116357910931477e+00
-4.027116357910931477e+00
-4.018745231497103276e+00
-4.016790170796682879e+00
-4.012437507207653020e+00
-4.006114383203529528e+00
-4.004571941964789161e+00
-4.002406547357463040e+00
-4.001497775487940167e+00
-3.998158474477599533e+00
-3.998265493842984686e+00
-3.999162376876616687e+00
-4.001027000736133488e+00
-4.001644853924557488e+00
-4.002690122803963746e+00
-4.002690122803963746e+00
-4.021546991443124774e+00
-4.024429414249924619e+00
-4.038149301413862524e+00
-4.049464577722909020e+00
-4.065806121458364508e+00
-4.077855867057034622e+00
-4.088657453337158465e+00
-4.100548848428766213e+00
-4.115329004167991300e+00
-4.118775981785193885e+00
-4.126480520612011205e+00
-4.133550025492031210e+00
-4.140476188560884729e+00
-4.143821670514098443e+00
-4.389361414885344814e+00
-4.394435319435494591e+00
-4.403929457095506983e+00
-4.473617692369970200e+00
-4.475478773135067811e+00
-4.480604165970488495e+00
-4.471877223855415195e+00
-4.479381106787450051e+00
-4.483029664103038492e+00
-4.485503368690414661e+00
-4.468038814043254092e+00
-4.494300146069011959e+00
-4.494300146069011959e+00
-4.492220815101262588e+00
-4.492220815101262588e+00
-4.494645379755844772e+00
-4.494655555152119675e+00
-4.494239336525345685e+00
-4.515558451367209791e+00
-4.525798007874326068e+00
-4.538247774651664734e+00
-4.536234631005823914e+00
-4.543710665143787963e+00
-4.531615086364054967e+00
-4.494871515777222548e+00
-3.464928037059265886e+00
-3.464928037059265886e+00
-3.464369940259584890e+00
-3.464369940259584890e+00
-3.464369940259584890e+00
-3.463684418155825728e+00
-3.463684418155825728e+00
-3.463024075741536034e+00
-3.463132383617663290e+00
-3.463310114762719216e+00
-3.462613798911765350e+00
-3.462778691673779718e+00
-3.462778691673779718e+00
-3.726983057969722957e+00
-3.727255033060782985e+00
-3.726913609499764135e+00
-3.726913609499764135e+00
-3.726913609499764135e+00
-3.726553848001933122e+00
-3.726553848001933122e+00
-3.726004829319463418e+00
-3.726004829319463418e+00
-3.726004829319463418e+00
-3.725682995625341221e+00
-3.725682995625341221e+00
-3.725333474844531700e+00
-3.725333474844531700e+00
-3.725019717988217405e+00
-3.725019717988217405e+00
-3.724485455626314501e+00
-3.724485455626314501e+00
-3.724485455626314501e+00
-3.724539510857660662e+00
-3.724698042495580452e+00
-3.724393673042757147e+00
-3.724393673042757147e+00
-3.724070288736780920e+00
-3.724070288736780920e+00
-3.723546766524788776e+00
-3.723546766524788776e+00
-3.788294226451726754e+00
-3.788398257461214058e+00
-3.788145909290171254e+00
-3.788145909290171254e+00
-3.787911958971498905e+00
-3.787911958971498905e+00
-3.787305883248571980e+00
-3.787305883248571980e+00
-3.787042579134799691e+00
-3.786782491268320339e+00
-3.787071399449701836e+00
-3.786767259590044343e+00
-3.786767259590044343e+00
-3.786471352504643395e+00
-3.786298589419101912e+00
-3.785814443321058764e+00
-3.785539077813115050e+00
-3.785393792808893654e+00
-3.784989699463413793e+00
-3.784690534101801784e+00
-3.718026131351952479e+00
-3.716766582822267573e+00
-3.439473130994267436e+00
-3.708497363729259089e+00
-3.707144316805917938e+00
-3.775037596612062618e+00
-3.774505149071960108e+00
-3.774183792792313863e+00
-4.128860718946971708e+00
-4.129482667965639564e+00
-4.381180464892620030e+00
-4.546146058074063134e+00
-4.598338406495016351e+00
-4.679648788766478162e+00
-4.549981901097192249e+00
-4.700696501192966004e+00
-4.844518137002151725e+00
-4.944393824417708139e+00
-4.952635217439735449e+00
-4.864936434041858604e+00
-4.840834730234750971e+00
-4.824861849605653674e+00
-4.810381120560095702e+00
-4.810389123013132817e+00
-4.793600861141617209e+00
-4.781704042308665414e+00
-4.767542796251067472e+00
-4.755260362138745478e+00
-4.752127898483871071e+00
-4.731888873120643879e+00
-4.723893152405897133e+00
-4.712962546619229087e+00
-4.712962546619229087e+00
-4.699199337650128427e+00
-4.692749477710372652e+00
-4.678146798087398750e+00
-4.678146798087398750e+00
-4.673136294724749895e+00
-4.667509843957455828e+00
-4.661942673403515869e+00
-4.661942673403515869e+00
-4.657917230282854426e+00
-4.657588432117871768e+00
-4.654662838907318800e+00
-4.655764680574977277e+00
-4.658292009301501224e+00
-4.662362393565804730e+00
-4.668199765121111788e+00
-4.675702787759787427e+00
-4.684914240463396773e+00
-4.695811044474226037e+00
-4.704145041617564083e+00
-4.718423964742563648e+00
-4.742694390359429413e+00
-4.757166406209274889e+00
-4.763579442459363378e+00
-4.777761792432483112e+00
-4.785474150873738175e+00
-4.782594394541757943e+00
-4.782594394541757943e+00
-4.812632681341781016e+00
-4.812632681341781016e+00
-4.812632681341781016e+00
-4.812632681341781016e+00
-4.815124353133109381e+00
-4.816217545935229438e+00
-4.819031783893777288e+00
-4.822637978309026963e+00
-4.825070626079420499e+00
-4.827741928214017264e+00
-4.831360803212477961e+00
-4.834752757067659168e+00
-4.834704666589485278e+00
-4.828350478942477153e+00
-4.830529393340187383e+00
-4.834470432854020672e+00
-4.837313982302035242e+00
-4.838465547791988897e+00
-4.843237362522463840e+00
-4.843804868186825985e+00
-4.845849465150313229e+00
-4.849761408533829865e+00
-4.849771125781009218e+00
-4.861086247088773682e+00
-4.861086247088773682e+00
-4.861086247088773682e+00
-4.858321190236472020e+00
-4.869982179096318475e+00
-4.869982179096318475e+00
-4.869919841473661748e+00
-4.869962317144223007e+00
-4.876550932909312408e+00
-4.876550932909312408e+00
-4.873754112375290326e+00
-4.884167726487902428e+00
-4.884167726487902428e+00
-4.888613522231796793e+00
-4.888613522231796793e+00
-4.904757518057781596e+00
-4.904757518057781596e+00
-5.351442304717195064e+00
-5.351442304717195064e+00
-5.351448209391347355e+00
-5.351448209391347355e+00
-5.360626761225702808e+00
-5.360267314216276446e+00
-5.360767763983738554e+00
-5.360767763983738554e+00
-5.365857221240798225e+00
-5.365880618247356182e+00
-5.372872222762122618e+00
-5.372872222762122618e+00
-5.372872222762122618e+00
-5.373551299042284235e+00
-5.373551299042284235e+00
-5.374989022731020860e+00
-5.374989022731020860e+00
-5.384311634095377386e+00
-5.384311634095377386e+00
-5.379092447229010254e+00
-5.378782067972164072e+00
-5.378782067972164072e+00
-5.378874715850566979e+00
-5.378874715850566979e+00
-5.378874715850566979e+00
-5.376482846038638463e+00
-5.376482846038638463e+00
-5.370362449706417074e+00
-5.370362449706417074e+00
-5.370362449706417074e+00
-5.370384314508370949e+00
-5.350377510357661848e+00
-5.350377510357661848e+00
-5.422960037578934411e+00
-4.385225302660808566e+00
-4.385542187735083530e+00
-4.385542187735083530e+00
-4.384586444792086368e+00
-4.384586444792086368e+00
-4.384798786820332417e+00
-4.384798786820332417e+00
-4.384798786820332417e+00
-4.384798786820332417e+00
-4.383814133905810984e+00
-4.383814133905810984e+00
-4.383814133905810984e+00
-4.383892565800179497e+00
-4.383892565800179497e+00
-4.383892565800179497e+00
-4.383108778140092809e+00
-4.383108778140092809e+00
-4.383108778140092809e+00
-4.383108778140092809e+00
-4.383108778140092809e+00
-4.383108778140092809e+00
-4.382103749991926200e+00
-4.382445414524816840e+00
-4.382445414524816840e+00
-4.382445414524816840e+00
-4.382445414524816840e+00
-4.381516832446325616e+00
-4.381516832446325616e+00
-4.381516832446325616e+00
-4.381795107658665422e+00
-4.381795107658665422e+00
-4.381795107658665422e+00
-4.380785086636601378e+00
-4.380785086636601378e+00
-4.380785086636601378e+00
-4.380981081946549338e+00
-4.381322272176807253e+00
-4.471116653340706293e+00
-4.471116653340706293e+00
-4.471116653340706293e+00
-4.471135145956290913e+00
-4.471135145956290913e+00
-4.470207783366999976e+00
-4.470712292174281899e+00
-4.470712292174281899e+00
-4.470712292174281899e+00
-4.470712292174281899e+00
-4.470712292174281899e+00
-4.469865002304996615e+00
-4.469865002304996615e+00
-4.469865002304996615e+00
-4.469865002304996615e+00
-4.469865002304996615e+00
-4.469103087082078041e+00
-4.469103087082078041e+00
-4.469159381895696725e+00
-4.469159381895696725e+00
-4.469370414077842746e+00
-4.468511820457427675e+00
-4.468511820457427675e+00
-4.468511820457427675e+00
-4.468511820457427675e+00
-4.831020956798117716e+00
-4.831020956798117716e+00
-4.831020956798117716e+00
-4.831546273187681706e+00
-4.831546273187681706e+00
-4.831187538124316561e+00
-4.831187538124316561e+00
-4.831187538124316561e+00
-4.831187538124316561e+00
-4.830851450969288585e+00
-4.830665989784987069e+00
-4.830665989784987069e+00
-4.830665989784987069e+00
-4.830736274662379870e+00
-4.830736274662379870e+00
-4.830346366925009960e+00
-4.830346366925009960e+00
-4.830346366925009960e+00
-4.830346366925009960e+00
-4.830001445130867488e+00
-4.830001445130867488e+00
-4.830123087962575390e+00
-4.829787884703848455e+00
-4.829787884703848455e+00
-4.829713174115217278e+00
-4.829713174115217278e+00
-4.829713174115217278e+00
-4.829713174115217278e+00
-4.829391882875749609e+00
-4.829391882875749609e+00
-4.829391882875749609e+00
-4.829391882875749609e+00
-4.829217147047695669e+00
-4.829217147047695669e+00
-4.829217147047695669e+00
-4.828887287950164087e+00
-4.828887287950164087e+00
-4.828568059222574149e+00
-4.828568059222574149e+00
-4.828568059222574149e+00
-4.828568059222574149e+00
-4.828163632359837365e+00
-4.828163632359837365e+00
-4.828163632359837365e+00
-4.828163632359837365e+00
-4.828227585244378339e+00
-4.828401036548033431e+00
-4.926412027881833744e+00
-4.926412027881833744e+00
-4.925687458043875644e+00
-4.925687458043875644e+00
-4.925687458043875644e+00
-4.925687458043875644e+00
-4.925041745808595550e+00
-4.925041745808595550e+00
-4.925041745808595550e+00
-4.924402742108663134e+00
-4.924402742108663134e+00
-4.924402742108663134e+00
-4.924402742108663134e+00
-5.364871888842515091e+00
-5.365037099475858717e+00
-5.365037099475858717e+00
-5.365037099475858717e+00
-5.364743499348526790e+00
-5.364948402233444824e+00
-5.364948402233444824e+00
-5.364665539977620412e+00
-5.364665539977620412e+00
-5.364773301764149238e+00
-5.364773301764149238e+00
-5.364517847362279213e+00
-5.364257239207368855e+00
-5.364257239207368855e+00
-5.363913364600571221e+00
-5.363913364600571221e+00
-5.363913364600571221e+00
-5.363975176260630917e+00
-5.363657322369893343e+00
-5.363657322369893343e+00
-5.363657322369893343e+00
-5.363344216872030223e+00
-5.363344216872030223e+00
-5.363498682810877938e+00
-5.363031354985989374e+00
-5.363031354985989374e+00
-5.362927708722843079e+00
-5.362707549387558004e+00
-5.362602171063245216e+00
-5.362478277679329608e+00
-5.362391780864377289e+00
-5.362267936010800540e+00
-5.361931017389835574e+00
-5.361597455986918170e+00
-5.361375308447126287e+00
-5.360942391045140809e+00
-5.360451189814689599e+00
-4.913727644811995532e+00
-4.912789402116116477e+00
-4.910441510749024019e+00
-4.906049225757350030e+00
-4.481150965173855916e+00
-4.475139185232256622e+00
-4.890904871717466129e+00
-4.889500325446542561e+00
-4.888472913293300692e+00
-4.887554786336313128e+00
-4.886791862458819580e+00
-4.886310432766602041e+00
-4.885847274519838912e+00
-4.885155118192188617e+00
-4.884263542438850081e+00
-5.346306011520550072e+00
-5.345860098053090148e+00
-5.345595029638320561e+00
-5.345281915378310877e+00
-5.345076428742010499e+00
-5.565597531115318297e+00
-5.565742347817795199e+00
-5.728103190641422593e+00
-5.728334573762034587e+00
-5.869068531170877456e+00
-6.002194891305106417e+00
-6.051710030830193432e+00
-6.084871681698165169e+00
-6.104157396700865768e+00
-6.138848235240985218e+00
-6.162563147592883261e+00
-6.171874623646225189e+00
-6.164551362214047536e+00
-6.123688997419278301e+00
-6.063092392194035618e+00
-6.053586505784991800e+00
-6.114360932876512500e+00
-6.114360932876512500e+00
-6.188314809228150359e+00
-6.188314809228150359e+00
-6.244165248752899799e+00
-6.244165248752899799e+00
-6.311800913690200687e+00
-6.311826476534604602e+00
-6.367160007238543251e+00
-6.367081099588674853e+00
-6.421866820696439326e+00
-6.421866820696439326e+00
-6.486873907222477698e+00
-6.486873907222477698e+00
-6.527696229554355689e+00
-6.527696229554355689e+00
-6.592877975607473573e+00
-6.653523276404741615e+00
-6.653523276404741615e+00
-6.713264516802603943e+00
-6.713264516802603943e+00
-6.777548745741233560e+00
-6.777570251634451814e+00
-6.814653702510340416e+00
-6.814653702510340416e+00
-6.805736126814764475e+00
-6.805736126814764475e+00
-6.783754239023529919e+00
-6.783611394062003974e+00
-6.844414498388332824e+00
-6.841917185107686095e+00
-6.934626593499275238e+00
-6.934626593499275238e+00
-7.037618746095490430e+00
-7.037618746095490430e+00
-7.152146752355982073e+00
-7.152146752355982073e+00
-7.297566924987902048e+00
-5.547130879998475095e+00
-5.547130879998475095e+00
-5.546046834898684885e+00
-5.546046834898684885e+00
-5.546046834898684885e+00
-5.546046834898684885e+00
-5.546046834898684885e+00
-5.546046834898684885e+00
-5.546473715729834275e+00
-5.546473715729834275e+00
-5.546473715729834275e+00
-5.546473715729834275e+00
-5.545071116306751868e+00
-5.545071116306751868e+00
-5.545071116306751868e+00
-5.545071116306751868e+00
-5.545071116306751868e+00
-5.545071116306751868e+00
-5.545071116306751868e+00
-5.545432511097184936e+00
-5.545432511097184936e+00
-5.545432511097184936e+00
-5.545432511097184936e+00
-5.544003673295988754e+00
-5.544003673295988754e+00
-5.544366565607973030e+00
-5.544366565607973030e+00
-5.544837207956641478e+00
-5.545188085309661119e+00
-5.545188085309661119e+00
-5.545188085309661119e+00
-5.545188085309661119e+00
-5.543907624941554424e+00
-5.543907624941554424e+00
-5.543907624941554424e+00
-5.543907624941554424e+00
-5.543907624941554424e+00
-5.543907624941554424e+00
-5.543907624941554424e+00
-5.543907624941554424e+00
-5.543907624941554424e+00
-5.543907624941554424e+00
-5.542552840001082615e+00
-5.542552840001082615e+00
-5.542552840001082615e+00
-5.542987708325756380e+00
-5.542987708325756380e+00
-5.542987708325756380e+00
-5.542987708325756380e+00
-5.542987708325756380e+00
-5.542987708325756380e+00
-5.542987708325756380e+00
-5.541574723527662449e+00
-5.541916915149117884e+00
-5.542290011509568792e+00
-5.542290011509568792e+00
-5.542290011509568792e+00
-5.542290011509568792e+00
-5.542290011509568792e+00
-5.542290011509568792e+00
-5.542290011509568792e+00
-5.540968879000813807e+00
-5.541396374749137266e+00
-5.541396374749137266e+00
-5.541396374749137266e+00
-5.541396374749137266e+00
-5.541396374749137266e+00
-5.541396374749137266e+00
-5.541487934011002814e+00
-5.541487934011002814e+00
-5.541487934011002814e+00
-5.540232199384999667e+00
-5.540482471701870359e+00
-5.540482471701870359e+00
-5.540482471701870359e+00
-5.540482471701870359e+00
-5.540482471701870359e+00
-5.540482471701870359e+00
-5.540482471701870359e+00
-5.540482471701870359e+00
-5.539804120318260416e+00
-5.540154468525746445e+00
-5.540154468525746445e+00
-5.540154468525746445e+00
-5.540154468525746445e+00
-5.540154468525746445e+00
-5.540154468525746445e+00
-5.540512983417764659e+00
-5.540512983417764659e+00
-5.539310172665790510e+00
-5.539310172665790510e+00
-5.539310172665790510e+00
-5.539310172665790510e+00
-5.539310172665790510e+00
-5.539310172665790510e+00
-5.539310172665790510e+00
-5.539704954976162554e+00
-5.539704954976162554e+00
-5.815956672067437161e+00
-5.815956672067437161e+00
-5.815956672067437161e+00
-5.815956672067437161e+00
-5.815956672067437161e+00
-5.815956672067437161e+00
-5.815956672067437161e+00
-5.815956672067437161e+00
-5.815162348560611427e+00
-5.815162348560611427e+00
-5.815162348560611427e+00
-5.815162348560611427e+00
-5.815162348560611427e+00
-5.815162348560611427e+00
-5.815328087422400039e+00
-5.815644514321975045e+00
-5.815644514321975045e+00
-5.814576799629835868e+00
-5.814576799629835868e+00
-5.814576799629835868e+00
-5.814576799629835868e+00
-5.814576799629835868e+00
-5.814576799629835868e+00
-5.814920702557671461e+00
-5.814920702557671461e+00
-5.813906682459038855e+00
-5.813906682459038855e+00
-5.813906682459038855e+00
-5.813906682459038855e+00
-5.813906682459038855e+00
-5.813906682459038855e+00
-5.813906682459038855e+00
-5.814168603703084415e+00
-5.814507598671593946e+00
-5.813511834803289702e+00
-5.813511834803289702e+00
-5.813511834803289702e+00
-5.813511834803289702e+00
-5.813511834803289702e+00
-5.813511834803289702e+00
-5.813511834803289702e+00
-5.813511834803289702e+00
-5.812543107408432164e+00
-5.812543107408432164e+00
-5.812543107408432164e+00
-5.812686434294434434e+00
-5.812686434294434434e+00
-5.812686434294434434e+00
-5.812950915182865330e+00
-5.813038499579129770e+00
-5.861784245585616837e+00
-5.861784245585616837e+00
-5.861784245585616837e+00
-5.862023419390419932e+00
-5.862023419390419932e+00
-5.862337554776055448e+00
-5.862337554776055448e+00
-5.862337554776055448e+00
-5.861415974800465278e+00
-5.861751998845587508e+00
-5.861751998845587508e+00
-5.861751998845587508e+00
-5.861751998845587508e+00
-5.861984465480703399e+00
-5.861984465480703399e+00
-5.861050359073001204e+00
-5.861050359073001204e+00
-5.861050359073001204e+00
-5.861050359073001204e+00
-5.861050359073001204e+00
-5.861050359073001204e+00
-5.861050359073001204e+00
-5.861050359073001204e+00
-5.860274753321349728e+00
-5.860274753321349728e+00
-5.860274753321349728e+00
-5.860274753321349728e+00
-5.860274753321349728e+00
-5.860274753321349728e+00
-5.860506820187598720e+00
-6.091428773822872955e+00
-6.091428773822872955e+00
-6.091428773822872955e+00
-6.091743407803511090e+00
-6.091743407803511090e+00
-6.091743407803511090e+00
-6.091743407803511090e+00
-6.092055198199290977e+00
-6.091334533442988253e+00
-6.091334533442988253e+00
-6.091334533442988253e+00
-6.091334533442988253e+00
-6.091334533442988253e+00
-6.091492692421494048e+00
-6.091492692421494048e+00
-6.090776772022278074e+00
-6.090776772022278074e+00
-6.090776772022278074e+00
-6.090776772022278074e+00
-6.090776772022278074e+00
-6.090776772022278074e+00
-6.090776772022278074e+00
-6.090040519022879018e+00
-6.090040519022879018e+00
-6.090040519022879018e+00
-6.090040519022879018e+00
-6.090040519022879018e+00
-6.090353219644319083e+00
-6.090353219644319083e+00
-6.089844075177712313e+00
-6.089860348696399583e+00
-6.089860348696399583e+00
-6.089860348696399583e+00
-6.089860348696399583e+00
-6.089860348696399583e+00
-6.089342597087848752e+00
-6.089342597087848752e+00
-6.089342597087848752e+00
-6.089342597087848752e+00
-6.089662509874314011e+00
-6.089662509874314011e+00
-6.089729027277837048e+00
-6.088965215150530241e+00
-6.088965215150530241e+00
-6.088965215150530241e+00
-6.088984193450052373e+00
-6.088984193450052373e+00
-6.088984193450052373e+00
-6.088984193450052373e+00
-6.088290998833711498e+00
-6.088290998833711498e+00
-6.088603025349397235e+00
-6.088842315240181158e+00
-6.088842315240181158e+00
-6.088842315240181158e+00
-6.328201265120567243e+00
-6.328201265120567243e+00
-6.328201265120567243e+00
-6.328201265120567243e+00
-6.328201265120567243e+00
-6.420031006204355961e+00
-6.419370242401940096e+00
-6.419370242401940096e+00
-6.419370242401940096e+00
-6.419370242401940096e+00
-6.419370242401940096e+00
-6.419370242401940096e+00
-6.418739056359323847e+00
-6.418739056359323847e+00
-6.418739056359323847e+00
-6.418739056359323847e+00
-6.416799975040050619e+00
-6.416799975040050619e+00
-6.416042388305124078e+00
-6.416442915923370904e+00
-6.416442915923370904e+00
-6.416442915923370904e+00
-6.416442915923370904e+00
-6.416442915923370904e+00
-6.415772020643085050e+00
