5.346073758351680283e+01
5.351521817702214889e+01
5.357755467966704543e+01
5.338523457395712057e+01
5.286506027732036728e+01
5.235710705049022096e+01
5.194670670574876681e+01
5.155436371590998590e+01
5.109992558848902888e+01
5.080296250483635845e+01
5.048048972097630838e+01
5.018707473422828258e+01
4.998464772998924843e+01
4.976584049976007407e+01
4.960676648924802379e+01
4.944398903244281485e+01
4.932735676378338496e+01
4.924589702961057469e+01
4.911036213121172267e+01
4.904645556560218722e+01
4.894361639050431023e+01
4.882489276797814171e+01
4.876653760746814470e+01
4.867483747500293134e+01
4.853223229628795821e+01
4.846902414396144820e+01
4.839985902224171355e+01
4.836073921342600102e+01
4.825321038805452645e+01
4.820354459905504996e+01
4.816662218232229975e+01
4.812554192776487128e+01
4.807134343317490988e+01
4.796641185634463511e+01
4.792383920923892049e+01
4.787866089870678366e+01
4.782691130349195419e+01
4.768606618297975075e+01
4.765221658952376060e+01
4.761692917204878484e+01
4.756590319324792659e+01
4.730364383702016084e+01
4.730915971879912263e+01
4.731278977786845985e+01
4.731916899778211416e+01
4.732523380132135316e+01
4.733112278899102421e+01
4.733811498841328103e+01
4.734392464957125668e+01
4.721484584137878926e+01
4.722212410064318533e+01
4.722763777768923887e+01
4.723474830206251340e+01
4.723993797741906064e+01
4.719190180203516150e+01
4.706864910158569160e+01
4.707490036881631568e+01
4.708438545829628907e+01
4.709286531541740572e+01
4.710733097801994518e+01
4.669924890508531945e+01
4.670193098725594183e+01
4.670813357147208222e+01
4.671348561917814379e+01
4.671676277863583948e+01
4.672195296678172838e+01
4.672785786187088064e+01
4.673112597389119571e+01
4.654339917812069416e+01
4.654865572387502226e+01
4.655265604627473408e+01
4.656002843661866564e+01
4.656508384691573355e+01
4.656898967038898718e+01
4.657599146175331839e+01
4.627688455274317647e+01
4.628300275449224443e+01
4.629182984213759511e+01
4.656602039001013082e+01
4.573064726533131363e+01
4.573413479475243548e+01
4.573736085255390549e+01
4.573736085255390549e+01
4.574053292137146087e+01
4.574388980154844830e+01
4.574684766879570219e+01
4.574684838092248640e+01
4.575024146169870676e+01
4.575371488581293988e+01
4.575704981728524956e+01
4.576037734827966119e+01
4.576038135877531232e+01
4.581613340499318099e+01
4.581941747586195390e+01
4.582257428108263753e+01
4.582589412580833965e+01
4.582907904403150212e+01
4.583219159441627255e+01
4.583529068498277326e+01
4.583829948114683361e+01
4.584157986606677326e+01
4.584444844244514172e+01
4.584734152505656368e+01
4.585059247257910187e+01
4.549509987126882038e+01
4.549788651729794253e+01
4.550056548880227325e+01
4.550343282301523118e+01
4.550622449457114982e+01
4.550876832615360001e+01
4.551139029259557844e+01
4.551677160369521857e+01
4.551938246086989182e+01
4.552178378200392928e+01
4.552699018237477446e+01
4.552956503043650116e+01
4.553178701176214105e+01
4.553651734491042191e+01
4.553917287814756776e+01
4.554385857774059332e+01
4.515035857388957652e+01
4.515330117624536399e+01
4.515757984279566983e+01
4.516227289160268299e+01
4.516743643415182419e+01
4.558095911541917644e+01
4.524194761900518813e+01
4.461462330167147172e+01
4.447187924121382707e+01
4.447187924121382707e+01
4.447187924121382707e+01
4.447506451761348956e+01
4.447506451761348956e+01
4.447506503972957148e+01
4.447871274324225510e+01
4.447871274324275248e+01
4.447871274324275248e+01
4.448206666887253391e+01
4.448206666887253391e+01
4.448208129766651098e+01
4.448567926639447023e+01
4.448567926639447023e+01
4.448567926639447023e+01
4.448890905032924081e+01
4.448890906245912191e+01
4.448890906745486973e+01
4.449207703388016455e+01
4.449252012567156100e+01
4.449252019863708085e+01
4.449557672958083288e+01
4.449557698520534643e+01
4.449557703681188059e+01
4.449854660734641243e+01
4.449892289733973882e+01
4.449892338663273961e+01
4.450199882149335906e+01
4.450199882149335906e+01
4.450487913598158229e+01
4.450530405242854215e+01
4.450530405242854215e+01
4.450845561650530158e+01
4.450845561650530158e+01
4.451139062921606637e+01
4.451139062921606637e+01
4.447837007779830287e+01
4.448158490200472670e+01
4.448158490200472670e+01
4.448474289797161418e+01
4.448474289797161418e+01
4.448474289797161418e+01
4.403304452453372164e+01
4.403304455340955315e+01
4.403609780702512921e+01
4.403609780702512921e+01
4.403609780702512921e+01
4.403925324720090373e+01
4.403928494478086009e+01
4.404196893976052252e+01
4.404196893976052252e+01
4.404487246307894566e+01
4.404487246307894566e+01
4.404793199100949153e+01
4.404793199100949153e+01
4.404793199100949153e+01
4.403649174458706739e+01
4.403649174460838367e+01
4.403958666955108470e+01
4.403958666955108470e+01
4.404215002503039500e+01
4.404215002503039500e+01
4.404482899479631897e+01
4.404518208746350183e+01
4.404782957983978520e+01
4.404782957983978520e+01
4.405028496267692617e+01
4.405028496267692617e+01
4.405328700355077842e+01
4.405328703007508295e+01
4.405566874127561761e+01
4.405566874127561761e+01
4.405808528928962176e+01
4.406104101543608920e+01
4.406104101543608920e+01
4.406338587515300986e+01
4.406338587515300986e+01
4.406566858388032415e+01
4.406600010093337261e+01
4.406849124099895221e+01
4.407072401567799602e+01
4.407072401567799602e+01
4.407295362925325577e+01
4.407328299863063137e+01
4.407566331417336158e+01
4.407787941687922029e+01
4.407787941687922029e+01
4.408038781689452179e+01
4.362591283271993348e+01
4.362591283271993348e+01
4.362757427950722899e+01
4.362932988523706967e+01
4.363022794921206327e+01
4.363184310599523030e+01
4.363347280469288592e+01
4.363355198780930522e+01
4.363521233943993138e+01
4.363763405179049926e+01
4.363933161523567605e+01
4.363933161523567605e+01
4.364086856585210228e+01
4.364338784192162990e+01
4.364505367880861542e+01
4.364670135538115403e+01
4.364670135538115403e+01
4.364934303913233293e+01
4.365098890233733187e+01
4.365292597294133259e+01
4.365477771457705813e+01
4.365685623113445502e+01
4.365989304130229698e+01
4.366294838302280823e+01
4.366597229592584029e+01
4.367151459486839826e+01
4.415240366214693069e+01
4.372466689640724979e+01
4.373469868749084100e+01
4.353858359176659576e+01
4.334222920768527842e+01
4.314323219623675953e+01
4.311492531139425921e+01
4.311492553598618116e+01
4.311774636857251153e+01
4.311774636857251153e+01
4.311774636857251153e+01
4.311774636857251153e+01
4.312081397267164817e+01
4.312082629070110329e+01
4.312108505969226258e+01
4.312108505969226258e+01
4.312409511114731941e+01
4.312409511114731941e+01
4.312409511114731941e+01
4.312409511114731941e+01
4.312684939460876876e+01
4.312684939460876876e+01
4.312684939461959743e+01
4.312986635650312905e+01
4.312986635650312905e+01
4.313015995726419760e+01
4.313015995726419760e+01
4.313298755724494526e+01
4.313298755724494526e+01
4.313298755724494526e+01
4.313298755724494526e+01
4.313573876225190418e+01
4.313575057872152030e+01
4.313575057872152030e+01
4.313855965112456659e+01
4.313881424304578616e+01
4.313881424304578616e+01
4.313881424304578616e+01
4.314162402566554988e+01
4.314162402566554988e+01
4.314162402566554988e+01
4.314422371903562237e+01
4.314422371903562237e+01
4.314422371903562237e+01
4.314422371903562237e+01
4.314689052273482162e+01
4.314714668260026542e+01
4.314714670528699969e+01
4.290551679706048560e+01
4.290551679706048560e+01
4.290553699092525619e+01
4.283985104061372340e+01
4.283985104061372340e+01
4.283985104061372340e+01
4.284216629616511796e+01
4.284266739669822499e+01
4.284266739669822499e+01
4.284513404485456078e+01
4.284513448469438401e+01
4.284513448469438401e+01
4.284513448469438401e+01
4.284735318989663710e+01
4.284735318989663710e+01
4.284952765263481922e+01
4.284952765265519758e+01
4.285001127064623461e+01
4.285243394632630753e+01
4.285243394632630753e+01
4.285243394632630753e+01
4.285461091471327677e+01
4.285461091471327677e+01
4.285461091471327677e+01
4.285668752425370087e+01
4.285668752425370087e+01
4.285668752425370087e+01
4.285951595461087038e+01
4.285951595461087038e+01
4.285951595461087038e+01
4.286160543548665203e+01
4.286160543548665203e+01
4.286362458061935854e+01
4.286362458129769948e+01
4.286362498795207898e+01
4.286575809679800386e+01
4.286622082763951624e+01
4.286622082763951624e+01
4.262448809078477296e+01
4.262452705348354698e+01
4.262621340686132498e+01
4.262621340686132498e+01
4.262621340686132498e+01
4.262799600576340708e+01
4.262799600576340708e+01
4.263048681873954848e+01
4.263048681873954848e+01
4.263048681873954848e+01
4.263209452804581190e+01
4.263209452804581190e+01
4.263384595837231927e+01
4.263384595837231927e+01
4.263542300939244001e+01
4.263542300939244001e+01
4.263787489558308152e+01
4.263787489558308152e+01
4.263787489558308152e+01
4.263955615863019943e+01
4.263955682206233888e+01
4.264109569388342180e+01
4.264109569388342180e+01
4.264273551230809289e+01
4.264273551230809289e+01
4.264515793996937987e+01
4.264515793996937987e+01
4.256998035884571863e+01
4.256998036022364573e+01
4.257158283946507282e+01
4.257158283946507282e+01
4.257307295201070474e+01
4.257307295201070474e+01
4.257567333542117183e+01
4.257567333542117183e+01
4.257736834188372654e+01
4.257904814940648919e+01
4.257909667514612551e+01
4.258106083052337709e+01
4.258106083052337709e+01
4.258297905330985600e+01
4.258410231582793415e+01
4.258608146741872247e+01
4.258788804802220795e+01
4.258990983512113360e+01
4.259257753522801693e+01
4.259456153278512147e+01
4.267680036949336397e+01
4.268362833274461821e+01
4.295193724516747835e+01
4.273073992724074799e+01
4.273887672379991898e+01
4.266218061686120677e+01
4.266624912729875518e+01
4.267032270440212471e+01
4.237047291662101145e+01
4.237237591444274187e+01
4.216798530234375164e+01
4.205538418969241121e+01
4.204482462038680524e+01
4.204444469220010205e+01
4.204444469220010205e+01
4.204444469220010205e+01
4.204444469220010205e+01
4.204444469220010205e+01
4.204444469220010205e+01
4.204444469220010205e+01
4.204755592450534607e+01
4.204755860582699256e+01
4.204755860582699256e+01
4.204755860582699256e+01
4.204771977301754760e+01
4.204771977301754760e+01
4.204771977301754760e+01
4.204771977301754760e+01
4.205108585026822254e+01
4.205108585026822254e+01
4.205108585026822254e+01
4.205108585026822254e+01
4.205108585026822254e+01
4.205108585026822254e+01
4.205108585026822254e+01
4.205405114949449796e+01
4.205405114949449796e+01
4.205405114949449796e+01
4.205405114949449796e+01
4.205405114949449796e+01
4.205405114949449796e+01
4.205420104086834954e+01
4.205420104086834954e+01
4.205715850940374878e+01
4.205716122184503547e+01
4.205716122625426578e+01
4.205716122625426578e+01
4.205716122625426578e+01
4.205716122625426578e+01
4.205716122625426578e+01
4.205716122625426578e+01
4.206016942322702334e+01
4.206016942334922248e+01
4.206016942334922248e+01
4.206016942334922248e+01
4.206016942334922248e+01
4.206016942334922248e+01
4.206032029945964013e+01
4.206339932834229955e+01
4.206339932834229955e+01
4.206339932834229955e+01
4.206339932834229955e+01
4.206339932834229955e+01
4.206339932834229955e+01
4.206339932834229955e+01
4.206639291621748100e+01
4.206639291621748100e+01
4.206639517208760992e+01
4.206639517208760992e+01
4.206639517208760992e+01
4.206639517208760992e+01
4.206639517208760992e+01
4.206929554363810553e+01
4.206943889529780733e+01
4.206943889529780733e+01
4.206943889529780733e+01
4.206943889529780733e+01
4.206943889959717353e+01
4.206943889959717353e+01
4.207219131239556020e+01
4.207219131239556020e+01
4.207219131239556020e+01
4.207219131239556020e+01
4.207219131239556020e+01
4.207219131239556020e+01
4.207219131239556020e+01
4.207511535100239541e+01
4.207511535100239541e+01
4.207511535100239541e+01
4.207526181100887186e+01
4.207526443756817258e+01
4.207526443768333024e+01
4.207526443768333024e+01
4.207821613533766936e+01
4.207821613533766936e+01
4.207821613533766936e+01
4.207821613533766936e+01
4.207821613533766936e+01
4.207821613533766936e+01
4.207821613533766936e+01
4.164165566849086986e+01
4.164165566849086986e+01
4.164165566849086986e+01
4.164165566849086986e+01
4.164165566849086986e+01
4.164209706015702750e+01
4.164462884174238866e+01
4.164462884174238866e+01
4.164462884174238866e+01
4.164462885346321741e+01
4.164462885346321741e+01
4.164462885346321741e+01
4.164462885346321741e+01
4.164706577225894790e+01
4.164706577225894790e+01
4.164706577225894790e+01
4.164706577225894790e+01
4.164706577225894790e+01
4.164706577225894790e+01
4.164971699483617584e+01
4.165009454495055508e+01
4.165009454495055508e+01
4.165009454495055508e+01
4.165009454495055508e+01
4.165009454495055508e+01
4.165263397517233557e+01
4.165263397517233557e+01
4.165263397517233557e+01
4.165263397517233557e+01
4.165263397517233557e+01
4.165263397550114632e+01
4.165497177475218393e+01
4.165497177475218393e+01
4.165497177475218393e+01
4.165535711103518679e+01
4.165536327558132257e+01
4.165536327558132257e+01
4.165759256085881646e+01
4.165759256085881646e+01
4.165759257196238252e+01
4.165759257196238252e+01
4.165759257196238252e+01
4.165759257196238252e+01
4.165989464798140318e+01
4.165989464798140318e+01
4.165989464798140318e+01
4.165989464798140318e+01
4.165989464798140318e+01
4.165989464798140318e+01
4.166276636852823856e+01
4.166276636852823856e+01
4.166276636852823856e+01
4.166276636852823856e+01
4.166276636852823856e+01
4.166276636852823856e+01
4.166512847781838502e+01
4.166513507608403444e+01
4.166513507608403444e+01
4.166513507608403444e+01
4.166513507608403444e+01
4.166732176771290597e+01
4.166732176771290597e+01
4.166732176771290597e+01
4.166768409510078186e+01
4.166768409510078186e+01
4.166768409510078186e+01
4.167006770809956606e+01
4.167006770809956606e+01
4.167006770809956606e+01
4.167006770840152541e+01
4.167006771934126164e+01
4.159090592120615781e+01
4.159090592120615781e+01
4.159090592120615781e+01
4.159090592120615781e+01
4.159090592120615781e+01
4.159325003397243847e+01
4.159370166530499091e+01
4.159370166530499091e+01
4.159370166530499091e+01
4.159370166530499091e+01
4.159370166530499091e+01
4.159584626553347420e+01
4.159584626553347420e+01
4.159584626553347420e+01
4.159584626553347420e+01
4.159584626553347420e+01
4.159778026232895343e+01
4.159778026232895343e+01
4.159778026232895343e+01
4.159778026232895343e+01
4.159825445379333075e+01
4.160043805529559791e+01
4.160043805529559791e+01
4.160043805529559791e+01
4.160043805529559791e+01
4.126388952116914055e+01
4.126388952116914055e+01
4.126388952116914055e+01
4.126390892179077241e+01
4.126390892179077241e+01
4.126546521806406531e+01
4.126546521806406531e+01
4.126546521806406531e+01
4.126546521806406531e+01
4.126636925613322404e+01
4.126792299153049726e+01
4.126792299153049726e+01
4.126792299153049726e+01
4.126792299153049726e+01
4.126792299153049726e+01
4.126962533749221507e+01
4.126962533749221507e+01
4.126962533749221507e+01
4.126962533749221507e+01
4.127113557600595328e+01
4.127113557600595328e+01
4.127113557600595328e+01
4.127204098966382162e+01
4.127204098966382162e+01
4.127352836781946621e+01
4.127352836781946621e+01
4.127352836781946621e+01
4.127352836781946621e+01
4.127494197802471376e+01
4.127494197802471376e+01
4.127494197802471376e+01
4.127494197802471376e+01
4.127654939469177009e+01
4.127654939469177009e+01
4.127654939469177009e+01
4.127744354008437710e+01
4.127744354008437710e+01
4.127885721272285480e+01
4.127885721272285480e+01
4.127885721272285480e+01
4.127885721272285480e+01
4.128065330987893589e+01
4.128065330987893589e+01
4.128065330987893589e+01
4.128065330987893589e+01
4.128163032580153669e+01
4.128163032655024267e+01
4.119209181186597135e+01
4.119209181186597135e+01
4.119399237627501975e+01
4.119399237627501975e+01
4.119399237627501975e+01
4.119399237627501975e+01
4.119569044628605781e+01
4.119569044628605781e+01
4.119569044628605781e+01
4.119737493798710659e+01
4.119737493798710659e+01
4.119737493798710659e+01
4.119737493798710659e+01
4.078318645111085061e+01
4.078318653369960600e+01
4.078318653369960600e+01
4.078318653369960600e+01
4.078463138113977493e+01
4.078467697369059408e+01
4.078467697369059408e+01
4.078607002665809489e+01
4.078607002665809489e+01
4.078607002665809489e+01
4.078607002665809489e+01
4.078732993806447382e+01
4.078815136800923824e+01
4.078815136800923824e+01
4.078985602480668859e+01
4.078985602480668859e+01
4.078985602480668859e+01
4.078985602480668859e+01
4.079143556490778622e+01
4.079143556490778622e+01
4.079143556490778622e+01
4.079319486007197781e+01
4.079319486007197781e+01
4.079319486235799275e+01
4.079621819581792863e+01
4.079621819581792863e+01
4.079673722731349983e+01
4.079784137398509358e+01
4.079837066556773095e+01
4.079899361570980432e+01
4.080026191804695657e+01
4.080088584184319700e+01
4.080258686592307527e+01
4.080427622197723281e+01
4.080540424480744832e+01
4.080760930323785374e+01
4.080966578465375250e+01
4.123373702750198788e+01
4.123632354408820788e+01
4.124283957738956730e+01
4.125520061682858142e+01
4.166029612714728358e+01
4.167510686012982291e+01
4.129967497339249860e+01
4.130449973265952934e+01
4.130765019778993974e+01
4.131047865474053538e+01
4.131283849100653072e+01
4.131533366776224625e+01
4.131677389008347490e+01
4.131893225933693969e+01
4.132172327554133062e+01
4.088800683885447995e+01
4.089066201493969288e+01
4.089224678268543300e+01
4.089412503014935396e+01
4.089589159619640668e+01
4.068952050229182760e+01
4.069070791382624463e+01
4.053857896206814360e+01
4.053929439589713013e+01
4.040963888783364411e+01
4.030169368725132983e+01
4.026541511969517018e+01
4.024070000189200158e+01
4.023019391634292674e+01
4.023002198187262479e+01
4.023001116783559894e+01
4.023000946492477681e+01
4.023000946492477681e+01
4.023269314405226282e+01
4.023269314405226282e+01
4.023269314405226282e+01
4.023269314405226282e+01
4.023269314405226282e+01
4.023269314405226282e+01
4.023269314405226282e+01
4.023269314405226282e+01
4.023269314405226282e+01
4.023269314405226282e+01
4.023269314405226282e+01
4.023536364877601557e+01
4.023553766567678736e+01
4.023553766567678736e+01
4.023553766567678736e+01
4.023553796674380578e+01
4.023553796674380578e+01
4.023553796674380578e+01
4.023553796674380578e+01
4.023553796674380578e+01
4.023553796674380578e+01
4.023553796674380578e+01
4.023863134915269768e+01
4.023863134915269768e+01
4.023863134915269768e+01
4.023863135741501651e+01
4.023863135741501651e+01
4.023863135741501651e+01
4.023863135741501651e+01
4.023863135741501651e+01
4.023863135741501651e+01
4.023881204677967816e+01
4.023881204677967816e+01
4.024136729079295094e+01
4.024136729079295094e+01
4.024136729079295094e+01
4.024136729079295094e+01
4.024136729079295094e+01
4.024136729079295094e+01
4.024136729079295094e+01
4.024136729079295094e+01
4.024136729079295094e+01
4.024136729079295094e+01
4.024401248550858412e+01
4.024401248550858412e+01
4.024401248550858412e+01
4.024401248550858412e+01
4.024401248550858412e+01
4.024401248550858412e+01
4.024417552965319089e+01
4.024417552965319089e+01
4.024417552965319089e+01
4.024417552965319089e+01
4.024672406627219345e+01
4.024672406627219345e+01
4.024672406627219345e+01
4.024672406627219345e+01
4.024672406627219345e+01
4.024672406627219345e+01
4.024672406627219345e+01
4.024672407440165500e+01
4.024672407440165500e+01
4.024672407440165500e+01
4.024672407440165500e+01
4.024932545242381110e+01
4.024932545242381110e+01
4.024932545242381110e+01
4.024932545242381110e+01
4.024950426556563343e+01
4.024950453115334881e+01
4.024950453115334881e+01
4.024950453115334881e+01
4.024950453115334881e+01
4.025183651932707818e+01
4.025183651932707818e+01
4.025183651932707818e+01
4.025183651932707818e+01
4.025183651932707818e+01
4.025183651932707818e+01
4.025183651932707818e+01
4.025183651932707818e+01
4.025183651932707818e+01
4.025183651932707818e+01
4.025431004059380768e+01
4.025431004059380768e+01
4.025431004059380768e+01
4.025447430395831816e+01
4.025447430395831816e+01
4.025447430395831816e+01
4.025447430395831816e+01
4.025447430395831816e+01
4.025447430395831816e+01
4.025447430395831816e+01
4.025711024217237366e+01
4.025711024980797959e+01
4.025711053032696896e+01
4.025711053032696896e+01
4.025711053032696896e+01
4.025711053032696896e+01
4.025711053032696896e+01
4.025711053032696896e+01
4.025711053032696896e+01
4.025952998777970748e+01
4.025969065559658588e+01
4.025969065559658588e+01
4.025969065559658588e+01
4.025969065559658588e+01
4.025969065559658588e+01
4.025969065559658588e+01
4.025969065559658588e+01
4.025969065559658588e+01
4.025969065559658588e+01
4.026199374134263564e+01
4.026199374134263564e+01
4.026199374134263564e+01
4.026199374134263564e+01
4.026199374134263564e+01
4.026199374134263564e+01
4.026199374134263564e+01
4.026199374134263564e+01
4.026199374134263564e+01
4.026445429229347184e+01
4.026445455442267018e+01
4.026445455442267018e+01
4.026445455442267018e+01
4.026445455442267018e+01
4.026445455442267018e+01
4.026445455442267018e+01
4.026445456239653709e+01
4.026445456239653709e+01
4.026666461286282583e+01
4.026666461286282583e+01
4.026666461286282583e+01
4.026666461286282583e+01
4.026666461286282583e+01
4.026666461286282583e+01
4.026666461286282583e+01
4.026681220112779158e+01
4.026681220112779158e+01
4.000070689319892381e+01
4.000070689319892381e+01
4.000070689319892381e+01
4.000070689319892381e+01
4.000070689319892381e+01
4.000070689319892381e+01
4.000070689319892381e+01
4.000070689319892381e+01
4.000296279950109124e+01
4.000296279950109124e+01
4.000296279950109124e+01
4.000296279950109124e+01
4.000296279950109124e+01
4.000296279950109124e+01
4.000296279950109124e+01
4.000329709448494242e+01
4.000329709448494242e+01
4.000541184787199711e+01
4.000541184787199711e+01
4.000541184787199711e+01
4.000541184787199711e+01
4.000541184787199711e+01
4.000541184787199711e+01
4.000541186226069357e+01
4.000541186226069357e+01
4.000742343433911685e+01
4.000742343433911685e+01
4.000742343433911685e+01
4.000742343433911685e+01
4.000742343433911685e+01
4.000742343433911685e+01
4.000742343433911685e+01
4.000769825746921526e+01
4.000769873483784522e+01
4.000967590101006977e+01
4.000967590101006977e+01
4.000967590101006977e+01
4.000967590101006977e+01
4.000967590101006977e+01
4.000967590101006977e+01
4.000967590101006977e+01
4.000967590101006977e+01
4.001160368616930896e+01
4.001160368616930896e+01
4.001160368616930896e+01
4.001160368616930896e+01
4.001160368616930896e+01
4.001160368616930896e+01
4.001187960576113056e+01
4.001187960576113056e+01
3.997096599838081943e+01
3.997096599838081943e+01
3.997096599838081943e+01
3.997096599838081943e+01
3.997096599838081943e+01
3.997096601304089347e+01
3.997096601304089347e+01
3.997096601304089347e+01
3.997286244916789144e+01
3.997286297681936418e+01
3.997286297681936418e+01
3.997286297681936418e+01
3.997286297681936418e+01
3.997317318965084354e+01
3.997317318965084354e+01
3.997515025261380828e+01
3.997515025261380828e+01
3.997515025261380828e+01
3.997515025261380828e+01
3.997515025261380828e+01
3.997515025261380828e+01
3.997515025261380828e+01
3.997515025261380828e+01
3.997675104216298081e+01
3.997675104216298081e+01
3.997675104216298081e+01
3.997675104216298081e+01
3.997675104216298081e+01
3.997675104216298081e+01
3.997705827742142048e+01
3.975306889674740773e+01
3.975306889674740773e+01
3.975306889674740773e+01
3.975306973671198563e+01
3.975306973671198563e+01
3.975306973671198563e+01
3.975306973671198563e+01
3.975306976140731763e+01
3.975475784603660401e+01
3.975475784603660401e+01
3.975475784603660401e+01
3.975475784603660401e+01
3.975475784603660401e+01
3.975475784603660401e+01
3.975475784603660401e+01
3.975699652159522657e+01
3.975699652159522657e+01
3.975699652159522657e+01
3.975699652159522657e+01
3.975699652159522657e+01
3.975699652159522657e+01
3.975699652159522657e+01
3.975872801424864633e+01
3.975872801424864633e+01
3.975872801424864633e+01
3.975872801424864633e+01
3.975872801424864633e+01
3.975872884637861659e+01
3.975872884637861659e+01
3.976023895164157551e+01
3.976070520074675585e+01
3.976070520074675585e+01
3.976070520074675585e+01
3.976070520074675585e+01
3.976070520074675585e+01
3.976192589920903941e+01
3.976192589920903941e+01
3.976192589920903941e+01
3.976192589920903941e+01
3.976192592440824569e+01
3.976192592440824569e+01
3.976192592440824569e+01
3.976372819174947182e+01
3.976372819174947182e+01
3.976372819174947182e+01
3.976424117106016354e+01
3.976424117106016354e+01
3.976424117106016354e+01
3.976424117106016354e+01
3.976588045546174754e+01
3.976588045546174754e+01
3.976588128245015241e+01
3.976588128245015241e+01
3.976588128245015241e+01
3.976588128245015241e+01
3.953487548552038788e+01
3.953487548552038788e+01
3.953487548552038788e+01
3.953487548552038788e+01
3.953487548552038788e+01
3.944840418252722714e+01
3.944992858164873439e+01
3.944992858164873439e+01
3.944992858164873439e+01
3.944992858164873439e+01
3.944992858164873439e+01
3.944992858164873439e+01
3.945138758259331979e+01
3.945138758259331979e+01
3.945138758259331979e+01
3.945138758259331979e+01
3.945140241216984123e+01
3.945140241216984123e+01
3.945316767293720517e+01
3.945357662662360099e+01
3.945357662662360099e+01
3.945357662662360099e+01
3.945357662662360099e+01
3.945357662662360099e+01
3.945514139049922164e+01
