9.100000000000000000e+01 -inf
9.400000000000000000e+01 -inf
9.600000000000000000e+01 -inf
9.800000000000000000e+01 -inf
1.000000000000000000e+02 -inf
1.020000000000000000e+02 -inf
1.040000000000000000e+02 -inf
1.060000000000000000e+02 -inf
1.080000000000000000e+02 -inf
1.100000000000000000e+02 -inf
1.140000000000000000e+02 -inf
1.180000000000000000e+02 -inf
1.210000000000000000e+02 -inf
1.250000000000000000e+02 -inf
1.270000000000000000e+02 -inf
1.280000000000000000e+02 -inf
1.310000000000000000e+02 -inf
1.320000000000000000e+02 -inf
1.340000000000000000e+02 -inf
1.370000000000000000e+02 -inf
1.400000000000000000e+02 -inf
1.430000000000000000e+02 -inf
1.470000000000000000e+02 -inf
1.510000000000000000e+02 -inf
1.550000000000000000e+02 -inf
1.590000000000000000e+02 -inf
1.620000000000000000e+02 -inf
1.660000000000000000e+02 -inf
1.700000000000000000e+02 -inf
1.730000000000000000e+02 -inf
1.770000000000000000e+02 -inf
1.800000000000000000e+02 -inf
1.820000000000000000e+02 -inf
1.860000000000000000e+02 -inf
1.910000000000000000e+02 -inf
1.940000000000000000e+02 -inf
1.980000000000000000e+02 -inf
2.020000000000000000e+02 -inf
2.050000000000000000e+02 -inf
2.100000000000000000e+02 -inf
2.160000000000000000e+02 -inf
2.200000000000000000e+02 -inf
2.230000000000000000e+02 -inf
2.270000000000000000e+02 -inf
2.300000000000000000e+02 2.550860725036171317e+01
2.340000000000000000e+02 2.586842320022689279e+01
2.400000000000000000e+02 2.621579945747522089e+01
2.460000000000000000e+02 2.657814274397032150e+01
2.520000000000000000e+02 2.689303912783679706e+01
2.570000000000000000e+02 2.708056783610525997e+01
2.600000000000000000e+02 2.727938500573225866e+01
2.640000000000000000e+02 2.746325538026725610e+01
2.690000000000000000e+02 2.767051095339976285e+01
2.740000000000000000e+02 2.789126554495078025e+01
2.790000000000000000e+02 2.810377470189630245e+01
2.840000000000000000e+02 2.834319079437455002e+01
2.900000000000000000e+02 2.857466881808719350e+01
2.960000000000000000e+02 2.879988551053812529e+01
3.010000000000000000e+02 2.897402965444106826e+01
3.080000000000000000e+02 2.919967292526169800e+01
3.180000000000000000e+02 2.956084808443533518e+01
3.280000000000000000e+02 2.985885265813615064e+01
3.380000000000000000e+02 3.015678219830064677e+01
3.480000000000000000e+02 3.042745852215688274e+01
3.570000000000000000e+02 3.075310771894172746e+01
3.660000000000000000e+02 3.098670552896629005e+01
3.750000000000000000e+02 3.117506615413468651e+01
3.850000000000000000e+02 3.139246145515294018e+01
3.950000000000000000e+02 3.160282398462984332e+01
4.050000000000000000e+02 3.178839194646230126e+01
4.140000000000000000e+02 3.195551698031076171e+01
4.220000000000000000e+02 3.208572937014174897e+01
4.300000000000000000e+02 3.222245529788333585e+01
4.410000000000000000e+02 3.239706060887362327e+01
4.510000000000000000e+02 3.254599600866739451e+01
4.600000000000000000e+02 3.267037617446608522e+01
4.700000000000000000e+02 3.281104918940773985e+01
4.800000000000000000e+02 3.294104274772327301e+01
4.900000000000000000e+02 3.306854705231528158e+01
5.000000000000000000e+02 3.318882180829902495e+01
5.060000000000000000e+02 3.404422222971655998e+01
5.120000000000000000e+02 3.463377944205668513e+01
5.200000000000000000e+02 3.469100066413150785e+01
5.300000000000000000e+02 3.477371472584641054e+01
5.400000000000000000e+02 3.478870983001668549e+01
5.500000000000000000e+02 3.493420284735866943e+01
5.600000000000000000e+02 3.499584944026528177e+01
5.700000000000000000e+02 3.507071932616440080e+01
5.800000000000000000e+02 3.506206278732405934e+01
5.900000000000000000e+02 3.516700923475580964e+01
6.000000000000000000e+02 3.522007023517998903e+01
6.100000000000000000e+02 3.528361650596952614e+01
6.200000000000000000e+02 3.532770049771853138e+01
6.300000000000000000e+02 3.537447883569161888e+01
6.400000000000000000e+02 3.539303189870198452e+01
6.500000000000000000e+02 3.545068332697244529e+01
6.580000000000000000e+02 3.549168111533050762e+01
6.650000000000000000e+02 3.551726481989246054e+01
6.750000000000000000e+02 3.553202812824348200e+01
6.850000000000000000e+02 3.556155289965100508e+01
6.950000000000000000e+02 3.563205399876240875e+01
7.050000000000000000e+02 3.564892112053200890e+01
7.160000000000000000e+02 3.569668107684470471e+01
7.260000000000000000e+02 3.572108861638367472e+01
7.350000000000000000e+02 3.574277527238294283e+01
7.450000000000000000e+02 3.578869679960886430e+01
7.550000000000000000e+02 3.581881567779515052e+01
7.650000000000000000e+02 3.584839440582886994e+01
7.750000000000000000e+02 3.587959076746422227e+01
7.850000000000000000e+02 3.590957913445875249e+01
7.950000000000000000e+02 3.592913546511258716e+01
8.050000000000000000e+02 3.595184193442437959e+01
8.150000000000000000e+02 3.596859077450795894e+01
8.250000000000000000e+02 3.600152590866156288e+01
8.350000000000000000e+02 3.598247732457396353e+01
8.450000000000000000e+02 3.603216093295137767e+01
8.550000000000000000e+02 3.605001643781808696e+01
8.650000000000000000e+02 3.607569053295195260e+01
8.750000000000000000e+02 3.610234908633620421e+01
8.850000000000000000e+02 3.612930521785943228e+01
8.950000000000000000e+02 3.614893369248348165e+01
9.050000000000000000e+02 3.615757987809109864e+01
9.150000000000000000e+02 3.631407364325349363e+01
9.250000000000000000e+02 3.712935774223719676e+01
9.350000000000000000e+02 3.754892889599747718e+01
9.450000000000000000e+02 3.791063985390618285e+01
9.550000000000000000e+02 3.803111261975458035e+01
9.650000000000000000e+02 3.812220149426713078e+01
9.750000000000000000e+02 3.749377821811022216e+01
9.850000000000000000e+02 3.811471625189464874e+01
9.950000000000000000e+02 3.808266900652812126e+01
1.005000000000000000e+03 3.815107076381428186e+01
1.015000000000000000e+03 3.812230834393513135e+01
1.025000000000000000e+03 3.772137453896061743e+01
1.035000000000000000e+03 3.802855181086002290e+01
1.045000000000000000e+03 3.819151093043887357e+01
1.055000000000000000e+03 3.817062378708972403e+01
1.065000000000000000e+03 3.810617478620115861e+01
1.075000000000000000e+03 3.814659907619338242e+01
1.085000000000000000e+03 3.808528109258517702e+01
1.095000000000000000e+03 3.814527426546925426e+01
1.105000000000000000e+03 3.811738952194018282e+01
1.115000000000000000e+03 3.811151232963888447e+01
1.125000000000000000e+03 3.806108980658759577e+01
1.135000000000000000e+03 3.811165016258591720e+01
1.145000000000000000e+03 3.807572822862107387e+01
1.155000000000000000e+03 3.808642282852521532e+01
1.165000000000000000e+03 3.808707128604071812e+01
1.175000000000000000e+03 3.796413341143968978e+01
1.185000000000000000e+03 3.806269774355288149e+01
1.195000000000000000e+03 3.799758191116632133e+01
1.205000000000000000e+03 3.790912483420756018e+01
1.215000000000000000e+03 3.761768080557517635e+01
1.225000000000000000e+03 3.793993889663080665e+01
1.235000000000000000e+03 3.802614349991051057e+01
1.245000000000000000e+03 3.803885942563674405e+01
1.255000000000000000e+03 3.802397613544555099e+01
1.265000000000000000e+03 3.800271322588932321e+01
1.275000000000000000e+03 3.803175290343951076e+01
1.285000000000000000e+03 3.802888612617602604e+01
1.295000000000000000e+03 3.797189345835511887e+01
1.305000000000000000e+03 3.797130078865188807e+01
1.315000000000000000e+03 3.800898682617387436e+01
1.325000000000000000e+03 3.798890931355261102e+01
1.335000000000000000e+03 3.796100314921076091e+01
1.345000000000000000e+03 3.798207131816026561e+01
1.355000000000000000e+03 3.797718015351857446e+01
1.365000000000000000e+03 3.794775513080639229e+01
1.375000000000000000e+03 3.794634594157211893e+01
1.385000000000000000e+03 3.794554838444177847e+01
1.395000000000000000e+03 3.788416804280935679e+01
1.405000000000000000e+03 3.789543700905815626e+01
1.415000000000000000e+03 3.791293117469285789e+01
1.425000000000000000e+03 3.790396521710599842e+01
1.435000000000000000e+03 3.790460935948946997e+01
1.442000000000000000e+03 3.791169591040154785e+01
1.447000000000000000e+03 3.790774811606375749e+01
1.455000000000000000e+03 3.789854024159122048e+01
1.465000000000000000e+03 3.787610461916411708e+01
1.475000000000000000e+03 3.787094781806818844e+01
1.485000000000000000e+03 3.786639780257304722e+01
1.495000000000000000e+03 3.786167568502889935e+01
1.505000000000000000e+03 3.783870132314535795e+01
1.512000000000000000e+03 3.780370334298422108e+01
1.517000000000000000e+03 3.781671594662981306e+01
1.525000000000000000e+03 3.781541337085874943e+01
1.535000000000000000e+03 3.777057572095544202e+01
1.545000000000000000e+03 3.777752210919270226e+01
1.555000000000000000e+03 3.775651379321357126e+01
1.565000000000000000e+03 3.776983812791776529e+01
1.575000000000000000e+03 3.778218565997914880e+01
1.585000000000000000e+03 3.778372609147257322e+01
1.595000000000000000e+03 3.778555978969195905e+01
1.605000000000000000e+03 3.777208288132733571e+01
1.615000000000000000e+03 3.776569501012768626e+01
1.625000000000000000e+03 3.775563917697117233e+01
1.635000000000000000e+03 3.776655003493257823e+01
1.645000000000000000e+03 3.776083559617687513e+01
1.655000000000000000e+03 3.774724867120723104e+01
1.665000000000000000e+03 3.775834470178436675e+01
1.672000000000000000e+03 3.773220609321093377e+01
1.677000000000000000e+03 3.775654541052340818e+01
1.685000000000000000e+03 3.775528641814567266e+01
1.695000000000000000e+03 3.773802449723878283e+01
1.705000000000000000e+03 3.772262937599045785e+01
1.715000000000000000e+03 3.770465343237450639e+01
1.725000000000000000e+03 3.769853217337397666e+01
1.735000000000000000e+03 3.770827615918552311e+01
1.745000000000000000e+03 3.769765838185739426e+01
1.755000000000000000e+03 3.770633660959323663e+01
1.765000000000000000e+03 3.768406301169046912e+01
1.775000000000000000e+03 3.768069268011790030e+01
1.785000000000000000e+03 3.768160762239233463e+01
1.795000000000000000e+03 3.768915455274509441e+01
1.805000000000000000e+03 3.768585760425668241e+01
1.815000000000000000e+03 3.765921243778118566e+01
1.825000000000000000e+03 3.766324175922039785e+01
1.835000000000000000e+03 3.765093428421745614e+01
1.845000000000000000e+03 3.761959481579071252e+01
1.855000000000000000e+03 3.761454852184068898e+01
1.865000000000000000e+03 3.762001805628282369e+01
1.875000000000000000e+03 3.763592172571588890e+01
1.885000000000000000e+03 3.760074186819884545e+01
1.895000000000000000e+03 3.757603495687922646e+01
1.905000000000000000e+03 3.759948572084644525e+01
1.915000000000000000e+03 3.758066114029514182e+01
1.925000000000000000e+03 3.756752390514264306e+01
1.935000000000000000e+03 3.758173329044482358e+01
1.945000000000000000e+03 3.759003317216891560e+01
1.955000000000000000e+03 3.755786802236218591e+01
1.967000000000000000e+03 3.758018408087285422e+01
1.976000000000000000e+03 3.759131155564146098e+01
1.984000000000000000e+03 3.756633030173236421e+01
1.995000000000000000e+03 3.755427605681535397e+01
2.005000000000000000e+03 3.756134300988949093e+01
2.015000000000000000e+03 3.755480683308359602e+01
2.025000000000000000e+03 3.756492361875822894e+01
2.035000000000000000e+03 3.753918549382853342e+01
2.045000000000000000e+03 3.754213306394800043e+01
2.055000000000000000e+03 3.752612835446373651e+01
2.065000000000000000e+03 3.752904115984365774e+01
2.074000000000000000e+03 3.754483676706831830e+01
2.078000000000000000e+03 3.752175537323458343e+01
2.085000000000000000e+03 3.752931763206802884e+01
2.095000000000000000e+03 3.750937380216134898e+01
2.105000000000000000e+03 3.751690457255602951e+01
2.115000000000000000e+03 3.751448414552024957e+01
2.125000000000000000e+03 3.751788195300835582e+01
2.135000000000000000e+03 3.750125648039659154e+01
2.145000000000000000e+03 3.749433643256722348e+01
2.155000000000000000e+03 3.750308459291414920e+01
2.165000000000000000e+03 3.749414348203671210e+01
2.175000000000000000e+03 3.748759461346915600e+01
2.185000000000000000e+03 3.747971022952019382e+01
2.195000000000000000e+03 3.748583930951571119e+01
2.205000000000000000e+03 3.747688811887982752e+01
2.215000000000000000e+03 3.746621541146670609e+01
2.225000000000000000e+03 3.745375180960670036e+01
2.235000000000000000e+03 3.746036294202096428e+01
2.245000000000000000e+03 3.745062634051214445e+01
2.255000000000000000e+03 3.744099036200630337e+01
2.265000000000000000e+03 3.744167592203999817e+01
2.275000000000000000e+03 3.744233363894073818e+01
2.285000000000000000e+03 3.744253065551888682e+01
2.295000000000000000e+03 3.742463352823283884e+01
2.305000000000000000e+03 3.742391809120145751e+01
2.315000000000000000e+03 3.741253866535424777e+01
2.325000000000000000e+03 3.735170347290872428e+01
2.335000000000000000e+03 3.739581119996327629e+01
2.345000000000000000e+03 3.738811084589575984e+01
2.355000000000000000e+03 3.739524166507285940e+01
2.365000000000000000e+03 3.738090274165560345e+01
2.375000000000000000e+03 3.738038295462948213e+01
2.385000000000000000e+03 3.736597263467519525e+01
2.395000000000000000e+03 3.737241187612750082e+01
2.405000000000000000e+03 3.736085516174051691e+01
2.415000000000000000e+03 3.735929836653117064e+01
2.425000000000000000e+03 3.736334504182461558e+01
2.435000000000000000e+03 3.735026518707341836e+01
2.445000000000000000e+03 3.735621161012718261e+01
2.455000000000000000e+03 3.734984176117099253e+01
2.465000000000000000e+03 3.734442789951991415e+01
2.475000000000000000e+03 3.733570355288429710e+01
2.485000000000000000e+03 3.734038414351599755e+01
2.495000000000000000e+03 3.731873713099034262e+01
2.505000000000000000e+03 3.733592741578034691e+01
2.513000000000000000e+03 3.731582843352612144e+01
2.518000000000000000e+03 3.732633692672139603e+01
2.525000000000000000e+03 3.731393702217819452e+01
2.535000000000000000e+03 3.730982895556829249e+01
2.545000000000000000e+03 3.730166136185537340e+01
2.555000000000000000e+03 3.730784476620458179e+01
2.565000000000000000e+03 3.730241065886936980e+01
2.575000000000000000e+03 3.730807486618591184e+01
2.585000000000000000e+03 3.730361007807837126e+01
2.595000000000000000e+03 3.729947410832478738e+01
2.605000000000000000e+03 3.728964226538361970e+01
2.615000000000000000e+03 3.728516508477211744e+01
2.625000000000000000e+03 3.728562623247776742e+01
2.635000000000000000e+03 3.728305398924386793e+01
2.645000000000000000e+03 3.729084001948675819e+01
2.655000000000000000e+03 3.728609467202323202e+01
2.665000000000000000e+03 3.727337214993072223e+01
2.675000000000000000e+03 3.727557679047319539e+01
2.685000000000000000e+03 3.727240617072833118e+01
2.695000000000000000e+03 3.726154708953385608e+01
2.705000000000000000e+03 3.726127634594375593e+01
2.715000000000000000e+03 3.725322867854859510e+01
2.725000000000000000e+03 3.724912169838705722e+01
2.735000000000000000e+03 3.725402896842567912e+01
2.745000000000000000e+03 3.723268197216043518e+01
2.755000000000000000e+03 3.723042127055049377e+01
2.765000000000000000e+03 3.723120218347621346e+01
2.775000000000000000e+03 3.723636423891959168e+01
2.785000000000000000e+03 3.723239621882479611e+01
2.795000000000000000e+03 3.720666707784241112e+01
2.805000000000000000e+03 3.721525750200268590e+01
2.815000000000000000e+03 3.722494617200837297e+01
2.825000000000000000e+03 3.721857269270027757e+01
2.835000000000000000e+03 3.720672659671339488e+01
2.845000000000000000e+03 3.720347113169830777e+01
2.855000000000000000e+03 3.720096360269410241e+01
2.865000000000000000e+03 3.720285857902494087e+01
2.875000000000000000e+03 3.719639061095834620e+01
2.885000000000000000e+03 3.719559568644623937e+01
2.895000000000000000e+03 3.719025217698174401e+01
2.910000000000000000e+03 3.719147487059207435e+01
2.930000000000000000e+03 3.718125931991418298e+01
2.950000000000000000e+03 3.717191457644818087e+01
2.970000000000000000e+03 3.716743796837621971e+01
2.990000000000000000e+03 3.716055303709730140e+01
3.010000000000000000e+03 3.715569781617649880e+01
3.030000000000000000e+03 3.715000590998799623e+01
3.050000000000000000e+03 3.714230046073775071e+01
3.070000000000000000e+03 3.713486104012602596e+01
3.090000000000000000e+03 3.712814133304543418e+01
3.110000000000000000e+03 3.712053327708844819e+01
3.130000000000000000e+03 3.711304658300238657e+01
3.150000000000000000e+03 3.710763080721893914e+01
3.170000000000000000e+03 3.710018858419072529e+01
3.190000000000000000e+03 3.708835674984953812e+01
3.210000000000000000e+03 3.708670213218022127e+01
3.230000000000000000e+03 3.707953166024822167e+01
3.250000000000000000e+03 3.707322594408869776e+01
3.270000000000000000e+03 3.706760259486677000e+01
3.290000000000000000e+03 3.706119567977779639e+01
3.310000000000000000e+03 3.705592361589962280e+01
3.330000000000000000e+03 3.704862909796679560e+01
3.350000000000000000e+03 3.704081852628256399e+01
3.370000000000000000e+03 3.703492633690036939e+01
3.390000000000000000e+03 3.702829635925077412e+01
3.410000000000000000e+03 3.702332010717303490e+01
3.430000000000000000e+03 3.701366997922300328e+01
3.450000000000000000e+03 3.700778221792043610e+01
3.470000000000000000e+03 3.700312276649581378e+01
3.490000000000000000e+03 3.699743844519171887e+01
3.510000000000000000e+03 3.699302666834449127e+01
3.530000000000000000e+03 3.698726187820832223e+01
3.550000000000000000e+03 3.698149991649845703e+01
3.570000000000000000e+03 3.697556205137097152e+01
3.590000000000000000e+03 3.696771598534289183e+01
3.610000000000000000e+03 3.696230677109873852e+01
3.630000000000000000e+03 3.695643350872176569e+01
3.640000000000000000e+03 3.695537927706887160e+01
3.650000000000000000e+03 3.695377124111368516e+01
3.670000000000000000e+03 3.693679836187391174e+01
3.690000000000000000e+03 3.694269105541914655e+01
3.710000000000000000e+03 3.700242328861637731e+01
3.730000000000000000e+03 3.700943004803540504e+01
3.750000000000000000e+03 3.707065026837311450e+01
3.770000000000000000e+03 3.707104666772539758e+01
3.790000000000000000e+03 3.709977592923418399e+01
3.810000000000000000e+03 3.712677569918466247e+01
3.830000000000000000e+03 3.706303004532580303e+01
3.850000000000000000e+03 3.713361384217988359e+01
3.870000000000000000e+03 3.713863285574021234e+01
3.890000000000000000e+03 3.703706500236913968e+01
3.910000000000000000e+03 3.713100612541950341e+01
3.930000000000000000e+03 3.712056859790943975e+01
3.950000000000000000e+03 3.711950313113759137e+01
3.970000000000000000e+03 3.700704569354687834e+01
3.990000000000000000e+03 3.710588012875037123e+01
4.010000000000000000e+03 3.710462403323153069e+01
4.030000000000000000e+03 3.709161868807264995e+01
4.050000000000000000e+03 3.709430796484531356e+01
4.070000000000000000e+03 3.708419021716358088e+01
4.090000000000000000e+03 3.705645616621005445e+01
4.110000000000000000e+03 3.698836850802283038e+01
4.130000000000000000e+03 3.706125405941617146e+01
4.150000000000000000e+03 3.706029768962515902e+01
4.170000000000000000e+03 3.705533543553382003e+01
4.190000000000000000e+03 3.705079069584636642e+01
4.210000000000000000e+03 3.704524218397536117e+01
4.230000000000000000e+03 3.703845803370629142e+01
4.250000000000000000e+03 3.703199894555659455e+01
4.270000000000000000e+03 3.702331276344338562e+01
4.290000000000000000e+03 3.701923624332336260e+01
4.310000000000000000e+03 3.700928090963675032e+01
4.330000000000000000e+03 3.697285807255747869e+01
4.350000000000000000e+03 3.692559976524209731e+01
4.370000000000000000e+03 3.699456591429209595e+01
4.390000000000000000e+03 3.698533857168160921e+01
4.410000000000000000e+03 3.698409305242840617e+01
4.430000000000000000e+03 3.697904445008951768e+01
4.450000000000000000e+03 3.697439763168520699e+01
4.470000000000000000e+03 3.696078656409481056e+01
4.490000000000000000e+03 3.696067966175422725e+01
4.510000000000000000e+03 3.695890885442862839e+01
4.530000000000000000e+03 3.695133944211518440e+01
4.550000000000000000e+03 3.694400199906776550e+01
4.570000000000000000e+03 3.694195560397756140e+01
4.590000000000000000e+03 3.693468738128325413e+01
4.610000000000000000e+03 3.693129913912284223e+01
4.630000000000000000e+03 3.692352212080520246e+01
4.650000000000000000e+03 3.691886279932070636e+01
4.670000000000000000e+03 3.691454757221744387e+01
4.690000000000000000e+03 3.690938557773128537e+01
4.710000000000000000e+03 3.689878271277261490e+01
4.730000000000000000e+03 3.689763764887489828e+01
4.750000000000000000e+03 3.689262705010970933e+01
4.770000000000000000e+03 3.688892027199588597e+01
4.790000000000000000e+03 3.688295955672269599e+01
4.810000000000000000e+03 3.687656056701503360e+01
4.830000000000000000e+03 3.686984328228501795e+01
4.850000000000000000e+03 3.683745585092899688e+01
4.870000000000000000e+03 3.677877775817201211e+01
4.890000000000000000e+03 3.685278307772648532e+01
4.910000000000000000e+03 3.685013050951361890e+01
4.930000000000000000e+03 3.683944191144340152e+01
4.950000000000000000e+03 3.684089413869780572e+01
4.970000000000000000e+03 3.683576988145121334e+01
4.990000000000000000e+03 3.682876531094985495e+01
5.010000000000000000e+03 3.681740911177409714e+01
5.030000000000000000e+03 3.681792824602811010e+01
5.050000000000000000e+03 3.680944330884240401e+01
5.070000000000000000e+03 3.680919493644513807e+01
5.090000000000000000e+03 3.680218349976480852e+01
5.110000000000000000e+03 3.679748359872598940e+01
5.130000000000000000e+03 3.679131974058167032e+01
5.150000000000000000e+03 3.678517814885827164e+01
5.170000000000000000e+03 3.677856777329112958e+01
5.190000000000000000e+03 3.677542978987141709e+01
5.210000000000000000e+03 3.677066500325342702e+01
5.230000000000000000e+03 3.676700619516105917e+01
5.250000000000000000e+03 3.676403828490166603e+01
5.270000000000000000e+03 3.675503478861303108e+01
5.290000000000000000e+03 3.675518238142278449e+01
5.310000000000000000e+03 3.675121947112217669e+01
5.330000000000000000e+03 3.674393291624442526e+01
5.350000000000000000e+03 3.674224418856514518e+01
5.370000000000000000e+03 3.673759004584492516e+01
5.390000000000000000e+03 3.673130156280400627e+01
5.410000000000000000e+03 3.672651525132134509e+01
5.430000000000000000e+03 3.672151625606586123e+01
5.450000000000000000e+03 3.671941426247225593e+01
5.470000000000000000e+03 3.671333934704301782e+01
5.490000000000000000e+03 3.670876851595384238e+01
5.510000000000000000e+03 3.670403614994084762e+01
5.530000000000000000e+03 3.670094073978745541e+01
5.550000000000000000e+03 3.669739957707440681e+01
5.570000000000000000e+03 3.669224845967138293e+01
5.590000000000000000e+03 3.668680707952076148e+01
5.610000000000000000e+03 3.668424834328988737e+01
5.630000000000000000e+03 3.667915800716369290e+01
5.650000000000000000e+03 3.667451542252767638e+01
5.670000000000000000e+03 3.666908705169238658e+01
5.690000000000000000e+03 3.666643076053274086e+01
5.710000000000000000e+03 3.666021450876111487e+01
5.730000000000000000e+03 3.665985511231463789e+01
5.750000000000000000e+03 3.665378331593959160e+01
5.770000000000000000e+03 3.665064447858863872e+01
5.790000000000000000e+03 3.664389620127117553e+01
5.810000000000000000e+03 3.664224407469598077e+01
5.830000000000000000e+03 3.663972608847632983e+01
5.850000000000000000e+03 3.663407001220181769e+01
5.870000000000000000e+03 3.662422179933860633e+01
5.890000000000000000e+03 3.661946942079856626e+01
5.910000000000000000e+03 3.662122494601999279e+01
5.930000000000000000e+03 3.661746425486600742e+01
5.950000000000000000e+03 3.661259223860756151e+01
5.970000000000000000e+03 3.661083503705386022e+01
5.990000000000000000e+03 3.660481744835857398e+01
6.010000000000000000e+03 3.660056406460525125e+01
6.030000000000000000e+03 3.659837943636231472e+01
6.050000000000000000e+03 3.659520826328607512e+01
6.070000000000000000e+03 3.659081767574247124e+01
6.090000000000000000e+03 3.658470892733559765e+01
6.110000000000000000e+03 3.658147424606526954e+01
6.130000000000000000e+03 3.657413381245302730e+01
6.150000000000000000e+03 3.657151986784111841e+01
6.170000000000000000e+03 3.656658682253208070e+01
6.190000000000000000e+03 3.656606358152205161e+01
6.210000000000000000e+03 3.656141004675212258e+01
6.230000000000000000e+03 3.655560454616059474e+01
6.250000000000000000e+03 3.654823835415984945e+01
6.270000000000000000e+03 3.654828913653862799e+01
6.290000000000000000e+03 3.654613173173583363e+01
6.310000000000000000e+03 3.654077763193317452e+01
6.330000000000000000e+03 3.653866104940365744e+01
6.350000000000000000e+03 3.653352694792938848e+01
6.370000000000000000e+03 3.652998548691357428e+01
6.390000000000000000e+03 3.652825935426923820e+01
6.410000000000000000e+03 3.652365450206992392e+01
6.430000000000000000e+03 3.652055475431669151e+01
6.450000000000000000e+03 3.651698575550596360e+01
6.470000000000000000e+03 3.651345646750013429e+01
6.490000000000000000e+03 3.650728361436422631e+01
6.510000000000000000e+03 3.650609754837552146e+01
6.530000000000000000e+03 3.650135404910502501e+01
6.550000000000000000e+03 3.648193333860920973e+01
6.570000000000000000e+03 3.642640413300156865e+01
6.590000000000000000e+03 3.648776496844234885e+01
6.610000000000000000e+03 3.648859698770885274e+01
6.630000000000000000e+03 3.648611789086614010e+01
6.650000000000000000e+03 3.648267245887051047e+01
6.670000000000000000e+03 3.647616463892126148e+01
6.690000000000000000e+03 3.647543677583346522e+01
6.710000000000000000e+03 3.647024733829272947e+01
6.730000000000000000e+03 3.647017907212958221e+01
6.750000000000000000e+03 3.646507358008886968e+01
6.770000000000000000e+03 3.646240742131284662e+01
6.790000000000000000e+03 3.645833821298832333e+01
6.810000000000000000e+03 3.645528256225254893e+01
6.830000000000000000e+03 3.645295224294113723e+01
6.850000000000000000e+03 3.644725549825179201e+01
6.870000000000000000e+03 3.644505322169305828e+01
6.890000000000000000e+03 3.644364016770673942e+01
6.910000000000000000e+03 3.643956419654887213e+01
6.930000000000000000e+03 3.643480838164539648e+01
6.950000000000000000e+03 3.642982857779925610e+01
6.970000000000000000e+03 3.642802913240049634e+01
6.990000000000000000e+03 3.642346021046500937e+01
7.010000000000000000e+03 3.641849026347066598e+01
7.030000000000000000e+03 3.641739331582162720e+01
7.050000000000000000e+03 3.641560505281617566e+01
7.070000000000000000e+03 3.640792591580945725e+01
7.090000000000000000e+03 3.640650045733893592e+01
7.110000000000000000e+03 3.640082175536478104e+01
7.130000000000000000e+03 3.639627930529411515e+01
7.150000000000000000e+03 3.639395034611985125e+01
7.170000000000000000e+03 3.639264184430220439e+01
7.190000000000000000e+03 3.638647648421370207e+01
7.210000000000000000e+03 3.638578058587643227e+01
7.230000000000000000e+03 3.638428734327030156e+01
7.250000000000000000e+03 3.638143066763253586e+01
7.270000000000000000e+03 3.637828313661137969e+01
7.290000000000000000e+03 3.637185911712356301e+01
7.310000000000000000e+03 3.637124512017238942e+01
7.330000000000000000e+03 3.636858749681815084e+01
7.350000000000000000e+03 3.636510552602646840e+01
7.370000000000000000e+03 3.636508278104668079e+01
7.390000000000000000e+03 3.636006888770941714e+01
7.410000000000000000e+03 3.635551689860066205e+01
7.430000000000000000e+03 3.635453557876864750e+01
7.450000000000000000e+03 3.635214761729103117e+01
7.470000000000000000e+03 3.634897321782857205e+01
7.490000000000000000e+03 3.634542255661399679e+01
7.510000000000000000e+03 3.634425501553531745e+01
7.530000000000000000e+03 3.634249435265067518e+01
7.550000000000000000e+03 3.634045730587028089e+01
7.570000000000000000e+03 3.633685210908065244e+01
7.590000000000000000e+03 3.633307858619954800e+01
7.610000000000000000e+03 3.633098566897979964e+01
7.630000000000000000e+03 3.632829542382003751e+01
7.650000000000000000e+03 3.632593140271691823e+01
7.670000000000000000e+03 3.631950543220995087e+01
7.690000000000000000e+03 3.632041994503134674e+01
7.710000000000000000e+03 3.631455798018205883e+01
7.730000000000000000e+03 3.631267318283391177e+01
7.750000000000000000e+03 3.630924159858720657e+01
7.770000000000000000e+03 3.630645671330575652e+01
7.790000000000000000e+03 3.630615380646176504e+01
7.810000000000000000e+03 3.630377847398135316e+01
7.830000000000000000e+03 3.629983813820602023e+01
7.850000000000000000e+03 3.629551837279017690e+01
7.870000000000000000e+03 3.629299067345809959e+01
7.890000000000000000e+03 3.628521519863197398e+01
7.910000000000000000e+03 3.627979906728704407e+01
7.930000000000000000e+03 3.627834582686416809e+01
7.950000000000000000e+03 3.627289036507702491e+01
7.970000000000000000e+03 3.627593653965644904e+01
7.990000000000000000e+03 3.627215576186078749e+01
8.010000000000000000e+03 3.627435405148918335e+01
8.030000000000000000e+03 3.627206003801609313e+01
8.050000000000000000e+03 3.626824730979850386e+01
8.070000000000000000e+03 3.626506545191379871e+01
8.090000000000000000e+03 3.626029414333831369e+01
8.110000000000000000e+03 3.625794364060381980e+01
8.130000000000000000e+03 3.625710334531359536e+01
8.150000000000000000e+03 3.625448827644899552e+01
8.170000000000000000e+03 3.625212616068318994e+01
8.190000000000000000e+03 3.624749217736238194e+01
8.210000000000000000e+03 3.624448609121536435e+01
8.230000000000000000e+03 3.624393494668311178e+01
8.250000000000000000e+03 3.624234274332903283e+01
8.270000000000000000e+03 3.624053123352610584e+01
8.290000000000000000e+03 3.623547919110835380e+01
8.310000000000000000e+03 3.622706470916541832e+01
8.330000000000000000e+03 3.622153472137519259e+01
8.350000000000000000e+03 3.621951955798095923e+01
8.370000000000000000e+03 3.621424933656599876e+01
8.390000000000000000e+03 3.621002980760972889e+01
8.410000000000000000e+03 3.621446223630987049e+01
8.430000000000000000e+03 3.621629152829230236e+01
8.450000000000000000e+03 3.621911612127671276e+01
8.470000000000000000e+03 3.620302152266225448e+01
8.490000000000000000e+03 3.622751411697581148e+01
8.510000000000000000e+03 3.619199170667474164e+01
8.530000000000000000e+03 3.622789852154964763e+01
8.550000000000000000e+03 3.616522242586262337e+01
8.570000000000000000e+03 3.623161220329059518e+01
8.590000000000000000e+03 3.620641251292013862e+01
8.610000000000000000e+03 3.619827119992552866e+01
8.630000000000000000e+03 3.622682137312517625e+01
8.650000000000000000e+03 3.621646591919665070e+01
8.670000000000000000e+03 3.614995107938197805e+01
8.690000000000000000e+03 3.621338303299904737e+01
8.710000000000000000e+03 3.621858398669376555e+01
8.730000000000000000e+03 3.621191552904105748e+01
8.750000000000000000e+03 3.616209999643863426e+01
8.770000000000000000e+03 3.620231505725189436e+01
8.790000000000000000e+03 3.620942841624322739e+01
8.810000000000000000e+03 3.620521530282211842e+01
8.830000000000000000e+03 3.620255504100972388e+01
8.850000000000000000e+03 3.618758407377168851e+01
8.870000000000000000e+03 3.614882436407513921e+01
8.890000000000000000e+03 3.619433220356828684e+01
8.910000000000000000e+03 3.619621205335128877e+01
8.930000000000000000e+03 3.619212240797708091e+01
8.950000000000000000e+03 3.618904637812902791e+01
8.970000000000000000e+03 3.618717192787567427e+01
8.990000000000000000e+03 3.618152107118720551e+01
9.010000000000000000e+03 3.613458881438063486e+01
9.030000000000000000e+03 3.615891541754149330e+01
9.050000000000000000e+03 3.617763143086460786e+01
9.070000000000000000e+03 3.617498173985131871e+01
9.090000000000000000e+03 3.616877911940567003e+01
9.110000000000000000e+03 3.616972876099681855e+01
9.130000000000000000e+03 3.616822404262677537e+01
9.150000000000000000e+03 3.616564264085344860e+01
9.170000000000000000e+03 3.616276924789701042e+01
9.190000000000000000e+03 3.616067864024827827e+01
9.210000000000000000e+03 3.614946068516805866e+01
9.230000000000000000e+03 3.610368631470421974e+01
9.250000000000000000e+03 3.614215257109761126e+01
9.270000000000000000e+03 3.614684324767360124e+01
9.290000000000000000e+03 3.614729732125286432e+01
9.310000000000000000e+03 3.614656836322861011e+01
9.330000000000000000e+03 3.614436062844661990e+01
9.350000000000000000e+03 3.614116117493543356e+01
9.370000000000000000e+03 3.613572397136405812e+01
9.390000000000000000e+03 3.613654292059310080e+01
9.410000000000000000e+03 3.613074213263089973e+01
9.430000000000000000e+03 3.613200750880477585e+01
9.450000000000000000e+03 3.612719352545602902e+01
9.470000000000000000e+03 3.612659156150998285e+01
9.490000000000000000e+03 3.612441101332245807e+01
9.510000000000000000e+03 3.611984407419710408e+01
9.530000000000000000e+03 3.610937866685059561e+01
9.550000000000000000e+03 3.606480568073683202e+01
9.570000000000000000e+03 3.610610705094842388e+01
9.590000000000000000e+03 3.611159186796605525e+01
9.610000000000000000e+03 3.610763275027946406e+01
9.630000000000000000e+03 3.610573424940339038e+01
9.650000000000000000e+03 3.610111002458775431e+01
9.670000000000000000e+03 3.609931196152648170e+01
9.690000000000000000e+03 3.609876700312668873e+01
9.710000000000000000e+03 3.609569168184968646e+01
9.730000000000000000e+03 3.609240511445958077e+01
9.750000000000000000e+03 3.609023959082642108e+01
9.770000000000000000e+03 3.608852531940667063e+01
9.790000000000000000e+03 3.608312185216088608e+01
9.810000000000000000e+03 3.608593269933599856e+01
9.830000000000000000e+03 3.608293656290447871e+01
9.850000000000000000e+03 3.608150471514289848e+01
9.870000000000000000e+03 3.607821340895050355e+01
9.890000000000000000e+03 3.607575163905562476e+01
9.910000000000000000e+03 3.607370728204020338e+01
9.930000000000000000e+03 3.607186335242893449e+01
9.950000000000000000e+03 3.606974873802710135e+01
9.970000000000000000e+03 3.606746011512230154e+01
9.990000000000000000e+03 3.606468535131165254e+01
1.002500000000000000e+04 3.604904826870776446e+01
1.007500000000000000e+04 3.603572061461397880e+01
1.012500000000000000e+04 3.604662494552797369e+01
1.017500000000000000e+04 3.604022374087048775e+01
1.022500000000000000e+04 3.603587923901233125e+01
1.027500000000000000e+04 3.603135543040320954e+01
1.032500000000000000e+04 3.602255659185628645e+01
1.037500000000000000e+04 3.601722507218200064e+01
1.042500000000000000e+04 3.601336746760391350e+01
1.047500000000000000e+04 3.600703247887962277e+01
1.052500000000000000e+04 3.600277368308137227e+01
1.057500000000000000e+04 3.599596600763410237e+01
1.062500000000000000e+04 3.599068926412439851e+01
1.067500000000000000e+04 3.598223732752740034e+01
1.072500000000000000e+04 3.597849543579995668e+01
1.077500000000000000e+04 3.597229798240950061e+01
1.082500000000000000e+04 3.596478324635840806e+01
1.087500000000000000e+04 3.596078797168054564e+01
1.092500000000000000e+04 3.593794013427615397e+01
1.097500000000000000e+04 3.594681653408294864e+01
1.102500000000000000e+04 3.594735994497021636e+01
1.107500000000000000e+04 3.594311280496926742e+01
1.112500000000000000e+04 3.593756873932012752e+01
1.117500000000000000e+04 3.593113572543097689e+01
1.122500000000000000e+04 3.592732930407217395e+01
1.127500000000000000e+04 3.591985774518008157e+01
1.132500000000000000e+04 3.591488390053021362e+01
1.137500000000000000e+04 3.590958139346302858e+01
1.142500000000000000e+04 3.590361710039998400e+01
1.147500000000000000e+04 3.590160064446674681e+01
1.152500000000000000e+04 3.589725223964537548e+01
1.157500000000000000e+04 3.589031824265747161e+01
1.162500000000000000e+04 3.588341104751637545e+01
1.167500000000000000e+04 3.587971791900891105e+01
1.172500000000000000e+04 3.587754888572359846e+01
1.177500000000000000e+04 3.586972447956942034e+01
1.182500000000000000e+04 3.586511853869426147e+01
1.187500000000000000e+04 3.585773726489226476e+01
1.192500000000000000e+04 3.585801645340620780e+01
1.197500000000000000e+04 3.584618931334199488e+01
1.202500000000000000e+04 3.584720008504146449e+01
1.207500000000000000e+04 3.584113605868738262e+01
1.212500000000000000e+04 3.583732051599645274e+01
1.217500000000000000e+04 3.583425963935254543e+01
1.222500000000000000e+04 3.582903419763579222e+01
1.227500000000000000e+04 3.582405475270194017e+01
1.232500000000000000e+04 3.581946225864224687e+01
1.237500000000000000e+04 3.581517944656852848e+01
1.242500000000000000e+04 3.581051631007646563e+01
1.247500000000000000e+04 3.580656923121921409e+01
1.252500000000000000e+04 3.580082061007300354e+01
1.257500000000000000e+04 3.579711373089565285e+01
1.262500000000000000e+04 3.579250579927033726e+01
1.267500000000000000e+04 3.578771843307673350e+01
1.272500000000000000e+04 3.578442026527076791e+01
1.277500000000000000e+04 3.577909666144021372e+01
1.282500000000000000e+04 3.575357765201871985e+01
1.287500000000000000e+04 3.576901365952448941e+01
1.292500000000000000e+04 3.576449602075457790e+01
1.297500000000000000e+04 3.576346982175395794e+01
1.302500000000000000e+04 3.575816288585869529e+01
1.307500000000000000e+04 3.575566761422224715e+01
1.312500000000000000e+04 3.574909175438661180e+01
1.317500000000000000e+04 3.574533030745993045e+01
1.322500000000000000e+04 3.574245780092291369e+01
1.327500000000000000e+04 3.573541347686384029e+01
1.332500000000000000e+04 3.573451322785480500e+01
1.337500000000000000e+04 3.572949179788309948e+01
1.342500000000000000e+04 3.572806610358972534e+01
1.347500000000000000e+04 3.572402268226449706e+01
1.352500000000000000e+04 3.572045645312942241e+01
1.357500000000000000e+04 3.571367616137771250e+01
1.362500000000000000e+04 3.570942380911581893e+01
1.367500000000000000e+04 3.570765019967787168e+01
1.372500000000000000e+04 3.570578492723171848e+01
1.377500000000000000e+04 3.570141549637074263e+01
1.382500000000000000e+04 3.569876895457603894e+01
1.387500000000000000e+04 3.569297516325983111e+01
1.392500000000000000e+04 3.569209761585486262e+01
1.397500000000000000e+04 3.568946725741238879e+01
1.402500000000000000e+04 3.568281820407220550e+01
1.407500000000000000e+04 3.568254900429364795e+01
1.412500000000000000e+04 3.567723136296677922e+01
1.417500000000000000e+04 3.567649423699953104e+01
1.422500000000000000e+04 3.566990397345928443e+01
1.427500000000000000e+04 3.566411002343672010e+01
1.432500000000000000e+04 3.566561215553377906e+01
1.437500000000000000e+04 3.566396348806243566e+01
1.442500000000000000e+04 3.565458296181959952e+01
1.447500000000000000e+04 3.565730335158321651e+01
1.452500000000000000e+04 3.565128157912020868e+01
1.457000000000000000e+04 3.565033963079175550e+01
1.462000000000000000e+04 3.564875466953702698e+01
1.467500000000000000e+04 3.564590935667053628e+01
1.472500000000000000e+04 3.563857452935128123e+01
1.477500000000000000e+04 3.563858025280161002e+01
1.482500000000000000e+04 3.563537202657113312e+01
1.487500000000000000e+04 3.563016685763373204e+01
1.492500000000000000e+04 3.563179021183703554e+01
1.497500000000000000e+04 3.562619636685633395e+01
1.502500000000000000e+04 3.562190217065172959e+01
1.507500000000000000e+04 3.561650128521734615e+01
1.512500000000000000e+04 3.561904347170383289e+01
1.517500000000000000e+04 3.561754465771390699e+01
1.522500000000000000e+04 3.561727172032529154e+01
1.527500000000000000e+04 3.561261745496381792e+01
1.532500000000000000e+04 3.560953515246870893e+01
1.537500000000000000e+04 3.561288629038634213e+01
1.542500000000000000e+04 3.560655411103932266e+01
1.547500000000000000e+04 3.560923981576934239e+01
1.552500000000000000e+04 3.560440091886007963e+01
1.557500000000000000e+04 3.558462809025184015e+01
1.562500000000000000e+04 3.559706955455645527e+01
1.567500000000000000e+04 3.559129482579156445e+01
1.572500000000000000e+04 3.558873838340099383e+01
1.577500000000000000e+04 3.557441338587258173e+01
1.582500000000000000e+04 3.557891102674904005e+01
1.587500000000000000e+04 3.556531215855677175e+01
1.592500000000000000e+04 3.558093781772803510e+01
1.597500000000000000e+04 3.556962863373851036e+01
1.605000000000000000e+04 3.556889827756657496e+01
1.615000000000000000e+04 3.555987413424988119e+01
1.625000000000000000e+04 3.555695510320273200e+01
1.635000000000000000e+04 3.555835558663405038e+01
1.645000000000000000e+04 3.553159101391369745e+01
1.655000000000000000e+04 3.554382589134181103e+01
1.665000000000000000e+04 3.552448233021400625e+01
1.675000000000000000e+04 3.552358057165697858e+01
1.685000000000000000e+04 3.550338244807285548e+01
1.695000000000000000e+04 3.551097418043173803e+01
1.705000000000000000e+04 3.549680920887931990e+01
1.715000000000000000e+04 3.549273840282597803e+01
1.725000000000000000e+04 3.548410759031153106e+01
1.735000000000000000e+04 3.546478906783796248e+01
1.745000000000000000e+04 3.546787231177845001e+01
1.755000000000000000e+04 3.545891325265625227e+01
1.765000000000000000e+04 3.545332787454587731e+01
1.775000000000000000e+04 3.544358090064139333e+01
1.785000000000000000e+04 3.543737243687210992e+01
1.795000000000000000e+04 3.542999369802336673e+01
1.805000000000000000e+04 3.541917757463089345e+01
1.815000000000000000e+04 3.540695959602129506e+01
1.825000000000000000e+04 3.540362531435911819e+01
1.835000000000000000e+04 3.539664875983396541e+01
1.845000000000000000e+04 3.538782068150973714e+01
1.855000000000000000e+04 3.538144025222496225e+01
1.865000000000000000e+04 3.537097641303498108e+01
1.875000000000000000e+04 3.535634486636551799e+01
1.885000000000000000e+04 3.535769270918078178e+01
1.895000000000000000e+04 3.534357022710827323e+01
1.905000000000000000e+04 3.534412642284689809e+01
1.915000000000000000e+04 3.533532964221405592e+01
1.925000000000000000e+04 3.532852919890812871e+01
1.935000000000000000e+04 3.531764983393890134e+01
1.945000000000000000e+04 3.530338305681900835e+01
1.955000000000000000e+04 3.530456889798910680e+01
1.965000000000000000e+04 3.529705803179174950e+01
1.975000000000000000e+04 3.528853272736419910e+01
1.985000000000000000e+04 3.528195468576780058e+01
1.995000000000000000e+04 3.527466058277650518e+01
2.005000000000000000e+04 3.527082916519675848e+01
2.015000000000000000e+04 3.526426145786065547e+01
2.025000000000000000e+04 3.525328457929777670e+01
2.035000000000000000e+04 3.524587803364876493e+01
2.045000000000000000e+04 3.524264886015092202e+01
2.055000000000000000e+04 3.523466698592406487e+01
2.065000000000000000e+04 3.522610607986466391e+01
2.075000000000000000e+04 3.521970611498964132e+01
2.085000000000000000e+04 3.521252042693210171e+01
2.095000000000000000e+04 3.520370370696118556e+01
2.105000000000000000e+04 3.519974768227555728e+01
2.115000000000000000e+04 3.519121309027022448e+01
2.125000000000000000e+04 3.518434009717600475e+01
2.135000000000000000e+04 3.517951588436243071e+01
2.145000000000000000e+04 3.517231804690882768e+01
2.155000000000000000e+04 3.516512925125849165e+01
2.165000000000000000e+04 3.515099614789546933e+01
2.175000000000000000e+04 3.514903562187056707e+01
2.185000000000000000e+04 3.514322498429659447e+01
2.195000000000000000e+04 3.513751121445507408e+01
2.205000000000000000e+04 3.512739260278956976e+01
2.215000000000000000e+04 3.512472620345764796e+01
2.225000000000000000e+04 3.511414455349775920e+01
2.235000000000000000e+04 3.510874669263719028e+01
2.245000000000000000e+04 3.510279120640930728e+01
2.255000000000000000e+04 3.509678419815006123e+01
2.265000000000000000e+04 3.508872882580975272e+01
2.275000000000000000e+04 3.508435100006167318e+01
2.285000000000000000e+04 3.507577389520719890e+01
2.295000000000000000e+04 3.501553710157120491e+01
2.305000000000000000e+04 3.504057206256713641e+01
2.315000000000000000e+04 3.503445878977299799e+01
2.325000000000000000e+04 3.498002870877659376e+01
2.335000000000000000e+04 3.500524118784413474e+01
2.345000000000000000e+04 3.499480687290455450e+01
2.355000000000000000e+04 3.494293212266507709e+01
2.365000000000000000e+04 3.497368644690200057e+01
2.375000000000000000e+04 3.496182706987898570e+01
2.385000000000000000e+04 3.492020620159240707e+01
2.395000000000000000e+04 3.494524564209801554e+01
2.405000000000000000e+04 3.494104725195629868e+01
2.415000000000000000e+04 3.490324716743845812e+01
2.425000000000000000e+04 3.492460899898111393e+01
2.435000000000000000e+04 3.492023724215868441e+01
2.445000000000000000e+04 3.489566379185876599e+01
2.455000000000000000e+04 3.489637342691857214e+01
2.465000000000000000e+04 3.490582820696784694e+01
2.475000000000000000e+04 3.489153607781125288e+01
2.485000000000000000e+04 3.487342808915377645e+01
2.495000000000000000e+04 3.488106744009937188e+01
2.505000000000000000e+04 3.489303687571185009e+01
2.515000000000000000e+04 3.485751293515038185e+01
2.525000000000000000e+04 3.486712653795653694e+01
2.535000000000000000e+04 3.487041178253119256e+01
2.545000000000000000e+04 3.486057037297384653e+01
2.555000000000000000e+04 3.485150151506090310e+01
2.565000000000000000e+04 3.484825131974692169e+01
2.575000000000000000e+04 3.485223075881212651e+01
2.585000000000000000e+04 3.483128666110395244e+01
2.595000000000000000e+04 3.483435202251278895e+01
2.605000000000000000e+04 3.483598508458257470e+01
2.615000000000000000e+04 3.482120735642085663e+01
2.625000000000000000e+04 3.481374407929635595e+01
2.635000000000000000e+04 3.482029637343106288e+01
2.645000000000000000e+04 3.481783063923084853e+01
2.655000000000000000e+04 3.480792932455059940e+01
2.665000000000000000e+04 3.479970449852732628e+01
2.675000000000000000e+04 3.480250215053760598e+01
2.685000000000000000e+04 3.479999394864374551e+01
2.695000000000000000e+04 3.478800589033262725e+01
2.705000000000000000e+04 3.478983047196845035e+01
2.715000000000000000e+04 3.478475829618066939e+01
2.725000000000000000e+04 3.478287401012785551e+01
2.735000000000000000e+04 3.477006504724204916e+01
2.745000000000000000e+04 3.477072680425438733e+01
2.755000000000000000e+04 3.476483788390247298e+01
2.765000000000000000e+04 3.476002298219130182e+01
2.775000000000000000e+04 3.475308102765972507e+01
2.785000000000000000e+04 3.475224124567176176e+01
2.795000000000000000e+04 3.475003784511833516e+01
2.805000000000000000e+04 3.474426843701397161e+01
2.815000000000000000e+04 3.473630798597941549e+01
2.825000000000000000e+04 3.473348306268891861e+01
2.835000000000000000e+04 3.473028271608661299e+01
2.845000000000000000e+04 3.472470089982355290e+01
2.855000000000000000e+04 3.471892564700495853e+01
2.865000000000000000e+04 3.471335110548547220e+01
2.875000000000000000e+04 3.470454472855551842e+01
2.885000000000000000e+04 3.470448549776609326e+01
2.895000000000000000e+04 3.469947426741049412e+01
2.905000000000000000e+04 3.469411428925030805e+01
2.915000000000000000e+04 3.469000088334804843e+01
2.925000000000000000e+04 3.468249806268940461e+01
2.935000000000000000e+04 3.468067446207876259e+01
2.945000000000000000e+04 3.467377249757971924e+01
2.955000000000000000e+04 3.466872404852512091e+01
2.965000000000000000e+04 3.466497324384380363e+01
2.975000000000000000e+04 3.465983275053830681e+01
2.985000000000000000e+04 3.465411984281438151e+01
2.995000000000000000e+04 3.464897834216586148e+01
3.005000000000000000e+04 3.464363631078786909e+01
3.015000000000000000e+04 3.463935698232578630e+01
3.025000000000000000e+04 3.463326984995823921e+01
3.035000000000000000e+04 3.462273773110442221e+01
3.045000000000000000e+04 3.462140321960087164e+01
3.055000000000000000e+04 3.461736121741140693e+01
3.065000000000000000e+04 3.461222249227217418e+01
3.075000000000000000e+04 3.460771778622822126e+01
3.085000000000000000e+04 3.460161266333989261e+01
3.095000000000000000e+04 3.459641900401435066e+01
3.105000000000000000e+04 3.459242837185607300e+01
3.115000000000000000e+04 3.458509216637739314e+01
3.125000000000000000e+04 3.458145947750988114e+01
3.135000000000000000e+04 3.457665306569120389e+01
3.145000000000000000e+04 3.457134053397540185e+01
3.155000000000000000e+04 3.456547629367602070e+01
3.165000000000000000e+04 3.456036848757334212e+01
3.175000000000000000e+04 3.455585775518298419e+01
3.185000000000000000e+04 3.455058888269106632e+01
3.195000000000000000e+04 3.454592779134731728e+01
3.210000000000000000e+04 3.453788601027427063e+01
3.230000000000000000e+04 3.452749614552853075e+01
3.250000000000000000e+04 3.451730431055072756e+01
3.270000000000000000e+04 3.450711678032120489e+01
3.290000000000000000e+04 3.449347036350462758e+01
3.310000000000000000e+04 3.448633595682254338e+01
3.330000000000000000e+04 3.447621276284661462e+01
3.350000000000000000e+04 3.446729414098005861e+01
3.370000000000000000e+04 3.445719881502587612e+01
3.390000000000000000e+04 3.444672245611280914e+01
3.410000000000000000e+04 3.443691348223244120e+01
3.430000000000000000e+04 3.442838467133077529e+01
3.450000000000000000e+04 3.441893081795251419e+01
3.470000000000000000e+04 3.440933851066329652e+01
3.490000000000000000e+04 3.440004712376712348e+01
3.510000000000000000e+04 3.439088188240959454e+01
3.530000000000000000e+04 3.438065426524640600e+01
3.550000000000000000e+04 3.437186759493634725e+01
3.570000000000000000e+04 3.436207921468250959e+01
3.590000000000000000e+04 3.435376620328636221e+01
3.610000000000000000e+04 3.434435450667731260e+01
3.630000000000000000e+04 3.433640274454860730e+01
3.650000000000000000e+04 3.432505283945487662e+01
3.670000000000000000e+04 3.431722933162859590e+01
3.690000000000000000e+04 3.430550282877047152e+01
3.710000000000000000e+04 3.429777413819682863e+01
3.730000000000000000e+04 3.428919460605359859e+01
3.750000000000000000e+04 3.427610693307758538e+01
3.770000000000000000e+04 3.427279550838387934e+01
3.790000000000000000e+04 3.426396507818171244e+01
3.810000000000000000e+04 3.425454461187850796e+01
3.830000000000000000e+04 3.424688952483480620e+01
3.850000000000000000e+04 3.423941040563298799e+01
3.870000000000000000e+04 3.422959008377324608e+01
3.890000000000000000e+04 3.422168971444010310e+01
3.910000000000000000e+04 3.421139984556974412e+01
3.930000000000000000e+04 3.420516207351910509e+01
3.950000000000000000e+04 3.419562949636443960e+01
3.970000000000000000e+04 3.418810951275239773e+01
3.990000000000000000e+04 3.417768094462707040e+01
4.010000000000000000e+04 3.416964869149788342e+01
4.030000000000000000e+04 3.416155967870339794e+01
4.050000000000000000e+04 3.415196526939946864e+01
4.070000000000000000e+04 3.414668619648788450e+01
4.090000000000000000e+04 3.413868279213317436e+01
4.110000000000000000e+04 3.413105642703675358e+01
4.130000000000000000e+04 3.412316268284532583e+01
4.150000000000000000e+04 3.411474276817549622e+01
4.170000000000000000e+04 3.410381028497435807e+01
4.190000000000000000e+04 3.409809269900362239e+01
4.210000000000000000e+04 3.408967843033610734e+01
4.230000000000000000e+04 3.408379004651818889e+01
4.250000000000000000e+04 3.407460503834995080e+01
4.270000000000000000e+04 3.406773077671261518e+01
4.290000000000000000e+04 3.403831393065544120e+01
4.310000000000000000e+04 3.401209647806555836e+01
4.330000000000000000e+04 3.401759766664341811e+01
4.350000000000000000e+04 3.398919755003954890e+01
4.370000000000000000e+04 3.397419495443698167e+01
4.390000000000000000e+04 3.396357593946390807e+01
4.410000000000000000e+04 3.393418569980438804e+01
4.430000000000000000e+04 3.393245587371207250e+01
4.450000000000000000e+04 3.391983255179022194e+01
4.470000000000000000e+04 3.389646052882235949e+01
4.490000000000000000e+04 3.390434718518851298e+01
4.510000000000000000e+04 3.388806298611401502e+01
4.530000000000000000e+04 3.387049049113159072e+01
4.550000000000000000e+04 3.387407928783440525e+01
4.570000000000000000e+04 3.386651632878219687e+01
4.590000000000000000e+04 3.384466677680958213e+01
4.610000000000000000e+04 3.385338119752424291e+01
4.630000000000000000e+04 3.384071551473138584e+01
4.650000000000000000e+04 3.383347749789822956e+01
4.670000000000000000e+04 3.383106347300346783e+01
4.690000000000000000e+04 3.382487930053760294e+01
4.710000000000000000e+04 3.381447298205561935e+01
4.730000000000000000e+04 3.381906049537188608e+01
4.750000000000000000e+04 3.380850351641984730e+01
4.770000000000000000e+04 3.380279229883770142e+01
4.790000000000000000e+04 3.379647719827364227e+01
4.810000000000000000e+04 3.378466700072079476e+01
4.830000000000000000e+04 3.379062906818060696e+01
4.850000000000000000e+04 3.378082967897972821e+01
4.870000000000000000e+04 3.377037256579370705e+01
4.890000000000000000e+04 3.376714479363162980e+01
4.910000000000000000e+04 3.375949270426266935e+01
4.930000000000000000e+04 3.375357024402792661e+01
4.950000000000000000e+04 3.374529516619477931e+01
4.970000000000000000e+04 3.374520772502751953e+01
4.990000000000000000e+04 3.373717113670821988e+01
5.010000000000000000e+04 3.373414920547902796e+01
5.030000000000000000e+04 3.372825460980466517e+01
5.050000000000000000e+04 3.371648008276885378e+01
5.070000000000000000e+04 3.371368527328392162e+01
5.090000000000000000e+04 3.370889041161620270e+01
5.110000000000000000e+04 3.370012810635260792e+01
5.130000000000000000e+04 3.369294066098245111e+01
5.150000000000000000e+04 3.368839509140390476e+01
5.170000000000000000e+04 3.369030708366206994e+01
5.190000000000000000e+04 3.368035780541445234e+01
5.210000000000000000e+04 3.367485365260527885e+01
5.230000000000000000e+04 3.366826141081404700e+01
5.250000000000000000e+04 3.366580479437564577e+01
5.270000000000000000e+04 3.366718055090931472e+01
5.290000000000000000e+04 3.365273016363356362e+01
5.310000000000000000e+04 3.364554796405472104e+01
5.330000000000000000e+04 3.364445957212382865e+01
5.350000000000000000e+04 3.363871056708732254e+01
5.370000000000000000e+04 3.363380909795155560e+01
5.390000000000000000e+04 3.362951388518646212e+01
5.410000000000000000e+04 3.362453913240808845e+01
5.430000000000000000e+04 3.361588764519942885e+01
5.450000000000000000e+04 3.361586650106112018e+01
5.470000000000000000e+04 3.360614242933871765e+01
5.490000000000000000e+04 3.360387717723746448e+01
5.510000000000000000e+04 3.359513833784819781e+01
5.530000000000000000e+04 3.360126346196052793e+01
5.550000000000000000e+04 3.358613487082732263e+01
5.570000000000000000e+04 3.358739451990775393e+01
5.590000000000000000e+04 3.357876151785313823e+01
5.610000000000000000e+04 3.357811429064229003e+01
5.630000000000000000e+04 3.356724816240583209e+01
5.650000000000000000e+04 3.356707873098680750e+01
5.670000000000000000e+04 3.356100454231792440e+01
5.690000000000000000e+04 3.355154979813593741e+01
5.710000000000000000e+04 3.355175346205042075e+01
5.730000000000000000e+04 3.354681172561176083e+01
5.750000000000000000e+04 3.354115537569433769e+01
5.770000000000000000e+04 3.353540773872668979e+01
5.790000000000000000e+04 3.353333828770946923e+01
5.810000000000000000e+04 3.352653163658483493e+01
5.830000000000000000e+04 3.352193208124685952e+01
5.850000000000000000e+04 3.351707305507235191e+01
5.870000000000000000e+04 3.350944299087218781e+01
5.890000000000000000e+04 3.350551708247863303e+01
5.910000000000000000e+04 3.349770645082781328e+01
5.930000000000000000e+04 3.349690776523470959e+01
5.950000000000000000e+04 3.349015528429568889e+01
5.970000000000000000e+04 3.348765287010397174e+01
5.990000000000000000e+04 3.348254464396687524e+01
6.010000000000000000e+04 3.347768717899910484e+01
6.030000000000000000e+04 3.347244987058481058e+01
6.050000000000000000e+04 3.346516264700493792e+01
6.070000000000000000e+04 3.346089628190917153e+01
6.090000000000000000e+04 3.345543521132625386e+01
6.110000000000000000e+04 3.344966053316377952e+01
6.130000000000000000e+04 3.344596690145643691e+01
6.150000000000000000e+04 3.344182692049943739e+01
6.170000000000000000e+04 3.343875513688606560e+01
6.190000000000000000e+04 3.343279514764681437e+01
6.210000000000000000e+04 3.342910522009107410e+01
6.230000000000000000e+04 3.342247534574634926e+01
6.250000000000000000e+04 3.341587001370692889e+01
6.270000000000000000e+04 3.341132880449948317e+01
6.290000000000000000e+04 3.340654752755147427e+01
6.310000000000000000e+04 3.340167927909548951e+01
6.330000000000000000e+04 3.339834438047515164e+01
6.350000000000000000e+04 3.339234371264976886e+01
6.370000000000000000e+04 3.338961416637941682e+01
6.390000000000000000e+04 3.338178586234603529e+01
6.420000000000000000e+04 3.337589055738192201e+01
6.460000000000000000e+04 3.336516469669312102e+01
6.500000000000000000e+04 3.335586107419550927e+01
6.540000000000000000e+04 3.334561695506332057e+01
6.580000000000000000e+04 3.333666636443661702e+01
6.620000000000000000e+04 3.332627367357948600e+01
6.660000000000000000e+04 3.331676613871375991e+01
6.700000000000000000e+04 3.330745317235540881e+01
6.740000000000000000e+04 3.329722744416994828e+01
6.780000000000000000e+04 3.328766562079596270e+01
6.820000000000000000e+04 3.327796278872175861e+01
6.860000000000000000e+04 3.326889537043606992e+01
6.900000000000000000e+04 3.325873281411788440e+01
6.940000000000000000e+04 3.324939561245415831e+01
6.980000000000000000e+04 3.323983579030021929e+01
7.020000000000000000e+04 3.323022825496337873e+01
7.060000000000000000e+04 3.322115430404527103e+01
7.100000000000000000e+04 3.321160119946466693e+01
7.140000000000000000e+04 3.320237886391330306e+01
7.180000000000000000e+04 3.319279770377293204e+01
7.220000000000000000e+04 3.318365090363116821e+01
7.260000000000000000e+04 3.317425817103782038e+01
7.300000000000000000e+04 3.316510202246544736e+01
7.340000000000000000e+04 3.315581147531873540e+01
7.380000000000000000e+04 3.314677073674701546e+01
7.420000000000000000e+04 3.313742793660448172e+01
7.460000000000000000e+04 3.312640673381544332e+01
7.500000000000000000e+04 3.311736167763823602e+01
7.540000000000000000e+04 3.311011644492263173e+01
7.580000000000000000e+04 3.310155835763843868e+01
7.620000000000000000e+04 3.309259692740387493e+01
7.660000000000000000e+04 3.308379878152435793e+01
7.700000000000000000e+04 3.307487246352164334e+01
7.740000000000000000e+04 3.306615441828380142e+01
7.780000000000000000e+04 3.305728508608385852e+01
7.820000000000000000e+04 3.304862806862389135e+01
7.860000000000000000e+04 3.304001202477373056e+01
7.900000000000000000e+04 3.303129418328563105e+01
7.940000000000000000e+04 3.302278144928573056e+01
7.980000000000000000e+04 3.301415165191896506e+01
8.020000000000000000e+04 3.300559311050243139e+01
8.060000000000000000e+04 3.299709666764229610e+01
8.100000000000000000e+04 3.298885683154743731e+01
8.140000000000000000e+04 3.298031314207187847e+01
8.180000000000000000e+04 3.297185913175812289e+01
8.220000000000000000e+04 3.296367634432165517e+01
8.260000000000000000e+04 3.295540040957301642e+01
8.300000000000000000e+04 3.294700261391398755e+01
8.340000000000000000e+04 3.293889387362006005e+01
8.380000000000000000e+04 3.293070239067098015e+01
8.420000000000000000e+04 3.292260745110266384e+01
8.460000000000000000e+04 3.291442074283155961e+01
8.500000000000000000e+04 3.290656938923036989e+01
8.540000000000000000e+04 3.289862105092612410e+01
8.580000000000000000e+04 3.289056373569623304e+01
8.620000000000000000e+04 3.288265381074666038e+01
8.660000000000000000e+04 3.287488275177491914e+01
8.700000000000000000e+04 3.286702203022340996e+01
8.740000000000000000e+04 3.285905747209739047e+01
8.780000000000000000e+04 3.285124885758457935e+01
8.820000000000000000e+04 3.284335191486115946e+01
8.860000000000000000e+04 3.283586183234513101e+01
8.900000000000000000e+04 3.282801735902682339e+01
8.940000000000000000e+04 3.282062187076964221e+01
8.980000000000000000e+04 3.281286866613879738e+01
9.020000000000000000e+04 3.280530662090728100e+01
9.060000000000000000e+04 3.279765104076176385e+01
9.100000000000000000e+04 3.278991175326427054e+01
9.140000000000000000e+04 3.278266346723987112e+01
9.180000000000000000e+04 3.277533316513072492e+01
9.220000000000000000e+04 3.276791931893549048e+01
9.260000000000000000e+04 3.276043059157110804e+01
9.300000000000000000e+04 3.275315941703352962e+01
9.340000000000000000e+04 3.274573311413460885e+01
9.380000000000000000e+04 3.273841289941165655e+01
9.420000000000000000e+04 3.273113209284213809e+01
9.460000000000000000e+04 3.272391757640930621e+01
9.500000000000000000e+04 3.271660045766558511e+01
9.540000000000000000e+04 3.270956510516103322e+01
9.580000000000000000e+04 3.270236519587473367e+01
9.620000000000000000e+04 3.269518662902452633e+01
9.660000000000000000e+04 3.268814250604897609e+01
9.700000000000000000e+04 3.268109544653444942e+01
9.740000000000000000e+04 3.267375075933492923e+01
9.780000000000000000e+04 3.266699900667116196e+01
9.820000000000000000e+04 3.265995389086592837e+01
9.860000000000000000e+04 3.265315734241004719e+01
9.900000000000000000e+04 3.264611679740269778e+01
9.940000000000000000e+04 3.263925257482722486e+01
9.980000000000000000e+04 3.263242090490165026e+01
1.002000000000000000e+05 3.262553751982812855e+01
2.000000000000000000e+05 3.143584919406686851e+01
4.000000000000000000e+05 3.023289757829996205e+01
6.000000000000000000e+05 2.952579704308355701e+01
8.000000000000000000e+05 2.902274039807069883e+01
1.000000000000000000e+06 2.863190559338026020e+01
1.200000000000000000e+06 -inf
1.400000000000000000e+06 -inf
1.600000000000000000e+06 -inf
